FANN_FLO_2.1
num_layers=3
learning_rate=0.700000
connection_rate=1.000000
network_type=0
learning_momentum=0.000000
training_algorithm=2
train_error_function=1
train_stop_function=0
cascade_output_change_fraction=0.010000
quickprop_decay=-0.000100
quickprop_mu=1.750000
rprop_increase_factor=1.200000
rprop_decrease_factor=0.500000
rprop_delta_min=0.000000
rprop_delta_max=50.000000
rprop_delta_zero=0.100000
cascade_output_stagnation_epochs=12
cascade_candidate_change_fraction=0.010000
cascade_candidate_stagnation_epochs=12
cascade_max_out_epochs=150
cascade_max_cand_epochs=150
cascade_num_candidate_groups=2
bit_fail_limit=3.49999994039535522461e-01
cascade_candidate_limit=1.00000000000000000000e+03
cascade_weight_multiplier=4.00000005960464477539e-01
cascade_activation_functions_count=10
cascade_activation_functions=3 5 7 8 10 11 14 15 16 17 
cascade_activation_steepnesses_count=4
cascade_activation_steepnesses=2.50000000000000000000e-01 5.00000000000000000000e-01 7.50000000000000000000e-01 1.00000000000000000000e+00 
layer_sizes=105 26 2 
scale_included=0
neurons (num_inputs, activation_function, activation_steepness)=(0, 0, 0.00000000000000000000e+00) (0, 0, 0.00000000000000000000e+00) (0, 0, 0.00000000000000000000e+00) (0, 0, 0.00000000000000000000e+00) (0, 0, 0.00000000000000000000e+00) (0, 0, 0.00000000000000000000e+00) (0, 0, 0.00000000000000000000e+00) (0, 0, 0.00000000000000000000e+00) (0, 0, 0.00000000000000000000e+00) (0, 0, 0.00000000000000000000e+00) (0, 0, 0.00000000000000000000e+00) (0, 0, 0.00000000000000000000e+00) (0, 0, 0.00000000000000000000e+00) (0, 0, 0.00000000000000000000e+00) (0, 0, 0.00000000000000000000e+00) (0, 0, 0.00000000000000000000e+00) (0, 0, 0.00000000000000000000e+00) (0, 0, 0.00000000000000000000e+00) (0, 0, 0.00000000000000000000e+00) (0, 0, 0.00000000000000000000e+00) (0, 0, 0.00000000000000000000e+00) (0, 0, 0.00000000000000000000e+00) (0, 0, 0.00000000000000000000e+00) (0, 0, 0.00000000000000000000e+00) (0, 0, 0.00000000000000000000e+00) (0, 0, 0.00000000000000000000e+00) (0, 0, 0.00000000000000000000e+00) (0, 0, 0.00000000000000000000e+00) (0, 0, 0.00000000000000000000e+00) (0, 0, 0.00000000000000000000e+00) (0, 0, 0.00000000000000000000e+00) (0, 0, 0.00000000000000000000e+00) (0, 0, 0.00000000000000000000e+00) (0, 0, 0.00000000000000000000e+00) (0, 0, 0.00000000000000000000e+00) (0, 0, 0.00000000000000000000e+00) (0, 0, 0.00000000000000000000e+00) (0, 0, 0.00000000000000000000e+00) (0, 0, 0.00000000000000000000e+00) (0, 0, 0.00000000000000000000e+00) (0, 0, 0.00000000000000000000e+00) (0, 0, 0.00000000000000000000e+00) (0, 0, 0.00000000000000000000e+00) (0, 0, 0.00000000000000000000e+00) (0, 0, 0.00000000000000000000e+00) (0, 0, 0.00000000000000000000e+00) (0, 0, 0.00000000000000000000e+00) (0, 0, 0.00000000000000000000e+00) (0, 0, 0.00000000000000000000e+00) (0, 0, 0.00000000000000000000e+00) (0, 0, 0.00000000000000000000e+00) (0, 0, 0.00000000000000000000e+00) (0, 0, 0.00000000000000000000e+00) (0, 0, 0.00000000000000000000e+00) (0, 0, 0.00000000000000000000e+00) (0, 0, 0.00000000000000000000e+00) (0, 0, 0.00000000000000000000e+00) (0, 0, 0.00000000000000000000e+00) (0, 0, 0.00000000000000000000e+00) (0, 0, 0.00000000000000000000e+00) (0, 0, 0.00000000000000000000e+00) (0, 0, 0.00000000000000000000e+00) (0, 0, 0.00000000000000000000e+00) (0, 0, 0.00000000000000000000e+00) (0, 0, 0.00000000000000000000e+00) (0, 0, 0.00000000000000000000e+00) (0, 0, 0.00000000000000000000e+00) (0, 0, 0.00000000000000000000e+00) (0, 0, 0.00000000000000000000e+00) (0, 0, 0.00000000000000000000e+00) (0, 0, 0.00000000000000000000e+00) (0, 0, 0.00000000000000000000e+00) (0, 0, 0.00000000000000000000e+00) (0, 0, 0.00000000000000000000e+00) (0, 0, 0.00000000000000000000e+00) (0, 0, 0.00000000000000000000e+00) (0, 0, 0.00000000000000000000e+00) (0, 0, 0.00000000000000000000e+00) (0, 0, 0.00000000000000000000e+00) (0, 0, 0.00000000000000000000e+00) (0, 0, 0.00000000000000000000e+00) (0, 0, 0.00000000000000000000e+00) (0, 0, 0.00000000000000000000e+00) (0, 0, 0.00000000000000000000e+00) (0, 0, 0.00000000000000000000e+00) (0, 0, 0.00000000000000000000e+00) (0, 0, 0.00000000000000000000e+00) (0, 0, 0.00000000000000000000e+00) (0, 0, 0.00000000000000000000e+00) (0, 0, 0.00000000000000000000e+00) (0, 0, 0.00000000000000000000e+00) (0, 0, 0.00000000000000000000e+00) (0, 0, 0.00000000000000000000e+00) (0, 0, 0.00000000000000000000e+00) (0, 0, 0.00000000000000000000e+00) (0, 0, 0.00000000000000000000e+00) (0, 0, 0.00000000000000000000e+00) (0, 0, 0.00000000000000000000e+00) (0, 0, 0.00000000000000000000e+00) (0, 0, 0.00000000000000000000e+00) (0, 0, 0.00000000000000000000e+00) (0, 0, 0.00000000000000000000e+00) (0, 0, 0.00000000000000000000e+00) (0, 0, 0.00000000000000000000e+00) (0, 0, 0.00000000000000000000e+00) (105, 5, 5.00000000000000000000e-01) (105, 5, 5.00000000000000000000e-01) (105, 5, 5.00000000000000000000e-01) (105, 5, 5.00000000000000000000e-01) (105, 5, 5.00000000000000000000e-01) (105, 5, 5.00000000000000000000e-01) (105, 5, 5.00000000000000000000e-01) (105, 5, 5.00000000000000000000e-01) (105, 5, 5.00000000000000000000e-01) (105, 5, 5.00000000000000000000e-01) (105, 5, 5.00000000000000000000e-01) (105, 5, 5.00000000000000000000e-01) (105, 5, 5.00000000000000000000e-01) (105, 5, 5.00000000000000000000e-01) (105, 5, 5.00000000000000000000e-01) (105, 5, 5.00000000000000000000e-01) (105, 5, 5.00000000000000000000e-01) (105, 5, 5.00000000000000000000e-01) (105, 5, 5.00000000000000000000e-01) (105, 5, 5.00000000000000000000e-01) (105, 5, 5.00000000000000000000e-01) (105, 5, 5.00000000000000000000e-01) (105, 5, 5.00000000000000000000e-01) (105, 5, 5.00000000000000000000e-01) (105, 5, 5.00000000000000000000e-01) (0, 5, 0.00000000000000000000e+00) (26, 5, 5.00000000000000000000e-01) (0, 5, 0.00000000000000000000e+00) 
connections (connected_to_neuron, weight)=(0, 1.50000000000000000000e+03) (1, 8.92042398452758789062e-01) (2, -1.50000000000000000000e+03) (3, -1.50000000000000000000e+03) (4, -1.50000000000000000000e+03) (5, 1.18800449371337890625e+00) (6, 1.09611284732818603516e+00) (7, 1.50000000000000000000e+03) (8, -2.43935540318489074707e-01) (9, 9.75421309471130371094e-01) (10, 1.20744895935058593750e+00) (11, 8.21657419204711914062e-01) (12, 1.03407514095306396484e+00) (13, -8.39308471679687500000e+01) (14, 8.16820621490478515625e-01) (15, 7.03638792037963867188e-01) (16, 4.08900976181030273438e-01) (17, 7.57604956626892089844e-01) (18, 2.25878787040710449219e+00) (19, 7.23880529403686523438e-01) (20, 1.50000000000000000000e+03) (21, 1.50000000000000000000e+03) (22, 1.90291178226470947266e+00) (23, 2.11227703094482421875e+00) (24, 5.73213577270507812500e-01) (25, 1.87256467342376708984e+00) (26, 1.11354923248291015625e+00) (27, -1.50000000000000000000e+03) (28, 9.64916110038757324219e-01) (29, 1.50688743591308593750e+00) (30, 1.78409039974212646484e-01) (31, 9.39678311347961425781e-01) (32, 1.50000000000000000000e+03) (33, 1.50000000000000000000e+03) (34, 2.18030476570129394531e+00) (35, 1.49986083984375000000e+03) (36, 1.50000000000000000000e+03) (37, 1.49986511230468750000e+03) (38, 1.50000000000000000000e+03) (39, 1.68056607246398925781e+00) (40, -1.50000000000000000000e+03) (41, -1.50000000000000000000e+03) (42, 1.51327276229858398438e+00) (43, -1.50000000000000000000e+03) (44, 1.50000000000000000000e+03) (45, 1.50000000000000000000e+03) (46, 1.50000000000000000000e+03) (47, 1.49970812988281250000e+03) (48, 1.50000000000000000000e+03) (49, 1.50000000000000000000e+03) (50, 1.49964965820312500000e+03) (51, 1.50000000000000000000e+03) (52, 1.50000000000000000000e+03) (53, 1.50000000000000000000e+03) (54, 1.49971313476562500000e+03) (55, 1.46584856510162353516e+00) (56, 1.50000000000000000000e+03) (57, 1.27877616882324218750e+00) (58, 1.49923937988281250000e+03) (59, 1.50000000000000000000e+03) (60, 2.22043180465698242188e+00) (61, -1.50000000000000000000e+03) (62, 1.42405152320861816406e+00) (63, 1.66868484020233154297e+00) (64, 2.47374963760375976562e+00) (65, -1.50000000000000000000e+03) (66, -1.50000000000000000000e+03) (67, 8.34012627601623535156e-01) (68, -1.50000000000000000000e+03) (69, -1.50000000000000000000e+03) (70, 1.50000000000000000000e+03) (71, 2.36440515518188476562e+00) (72, 1.50000000000000000000e+03) (73, 1.95172631740570068359e+00) (74, 1.50000000000000000000e+03) (75, 8.76106858253479003906e-01) (76, -9.38538452148437500000e+02) (77, 1.50000000000000000000e+03) (78, 7.56412148475646972656e-01) (79, 2.05627465248107910156e+00) (80, -1.50000000000000000000e+03) (81, 3.48443176269531250000e+02) (82, 2.39870405197143554688e+00) (83, 1.34797549247741699219e+00) (84, 1.46419715881347656250e+00) (85, -1.50000000000000000000e+03) (86, 1.50000000000000000000e+03) (87, 1.50000000000000000000e+03) (88, 1.04096984863281250000e+01) (89, -1.50000000000000000000e+03) (90, -1.50000000000000000000e+03) (91, 1.49984130859375000000e+03) (92, -1.50000000000000000000e+03) (93, 1.50000000000000000000e+03) (94, 1.50000000000000000000e+03) (95, 1.49985498046875000000e+03) (96, 1.50000000000000000000e+03) (97, -1.50000000000000000000e+03) (98, 1.49977734375000000000e+03) (99, -1.50000000000000000000e+03) (100, 2.27536463737487792969e+00) (101, 1.50000000000000000000e+03) (102, 7.76992917060852050781e-01) (103, 1.10889005661010742188e+00) (104, -3.19069772958755493164e-01) (0, 1.50000000000000000000e+03) (1, 9.29163336753845214844e-01) (2, -1.50000000000000000000e+03) (3, -1.50000000000000000000e+03) (4, -1.50000000000000000000e+03) (5, 1.20030617713928222656e+00) (6, 8.75745892524719238281e-01) (7, 1.50000000000000000000e+03) (8, 8.08807611465454101562e-01) (9, 8.41566741466522216797e-01) (10, 2.19083642959594726562e+00) (11, 7.03142106533050537109e-01) (12, 2.11011695861816406250e+00) (13, -8.40251693725585937500e+01) (14, 1.34227132797241210938e+00) (15, 1.80359411239624023438e+00) (16, 1.63037073612213134766e+00) (17, 1.69734859466552734375e+00) (18, 2.09664130210876464844e+00) (19, 2.11109280586242675781e+00) (20, 1.50000000000000000000e+03) (21, 1.50000000000000000000e+03) (22, 1.89431595802307128906e+00) (23, 2.00847864151000976562e+00) (24, 5.17792582511901855469e-01) (25, 1.96529519557952880859e+00) (26, 9.74463820457458496094e-01) (27, -1.50000000000000000000e+03) (28, 1.60385084152221679688e+00) (29, 1.42214429378509521484e+00) (30, 1.03265130519866943359e+00) (31, 2.16776561737060546875e+00) (32, 1.50000000000000000000e+03) (33, 1.50000000000000000000e+03) (34, 2.26299548149108886719e+00) (35, 1.49986083984375000000e+03) (36, 1.50000000000000000000e+03) (37, 1.49994201660156250000e+03) (38, 1.50000000000000000000e+03) (39, 1.77396392822265625000e+00) (40, -1.50000000000000000000e+03) (41, -1.50000000000000000000e+03) (42, 1.75057947635650634766e+00) (43, -1.50000000000000000000e+03) (44, 1.50000000000000000000e+03) (45, 1.50000000000000000000e+03) (46, 1.50000000000000000000e+03) (47, 1.49970812988281250000e+03) (48, 1.50000000000000000000e+03) (49, 1.50000000000000000000e+03) (50, 1.49964965820312500000e+03) (51, 1.50000000000000000000e+03) (52, 1.50000000000000000000e+03) (53, 1.50000000000000000000e+03) (54, 1.49979003906250000000e+03) (55, 1.07833349704742431641e+00) (56, 1.50000000000000000000e+03) (57, 1.61082839965820312500e+00) (58, 1.49923937988281250000e+03) (59, 1.50000000000000000000e+03) (60, 2.14149165153503417969e+00) (61, -1.49996142578125000000e+03) (62, 1.48934316635131835938e+00) (63, 1.98274421691894531250e+00) (64, 2.38877916336059570312e+00) (65, -1.50000000000000000000e+03) (66, -1.50000000000000000000e+03) (67, 1.80935895442962646484e+00) (68, -1.49996142578125000000e+03) (69, -1.49996142578125000000e+03) (70, 1.50000000000000000000e+03) (71, 2.38659572601318359375e+00) (72, 1.50000000000000000000e+03) (73, 1.73000204563140869141e+00) (74, 1.50000000000000000000e+03) (75, 9.13122296333312988281e-01) (76, -9.38972167968750000000e+02) (77, 1.50000000000000000000e+03) (78, 2.10101556777954101562e+00) (79, 2.15784645080566406250e+00) (80, -1.49996142578125000000e+03) (81, 3.48443176269531250000e+02) (82, 2.40054798126220703125e+00) (83, 1.49571537971496582031e+00) (84, 7.47297227382659912109e-01) (85, -1.49996142578125000000e+03) (86, 1.50000000000000000000e+03) (87, 1.50000000000000000000e+03) (88, 6.98559093475341796875e+00) (89, -1.49996142578125000000e+03) (90, -1.49996142578125000000e+03) (91, 1.49991821289062500000e+03) (92, -1.49996142578125000000e+03) (93, 1.50000000000000000000e+03) (94, 1.50000000000000000000e+03) (95, 1.49985498046875000000e+03) (96, 1.50000000000000000000e+03) (97, -1.49996142578125000000e+03) (98, 1.49985424804687500000e+03) (99, -1.49996142578125000000e+03) (100, 2.13336753845214843750e+00) (101, 1.50000000000000000000e+03) (102, 7.21415638923645019531e-01) (103, 1.21816444396972656250e+00) (104, -2.64770776033401489258e-01) (0, -8.50781142711639404297e-01) (1, 4.39486265182495117188e-01) (2, 6.27151668071746826172e-01) (3, -6.85867547988891601562e-01) (4, 9.70771968364715576172e-01) (5, -1.31870901584625244141e+00) (6, -6.55491232872009277344e-01) (7, 1.78439867496490478516e+00) (8, -3.13181072473526000977e-01) (9, -7.35145330429077148438e-01) (10, 4.31726455688476562500e-01) (11, 3.99500191211700439453e-01) (12, -3.37581157684326171875e-01) (13, -5.65033197402954101562e-01) (14, 2.60027080774307250977e-01) (15, 1.38243246078491210938e+00) (16, 3.94611924886703491211e-01) (17, -1.46498098969459533691e-01) (18, 5.08180797100067138672e-01) (19, 6.50312066078186035156e-01) (20, -9.58428680896759033203e-01) (21, 3.69249045848846435547e-01) (22, -1.12323868274688720703e+00) (23, -1.43439192324876785278e-02) (24, 2.23148608207702636719e+00) (25, -3.02787899971008300781e-01) (26, 3.22028696537017822266e-01) (27, 6.52716755867004394531e-01) (28, 2.22087353467941284180e-01) (29, 2.18130874633789062500e+00) (30, 1.39993858337402343750e+00) (31, 1.53983259201049804688e+00) (32, 7.12617337703704833984e-02) (33, -1.92405208945274353027e-01) (34, -1.05330991744995117188e+00) (35, -8.73013809323310852051e-02) (36, 5.90503573417663574219e-01) (37, -9.62726712226867675781e-01) (38, -1.10003697872161865234e+00) (39, -6.55243694782257080078e-01) (40, 1.40435039997100830078e+00) (41, -2.33094406127929687500e+00) (42, 4.10082817077636718750e-01) (43, 4.38969433307647705078e-02) (44, 8.74027982354164123535e-02) (45, -1.52118849754333496094e+00) (46, -1.29664218425750732422e+00) (47, -9.98283803462982177734e-01) (48, 2.32150626182556152344e+00) (49, 2.93801188468933105469e-01) (50, -6.95758938789367675781e-01) (51, 8.78793597221374511719e-01) (52, 3.90853762626647949219e-01) (53, -1.07302939891815185547e+00) (54, 1.66795551776885986328e-01) (55, -1.68322026729583740234e+00) (56, -4.18995052576065063477e-01) (57, -1.50485634803771972656e+00) (58, 1.88268589973449707031e+00) (59, -4.01383340358734130859e-02) (60, -6.07887625694274902344e-01) (61, 6.12958490848541259766e-01) (62, -5.54055213928222656250e-01) (63, -6.66452288627624511719e-01) (64, 4.01623070240020751953e-01) (65, 7.68654942512512207031e-01) (66, 1.54848766326904296875e+00) (67, 2.27550554275512695312e+00) (68, 1.64784562587738037109e+00) (69, -5.40973722934722900391e-01) (70, 1.00975535809993743896e-01) (71, -7.41189062595367431641e-01) (72, -1.31140398979187011719e+00) (73, -6.76229357719421386719e-01) (74, 2.51549422740936279297e-01) (75, 3.77772122621536254883e-01) (76, -5.05660176277160644531e-01) (77, 3.34679484367370605469e-01) (78, 8.26909244060516357422e-01) (79, -4.37502115964889526367e-01) (80, -7.99846768379211425781e-01) (81, 3.75792115926742553711e-01) (82, -1.48732796311378479004e-01) (83, -2.35837280750274658203e-01) (84, 2.81462073326110839844e-02) (85, -7.28152155876159667969e-01) (86, -4.23521995544433593750e-02) (87, -6.82924032211303710938e-01) (88, -3.32955032587051391602e-01) (89, 1.50959360599517822266e+00) (90, 5.30275046825408935547e-01) (91, -9.38126444816589355469e-01) (92, 5.99605366587638854980e-02) (93, 9.59870636463165283203e-01) (94, 1.34048402309417724609e-01) (95, -6.91629886627197265625e-01) (96, 2.97173082828521728516e-01) (97, -7.68112003803253173828e-01) (98, -5.12271344661712646484e-01) (99, 1.98167428374290466309e-01) (100, -7.91043043136596679688e-01) (101, 1.05967080593109130859e+00) (102, -1.03885781764984130859e+00) (103, 3.65591311454772949219e+00) (104, 2.64048147201538085938e+00) (0, 1.50000000000000000000e+03) (1, 1.99471473693847656250e+00) (2, -1.50000000000000000000e+03) (3, -1.50000000000000000000e+03) (4, -1.50000000000000000000e+03) (5, 2.27364683151245117188e+00) (6, 2.19854903221130371094e+00) (7, 1.50000000000000000000e+03) (8, 1.00188589096069335938e+00) (9, 1.58611834049224853516e+00) (10, 2.11729049682617187500e+00) (11, 1.85716331005096435547e+00) (12, 2.15543532371520996094e+00) (13, -6.32925376892089843750e+01) (14, 1.39712452888488769531e+00) (15, 1.85224401950836181641e+00) (16, 1.65444791316986083984e+00) (17, 1.95576977729797363281e+00) (18, 2.10806250572204589844e+00) (19, 2.00030922889709472656e+00) (20, 1.50000000000000000000e+03) (21, 1.50000000000000000000e+03) (22, 1.91822099685668945312e+00) (23, 2.03704094886779785156e+00) (24, 1.54832541942596435547e+00) (25, 1.88093769550323486328e+00) (26, 1.06713473796844482422e+00) (27, -1.50000000000000000000e+03) (28, 1.54247665405273437500e+00) (29, 1.34208846092224121094e+00) (30, 7.67309963703155517578e-01) (31, 2.10207867622375488281e+00) (32, 1.50000000000000000000e+03) (33, 1.50000000000000000000e+03) (34, 2.08590388298034667969e+00) (35, 1.49986083984375000000e+03) (36, 1.50000000000000000000e+03) (37, 1.49986511230468750000e+03) (38, 1.50000000000000000000e+03) (39, 2.13721609115600585938e+00) (40, -1.50000000000000000000e+03) (41, -1.50000000000000000000e+03) (42, 1.54139542579650878906e+00) (43, -1.50000000000000000000e+03) (44, 1.50000000000000000000e+03) (45, 1.50000000000000000000e+03) (46, 1.50000000000000000000e+03) (47, 1.49970812988281250000e+03) (48, 1.50000000000000000000e+03) (49, 1.50000000000000000000e+03) (50, 1.49964965820312500000e+03) (51, 1.50000000000000000000e+03) (52, 1.50000000000000000000e+03) (53, 1.50000000000000000000e+03) (54, 1.49971313476562500000e+03) (55, 1.49608087539672851562e+00) (56, 1.50000000000000000000e+03) (57, 1.50986170768737792969e+00) (58, 1.49923937988281250000e+03) (59, 1.50000000000000000000e+03) (60, 2.16874623298645019531e+00) (61, -1.50000000000000000000e+03) (62, 1.38756668567657470703e+00) (63, 1.65599668025970458984e+00) (64, 2.46138215065002441406e+00) (65, -1.50000000000000000000e+03) (66, -1.50000000000000000000e+03) (67, 1.95543146133422851562e+00) (68, -1.50000000000000000000e+03) (69, -1.50000000000000000000e+03) (70, 1.50000000000000000000e+03) (71, 2.39923906326293945312e+00) (72, 1.50000000000000000000e+03) (73, 1.75030100345611572266e+00) (74, 1.50000000000000000000e+03) (75, 1.84917056560516357422e+00) (76, -9.39035217285156250000e+02) (77, 1.50000000000000000000e+03) (78, 1.95369565486907958984e+00) (79, 2.13875412940979003906e+00) (80, -1.50000000000000000000e+03) (81, 5.19377441406250000000e+02) (82, 2.39989662170410156250e+00) (83, 1.44301331043243408203e+00) (84, 1.25167131423950195312e+00) (85, -1.50000000000000000000e+03) (86, 1.50000000000000000000e+03) (87, 1.50000000000000000000e+03) (88, 9.72210884094238281250e+00) (89, -1.50000000000000000000e+03) (90, -1.50000000000000000000e+03) (91, 1.49984057617187500000e+03) (92, -1.50000000000000000000e+03) (93, 1.50000000000000000000e+03) (94, 1.50000000000000000000e+03) (95, 1.49985498046875000000e+03) (96, 1.50000000000000000000e+03) (97, -1.50000000000000000000e+03) (98, 1.49977734375000000000e+03) (99, -1.50000000000000000000e+03) (100, 2.28766608238220214844e+00) (101, 1.50000000000000000000e+03) (102, 1.80893385410308837891e+00) (103, 1.64034739136695861816e-01) (104, -2.63956576585769653320e-01) (0, 1.69625484943389892578e+00) (1, -1.02805924415588378906e+00) (2, 7.04979717731475830078e-01) (3, 8.91301691532135009766e-01) (4, -3.50918769836425781250e-01) (5, -1.34121608734130859375e+00) (6, -4.35859858989715576172e-01) (7, -2.90316963195800781250e+00) (8, 7.64749765396118164062e-01) (9, 9.89053487777709960938e-01) (10, -1.91778600215911865234e-01) (11, 4.95993435382843017578e-01) (12, 3.22690248489379882812e-01) (13, -5.73573589324951171875e-01) (14, -9.58801031112670898438e-01) (15, -2.91294485330581665039e-01) (16, -3.95293235778808593750e-01) (17, -1.88639438152313232422e+00) (18, -1.26822426915168762207e-01) (19, 1.01064372062683105469e+00) (20, -5.28159067034721374512e-02) (21, 4.44471538066864013672e-01) (22, 1.86072319746017456055e-01) (23, 2.63668984174728393555e-01) (24, -2.11708605289459228516e-01) (25, 8.85169029235839843750e-01) (26, -6.90128505229949951172e-01) (27, -9.24626827239990234375e-01) (28, -2.20303043723106384277e-01) (29, -2.57053852081298828125e-01) (30, -3.47732037305831909180e-01) (31, 7.78209686279296875000e-01) (32, -2.79094964265823364258e-01) (33, -3.96126300096511840820e-01) (34, -1.29350256919860839844e+00) (35, 1.01875853538513183594e+00) (36, 2.45885495096445083618e-02) (37, 2.03723382949829101562e+00) (38, -2.32454493641853332520e-01) (39, -8.69067385792732238770e-02) (40, -5.30465066432952880859e-01) (41, 8.53557348251342773438e-01) (42, -1.98246955871582031250e-01) (43, 7.31993913650512695312e-02) (44, 1.23566889762878417969e+00) (45, -7.26236760616302490234e-01) (46, 8.34492862224578857422e-01) (47, 1.03302001953125000000e+00) (48, 1.01811838150024414062e+00) (49, 1.48210597038269042969e+00) (50, 1.13298022747039794922e+00) (51, -3.69549602270126342773e-01) (52, 6.83074593544006347656e-01) (53, 1.11878074705600738525e-01) (54, 6.29185140132904052734e-01) (55, 1.77988722920417785645e-01) (56, 4.45326805114746093750e-01) (57, 1.23450613021850585938e+00) (58, 5.73165655136108398438e-01) (59, 4.93816822767257690430e-01) (60, 9.33059632778167724609e-01) (61, 3.40088129043579101562e-01) (62, 2.52094841003417968750e+00) (63, -4.05910223722457885742e-01) (64, 9.77436780929565429688e-01) (65, 8.36003303527832031250e-01) (66, -4.03645038604736328125e-01) (67, 2.25172527134418487549e-02) (68, 5.32566010951995849609e-01) (69, -3.31459224224090576172e-01) (70, -6.17647051811218261719e-01) (71, -7.60250329971313476562e-01) (72, 4.23888079822063446045e-02) (73, 6.94470226764678955078e-01) (74, -5.98316788673400878906e-01) (75, -1.38110077381134033203e+00) (76, 1.22570133209228515625e+00) (77, 5.38169682025909423828e-01) (78, -5.78514754772186279297e-01) (79, -4.54520612955093383789e-01) (80, 6.63434684276580810547e-01) (81, 8.70379149913787841797e-01) (82, -1.71541258692741394043e-01) (83, -1.10693871974945068359e+00) (84, -1.14743933081626892090e-01) (85, 3.93150091171264648438e-01) (86, -6.98424696922302246094e-01) (87, -2.30277955532073974609e-01) (88, -9.37879443168640136719e-01) (89, -5.42624711990356445312e-01) (90, -1.36211663484573364258e-01) (91, -9.28492844104766845703e-01) (92, -4.72770303487777709961e-01) (93, -1.41662657260894775391e-01) (94, -4.48077231645584106445e-01) (95, -7.10951566696166992188e-01) (96, 3.93400967121124267578e-01) (97, -6.41186654567718505859e-01) (98, -8.20748269557952880859e-01) (99, 1.27662718296051025391e+00) (100, -6.80562615394592285156e-01) (101, 1.73383200168609619141e+00) (102, 7.95132160186767578125e-01) (103, 1.19277453422546386719e+00) (104, 2.56022381782531738281e+00) (0, 3.84245562553405761719e+00) (1, -1.38936579227447509766e-01) (2, -3.73820185661315917969e-01) (3, 1.53917443752288818359e+00) (4, -3.81926596164703369141e-01) (5, -2.14758440852165222168e-01) (6, 2.63428777456283569336e-01) (7, 1.61861693859100341797e+00) (8, -4.48610544204711914062e-01) (9, 6.98659271001815795898e-02) (10, 8.59997451305389404297e-01) (11, 5.13266265392303466797e-01) (12, -3.39926362037658691406e-01) (13, -1.70453357696533203125e+00) (14, 6.38696968555450439453e-01) (15, 7.52884089946746826172e-01) (16, -1.77608579397201538086e-01) (17, 6.35284423828125000000e-01) (18, -3.04567873477935791016e-01) (19, 3.01295191049575805664e-01) (20, 8.49021896719932556152e-02) (21, -4.25134338438510894775e-02) (22, 6.15553319454193115234e-01) (23, 3.79678755998611450195e-01) (24, 2.11944386363029479980e-01) (25, 2.49318610876798629761e-02) (26, 1.88593193888664245605e-01) (27, 1.12706410884857177734e+00) (28, 4.77046340703964233398e-01) (29, 4.84618514776229858398e-01) (30, 1.04481434822082519531e+00) (31, 7.90068984031677246094e-01) (32, 4.60152834653854370117e-01) (33, 1.88086462020874023438e+00) (34, -4.15292453765869140625e+00) (35, 1.27762103080749511719e+00) (36, 1.06078135967254638672e+00) (37, 3.01660990715026855469e+00) (38, 4.87656146287918090820e-01) (39, 1.07154810428619384766e+00) (40, 2.79077935218811035156e+00) (41, 1.48392605781555175781e+00) (42, -1.00067114830017089844e+00) (43, -4.51330989599227905273e-01) (44, 7.63244807720184326172e-01) (45, 3.29611271619796752930e-01) (46, -2.19274565577507019043e-01) (47, -3.10337513685226440430e-01) (48, 1.06927764415740966797e+00) (49, 1.67004036903381347656e+00) (50, -9.15960371494293212891e-02) (51, -5.62575697898864746094e-01) (52, 1.48841154575347900391e+00) (53, -2.41133317351341247559e-01) (54, 7.27181434631347656250e-02) (55, 3.01842927932739257812e+00) (56, -4.51537519693374633789e-01) (57, 1.76534855365753173828e+00) (58, -5.67797422409057617188e-01) (59, -5.02461051940917968750e+00) (60, -1.02883219718933105469e+00) (61, -9.92794334888458251953e-01) (62, -8.09187889099121093750e-01) (63, -9.23322618007659912109e-01) (64, -9.10041570663452148438e-01) (65, -9.81345474720001220703e-01) (66, -7.73515641689300537109e-01) (67, -2.04151487350463867188e+00) (68, -3.32309794425964355469e+00) (69, -1.97032499313354492188e+00) (70, -5.25205790996551513672e-01) (71, -8.37455034255981445312e-01) (72, 1.11197091639041900635e-01) (73, 6.84255480766296386719e-01) (74, 7.18342423439025878906e-01) (75, 5.01868247985839843750e-01) (76, -1.34856200218200683594e+00) (77, -8.40998720377683639526e-03) (78, 1.57080912590026855469e+00) (79, 6.97060966491699218750e+00) (80, -5.97333288192749023438e+00) (81, -3.53221386671066284180e-01) (82, -1.05357229709625244141e+00) (83, -8.51039505004882812500e+00) (84, -1.43811357021331787109e+00) (85, 1.38230204582214355469e+00) (86, 7.89188921451568603516e-01) (87, -6.68912827968597412109e-01) (88, -5.49315309524536132812e+00) (89, -1.35766482353210449219e+00) (90, -4.34921312332153320312e+00) (91, -1.01795554161071777344e+00) (92, -6.26564359664916992188e+00) (93, -1.85264825820922851562e+00) (94, 2.05066069960594177246e-01) (95, -5.75938105583190917969e-01) (96, -1.49729773402214050293e-01) (97, 3.26218485832214355469e+00) (98, -8.09292793273925781250e-01) (99, 2.94385838508605957031e+00) (100, 8.98787915706634521484e-01) (101, 5.81507124006748199463e-02) (102, -2.59027451276779174805e-01) (103, 2.39064359664916992188e+00) (104, 2.03144025802612304688e+00) (0, -3.98675870895385742188e+00) (1, 3.02321100234985351562e+00) (2, -1.98751792311668395996e-01) (3, -9.34419810771942138672e-01) (4, -4.55199050903320312500e+00) (5, -6.71827697753906250000e+00) (6, 1.17326533794403076172e+00) (7, -5.28589677810668945312e+00) (8, 2.02685022354125976562e+00) (9, 6.86962127685546875000e+00) (10, -3.14244604110717773438e+00) (11, 1.73187375068664550781e+00) (12, 1.90585303306579589844e+00) (13, 7.41877985000610351562e+00) (14, -1.39751762151718139648e-01) (15, 3.41300606727600097656e+00) (16, -3.01947331428527832031e+00) (17, -1.68957781791687011719e+00) (18, 7.80211091041564941406e-01) (19, -7.25629901885986328125e+00) (20, -5.56907939910888671875e+00) (21, 6.21440505981445312500e+00) (22, -1.86862361431121826172e+00) (23, -5.72308683395385742188e+00) (24, -1.14651954174041748047e+00) (25, 2.35777139663696289062e+00) (26, 4.76919126510620117188e+00) (27, 6.09428882598876953125e-01) (28, -2.06999254226684570312e+00) (29, -4.51519393920898437500e+00) (30, -2.29799413681030273438e+00) (31, 6.80891275405883789062e-01) (32, -3.63894909620285034180e-01) (33, 8.95223021507263183594e-01) (34, -8.88780832290649414062e-01) (35, 3.78371906280517578125e+00) (36, 2.22286367416381835938e+00) (37, 1.89001011848449707031e+00) (38, 3.15216004848480224609e-01) (39, 8.41176152229309082031e-01) (40, -1.56666827201843261719e+00) (41, -2.57923185825347900391e-01) (42, 6.56251072883605957031e-01) (43, 2.95784807205200195312e+00) (44, -8.95142495632171630859e-01) (45, 8.11351478099822998047e-01) (46, -5.02699232101440429688e+00) (47, 9.65251207351684570312e-01) (48, -1.09555280208587646484e+00) (49, -1.15008425712585449219e+00) (50, 6.45187854766845703125e-01) (51, -4.92100089788436889648e-01) (52, 2.50866866111755371094e+00) (53, 3.34724760055541992188e+00) (54, -1.31093621253967285156e-01) (55, 2.07194542884826660156e+00) (56, -8.36570858955383300781e-01) (57, -7.54306733608245849609e-01) (58, -1.08646643161773681641e+00) (59, 9.83873724937438964844e-01) (60, 1.06670451164245605469e+00) (61, 1.10721945762634277344e+00) (62, 3.41188251972198486328e-01) (63, -7.94744014739990234375e-01) (64, -1.18198156356811523438e-01) (65, 7.24341273307800292969e-02) (66, 8.72408866882324218750e-01) (67, 1.85108315199613571167e-02) (68, 6.34364306926727294922e-01) (69, -9.96411681175231933594e-01) (70, -5.48787042498588562012e-02) (71, -7.77415931224822998047e-01) (72, -4.01861995458602905273e-01) (73, -4.46114331483840942383e-01) (74, -1.87464758753776550293e-01) (75, 3.11795681715011596680e-01) (76, -2.96546757221221923828e-01) (77, 1.85613766312599182129e-01) (78, 2.39340603351593017578e-01) (79, -3.25879245996475219727e-01) (80, 5.21728157997131347656e-01) (81, 1.53797075152397155762e-01) (82, 3.58280718326568603516e-01) (83, 5.05159795284271240234e-01) (84, -4.19357657432556152344e-01) (85, -5.69081246852874755859e-01) (86, -3.61627608537673950195e-01) (87, 2.69129663705825805664e-01) (88, 2.67431735992431640625e-01) (89, 7.20543444156646728516e-01) (90, -2.22685605287551879883e-01) (91, -1.58805310726165771484e-01) (92, -7.31731235980987548828e-01) (93, 2.75851309299468994141e-01) (94, -6.87497556209564208984e-01) (95, -6.41572356224060058594e-01) (96, 1.88038855791091918945e-01) (97, -7.16362118721008300781e-01) (98, -7.87981688976287841797e-01) (99, -6.34058296680450439453e-01) (100, -6.63910150527954101562e-01) (101, -4.82135027647018432617e-01) (102, 1.39248788356781005859e-01) (103, 2.11547374725341796875e+00) (104, 2.62686467170715332031e+00) (0, 1.61150395870208740234e-01) (1, 4.13626730442047119141e-01) (2, 7.29633986949920654297e-01) (3, -2.31364321708679199219e+00) (4, -8.62475812435150146484e-01) (5, -7.86852419376373291016e-01) (6, 3.35655069351196289062e+00) (7, 5.00444030761718750000e+00) (8, -5.64187574386596679688e+00) (9, -2.25665783882141113281e+00) (10, 1.28271651268005371094e+00) (11, 7.72370994091033935547e-01) (12, -6.46542131900787353516e-01) (13, -6.16648614406585693359e-01) (14, -1.31225422024726867676e-01) (15, -1.84499061107635498047e+00) (16, 1.79936122894287109375e+00) (17, 3.88906407356262207031e+00) (18, -2.98124217987060546875e+00) (19, 1.48948550224304199219e+00) (20, 3.76121735572814941406e+00) (21, -5.80823183059692382812e+00) (22, 1.68540716171264648438e-01) (23, 8.57397675514221191406e-01) (24, -6.62300205230712890625e+00) (25, -3.57912540435791015625e-01) (26, 2.16864347457885742188e-01) (27, -6.76080107688903808594e-01) (28, 1.10756540298461914062e+00) (29, 4.53129673004150390625e+00) (30, -1.66657280921936035156e+00) (31, -3.05800271034240722656e+00) (32, 1.37248909473419189453e+00) (33, -1.12145245075225830078e+00) (34, -4.11916589736938476562e+00) (35, 2.82155704498291015625e+00) (36, 5.78331470489501953125e-01) (37, -4.74310547113418579102e-01) (38, -2.18917399644851684570e-01) (39, 1.64119195938110351562e+00) (40, 3.15869474411010742188e+00) (41, 6.19122564792633056641e-01) (42, 1.12558877468109130859e+00) (43, -2.20585727691650390625e+00) (44, 2.68324315547943115234e-01) (45, -2.68700361251831054688e-01) (46, -3.84440970420837402344e+00) (47, 1.01735687255859375000e+00) (48, 1.60923242568969726562e-01) (49, 4.75192606449127197266e-01) (50, -2.55519962310791015625e+00) (51, -1.80918896198272705078e+00) (52, 1.45567846298217773438e+00) (53, -2.58702002465724945068e-02) (54, -1.67541790008544921875e+00) (55, -8.76704510301351547241e-03) (56, 2.74576950073242187500e+00) (57, 1.03773355484008789062e+00) (58, 5.55916018784046173096e-02) (59, 7.38860905170440673828e-01) (60, -3.01203751564025878906e+00) (61, -1.72181129455566406250e+00) (62, -2.22720456123352050781e+00) (63, -3.20523202419281005859e-01) (64, 3.86120772361755371094e+00) (65, 1.02782225608825683594e+00) (66, -1.87550580501556396484e+00) (67, 5.68916201591491699219e-01) (68, 5.56089699268341064453e-01) (69, -3.43983530998229980469e-01) (70, 1.12442123889923095703e+00) (71, 9.07317698001861572266e-02) (72, -4.66182708740234375000e-01) (73, -2.07978129386901855469e+00) (74, 1.67767763137817382812e+00) (75, 4.40206021070480346680e-01) (76, -6.01271688938140869141e-01) (77, -7.87155181169509887695e-02) (78, 3.95121574401855468750e-01) (79, 6.76972031593322753906e-01) (80, -2.39568203687667846680e-02) (81, 1.81617510318756103516e+00) (82, -5.55474638938903808594e-01) (83, -1.03532648086547851562e+00) (84, -2.19884991645812988281e-01) (85, 2.31609392166137695312e+00) (86, -5.08961737155914306641e-01) (87, -6.78085327148437500000e-01) (88, 1.50400221347808837891e+00) (89, -6.49830162525177001953e-01) (90, 2.28601408004760742188e+00) (91, -2.60763376951217651367e-01) (92, -5.07262460887432098389e-02) (93, 9.46957528591156005859e-01) (94, -2.21897289156913757324e-01) (95, -1.36439695954322814941e-01) (96, -7.38968193531036376953e-01) (97, -4.13643389940261840820e-01) (98, -1.78244113922119140625e+00) (99, -3.75332981348037719727e-01) (100, -1.93272143602371215820e-01) (101, -1.41016632318496704102e-01) (102, -1.25860929489135742188e+00) (103, 3.42188000679016113281e+00) (104, 2.10165667533874511719e+00) (0, 8.13092529773712158203e-01) (1, 1.55806791782379150391e+00) (2, -5.93010425567626953125e-01) (3, 4.69095677137374877930e-01) (4, -5.40590345859527587891e-01) (5, -5.66921949386596679688e-01) (6, 4.14911627769470214844e-01) (7, 2.23622754216194152832e-01) (8, 2.87775069475173950195e-01) (9, -2.27222293615341186523e-01) (10, -6.74554944038391113281e-01) (11, 6.41271412372589111328e-01) (12, 8.18613842129707336426e-02) (13, 7.46592640876770019531e-01) (14, 1.84115301817655563354e-02) (15, 2.66198247671127319336e-01) (16, -2.78370171785354614258e-01) (17, 1.29972085356712341309e-01) (18, -7.09245204925537109375e-01) (19, 3.69131490588188171387e-02) (20, -5.49657344818115234375e-01) (21, 1.96366116404533386230e-01) (22, 4.20519441366195678711e-01) (23, -2.34910309314727783203e-01) (24, 2.45200380682945251465e-01) (25, 6.52111411094665527344e-01) (26, 1.23846638202667236328e+00) (27, 9.05911326408386230469e-01) (28, 8.48787486553192138672e-01) (29, 1.40096271038055419922e+00) (30, 1.24231135845184326172e+00) (31, -4.71026957035064697266e-01) (32, -5.42721033096313476562e-01) (33, 2.25349888205528259277e-01) (34, -5.61265051364898681641e-01) (35, -8.21165665984153747559e-02) (36, 3.71186226606369018555e-01) (37, 7.73176431655883789062e-01) (38, 8.71750891208648681641e-01) (39, 9.48056936264038085938e-01) (40, -1.63344949483871459961e-01) (41, -9.64623689651489257812e-01) (42, -5.52990019321441650391e-01) (43, 4.85533505678176879883e-01) (44, -4.99905012547969818115e-02) (45, 5.97992181777954101562e-01) (46, 1.30142912268638610840e-01) (47, 6.48244559764862060547e-01) (48, 5.93560636043548583984e-01) (49, 3.48486453294754028320e-01) (50, 1.72305390238761901855e-01) (51, -3.98522645235061645508e-01) (52, 1.86602130532264709473e-01) (53, -6.30121707916259765625e-01) (54, -5.77168881893157958984e-01) (55, -3.24113637208938598633e-01) (56, 4.92835491895675659180e-01) (57, -3.12861055135726928711e-01) (58, -1.72121629118919372559e-01) (59, 6.28996074199676513672e-01) (60, -4.78868961334228515625e-01) (61, 2.03305706381797790527e-01) (62, -5.75326681137084960938e-01) (63, -1.56842187047004699707e-01) (64, 6.14294707775115966797e-01) (65, -9.93842631578445434570e-02) (66, -9.36917304992675781250e-01) (67, -7.14331030845642089844e-01) (68, 8.72978270053863525391e-01) (69, 9.37052071094512939453e-01) (70, -2.68476903438568115234e-01) (71, -7.64168620109558105469e-01) (72, 5.65200984477996826172e-01) (73, 3.36455732583999633789e-01) (74, -1.13957576453685760498e-01) (75, -6.89767181873321533203e-01) (76, -9.17586624622344970703e-01) (77, -3.75048726797103881836e-01) (78, -2.49636650085449218750e-01) (79, -6.52431428432464599609e-01) (80, -1.65249750018119812012e-01) (81, 3.55803787708282470703e-01) (82, -3.68562489748001098633e-01) (83, -5.02291798591613769531e-01) (84, 8.61116588115692138672e-01) (85, 5.97503006458282470703e-01) (86, -6.78062915802001953125e-01) (87, 8.34708154201507568359e-01) (88, -2.02836051583290100098e-01) (89, 5.86107149720191955566e-02) (90, -3.90320330858230590820e-01) (91, -4.85764920711517333984e-01) (92, 8.92649739980697631836e-02) (93, -6.29426300525665283203e-01) (94, 5.79831480979919433594e-01) (95, -2.65582025051116943359e-01) (96, -1.03346335887908935547e+00) (97, -1.77981823682785034180e-01) (98, -4.70271140336990356445e-01) (99, 1.20344352722167968750e+00) (100, -6.05679750442504882812e-01) (101, 7.80705809593200683594e-01) (102, 4.60135608911514282227e-01) (103, 1.56071233749389648438e+00) (104, 2.64846897125244140625e+00) (0, 1.50000000000000000000e+03) (1, 2.18782281875610351562e+00) (2, -1.49995971679687500000e+03) (3, -1.49986718750000000000e+03) (4, -1.49995971679687500000e+03) (5, 2.75704097747802734375e+00) (6, 2.04730486869812011719e+00) (7, 1.50000000000000000000e+03) (8, 2.27417874336242675781e+00) (9, 1.51503860950469970703e+00) (10, 2.22797203063964843750e+00) (11, 2.24240255355834960938e+00) (12, 1.74708151817321777344e+00) (13, 1.44573950767517089844e+00) (14, 1.35617768764495849609e+00) (15, 1.90633189678192138672e+00) (16, 1.84912538528442382812e+00) (17, 1.91039609909057617188e+00) (18, 2.34978199005126953125e+00) (19, 2.17967987060546875000e+00) (20, 1.50000000000000000000e+03) (21, 1.50000000000000000000e+03) (22, 1.85716485977172851562e+00) (23, 2.02018952369689941406e+00) (24, 5.85884630680084228516e-01) (25, 1.83455491065979003906e+00) (26, 1.20098173618316650391e+00) (27, -1.49995971679687500000e+03) (28, 1.52422285079956054688e+00) (29, 1.31652486324310302734e+00) (30, 7.15066611766815185547e-01) (31, 8.30514073371887207031e-01) (32, 1.50000000000000000000e+03) (33, 1.49986633300781250000e+03) (34, 1.96970891952514648438e+00) (35, 1.49985375976562500000e+03) (36, 1.50000000000000000000e+03) (37, 1.49986511230468750000e+03) (38, 1.50000000000000000000e+03) (39, 1.39353632926940917969e+00) (40, -1.50000000000000000000e+03) (41, -1.49995971679687500000e+03) (42, 1.38512122631072998047e+00) (43, -1.50000000000000000000e+03) (44, 1.50000000000000000000e+03) (45, 1.50000000000000000000e+03) (46, 1.50000000000000000000e+03) (47, 1.49997326660156250000e+03) (48, 1.50000000000000000000e+03) (49, 1.04770159721374511719e+00) (50, 8.03101003170013427734e-01) (51, 1.50000000000000000000e+03) (52, 1.67449581623077392578e+00) (53, 1.50000000000000000000e+03) (54, 7.07953274250030517578e-01) (55, 1.99156379699707031250e+00) (56, 1.50000000000000000000e+03) (57, 1.63488650321960449219e+00) (58, 6.52799963951110839844e-01) (59, 1.50000000000000000000e+03) (60, 1.85623955726623535156e+00) (61, -1.49984228515625000000e+03) (62, 1.40451312065124511719e+00) (63, 1.67696428298950195312e+00) (64, 2.37227725982666015625e+00) (65, -1.49995971679687500000e+03) (66, -1.49986718750000000000e+03) (67, 1.42608726024627685547e+00) (68, -1.49986718750000000000e+03) (69, -1.49986718750000000000e+03) (70, 1.50000000000000000000e+03) (71, 2.28710341453552246094e+00) (72, 3.94177818298339843750e+01) (73, 1.31515026092529296875e+00) (74, 1.50000000000000000000e+03) (75, 1.92758452892303466797e+00) (76, -9.38769897460937500000e+02) (77, 1.72369885444641113281e+00) (78, 1.77127826213836669922e+00) (79, 2.05800104141235351562e+00) (80, -1.49986718750000000000e+03) (81, 5.59100708007812500000e+02) (82, 1.86079668998718261719e+00) (83, 1.52347791194915771484e+00) (84, 1.36207616329193115234e+00) (85, 1.49960644531250000000e+03) (86, 2.45649504661560058594e+00) (87, 1.50000000000000000000e+03) (88, 1.15497624874114990234e+00) (89, -1.49995971679687500000e+03) (90, -1.49995971679687500000e+03) (91, 1.49999194335937500000e+03) (92, -6.14441823959350585938e+00) (93, 1.50000000000000000000e+03) (94, 1.50000000000000000000e+03) (95, 1.49994067382812500000e+03) (96, 2.13889622688293457031e+00) (97, -1.49995971679687500000e+03) (98, 1.50000000000000000000e+03) (99, -1.25998950195312500000e+03) (100, 2.05432629585266113281e+00) (101, 1.50000000000000000000e+03) (102, 2.90309691429138183594e+00) (103, -1.69656753540039062500e-01) (104, -9.62079688906669616699e-02) (0, 1.50000000000000000000e+03) (1, 1.78374135494232177734e+00) (2, -1.50000000000000000000e+03) (3, -1.50000000000000000000e+03) (4, -1.50000000000000000000e+03) (5, 2.14766359329223632812e+00) (6, 2.01182389259338378906e+00) (7, 1.50000000000000000000e+03) (8, 2.01462721824645996094e+00) (9, 1.32499098777770996094e+00) (10, 1.96088600158691406250e+00) (11, 1.93767249584197998047e+00) (12, 1.78702270984649658203e+00) (13, 1.70148396492004394531e+00) (14, 1.13993299007415771484e+00) (15, 1.66654264926910400391e+00) (16, 7.38314270973205566406e-01) (17, 1.67937064170837402344e+00) (18, 2.30367922782897949219e+00) (19, 1.95976924896240234375e+00) (20, 1.50000000000000000000e+03) (21, 1.50000000000000000000e+03) (22, 1.90367293357849121094e+00) (23, 2.21903419494628906250e+00) (24, 7.01985478401184082031e-01) (25, 1.84342122077941894531e+00) (26, 1.00191187858581542969e+00) (27, -1.50000000000000000000e+03) (28, 1.62606513500213623047e+00) (29, 1.34055078029632568359e+00) (30, 9.02270913124084472656e-01) (31, 8.58204722404479980469e-01) (32, 1.50000000000000000000e+03) (33, 1.50000000000000000000e+03) (34, 2.22557783126831054688e+00) (35, 1.49986083984375000000e+03) (36, 1.50000000000000000000e+03) (37, 1.49986511230468750000e+03) (38, 1.50000000000000000000e+03) (39, 2.03592634201049804688e+00) (40, -1.50000000000000000000e+03) (41, -1.50000000000000000000e+03) (42, 1.43073022365570068359e+00) (43, -1.50000000000000000000e+03) (44, 1.50000000000000000000e+03) (45, 1.50000000000000000000e+03) (46, 1.50000000000000000000e+03) (47, 1.49970812988281250000e+03) (48, 1.50000000000000000000e+03) (49, 1.50000000000000000000e+03) (50, 1.49964965820312500000e+03) (51, 1.50000000000000000000e+03) (52, 1.50000000000000000000e+03) (53, 1.50000000000000000000e+03) (54, 1.49971313476562500000e+03) (55, 1.67054200172424316406e+00) (56, 1.50000000000000000000e+03) (57, 1.35934662818908691406e+00) (58, 1.49923937988281250000e+03) (59, 1.50000000000000000000e+03) (60, 1.91858708858489990234e+00) (61, -1.50000000000000000000e+03) (62, 1.20613050460815429688e+00) (63, 1.55022358894348144531e+00) (64, 2.44255185127258300781e+00) (65, -1.50000000000000000000e+03) (66, -1.50000000000000000000e+03) (67, 1.76905167102813720703e+00) (68, -1.50000000000000000000e+03) (69, -1.50000000000000000000e+03) (70, 1.50000000000000000000e+03) (71, 2.30300831794738769531e+00) (72, 1.50000000000000000000e+03) (73, 2.12299776077270507812e+00) (74, 1.50000000000000000000e+03) (75, 1.91451084613800048828e+00) (76, -9.39186950683593750000e+02) (77, 1.50000000000000000000e+03) (78, 1.65544068813323974609e+00) (79, 1.97479116916656494141e+00) (80, -1.50000000000000000000e+03) (81, 3.48443176269531250000e+02) (82, 1.88076400756835937500e+00) (83, 1.32255923748016357422e+00) (84, 1.21779668331146240234e+00) (85, -1.50000000000000000000e+03) (86, 1.50000000000000000000e+03) (87, 1.50000000000000000000e+03) (88, 1.36965191364288330078e+00) (89, -1.50000000000000000000e+03) (90, -1.50000000000000000000e+03) (91, 1.49984130859375000000e+03) (92, -1.50000000000000000000e+03) (93, 1.50000000000000000000e+03) (94, 1.50000000000000000000e+03) (95, 1.49985498046875000000e+03) (96, 1.50000000000000000000e+03) (97, -1.50000000000000000000e+03) (98, 1.49977734375000000000e+03) (99, -1.50000000000000000000e+03) (100, 2.03044390678405761719e+00) (101, 1.50000000000000000000e+03) (102, 6.73092007637023925781e-01) (103, 1.30701327323913574219e+00) (104, -1.98500305414199829102e-01) (0, 1.50000000000000000000e+03) (1, 1.35131525993347167969e+00) (2, -1.50000000000000000000e+03) (3, -1.49996142578125000000e+03) (4, -1.50000000000000000000e+03) (5, 2.47630238533020019531e+00) (6, 2.18090534210205078125e+00) (7, 1.50000000000000000000e+03) (8, 1.02158439159393310547e+00) (9, 1.29065954685211181641e+00) (10, 2.34785413742065429688e+00) (11, 2.06588339805603027344e+00) (12, 1.35777795314788818359e+00) (13, -8.34776611328125000000e+01) (14, 1.01556026935577392578e+00) (15, 1.85075557231903076172e+00) (16, 7.06110775470733642578e-01) (17, 2.02916550636291503906e+00) (18, 2.20565557479858398438e+00) (19, 2.03101444244384765625e+00) (20, 1.50000000000000000000e+03) (21, 1.50000000000000000000e+03) (22, 1.89070880413055419922e+00) (23, 2.13825273513793945312e+00) (24, 1.90830373764038085938e+00) (25, 1.81983709335327148438e+00) (26, 6.38998389244079589844e-01) (27, -1.50000000000000000000e+03) (28, 1.20437312126159667969e+00) (29, 5.00549972057342529297e-01) (30, 4.64384377002716064453e-01) (31, 1.33528959751129150391e+00) (32, 1.50000000000000000000e+03) (33, 1.50000000000000000000e+03) (34, 1.31340944766998291016e+00) (35, 1.49986083984375000000e+03) (36, 1.50000000000000000000e+03) (37, 1.49994201660156250000e+03) (38, 1.50000000000000000000e+03) (39, 2.05307769775390625000e+00) (40, -1.50000000000000000000e+03) (41, -1.50000000000000000000e+03) (42, 1.75753569602966308594e+00) (43, -1.50000000000000000000e+03) (44, 1.50000000000000000000e+03) (45, 1.50000000000000000000e+03) (46, 1.50000000000000000000e+03) (47, 1.49970812988281250000e+03) (48, 1.50000000000000000000e+03) (49, 1.50000000000000000000e+03) (50, 1.49964965820312500000e+03) (51, 1.50000000000000000000e+03) (52, 1.50000000000000000000e+03) (53, 1.50000000000000000000e+03) (54, 1.49979003906250000000e+03) (55, 1.43361937999725341797e+00) (56, 1.50000000000000000000e+03) (57, 1.14046609401702880859e+00) (58, 1.49931628417968750000e+03) (59, 1.50000000000000000000e+03) (60, 1.34253752231597900391e+00) (61, -1.49996142578125000000e+03) (62, 1.23586344718933105469e+00) (63, 9.51019883155822753906e-01) (64, 1.55481171607971191406e+00) (65, -1.50000000000000000000e+03) (66, -1.50000000000000000000e+03) (67, 1.04102873802185058594e+00) (68, -1.49996142578125000000e+03) (69, -1.49996142578125000000e+03) (70, 1.50000000000000000000e+03) (71, 2.38739776611328125000e+00) (72, 1.50000000000000000000e+03) (73, 1.13520503044128417969e+00) (74, 1.50000000000000000000e+03) (75, 2.23282194137573242188e+00) (76, -9.38882324218750000000e+02) (77, 1.50000000000000000000e+03) (78, 1.07909619808197021484e+00) (79, 1.92650616168975830078e+00) (80, -1.49996142578125000000e+03) (81, 3.48519927978515625000e+02) (82, 2.35976791381835937500e+00) (83, 1.36769163608551025391e+00) (84, 1.18982410430908203125e+00) (85, -1.49996142578125000000e+03) (86, 1.50000000000000000000e+03) (87, 1.50000000000000000000e+03) (88, 1.07002248764038085938e+01) (89, -1.49996142578125000000e+03) (90, -1.49996142578125000000e+03) (91, 1.49991821289062500000e+03) (92, -1.49996142578125000000e+03) (93, 1.50000000000000000000e+03) (94, 1.50000000000000000000e+03) (95, 1.49985498046875000000e+03) (96, 1.50000000000000000000e+03) (97, -1.49996142578125000000e+03) (98, 1.49985424804687500000e+03) (99, -1.49996142578125000000e+03) (100, 2.41132044792175292969e+00) (101, 1.50000000000000000000e+03) (102, 1.90032887458801269531e+00) (103, 1.24032637104392051697e-02) (104, -2.54911869764328002930e-01) (0, -6.12150478363037109375e+00) (1, -2.79205274581909179688e+00) (2, 2.17493772506713867188e+00) (3, 7.50403225421905517578e-01) (4, 1.91185906529426574707e-01) (5, -6.52067089080810546875e+00) (6, -1.02402389049530029297e+00) (7, 2.51880407333374023438e+00) (8, -2.15860652923583984375e+00) (9, -8.72476935386657714844e-01) (10, 2.83067989349365234375e+00) (11, -8.91390502452850341797e-01) (12, -2.38925576210021972656e-01) (13, 4.50616455078125000000e+00) (14, 2.71409177780151367188e+00) (15, -5.58597385883331298828e-01) (16, 1.92512720823287963867e-01) (17, 1.18765962123870849609e+00) (18, 2.45340561866760253906e+00) (19, -7.86569640040397644043e-02) (20, -1.16936707496643066406e+00) (21, -3.49590718746185302734e-01) (22, -1.01363170146942138672e+00) (23, -2.64162015914916992188e+00) (24, 5.65500020980834960938e-01) (25, 1.16684269905090332031e+00) (26, 2.66468048095703125000e+00) (27, -4.49565574526786804199e-02) (28, 9.22979533672332763672e-01) (29, 1.39295804500579833984e+00) (30, -1.02820205688476562500e+00) (31, 1.91095411777496337891e+00) (32, -7.25415647029876708984e-01) (33, 1.22619903087615966797e+00) (34, -3.52832376956939697266e-01) (35, -1.62748432159423828125e+00) (36, 3.83843094110488891602e-01) (37, -3.79903495311737060547e-01) (38, 6.57329618930816650391e-01) (39, 5.01669585704803466797e-01) (40, 6.82577639818191528320e-02) (41, 9.63769316673278808594e-01) (42, -4.68551903963088989258e-01) (43, 4.83928501605987548828e-01) (44, -4.29807573556900024414e-01) (45, 1.18424451351165771484e+00) (46, -5.22105813026428222656e-01) (47, 1.64856299757957458496e-01) (48, -6.35504007339477539062e-01) (49, 3.81418913602828979492e-01) (50, -4.55933988094329833984e-01) (51, -9.80637550354003906250e-01) (52, 9.43113863468170166016e-01) (53, -5.75306653976440429688e-01) (54, -8.55223655700683593750e-01) (55, -1.12751126289367675781e+00) (56, -5.73277771472930908203e-01) (57, 1.69448673725128173828e-01) (58, -3.98546427488327026367e-01) (59, -5.32989084720611572266e-01) (60, -2.77673214673995971680e-01) (61, 3.94224077463150024414e-01) (62, -4.73779201507568359375e-01) (63, -2.22024470567703247070e-01) (64, -5.23990094661712646484e-01) (65, -3.03725719451904296875e-01) (66, -1.79515123367309570312e-01) (67, -8.52663218975067138672e-02) (68, 5.55138625204563140869e-02) (69, -1.42177224159240722656e-01) (70, 7.86964416503906250000e-01) (71, -4.68346238136291503906e-01) (72, 1.01665818691253662109e+00) (73, 8.40386092662811279297e-01) (74, 1.16980755329132080078e+00) (75, 3.14601927995681762695e-01) (76, 1.12382876873016357422e+00) (77, 5.09490013122558593750e-01) (78, 8.52362930774688720703e-01) (79, 1.80094018578529357910e-01) (80, -5.41061699390411376953e-01) (81, 3.72668415307998657227e-01) (82, -3.12654465436935424805e-01) (83, -7.65762448310852050781e-01) (84, 1.75881370902061462402e-01) (85, -9.32743623852729797363e-02) (86, -8.84648263454437255859e-01) (87, -9.40768301486968994141e-01) (88, -8.12323451042175292969e-01) (89, -1.87597483396530151367e-01) (90, -5.32947480678558349609e-01) (91, -8.07362496852874755859e-01) (92, 3.61608058214187622070e-01) (93, -4.88322004675865173340e-02) (94, -1.48788943886756896973e-01) (95, -3.19994658231735229492e-01) (96, -9.37408685684204101562e-01) (97, -3.89939039945602416992e-01) (98, -8.69258105754852294922e-01) (99, -5.55182933807373046875e-01) (100, -4.91974234580993652344e-01) (101, -4.35756683349609375000e-01) (102, -1.51395261287689208984e+00) (103, 5.48988056182861328125e+00) (104, 2.64571046829223632812e+00) (0, 6.86993062496185302734e-01) (1, -8.21703732013702392578e-01) (2, -8.43217298388481140137e-02) (3, -2.57773828506469726562e+00) (4, 5.35834059119224548340e-02) (5, -5.65933167934417724609e-01) (6, -2.90606975555419921875e-01) (7, 1.20841257274150848389e-01) (8, -8.37005972862243652344e-01) (9, 4.29611921310424804688e+00) (10, 4.02824550867080688477e-01) (11, 2.90354102849960327148e-01) (12, 5.75629621744155883789e-02) (13, -1.39869797229766845703e+00) (14, 4.49468284845352172852e-01) (15, 1.38836348056793212891e+00) (16, 2.23509335517883300781e+00) (17, -7.31748163700103759766e-01) (18, 2.21127057075500488281e+00) (19, -4.79364767670631408691e-02) (20, 1.08129596710205078125e+00) (21, -1.08045184612274169922e+00) (22, 4.62674409151077270508e-01) (23, -8.32810699939727783203e-02) (24, -2.07158184051513671875e+00) (25, -3.48291039466857910156e+00) (26, -1.96743175387382507324e-01) (27, -1.07082700729370117188e+00) (28, 1.04961657524108886719e+00) (29, 9.80118155479431152344e-01) (30, -9.92505848407745361328e-01) (31, 7.96536326408386230469e-01) (32, -6.99153125286102294922e-01) (33, 8.78541290760040283203e-01) (34, -2.59783983230590820312e+00) (35, 2.00619840621948242188e+00) (36, -1.09632408618927001953e+00) (37, -3.64754319190979003906e-01) (38, 4.78203624486923217773e-01) (39, -1.34503686428070068359e+00) (40, -2.20558270812034606934e-01) (41, -4.88872957229614257812e+00) (42, -4.19963717460632324219e-01) (43, 2.35796165466308593750e+00) (44, -3.47351908683776855469e-01) (45, 4.75195080041885375977e-01) (46, -2.00380945205688476562e+00) (47, -3.30440513789653778076e-02) (48, 1.38556945323944091797e+00) (49, -1.59757331013679504395e-01) (50, 3.12849730253219604492e-01) (51, 1.06789493560791015625e+00) (52, 3.93767237663269042969e-01) (53, -8.49302634596824645996e-02) (54, 5.25691211223602294922e-01) (55, 4.31362576782703399658e-02) (56, -1.31831192970275878906e+00) (57, -4.26317095756530761719e-01) (58, -1.34668648242950439453e-01) (59, -1.16369819641113281250e+00) (60, 2.11193397641181945801e-01) (61, 3.54643511772155761719e+00) (62, 8.45017790794372558594e-01) (63, 1.58338889479637145996e-01) (64, 3.68300020694732666016e-01) (65, 3.82062405347824096680e-01) (66, 1.30602574348449707031e+00) (67, 5.65686345100402832031e-01) (68, -7.00302898883819580078e-01) (69, -2.66580581665039062500e-01) (70, -8.11211228370666503906e-01) (71, -4.59859997034072875977e-01) (72, 4.62492629885673522949e-02) (73, -2.41433396935462951660e-01) (74, -7.72791147232055664062e-01) (75, 2.43255212903022766113e-01) (76, -1.30951261520385742188e+00) (77, -2.53546595573425292969e-01) (78, -9.52855825424194335938e-01) (79, 1.73055613040924072266e+00) (80, 1.17948031425476074219e+00) (81, -5.94612061977386474609e-01) (82, -2.77786791324615478516e-01) (83, -6.50721430778503417969e-01) (84, 6.61515355110168457031e-01) (85, -5.77645935118198394775e-03) (86, -6.91651463508605957031e-01) (87, -3.96743327379226684570e-01) (88, 4.72577780485153198242e-01) (89, 1.20424771308898925781e+00) (90, 2.47220978140830993652e-01) (91, 1.41408815979957580566e-01) (92, -2.22143486142158508301e-01) (93, -9.65079367160797119141e-02) (94, -6.66560292243957519531e-01) (95, -3.02056074142456054688e-01) (96, -9.09004688262939453125e-01) (97, -1.37275233864784240723e-01) (98, -7.26332515478134155273e-02) (99, 3.14780741930007934570e-01) (100, 1.16416966915130615234e+00) (101, -3.69078069925308227539e-02) (102, 3.06268453598022460938e-01) (103, 1.86293840408325195312e+00) (104, 2.34769678115844726562e+00) (0, 1.50000000000000000000e+03) (1, 1.06537389755249023438e+00) (2, -1.50000000000000000000e+03) (3, -1.50000000000000000000e+03) (4, -1.50000000000000000000e+03) (5, 2.20095515251159667969e+00) (6, 1.77809464931488037109e+00) (7, 1.50000000000000000000e+03) (8, 9.73503351211547851562e-01) (9, 1.11940991878509521484e+00) (10, 7.55081772804260253906e-01) (11, 8.45296263694763183594e-01) (12, 1.70616793632507324219e+00) (13, -4.20863962173461914062e+00) (14, 6.28195762634277343750e-01) (15, 1.53830206394195556641e+00) (16, 2.78880834579467773438e-01) (17, 1.44711792469024658203e+00) (18, 1.86774277687072753906e+00) (19, 1.72044134140014648438e+00) (20, 1.50000000000000000000e+03) (21, 1.50000000000000000000e+03) (22, 1.44605195522308349609e+00) (23, 1.86325097084045410156e+00) (24, 1.79974520206451416016e+00) (25, 1.89849030971527099609e+00) (26, 6.67901396751403808594e-01) (27, -1.50000000000000000000e+03) (28, 7.08211719989776611328e-01) (29, 7.74920284748077392578e-02) (30, 2.07687139511108398438e-01) (31, 6.96530461311340332031e-01) (32, 1.50000000000000000000e+03) (33, 1.50000000000000000000e+03) (34, 1.87022292613983154297e+00) (35, 1.49986083984375000000e+03) (36, 1.50000000000000000000e+03) (37, 1.49986511230468750000e+03) (38, 1.50000000000000000000e+03) (39, 2.03639888763427734375e+00) (40, -1.50000000000000000000e+03) (41, -1.50000000000000000000e+03) (42, 1.11231672763824462891e+00) (43, -1.50000000000000000000e+03) (44, 1.50000000000000000000e+03) (45, 1.50000000000000000000e+03) (46, 1.50000000000000000000e+03) (47, 1.49970812988281250000e+03) (48, 1.50000000000000000000e+03) (49, 1.50000000000000000000e+03) (50, 1.49964965820312500000e+03) (51, 1.50000000000000000000e+03) (52, 1.50000000000000000000e+03) (53, 1.50000000000000000000e+03) (54, 1.49971313476562500000e+03) (55, 3.65846824645996093750e+00) (56, 1.50000000000000000000e+03) (57, 1.31436550617218017578e+00) (58, 1.49923937988281250000e+03) (59, 1.50000000000000000000e+03) (60, 1.82538485527038574219e+00) (61, -1.50000000000000000000e+03) (62, 6.28926336765289306641e-01) (63, 1.48009777069091796875e+00) (64, 1.26943290233612060547e+00) (65, -1.50000000000000000000e+03) (66, -1.50000000000000000000e+03) (67, 5.60245990753173828125e-01) (68, -1.50000000000000000000e+03) (69, -1.50000000000000000000e+03) (70, 1.50000000000000000000e+03) (71, 2.52759075164794921875e+00) (72, 1.50000000000000000000e+03) (73, 2.03212308883666992188e+00) (74, 1.50000000000000000000e+03) (75, 7.16652870178222656250e-01) (76, -9.39051330566406250000e+02) (77, 1.50000000000000000000e+03) (78, 3.80780577659606933594e-01) (79, 1.88871514797210693359e+00) (80, -1.50000000000000000000e+03) (81, 3.48443176269531250000e+02) (82, 2.36625480651855468750e+00) (83, 1.35894787311553955078e+00) (84, 1.30202543735504150391e+00) (85, -1.50000000000000000000e+03) (86, 1.50000000000000000000e+03) (87, 1.50000000000000000000e+03) (88, 2.41195354461669921875e+01) (89, -1.50000000000000000000e+03) (90, -1.50000000000000000000e+03) (91, 1.49982592773437500000e+03) (92, -1.50000000000000000000e+03) (93, 1.50000000000000000000e+03) (94, 1.50000000000000000000e+03) (95, 1.49985498046875000000e+03) (96, 1.50000000000000000000e+03) (97, -1.50000000000000000000e+03) (98, 1.49977734375000000000e+03) (99, -1.50000000000000000000e+03) (100, 1.93190073966979980469e+00) (101, 1.50000000000000000000e+03) (102, 2.02057862281799316406e+00) (103, -3.47523204982280731201e-02) (104, 5.97072318196296691895e-02) (0, -3.74520570039749145508e-01) (1, -1.05655026435852050781e+00) (2, 6.71722769737243652344e-01) (3, -4.48209822177886962891e-01) (4, 1.05601418018341064453e+00) (5, 7.34395027160644531250e-01) (6, -1.95314183831214904785e-01) (7, 1.00739240646362304688e+00) (8, -6.37593388557434082031e-01) (9, 1.03534817695617675781e+00) (10, -8.12373399734497070312e-01) (11, -8.47153902053833007812e-01) (12, -2.47948855161666870117e-01) (13, 1.54683101177215576172e+00) (14, 9.29190337657928466797e-01) (15, 8.96807849407196044922e-01) (16, 4.69044685363769531250e-01) (17, 1.27265274524688720703e+00) (18, 1.11772513389587402344e+00) (19, 9.05386745929718017578e-01) (20, 8.87985885143280029297e-01) (21, 2.55095028877258300781e+00) (22, 7.23008394241333007812e-01) (23, 7.89528489112854003906e-01) (24, 1.28741574287414550781e+00) (25, 9.67458546161651611328e-01) (26, 7.75596499443054199219e-01) (27, 8.54571819305419921875e-01) (28, 4.78756159543991088867e-01) (29, 1.70386135578155517578e-01) (30, 9.58049237728118896484e-01) (31, -8.83740603923797607422e-01) (32, 3.26763868331909179688e-01) (33, -8.83687198162078857422e-01) (34, -1.07303708791732788086e-01) (35, -3.90356868505477905273e-01) (36, 2.68154323101043701172e-01) (37, -9.07002270221710205078e-01) (38, -4.32901501655578613281e-01) (39, -5.54589927196502685547e-01) (40, -7.98409700393676757812e-01) (41, -6.62594258785247802734e-01) (42, -4.49070543050765991211e-01) (43, 2.56788015365600585938e-01) (44, 3.10383617877960205078e-01) (45, -7.37771913409233093262e-02) (46, -1.04103708267211914062e+00) (47, 3.53703647851943969727e-02) (48, 7.68594980239868164062e-01) (49, -8.15987586975097656250e-01) (50, -5.57447612285614013672e-01) (51, -4.99346733093261718750e-01) (52, -5.41985452175140380859e-01) (53, 5.25212645530700683594e-01) (54, 1.20344913005828857422e+00) (55, -3.35886597633361816406e-01) (56, -3.15991073846817016602e-01) (57, 3.30152958631515502930e-01) (58, 2.42687061429023742676e-01) (59, 7.25123360753059387207e-02) (60, -2.85798102617263793945e-01) (61, -6.83058857917785644531e-01) (62, -4.72745418548583984375e-01) (63, -8.54095935821533203125e-01) (64, -2.25283786654472351074e-01) (65, -6.90471410751342773438e-01) (66, 2.75711854919791221619e-03) (67, -7.94540226459503173828e-01) (68, 1.06965494155883789062e+00) (69, 6.51841461658477783203e-01) (70, 1.29279375076293945312e-01) (71, -6.30068898200988769531e-01) (72, -1.79442331194877624512e-01) (73, 5.37400543689727783203e-01) (74, 4.03750017285346984863e-02) (75, 2.79360711574554443359e-01) (76, -1.02317273616790771484e+00) (77, -6.90961897373199462891e-01) (78, -2.76005327701568603516e-01) (79, 1.59863680601119995117e-01) (80, -4.66720998287200927734e-01) (81, 2.83474922180175781250e-01) (82, 7.73052930831909179688e-01) (83, -1.02092444896697998047e+00) (84, 2.46091276407241821289e-01) (85, -1.51746142655611038208e-02) (86, -5.34638524055480957031e-01) (87, 2.01751708984375000000e-01) (88, -3.77381175756454467773e-01) (89, -5.98590672016143798828e-01) (90, -8.70480775833129882812e-01) (91, -4.02346193790435791016e-01) (92, -3.48752915859222412109e-01) (93, 1.08458071947097778320e-01) (94, -7.51780271530151367188e-01) (95, -1.64729505777359008789e-01) (96, -1.90075546503067016602e-01) (97, 3.48603725433349609375e-01) (98, -3.31463783979415893555e-01) (99, 5.76268792152404785156e-01) (100, -8.05740356445312500000e-01) (101, -4.11504983901977539062e-01) (102, -5.90998828411102294922e-01) (103, 2.57515954971313476562e+00) (104, 2.46236038208007812500e+00) (0, 1.50000000000000000000e+03) (1, 6.57468795776367187500e-01) (2, -1.50000000000000000000e+03) (3, -1.50000000000000000000e+03) (4, -1.50000000000000000000e+03) (5, 2.09121513366699218750e+00) (6, 5.56494474411010742188e-01) (7, 1.50000000000000000000e+03) (8, 1.10784173011779785156e+00) (9, 5.36114692687988281250e-01) (10, 5.19947946071624755859e-01) (11, 4.37691390514373779297e-01) (12, 5.48630833625793457031e-01) (13, -1.45760793685913085938e+01) (14, 4.87308800220489501953e-01) (15, 1.48219418525695800781e+00) (16, 1.04805402457714080811e-01) (17, 3.88588190078735351562e-01) (18, 1.88468444347381591797e+00) (19, 6.14077866077423095703e-01) (20, 1.50000000000000000000e+03) (21, 1.50000000000000000000e+03) (22, 1.65204739570617675781e+00) (23, 2.05400872230529785156e+00) (24, 1.52968919277191162109e+00) (25, 2.10309553146362304688e+00) (26, 3.84193629026412963867e-01) (27, -1.50000000000000000000e+03) (28, 9.82440590858459472656e-01) (29, 1.09316065907478332520e-01) (30, 1.34718328714370727539e-01) (31, 7.97155618667602539062e-01) (32, 1.50000000000000000000e+03) (33, 1.50000000000000000000e+03) (34, 1.34295511245727539062e+00) (35, 1.49986083984375000000e+03) (36, 1.50000000000000000000e+03) (37, 1.49986511230468750000e+03) (38, 1.50000000000000000000e+03) (39, 1.83073043823242187500e+00) (40, -1.50000000000000000000e+03) (41, -1.50000000000000000000e+03) (42, 1.07058048248291015625e+00) (43, -1.50000000000000000000e+03) (44, 1.50000000000000000000e+03) (45, 1.50000000000000000000e+03) (46, 1.50000000000000000000e+03) (47, 1.49970812988281250000e+03) (48, 1.50000000000000000000e+03) (49, 1.50000000000000000000e+03) (50, 1.49964965820312500000e+03) (51, 1.50000000000000000000e+03) (52, 1.50000000000000000000e+03) (53, 1.50000000000000000000e+03) (54, 1.49971313476562500000e+03) (55, 3.21474075317382812500e+00) (56, 1.50000000000000000000e+03) (57, 7.42400467395782470703e-01) (58, 1.49923937988281250000e+03) (59, 1.50000000000000000000e+03) (60, 8.29018950462341308594e-01) (61, -1.50000000000000000000e+03) (62, 5.93104958534240722656e-01) (63, 2.23419815301895141602e-01) (64, 1.09741950035095214844e+00) (65, -1.50000000000000000000e+03) (66, -1.50000000000000000000e+03) (67, 5.51850259304046630859e-01) (68, -1.50000000000000000000e+03) (69, -1.50000000000000000000e+03) (70, 1.50000000000000000000e+03) (71, 2.05345201492309570312e+00) (72, 1.50000000000000000000e+03) (73, 5.16153573989868164062e-01) (74, 1.50000000000000000000e+03) (75, 1.63748824596405029297e+00) (76, -9.39521057128906250000e+02) (77, 1.50000000000000000000e+03) (78, 3.43623697757720947266e-01) (79, 2.12395501136779785156e+00) (80, -1.50000000000000000000e+03) (81, 5.19377441406250000000e+02) (82, 2.59381175041198730469e+00) (83, 1.11780965328216552734e+00) (84, 5.49943625926971435547e-01) (85, -1.50000000000000000000e+03) (86, 1.50000000000000000000e+03) (87, 1.50000000000000000000e+03) (88, 1.45735416412353515625e+01) (89, -1.50000000000000000000e+03) (90, -1.50000000000000000000e+03) (91, 1.49984057617187500000e+03) (92, -1.50000000000000000000e+03) (93, 1.50000000000000000000e+03) (94, 1.50000000000000000000e+03) (95, 1.49985498046875000000e+03) (96, 1.50000000000000000000e+03) (97, -1.50000000000000000000e+03) (98, 1.49977734375000000000e+03) (99, -1.50000000000000000000e+03) (100, 1.84233927726745605469e+00) (101, 1.50000000000000000000e+03) (102, 6.99544668197631835938e-01) (103, 1.31445109844207763672e+00) (104, 3.70022863149642944336e-01) (0, 1.20551192760467529297e+00) (1, 8.59690725803375244141e-01) (2, -1.05526097118854522705e-01) (3, -2.20150327682495117188e+00) (4, 1.09459728002548217773e-01) (5, -9.84696507453918457031e-01) (6, 1.37616479769349098206e-02) (7, -3.64077150821685791016e-01) (8, 1.46225702762603759766e+00) (9, -2.17618882656097412109e-01) (10, -3.47759295254945755005e-03) (11, 5.76557040214538574219e-01) (12, -2.62124061584472656250e-01) (13, -2.89662033319473266602e-01) (14, -3.90488415956497192383e-01) (15, 1.34049728512763977051e-01) (16, 1.43819022178649902344e+00) (17, -7.92769417166709899902e-02) (18, -5.98872423171997070312e-01) (19, 2.40617040544748306274e-02) (20, -5.54868936538696289062e-01) (21, -9.19556558132171630859e-01) (22, -6.88740909099578857422e-01) (23, -1.76655501127243041992e-01) (24, 8.97650539875030517578e-01) (25, -6.91505670547485351562e-01) (26, -2.69443601369857788086e-01) (27, -4.68358304351568222046e-03) (28, -5.36448359489440917969e-01) (29, -1.06447592377662658691e-01) (30, 1.09076276421546936035e-01) (31, -5.45528471469879150391e-01) (32, -5.70047974586486816406e-01) (33, 1.47569823265075683594e+00) (34, -1.77913653850555419922e+00) (35, 9.89244699478149414062e-01) (36, 1.15502214431762695312e+00) (37, 1.04096293449401855469e+00) (38, -1.16808891296386718750e-01) (39, -4.84677433967590332031e-01) (40, 3.40946197509765625000e-01) (41, -5.11071920394897460938e+00) (42, -7.13897407054901123047e-01) (43, -6.62292301654815673828e-01) (44, 1.12821400165557861328e+00) (45, 1.42078948020935058594e+00) (46, -2.61340641975402832031e+00) (47, 1.16874098777770996094e+00) (48, -1.92029699683189392090e-01) (49, 1.46925756707787513733e-02) (50, 2.46275290846824645996e-01) (51, -4.83729779720306396484e-01) (52, -4.26480978727340698242e-01) (53, -1.75542664527893066406e+00) (54, -3.33799362182617187500e-01) (55, -3.37295365333557128906e+00) (56, -1.65867948532104492188e+00) (57, 1.46103191375732421875e+01) (58, 4.26105737686157226562e+00) (59, 3.79306364059448242188e+00) (60, -6.24063760042190551758e-02) (61, 3.46196341514587402344e+00) (62, 3.60270977020263671875e-01) (63, -3.19350212812423706055e-02) (64, 9.30656719207763671875e+00) (65, 5.21207392215728759766e-01) (66, -1.22549390792846679688e+00) (67, 1.35014212131500244141e+00) (68, -3.77027630805969238281e+00) (69, -2.61139202117919921875e+00) (70, -5.45720458030700683594e-01) (71, 1.86542764306068420410e-01) (72, -4.46553081274032592773e-02) (73, 4.83485889434814453125e+00) (74, 3.24776247143745422363e-02) (75, 1.74670028686523437500e+00) (76, -1.04237246513366699219e+00) (77, 1.84840455651283264160e-01) (78, -1.79011332988739013672e+00) (79, 1.13995838165283203125e+00) (80, 1.70079219341278076172e+00) (81, -1.29756176471710205078e+00) (82, -2.52039819955825805664e-01) (83, 2.92758440971374511719e+00) (84, -8.44353884458541870117e-02) (85, -3.79570579528808593750e+00) (86, -3.08960437774658203125e-01) (87, -7.57398009300231933594e-01) (88, 2.08626389503479003906e+00) (89, -1.50451624393463134766e+00) (90, -3.32227498292922973633e-01) (91, 1.41917085647583007812e+00) (92, -1.17802011966705322266e+00) (93, -1.41028046607971191406e-01) (94, -8.64163935184478759766e-02) (95, 2.93209624290466308594e+00) (96, -8.51754724979400634766e-01) (97, 1.65295875072479248047e+00) (98, 2.25338315963745117188e+00) (99, 2.17177295684814453125e+00) (100, 3.56545001268386840820e-02) (101, -4.97142523527145385742e-01) (102, 1.01761162281036376953e+00) (103, 9.02020335197448730469e-01) (104, 2.08762264251708984375e+00) (0, 1.50000000000000000000e+03) (1, 4.84108865261077880859e-01) (2, -1.50000000000000000000e+03) (3, -1.50000000000000000000e+03) (4, -1.50000000000000000000e+03) (5, 2.30051016807556152344e+00) (6, 1.64669752120971679688e+00) (7, 1.50000000000000000000e+03) (8, 2.10765409469604492188e+00) (9, 1.05450451374053955078e+00) (10, 1.84023869037628173828e+00) (11, 1.69083058834075927734e+00) (12, 1.77709877490997314453e+00) (13, -8.39976882934570312500e+01) (14, 8.88244032859802246094e-01) (15, 1.91247141361236572266e+00) (16, 1.54162800312042236328e+00) (17, 1.74023699760437011719e+00) (18, 1.79576373100280761719e+00) (19, 1.85001218318939208984e+00) (20, 1.50000000000000000000e+03) (21, 1.50000000000000000000e+03) (22, 1.72529768943786621094e+00) (23, 1.62595570087432861328e+00) (24, 1.86733233928680419922e+00) (25, 1.66608953475952148438e+00) (26, 1.12748730182647705078e+00) (27, -1.50000000000000000000e+03) (28, 1.05855441093444824219e+00) (29, 1.46715831756591796875e+00) (30, 9.86400961875915527344e-01) (31, 1.71961414813995361328e+00) (32, 1.50000000000000000000e+03) (33, 1.50000000000000000000e+03) (34, 1.72716927528381347656e+00) (35, 1.49986083984375000000e+03) (36, 1.50000000000000000000e+03) (37, 1.49986511230468750000e+03) (38, 1.50000000000000000000e+03) (39, 1.80647325515747070312e+00) (40, -1.50000000000000000000e+03) (41, -1.50000000000000000000e+03) (42, 1.36978352069854736328e+00) (43, -1.50000000000000000000e+03) (44, 1.50000000000000000000e+03) (45, 1.50000000000000000000e+03) (46, 1.50000000000000000000e+03) (47, 1.49970812988281250000e+03) (48, 1.50000000000000000000e+03) (49, 1.50000000000000000000e+03) (50, 1.49964965820312500000e+03) (51, 1.50000000000000000000e+03) (52, 1.50000000000000000000e+03) (53, 1.50000000000000000000e+03) (54, 1.49971313476562500000e+03) (55, 1.87365365028381347656e+00) (56, 1.50000000000000000000e+03) (57, 7.87084460258483886719e-01) (58, 1.49923937988281250000e+03) (59, 1.50000000000000000000e+03) (60, 1.92556035518646240234e+00) (61, -1.50000000000000000000e+03) (62, 1.04699432849884033203e+00) (63, 1.83818233013153076172e+00) (64, 2.08269309997558593750e+00) (65, -1.50000000000000000000e+03) (66, -1.50000000000000000000e+03) (67, 2.10616731643676757812e+00) (68, -1.50000000000000000000e+03) (69, -1.50000000000000000000e+03) (70, 1.50000000000000000000e+03) (71, 2.18072199821472167969e+00) (72, 1.50000000000000000000e+03) (73, 3.18580102920532226562e+00) (74, 1.50000000000000000000e+03) (75, 1.90999925136566162109e+00) (76, -9.39220642089843750000e+02) (77, 1.50000000000000000000e+03) (78, 1.69978821277618408203e+00) (79, 2.06442308425903320312e+00) (80, -1.50000000000000000000e+03) (81, 3.48443176269531250000e+02) (82, 2.15400195121765136719e+00) (83, 1.52481436729431152344e+00) (84, 1.58703351020812988281e+00) (85, -1.50000000000000000000e+03) (86, 1.50000000000000000000e+03) (87, 1.50000000000000000000e+03) (88, 1.92849493026733398438e+00) (89, -1.50000000000000000000e+03) (90, -1.50000000000000000000e+03) (91, 1.49984130859375000000e+03) (92, -1.50000000000000000000e+03) (93, 1.50000000000000000000e+03) (94, 1.50000000000000000000e+03) (95, 1.49985498046875000000e+03) (96, 1.50000000000000000000e+03) (97, -1.50000000000000000000e+03) (98, 1.49977734375000000000e+03) (99, -1.50000000000000000000e+03) (100, 1.88323950767517089844e+00) (101, 1.50000000000000000000e+03) (102, 9.08355355262756347656e-01) (103, 1.24525654315948486328e+00) (104, 2.11899891495704650879e-01) (0, 2.84697920083999633789e-01) (1, -7.72162303328514099121e-02) (2, 1.92933097481727600098e-01) (3, 2.28489696979522705078e-01) (4, 2.40715608000755310059e-01) (5, -5.45166015625000000000e-01) (6, -4.79823797941207885742e-01) (7, -9.12469625473022460938e-01) (8, -1.73154577612876892090e-01) (9, -8.05308997631072998047e-01) (10, -3.83409351110458374023e-01) (11, 1.98171958327293395996e-01) (12, -7.60864138603210449219e-01) (13, -8.68796855211257934570e-02) (14, -8.37791800498962402344e-01) (15, -1.66207194328308105469e-01) (16, -4.41132560372352600098e-02) (17, 4.47453618049621582031e-01) (18, 2.60868482291698455811e-02) (19, -5.04949808120727539062e-01) (20, -2.59077697992324829102e-01) (21, -1.04531097412109375000e+00) (22, -6.14214897155761718750e-01) (23, -3.71533408761024475098e-02) (24, -5.66934168338775634766e-01) (25, 9.38258767127990722656e-01) (26, 1.95502564311027526855e-01) (27, -2.13188171386718750000e-01) (28, -8.22914183139801025391e-01) (29, -1.81978434324264526367e-01) (30, -5.84830224514007568359e-01) (31, 7.96532869338989257812e-01) (32, 1.25779342651367187500e+00) (33, -7.65725672245025634766e-01) (34, -4.06573107466101646423e-03) (35, 7.99655392765998840332e-02) (36, 1.28237760066986083984e+00) (37, -3.52080553770065307617e-01) (38, 1.00153529644012451172e+00) (39, 1.40974044799804687500e+00) (40, -3.21500897407531738281e-01) (41, 2.71196141839027404785e-02) (42, -1.68243706226348876953e-01) (43, -1.25606405735015869141e+00) (44, 6.10550165176391601562e-01) (45, -5.94637215137481689453e-01) (46, -3.21516394615173339844e-01) (47, 2.95354545116424560547e-01) (48, -2.79277503490447998047e-01) (49, 8.95983755588531494141e-01) (50, -3.58576029539108276367e-01) (51, -4.56831961870193481445e-01) (52, 6.74801826477050781250e-01) (53, 3.94031554460525512695e-01) (54, 1.57329291105270385742e-01) (55, -4.03721958398818969727e-01) (56, 1.39039373397827148438e+00) (57, -4.43947583436965942383e-01) (58, 5.04697144031524658203e-01) (59, 8.00636336207389831543e-02) (60, 1.42252370715141296387e-01) (61, -6.45644664764404296875e-01) (62, -5.70608854293823242188e-01) (63, 6.02284967899322509766e-01) (64, 1.08026587963104248047e+00) (65, 1.56093075871467590332e-01) (66, 1.49534094333648681641e+00) (67, 2.79856771230697631836e-01) (68, 1.74432480335235595703e+00) (69, -4.89639192819595336914e-02) (70, 1.05394399166107177734e+00) (71, -3.91226887702941894531e-01) (72, 1.05438697338104248047e+00) (73, 7.95578241348266601562e-01) (74, 3.72475594282150268555e-01) (75, -7.08458602428436279297e-01) (76, -1.90703108906745910645e-01) (77, 1.62335848808288574219e+00) (78, -5.82899808883666992188e-01) (79, -1.37514233589172363281e-01) (80, -4.45187300443649291992e-01) (81, 7.04243183135986328125e-01) (82, 1.51731029152870178223e-01) (83, -4.24024224281311035156e-01) (84, -6.22702315449714660645e-02) (85, 4.43741083145141601562e-02) (86, 1.99711427092552185059e-01) (87, -6.48115456104278564453e-01) (88, 6.68065369129180908203e-01) (89, 1.51846051216125488281e-01) (90, 5.93691468238830566406e-01) (91, -3.67512293159961700439e-02) (92, -4.91513818502426147461e-01) (93, 3.84723573923110961914e-01) (94, 1.99798449873924255371e-01) (95, -5.52189946174621582031e-01) (96, -5.80817759037017822266e-01) (97, -7.18444764614105224609e-01) (98, -3.91780167818069458008e-01) (99, 2.06296280026435852051e-01) (100, 1.50948083400726318359e+00) (101, -3.98707777261734008789e-01) (102, -8.06304275989532470703e-01) (103, 3.18171691894531250000e+00) (104, 2.05254554748535156250e+00) (0, 1.50000000000000000000e+03) (1, 2.08974719047546386719e+00) (2, -1.50000000000000000000e+03) (3, -1.50000000000000000000e+03) (4, -1.50000000000000000000e+03) (5, 2.33306360244750976562e+00) (6, 2.08000040054321289062e+00) (7, 1.50000000000000000000e+03) (8, 7.87976980209350585938e-01) (9, 1.57670700550079345703e+00) (10, 2.16646051406860351562e+00) (11, 1.97625255584716796875e+00) (12, 2.00718927383422851562e+00) (13, -8.36747741699218750000e+01) (14, 1.44956123828887939453e+00) (15, 1.66866850852966308594e+00) (16, 1.61071574687957763672e+00) (17, 1.85703766345977783203e+00) (18, 2.27052521705627441406e+00) (19, 1.89887154102325439453e+00) (20, 1.50000000000000000000e+03) (21, 1.50000000000000000000e+03) (22, 1.88630020618438720703e+00) (23, 2.26123261451721191406e+00) (24, 1.70781314373016357422e+00) (25, 1.87820756435394287109e+00) (26, 1.07815647125244140625e+00) (27, -1.50000000000000000000e+03) (28, 1.40078365802764892578e+00) (29, 1.35714817047119140625e+00) (30, 8.37087213993072509766e-01) (31, 2.01962828636169433594e+00) (32, 1.50000000000000000000e+03) (33, 1.50000000000000000000e+03) (34, 2.41145610809326171875e+00) (35, 1.49986083984375000000e+03) (36, 1.50000000000000000000e+03) (37, 1.49986511230468750000e+03) (38, 1.50000000000000000000e+03) (39, 1.93560755252838134766e+00) (40, -1.50000000000000000000e+03) (41, -1.50000000000000000000e+03) (42, 1.79515874385833740234e+00) (43, -1.50000000000000000000e+03) (44, 1.50000000000000000000e+03) (45, 1.50000000000000000000e+03) (46, 1.50000000000000000000e+03) (47, 1.49970812988281250000e+03) (48, 1.50000000000000000000e+03) (49, 1.50000000000000000000e+03) (50, 1.49964965820312500000e+03) (51, 1.50000000000000000000e+03) (52, 1.50000000000000000000e+03) (53, 1.50000000000000000000e+03) (54, 1.49971313476562500000e+03) (55, 1.33362305164337158203e+00) (56, 1.50000000000000000000e+03) (57, 1.64277946949005126953e+00) (58, 1.49923937988281250000e+03) (59, 1.50000000000000000000e+03) (60, 2.21781420707702636719e+00) (61, -1.50000000000000000000e+03) (62, 1.53843605518341064453e+00) (63, 1.85026729106903076172e+00) (64, 2.61615729331970214844e+00) (65, -1.50000000000000000000e+03) (66, -1.50000000000000000000e+03) (67, 2.05905103683471679688e+00) (68, -1.50000000000000000000e+03) (69, -1.50000000000000000000e+03) (70, 1.50000000000000000000e+03) (71, 2.38405132293701171875e+00) (72, 1.50000000000000000000e+03) (73, 1.90645301342010498047e+00) (74, 1.50000000000000000000e+03) (75, 2.27255320549011230469e+00) (76, -9.39075866699218750000e+02) (77, 1.50000000000000000000e+03) (78, 2.04972887039184570312e+00) (79, 1.98151803016662597656e+00) (80, -1.50000000000000000000e+03) (81, 3.48443176269531250000e+02) (82, 2.57866334915161132812e+00) (83, 1.27087366580963134766e+00) (84, 1.47951233386993408203e+00) (85, -1.50000000000000000000e+03) (86, 1.50000000000000000000e+03) (87, 1.50000000000000000000e+03) (88, 1.80837745666503906250e+01) (89, -1.50000000000000000000e+03) (90, -1.50000000000000000000e+03) (91, 1.49984130859375000000e+03) (92, -1.50000000000000000000e+03) (93, 1.50000000000000000000e+03) (94, 1.50000000000000000000e+03) (95, 1.49985498046875000000e+03) (96, 1.50000000000000000000e+03) (97, -1.50000000000000000000e+03) (98, 1.49977734375000000000e+03) (99, -1.50000000000000000000e+03) (100, 2.63111114501953125000e+00) (101, 1.50000000000000000000e+03) (102, 1.69959115982055664062e+00) (103, 9.40698385238647460938e-02) (104, -4.43265020847320556641e-01) (0, -4.09274196624755859375e+00) (1, 8.52637350559234619141e-01) (2, -1.39771580696105957031e+00) (3, 3.41110420227050781250e+00) (4, 8.22180330753326416016e-01) (5, -1.63029289245605468750e+00) (6, 1.14412283897399902344e+00) (7, 4.31278854608535766602e-01) (8, -7.71857380867004394531e-01) (9, -3.42262005805969238281e+00) (10, 1.14528918266296386719e+00) (11, -1.97876024246215820312e+00) (12, 1.19781088829040527344e+00) (13, -3.91996073722839355469e+00) (14, 6.06787145137786865234e-01) (15, -1.81333005428314208984e-01) (16, 7.23123121261596679688e+00) (17, 5.01641273498535156250e+00) (18, 8.22156524658203125000e+00) (19, 1.38319242000579833984e+00) (20, -6.45257115364074707031e-01) (21, -7.16283619403839111328e-01) (22, -2.55206680297851562500e+00) (23, -7.92577147483825683594e-01) (24, -2.79600763320922851562e+00) (25, -6.93822336196899414062e+00) (26, 1.62605547904968261719e+00) (27, 5.06872892379760742188e+00) (28, -2.46912264823913574219e+00) (29, -2.60578453540802001953e-01) (30, -5.51501703262329101562e+00) (31, 3.90616774559020996094e+00) (32, -3.57496309280395507812e+00) (33, 4.75996160507202148438e+00) (34, -2.36120271682739257812e+00) (35, -1.69527530670166015625e+00) (36, 1.20157241821289062500e+00) (37, -3.49697923660278320312e+00) (38, 1.05425111949443817139e-01) (39, -1.25759685039520263672e+00) (40, 2.33062744140625000000e-01) (41, -6.09259843826293945312e+00) (42, 3.67101937532424926758e-01) (43, 2.23134541511535644531e+00) (44, 7.41858243942260742188e-01) (45, 2.99614977836608886719e+00) (46, 1.47844147682189941406e+00) (47, 1.42741680145263671875e+00) (48, -1.42743575572967529297e+00) (49, -1.60911178588867187500e+00) (50, -5.20522296428680419922e-01) (51, 1.22600018978118896484e+00) (52, -4.34190899133682250977e-01) (53, 1.72846198081970214844e+00) (54, 3.07993388175964355469e+00) (55, -4.53219175338745117188e+00) (56, 3.62652212381362915039e-01) (57, 5.76447665691375732422e-01) (58, 1.18562412261962890625e+00) (59, -2.36030197143554687500e+00) (60, -1.68434011936187744141e+00) (61, -2.22170725464820861816e-01) (62, 1.54742336273193359375e+00) (63, -5.19872605800628662109e-02) (64, 5.32010912895202636719e-01) (65, 3.34299147129058837891e-01) (66, -1.42706727981567382812e+00) (67, 9.23382565379142761230e-02) (68, 1.24096310138702392578e+00) (69, -1.30082631111145019531e+00) (70, -3.28085255622863769531e+00) (71, -1.47366285324096679688e+00) (72, -2.88213944435119628906e+00) (73, 2.02192354202270507812e+00) (74, 4.62712824344635009766e-01) (75, -2.58167910575866699219e+00) (76, 1.05143475532531738281e+00) (77, 4.40294384956359863281e-01) (78, -5.21968565881252288818e-02) (79, 8.03942203521728515625e-01) (80, 2.96595633029937744141e-01) (81, 6.05545818805694580078e-01) (82, 5.07766366004943847656e-01) (83, 1.04361546039581298828e+00) (84, -8.45041692256927490234e-01) (85, 5.68357288837432861328e-01) (86, -5.51992118358612060547e-01) (87, 1.35701447725296020508e-01) (88, 5.99883943796157836914e-02) (89, -8.62379670143127441406e-02) (90, -9.10146534442901611328e-01) (91, 9.91987586021423339844e-01) (92, -4.89848345518112182617e-01) (93, 1.06430673599243164062e+00) (94, -2.81499534845352172852e-01) (95, -2.48978996276855468750e+00) (96, 1.18587411940097808838e-01) (97, -4.84434157609939575195e-01) (98, 2.46137946844100952148e-01) (99, 1.02410066127777099609e+00) (100, -4.68855351209640502930e-01) (101, -1.86602756381034851074e-01) (102, -8.87980401515960693359e-01) (103, 3.20879983901977539062e+00) (104, 2.16302299499511718750e+00) (0, -8.28781485557556152344e-01) (1, -1.09881475567817687988e-01) (2, 1.88517248630523681641e+00) (3, 1.55724525451660156250e+00) (4, 7.16466665267944335938e-01) (5, -6.42460441589355468750e+00) (6, 5.60550808906555175781e-01) (7, -4.88389641046524047852e-01) (8, 4.01673316955566406250e+00) (9, 4.16983097791671752930e-01) (10, -1.38264447450637817383e-01) (11, -1.51616859436035156250e+00) (12, -2.80717587471008300781e+00) (13, 2.21055483818054199219e+00) (14, 5.75214028358459472656e-01) (15, -1.76817908883094787598e-01) (16, 2.10600280761718750000e+00) (17, 2.21044998615980148315e-02) (18, 3.11356365680694580078e-01) (19, -1.65836662054061889648e-01) (20, 6.57258081436157226562e+00) (21, 1.09087836742401123047e+00) (22, 1.15969383716583251953e+00) (23, -3.00822877883911132812e+00) (24, 3.62424969673156738281e+00) (25, -1.00059020519256591797e+00) (26, 6.65853202342987060547e-01) (27, 1.76680922508239746094e+00) (28, -5.12722063064575195312e+00) (29, -5.32374715805053710938e+00) (30, 7.91019296646118164062e+00) (31, -5.53654432296752929688e+00) (32, -7.71613264083862304688e+00) (33, 2.99139881134033203125e+00) (34, -1.44366729259490966797e+00) (35, 1.14076554775238037109e+00) (36, -5.45637428760528564453e-01) (37, -6.80453872680664062500e+00) (38, 1.93563020229339599609e+00) (39, -3.93612647056579589844e+00) (40, 3.07869195938110351562e+00) (41, -7.13295841217041015625e+00) (42, 6.10934197902679443359e-01) (43, 4.99781084060668945312e+00) (44, 3.04845809936523437500e+00) (45, -9.59128201007843017578e-01) (46, -2.06486392021179199219e+00) (47, -6.64756357669830322266e-01) (48, 1.00534510612487792969e+00) (49, -2.26706361770629882812e+00) (50, 3.06661081314086914062e+00) (51, 3.78757834434509277344e-01) (52, 1.40603885054588317871e-01) (53, -1.65280258655548095703e+00) (54, -2.91972190141677856445e-01) (55, -1.19284355640411376953e+00) (56, -1.43834471702575683594e+00) (57, -2.70407758653163909912e-02) (58, 1.20231497287750244141e+00) (59, -2.81319117546081542969e+00) (60, -4.23622041940689086914e-01) (61, -4.00091499090194702148e-01) (62, 2.22431093454360961914e-01) (63, -9.73915517330169677734e-01) (64, 2.77165246009826660156e+00) (65, -6.54321610927581787109e-01) (66, -5.93087482452392578125e+00) (67, -9.83219683170318603516e-01) (68, 6.09515011310577392578e-02) (69, -3.37372750043869018555e-01) (70, 7.45142102241516113281e-01) (71, 1.12311184406280517578e+00) (72, -3.32518905401229858398e-01) (73, 3.04572963714599609375e+00) (74, 1.79280430078506469727e-01) (75, 2.76600450277328491211e-01) (76, 7.33512520790100097656e-01) (77, 1.08526074886322021484e+00) (78, -1.26382255554199218750e+00) (79, 1.90596446394920349121e-01) (80, -1.25176116824150085449e-01) (81, -5.64264953136444091797e-01) (82, 1.67303040623664855957e-01) (83, -2.84754067659378051758e-01) (84, -3.79596769809722900391e-01) (85, -4.82384383678436279297e-01) (86, 3.58943074941635131836e-01) (87, 3.80203545093536376953e-01) (88, 4.70569133758544921875e-01) (89, 2.98784345388412475586e-01) (90, 5.08212327957153320312e-01) (91, 1.00078892707824707031e+00) (92, -5.74988842010498046875e-01) (93, -2.25695613771677017212e-02) (94, -2.55022943019866943359e-01) (95, -2.14534848928451538086e-01) (96, 7.86960244178771972656e-01) (97, 1.45483031868934631348e-01) (98, 8.69548246264457702637e-02) (99, -1.12608194351196289062e-01) (100, -2.67686247825622558594e-01) (101, 4.13482785224914550781e-01) (102, -5.98621726036071777344e-01) (103, 3.07180356979370117188e+00) (104, 2.64309883117675781250e+00) (0, 1.50000000000000000000e+03) (1, 5.05383074283599853516e-01) (2, -1.50000000000000000000e+03) (3, -1.50000000000000000000e+03) (4, -1.50000000000000000000e+03) (5, 9.39828753471374511719e-01) (6, 4.75271999835968017578e-01) (7, 1.50000000000000000000e+03) (8, 9.85021471977233886719e-01) (9, 5.68700671195983886719e-01) (10, 6.51246428489685058594e-01) (11, 5.21805107593536376953e-01) (12, 6.04283452033996582031e-01) (13, -6.36558074951171875000e+01) (14, 1.83638244867324829102e-01) (15, 1.90091562271118164062e+00) (16, 4.49877977371215820312e-01) (17, 1.62417089939117431641e+00) (18, 8.93625736236572265625e-01) (19, 1.98246657848358154297e+00) (20, 1.50000000000000000000e+03) (21, 1.50000000000000000000e+03) (22, 1.63864469528198242188e+00) (23, 1.67072808742523193359e+00) (24, 5.97829759120941162109e-01) (25, 1.45449161529541015625e+00) (26, 3.61714959144592285156e-01) (27, -1.50000000000000000000e+03) (28, 7.15391814708709716797e-01) (29, 5.59814810752868652344e-01) (30, 8.71521532535552978516e-01) (31, 1.49110877513885498047e+00) (32, 1.50000000000000000000e+03) (33, 1.50000000000000000000e+03) (34, 2.02934408187866210938e+00) (35, 1.49986083984375000000e+03) (36, 1.50000000000000000000e+03) (37, 1.49986511230468750000e+03) (38, 1.50000000000000000000e+03) (39, 1.85354018211364746094e+00) (40, -1.50000000000000000000e+03) (41, -1.50000000000000000000e+03) (42, 1.27720606327056884766e+00) (43, -1.50000000000000000000e+03) (44, 1.50000000000000000000e+03) (45, 1.50000000000000000000e+03) (46, 1.50000000000000000000e+03) (47, 1.49970812988281250000e+03) (48, 1.50000000000000000000e+03) (49, 1.50000000000000000000e+03) (50, 1.49964965820312500000e+03) (51, 1.50000000000000000000e+03) (52, 1.50000000000000000000e+03) (53, 1.50000000000000000000e+03) (54, 1.49971313476562500000e+03) (55, 1.81604313850402832031e+00) (56, 1.50000000000000000000e+03) (57, 1.20031213760375976562e+00) (58, 1.49923937988281250000e+03) (59, 1.50000000000000000000e+03) (60, 1.91942930221557617188e+00) (61, -1.50000000000000000000e+03) (62, 8.49870741367340087891e-01) (63, 1.81459200382232666016e+00) (64, 1.99597299098968505859e+00) (65, -1.50000000000000000000e+03) (66, -1.50000000000000000000e+03) (67, 1.89230167865753173828e+00) (68, -1.50000000000000000000e+03) (69, -1.50000000000000000000e+03) (70, 1.50000000000000000000e+03) (71, 1.86485397815704345703e+00) (72, 1.50000000000000000000e+03) (73, 4.49085903167724609375e+00) (74, 1.50000000000000000000e+03) (75, 7.98932313919067382812e-01) (76, -9.39883239746093750000e+02) (77, 1.50000000000000000000e+03) (78, 1.36651933193206787109e-01) (79, 1.99332606792449951172e+00) (80, -1.50000000000000000000e+03) (81, 3.48443176269531250000e+02) (82, 1.64273452758789062500e+00) (83, 1.38761293888092041016e+00) (84, 1.09842574596405029297e+00) (85, -1.50000000000000000000e+03) (86, 1.50000000000000000000e+03) (87, 1.50000000000000000000e+03) (88, 1.74271798133850097656e+00) (89, -1.50000000000000000000e+03) (90, -1.50000000000000000000e+03) (91, 1.49984130859375000000e+03) (92, -1.50000000000000000000e+03) (93, 1.50000000000000000000e+03) (94, 1.50000000000000000000e+03) (95, 1.49985498046875000000e+03) (96, 1.50000000000000000000e+03) (97, -1.50000000000000000000e+03) (98, 1.49977734375000000000e+03) (99, -1.50000000000000000000e+03) (100, 1.81655561923980712891e+00) (101, 1.50000000000000000000e+03) (102, -6.95665895938873291016e-01) (103, 3.13420081138610839844e+00) (104, 2.97756522893905639648e-01) (0, 3.65098648071289062500e+01) (1, 7.87804484367370605469e-01) (2, 6.39679610729217529297e-01) (3, -6.97170555591583251953e-01) (4, 4.92009699344635009766e-01) (5, 2.76120495796203613281e+00) (6, 1.19978940486907958984e+00) (7, 1.83267414569854736328e+00) (8, 3.14835131168365478516e-01) (9, 1.10799264907836914062e+00) (10, 6.83763623237609863281e-01) (11, 4.98233556747436523438e-01) (12, 9.62753236293792724609e-01) (13, -8.39423828125000000000e+01) (14, 1.09331381320953369141e+00) (15, 1.07236504554748535156e+00) (16, 3.35009634494781494141e-01) (17, 1.30220460891723632812e+00) (18, 9.98441696166992187500e-01) (19, 1.47505950927734375000e+00) (20, 1.58841824531555175781e+00) (21, 1.25908851623535156250e+00) (22, 5.84446132183074951172e-01) (23, 1.35969829559326171875e+00) (24, 7.83297181129455566406e-01) (25, 4.32813644409179687500e-01) (26, -1.39184379577636718750e+00) (27, 2.61743634939193725586e-01) (28, 5.80484926700592041016e-01) (29, 1.69083058834075927734e-01) (30, 1.18240304291248321533e-01) (31, 1.06820285320281982422e+00) (32, 1.73497760295867919922e+00) (33, 1.82141208648681640625e+00) (34, 2.01222157478332519531e+00) (35, -3.58794784545898437500e+01) (36, 2.07405829429626464844e+00) (37, 1.49805665016174316406e+00) (38, 1.91776061058044433594e+00) (39, 1.73920369148254394531e+00) (40, -2.15964736938476562500e+01) (41, -5.22218894958496093750e+01) (42, 9.08587574958801269531e-01) (43, -3.42908843994140625000e+02) (44, 4.10356402397155761719e-01) (45, 1.89782118797302246094e+00) (46, 3.31006103515625000000e+02) (47, 3.35796936035156250000e+02) (48, -9.52467632293701171875e+00) (49, 8.35740149021148681641e-01) (50, 8.92595410346984863281e-01) (51, 2.02196121215820312500e+00) (52, -1.87683477997779846191e-01) (53, 1.64796539306640625000e+02) (54, 3.22074246406555175781e+00) (55, -9.07083053588867187500e+01) (56, 1.09089398384094238281e+00) (57, 1.17588055133819580078e+00) (58, 8.48954260349273681641e-01) (59, 3.25181007385253906250e+00) (60, 1.05437934398651123047e+00) (61, -3.38429351806640625000e+02) (62, 7.14671134948730468750e-01) (63, 1.13047432899475097656e+00) (64, 2.21562910079956054688e+00) (65, 8.86789679527282714844e-01) (66, 1.32225313186645507812e+01) (67, 7.22599267959594726562e-01) (68, 7.50687956809997558594e-01) (69, 1.92331600189208984375e+00) (70, 3.01626037597656250000e+02) (71, 1.32627177238464355469e+00) (72, 1.63805353641510009766e+00) (73, 3.67029881477355957031e+00) (74, 1.65950047969818115234e+00) (75, 9.41561818122863769531e-01) (76, 1.78107947111129760742e-01) (77, 1.03116583824157714844e+00) (78, 1.19198453426361083984e+00) (79, 1.47339498996734619141e+00) (80, 8.12947690486907958984e-01) (81, -5.49693222045898437500e+01) (82, 1.55342757701873779297e+00) (83, 1.08962702751159667969e+00) (84, 1.22622156143188476562e+00) (85, 8.69240493774414062500e+01) (86, 2.22876620292663574219e+00) (87, 1.66482365131378173828e+00) (88, 4.82028656005859375000e+01) (89, 2.22048206329345703125e+01) (90, -7.86393890380859375000e+01) (91, 1.30170166015625000000e+02) (92, 1.00033378601074218750e+00) (93, 2.00555777549743652344e+00) (94, 1.42205750942230224609e+00) (95, 1.56725764274597167969e+00) (96, 1.90317463874816894531e+00) (97, 9.74043488502502441406e-01) (98, 1.29489994049072265625e+00) (99, 1.90527153015136718750e+00) (100, 1.96331381797790527344e+00) (101, 2.60467886924743652344e+00) (102, 1.18944935500621795654e-01) (103, 2.29783630371093750000e+00) (104, 3.33307623863220214844e-01) (105, 1.50912320613861083984e+00) (106, 1.48735153675079345703e+00) (107, 3.37302446365356445312e+00) (108, 1.43983995914459228516e+00) (109, 2.99962162971496582031e+00) (110, -2.00311207771301269531e+00) (111, 2.88714814186096191406e+00) (112, 3.42473340034484863281e+00) (113, -2.33754944801330566406e+00) (114, 9.37169194221496582031e-02) (115, 1.03962862491607666016e+00) (116, 1.43714034557342529297e+00) (117, -2.44925594329833984375e+00) (118, -2.76303887367248535156e+00) (119, 1.11302351951599121094e+00) (120, 1.90729451179504394531e+00) (121, 1.03749334812164306641e+00) (122, -2.02390193939208984375e+00) (123, 9.60642457008361816406e-01) (124, -2.74854922294616699219e+00) (125, 1.43858432769775390625e+00) (126, 3.91924548149108886719e+00) (127, 4.58223056793212890625e+00) (128, 3.89039725065231323242e-01) (129, 5.70596635341644287109e-01) (130, 3.40065866708755493164e-01) 
