FANN_FLO_2.1
num_layers=3
learning_rate=0.700000
connection_rate=1.000000
network_type=0
learning_momentum=0.000000
training_algorithm=2
train_error_function=1
train_stop_function=0
cascade_output_change_fraction=0.010000
quickprop_decay=-0.000100
quickprop_mu=1.750000
rprop_increase_factor=1.200000
rprop_decrease_factor=0.500000
rprop_delta_min=0.000000
rprop_delta_max=50.000000
rprop_delta_zero=0.100000
cascade_output_stagnation_epochs=12
cascade_candidate_change_fraction=0.010000
cascade_candidate_stagnation_epochs=12
cascade_max_out_epochs=150
cascade_max_cand_epochs=150
cascade_num_candidate_groups=2
bit_fail_limit=3.49999994039535522461e-01
cascade_candidate_limit=1.00000000000000000000e+03
cascade_weight_multiplier=4.00000005960464477539e-01
cascade_activation_functions_count=10
cascade_activation_functions=3 5 7 8 10 11 14 15 16 17 
cascade_activation_steepnesses_count=4
cascade_activation_steepnesses=2.50000000000000000000e-01 5.00000000000000000000e-01 7.50000000000000000000e-01 1.00000000000000000000e+00 
layer_sizes=105 26 2 
scale_included=0
neurons (num_inputs, activation_function, activation_steepness)=(0, 0, 0.00000000000000000000e+00) (0, 0, 0.00000000000000000000e+00) (0, 0, 0.00000000000000000000e+00) (0, 0, 0.00000000000000000000e+00) (0, 0, 0.00000000000000000000e+00) (0, 0, 0.00000000000000000000e+00) (0, 0, 0.00000000000000000000e+00) (0, 0, 0.00000000000000000000e+00) (0, 0, 0.00000000000000000000e+00) (0, 0, 0.00000000000000000000e+00) (0, 0, 0.00000000000000000000e+00) (0, 0, 0.00000000000000000000e+00) (0, 0, 0.00000000000000000000e+00) (0, 0, 0.00000000000000000000e+00) (0, 0, 0.00000000000000000000e+00) (0, 0, 0.00000000000000000000e+00) (0, 0, 0.00000000000000000000e+00) (0, 0, 0.00000000000000000000e+00) (0, 0, 0.00000000000000000000e+00) (0, 0, 0.00000000000000000000e+00) (0, 0, 0.00000000000000000000e+00) (0, 0, 0.00000000000000000000e+00) (0, 0, 0.00000000000000000000e+00) (0, 0, 0.00000000000000000000e+00) (0, 0, 0.00000000000000000000e+00) (0, 0, 0.00000000000000000000e+00) (0, 0, 0.00000000000000000000e+00) (0, 0, 0.00000000000000000000e+00) (0, 0, 0.00000000000000000000e+00) (0, 0, 0.00000000000000000000e+00) (0, 0, 0.00000000000000000000e+00) (0, 0, 0.00000000000000000000e+00) (0, 0, 0.00000000000000000000e+00) (0, 0, 0.00000000000000000000e+00) (0, 0, 0.00000000000000000000e+00) (0, 0, 0.00000000000000000000e+00) (0, 0, 0.00000000000000000000e+00) (0, 0, 0.00000000000000000000e+00) (0, 0, 0.00000000000000000000e+00) (0, 0, 0.00000000000000000000e+00) (0, 0, 0.00000000000000000000e+00) (0, 0, 0.00000000000000000000e+00) (0, 0, 0.00000000000000000000e+00) (0, 0, 0.00000000000000000000e+00) (0, 0, 0.00000000000000000000e+00) (0, 0, 0.00000000000000000000e+00) (0, 0, 0.00000000000000000000e+00) (0, 0, 0.00000000000000000000e+00) (0, 0, 0.00000000000000000000e+00) (0, 0, 0.00000000000000000000e+00) (0, 0, 0.00000000000000000000e+00) (0, 0, 0.00000000000000000000e+00) (0, 0, 0.00000000000000000000e+00) (0, 0, 0.00000000000000000000e+00) (0, 0, 0.00000000000000000000e+00) (0, 0, 0.00000000000000000000e+00) (0, 0, 0.00000000000000000000e+00) (0, 0, 0.00000000000000000000e+00) (0, 0, 0.00000000000000000000e+00) (0, 0, 0.00000000000000000000e+00) (0, 0, 0.00000000000000000000e+00) (0, 0, 0.00000000000000000000e+00) (0, 0, 0.00000000000000000000e+00) (0, 0, 0.00000000000000000000e+00) (0, 0, 0.00000000000000000000e+00) (0, 0, 0.00000000000000000000e+00) (0, 0, 0.00000000000000000000e+00) (0, 0, 0.00000000000000000000e+00) (0, 0, 0.00000000000000000000e+00) (0, 0, 0.00000000000000000000e+00) (0, 0, 0.00000000000000000000e+00) (0, 0, 0.00000000000000000000e+00) (0, 0, 0.00000000000000000000e+00) (0, 0, 0.00000000000000000000e+00) (0, 0, 0.00000000000000000000e+00) (0, 0, 0.00000000000000000000e+00) (0, 0, 0.00000000000000000000e+00) (0, 0, 0.00000000000000000000e+00) (0, 0, 0.00000000000000000000e+00) (0, 0, 0.00000000000000000000e+00) (0, 0, 0.00000000000000000000e+00) (0, 0, 0.00000000000000000000e+00) (0, 0, 0.00000000000000000000e+00) (0, 0, 0.00000000000000000000e+00) (0, 0, 0.00000000000000000000e+00) (0, 0, 0.00000000000000000000e+00) (0, 0, 0.00000000000000000000e+00) (0, 0, 0.00000000000000000000e+00) (0, 0, 0.00000000000000000000e+00) (0, 0, 0.00000000000000000000e+00) (0, 0, 0.00000000000000000000e+00) (0, 0, 0.00000000000000000000e+00) (0, 0, 0.00000000000000000000e+00) (0, 0, 0.00000000000000000000e+00) (0, 0, 0.00000000000000000000e+00) (0, 0, 0.00000000000000000000e+00) (0, 0, 0.00000000000000000000e+00) (0, 0, 0.00000000000000000000e+00) (0, 0, 0.00000000000000000000e+00) (0, 0, 0.00000000000000000000e+00) (0, 0, 0.00000000000000000000e+00) (0, 0, 0.00000000000000000000e+00) (0, 0, 0.00000000000000000000e+00) (0, 0, 0.00000000000000000000e+00) (0, 0, 0.00000000000000000000e+00) (105, 5, 5.00000000000000000000e-01) (105, 5, 5.00000000000000000000e-01) (105, 5, 5.00000000000000000000e-01) (105, 5, 5.00000000000000000000e-01) (105, 5, 5.00000000000000000000e-01) (105, 5, 5.00000000000000000000e-01) (105, 5, 5.00000000000000000000e-01) (105, 5, 5.00000000000000000000e-01) (105, 5, 5.00000000000000000000e-01) (105, 5, 5.00000000000000000000e-01) (105, 5, 5.00000000000000000000e-01) (105, 5, 5.00000000000000000000e-01) (105, 5, 5.00000000000000000000e-01) (105, 5, 5.00000000000000000000e-01) (105, 5, 5.00000000000000000000e-01) (105, 5, 5.00000000000000000000e-01) (105, 5, 5.00000000000000000000e-01) (105, 5, 5.00000000000000000000e-01) (105, 5, 5.00000000000000000000e-01) (105, 5, 5.00000000000000000000e-01) (105, 5, 5.00000000000000000000e-01) (105, 5, 5.00000000000000000000e-01) (105, 5, 5.00000000000000000000e-01) (105, 5, 5.00000000000000000000e-01) (105, 5, 5.00000000000000000000e-01) (0, 5, 0.00000000000000000000e+00) (26, 5, 5.00000000000000000000e-01) (0, 5, 0.00000000000000000000e+00) 
connections (connected_to_neuron, weight)=(0, -1.50000000000000000000e+03) (1, 1.40432381629943847656e+00) (2, 1.54730486869812011719e+00) (3, 2.09135007858276367188e+00) (4, 2.04001855850219726562e+00) (5, 3.86482582092285156250e+01) (6, 1.52955830097198486328e+00) (7, 1.23468077182769775391e+00) (8, 2.06127285957336425781e+00) (9, 1.19490692138671875000e+02) (10, 9.28434789180755615234e-01) (11, 4.54399585723876953125e+00) (12, 1.44599447250366210938e+01) (13, 9.27470564842224121094e-01) (14, 1.65375076293945312500e+02) (15, 3.56501269340515136719e+00) (16, 2.17107558250427246094e+00) (17, 3.05361652374267578125e+00) (18, 3.52514624595642089844e+00) (19, 1.23703706264495849609e+00) (20, -2.98981249332427978516e-01) (21, 1.94354379177093505859e+00) (22, 4.98895683288574218750e+01) (23, 7.65794515609741210938e-02) (24, 2.89888143539428710938e+00) (25, 4.26565504074096679688e+00) (26, 2.11281228065490722656e+00) (27, 1.82127797603607177734e+00) (28, 5.25782108306884765625e+00) (29, 2.43336224555969238281e+00) (30, 2.23561501502990722656e+00) (31, 2.98819351196289062500e+00) (32, 3.97394847869873046875e+00) (33, 4.79969501495361328125e+00) (34, 2.08693428039550781250e+01) (35, 1.72989654541015625000e+01) (36, 3.92017292976379394531e+00) (37, 3.77850365638732910156e+00) (38, 4.56934118270874023438e+00) (39, 2.09214282035827636719e+00) (40, 1.54304519653320312500e+02) (41, 6.63886964321136474609e-01) (42, 2.47808313369750976562e+00) (43, 2.42032456398010253906e+00) (44, 1.59004771709442138672e+00) (45, 1.02132070064544677734e+00) (46, -3.10831527709960937500e+01) (47, 2.92050695419311523438e+00) (48, 8.84607849121093750000e+01) (49, 3.65536475181579589844e+00) (50, 1.77879846096038818359e+00) (51, 1.97707557678222656250e+01) (52, 2.61000132560729980469e+00) (53, 3.26547336578369140625e+00) (54, 4.50127363204956054688e+00) (55, 3.32008590698242187500e+01) (56, 4.22233223915100097656e-01) (57, 3.50596237182617187500e+01) (58, 5.91897296905517578125e+00) (59, 1.17249847412109375000e+02) (60, 1.22559738159179687500e+00) (61, -2.38976039886474609375e+01) (62, 1.01218849182128906250e+02) (63, 1.22133505344390869141e+00) (64, -4.55695152282714843750e+00) (65, 1.61564397811889648438e+00) (66, 2.22667098999023437500e+02) (67, 2.74981784820556640625e+01) (68, 1.08522338867187500000e+02) (69, -8.88152408599853515625e+00) (70, 2.91470026969909667969e+00) (71, 3.34648108482360839844e+00) (72, 1.39790439605712890625e+00) (73, 3.16914310455322265625e+01) (74, -1.39955234527587890625e+00) (75, 5.41275787353515625000e+01) (76, -1.71592772006988525391e+00) (77, 7.10450112819671630859e-01) (78, 2.75074329376220703125e+01) (79, 1.85656875610351562500e+02) (80, 2.45285487174987792969e+00) (81, 2.19366035461425781250e+01) (82, 5.59402322769165039062e+00) (83, 8.44254150390625000000e+01) (84, 1.05407228469848632812e+01) (85, -9.49881649017333984375e+00) (86, 1.36789512634277343750e+00) (87, 9.25372004508972167969e-01) (88, 3.22105293273925781250e+01) (89, 5.07529067993164062500e+00) (90, 2.30126552581787109375e+01) (91, 2.04194850921630859375e+01) (92, 2.50230731964111328125e+01) (93, 1.09352674484252929688e+01) (94, 1.21111726760864257812e+00) (95, 3.84891738891601562500e+01) (96, 3.48967838287353515625e+00) (97, 8.60416507720947265625e+00) (98, 3.21848869323730468750e+01) (99, 3.88782958984375000000e+01) (100, 1.14717173576354980469e+00) (101, 7.39477081298828125000e+01) (102, -5.94406700134277343750e+00) (103, 9.92508316040039062500e+00) (104, -1.42097905278205871582e-01) (0, 2.64712905883789062500e+00) (1, -2.67521929740905761719e+00) (2, -5.85296094417572021484e-01) (3, -7.33640074729919433594e-01) (4, 2.35016286373138427734e-01) (5, -1.16691756248474121094e+00) (6, -2.61875122785568237305e-01) (7, 7.57308959960937500000e-01) (8, 1.47985562682151794434e-01) (9, 3.34450006484985351562e-01) (10, -9.78131443262100219727e-02) (11, 1.05513727664947509766e+00) (12, -4.73673611879348754883e-01) (13, -4.64087039232254028320e-01) (14, 2.78552323579788208008e-01) (15, -2.08534643054008483887e-01) (16, 4.08834129571914672852e-01) (17, -3.95594537258148193359e-02) (18, 4.21612769365310668945e-01) (19, -1.59709826111793518066e-02) (20, -1.35306107997894287109e+00) (21, -4.15786385536193847656e-01) (22, -4.30452153086662292480e-02) (23, -7.78176188468933105469e-01) (24, -1.73371505737304687500e+00) (25, -3.51141989231109619141e-01) (26, 3.07422667741775512695e-01) (27, 2.87988454103469848633e-01) (28, -3.67562979459762573242e-01) (29, -2.54703640937805175781e-01) (30, 3.32675755023956298828e-01) (31, 2.36635684967041015625e-01) (32, -3.21494340896606445312e-01) (33, 5.27395009994506835938e-02) (34, 1.83863914012908935547e+00) (35, -6.99531674385070800781e-01) (36, -7.10484147071838378906e-01) (37, 7.69676864147186279297e-01) (38, 1.84319019317626953125e-01) (39, -5.63400030136108398438e-01) (40, 7.42154240608215332031e-01) (41, 2.17661809921264648438e+00) (42, 1.43875494599342346191e-01) (43, 1.99796319007873535156e+00) (44, -3.20882081985473632812e-01) (45, -7.10820078849792480469e-01) (46, 3.88725519180297851562e-01) (47, -1.27658355236053466797e+00) (48, 1.15275049209594726562e+00) (49, -2.00249224901199340820e-01) (50, -5.84891557693481445312e-01) (51, 1.08537590503692626953e+00) (52, 6.19510293006896972656e-01) (53, 4.65219289064407348633e-01) (54, 1.35428261756896972656e+00) (55, -2.40640807151794433594e+00) (56, -1.29302740097045898438e-01) (57, -1.24246025085449218750e+00) (58, 3.96174609661102294922e-01) (59, 6.02311551570892333984e-01) (60, -2.51336783170700073242e-01) (61, 1.28867477178573608398e-01) (62, 7.93153047561645507812e-01) (63, -4.90026116371154785156e-01) (64, -6.19607210159301757812e-01) (65, -2.86014109849929809570e-01) (66, -7.59169533848762512207e-02) (67, 1.05921483039855957031e+00) (68, -4.08108755946159362793e-02) (69, 1.04918086528778076172e+00) (70, 1.31942725181579589844e+00) (71, -7.92713463306427001953e-03) (72, 4.25143808126449584961e-01) (73, -4.89425063133239746094e-01) (74, -3.28242957592010498047e-01) (75, 5.06907165050506591797e-01) (76, -2.91212856769561767578e-01) (77, -2.84937113523483276367e-01) (78, 3.96974325180053710938e+00) (79, -1.19984102249145507812e+00) (80, 2.35227417945861816406e+00) (81, -4.16247785091400146484e-01) (82, 2.78679460287094116211e-01) (83, 1.55077683925628662109e+00) (84, -4.38635945320129394531e-01) (85, 3.14777523279190063477e-01) (86, -3.14195871353149414062e-01) (87, -5.24639114737510681152e-02) (88, -1.24075460433959960938e+00) (89, -3.09157180786132812500e+00) (90, -1.10976827144622802734e+00) (91, -2.97236353158950805664e-01) (92, 7.72025883197784423828e-01) (93, 1.03159773349761962891e+00) (94, -3.12490314245223999023e-01) (95, 9.09134075045585632324e-02) (96, -3.32490876317024230957e-02) (97, -7.28762149810791015625e-01) (98, 1.01583018898963928223e-01) (99, 9.18809533119201660156e-01) (100, -7.31747150421142578125e-01) (101, 3.67009544372558593750e+00) (102, 1.46356570720672607422e+00) (103, 9.97343838214874267578e-01) (104, 2.18729972839355468750e+00) (0, -6.74477233886718750000e+02) (1, 2.78492546081542968750e+01) (2, 2.48024463653564453125e+00) (3, 2.37792778015136718750e+00) (4, 3.45288705825805664062e+00) (5, 4.02235527038574218750e+01) (6, 1.44928527832031250000e+02) (7, 3.29653978347778320312e+00) (8, -1.70120067596435546875e+01) (9, 6.06006479263305664062e+00) (10, -2.87906312942504882812e+00) (11, 2.62036590576171875000e+01) (12, 4.36691522598266601562e+00) (13, 2.56638020277023315430e-01) (14, 4.49895019531250000000e+01) (15, 5.08090400695800781250e+01) (16, 1.19469041824340820312e+01) (17, 2.23733940124511718750e+01) (18, 4.78152809143066406250e+01) (19, 4.87521362304687500000e+00) (20, 1.45641601562500000000e+02) (21, 6.81194829940795898438e+00) (22, 3.95353851318359375000e+01) (23, 1.64167041778564453125e+01) (24, -2.35860794782638549805e-01) (25, -1.47780303955078125000e+01) (26, 8.01966190338134765625e+00) (27, -3.01646262407302856445e-01) (28, 5.21352624893188476562e+00) (29, 4.25766181945800781250e+00) (30, 4.76461023092269897461e-01) (31, 2.16739058494567871094e+00) (32, 2.43189668655395507812e+00) (33, 9.77642154693603515625e+00) (34, -9.14657592773437500000e+00) (35, 2.63675689697265625000e+00) (36, 5.43703842163085937500e+00) (37, 8.30773353576660156250e+00) (38, 3.87031579017639160156e+00) (39, -1.02739498019218444824e-01) (40, 1.46806526184082031250e+00) (41, 7.37104654312133789062e-01) (42, 1.28376948833465576172e+00) (43, -2.72669458389282226562e+00) (44, -1.01591386795043945312e+01) (45, -2.52535057067871093750e+01) (46, -5.18572578430175781250e+01) (47, 7.22649154663085937500e+01) (48, 3.28798508644104003906e+00) (49, -4.82443904876708984375e+00) (50, 1.24167881011962890625e+01) (51, 4.09036483764648437500e+01) (52, 5.40205612182617187500e+01) (53, 1.33768663406372070312e+01) (54, 9.72358322143554687500e+00) (55, 4.09542369842529296875e+00) (56, 2.26547360420227050781e+00) (57, 7.51875877380371093750e-01) (58, -2.09820008277893066406e+00) (59, 1.13189840316772460938e+01) (60, -1.09237694740295410156e+00) (61, 3.40981245040893554688e+00) (62, 1.11925306320190429688e+01) (63, 2.64406943321228027344e+00) (64, 1.80204486846923828125e+01) (65, 2.46220111846923828125e+00) (66, 3.35163154602050781250e+01) (67, 5.08346405029296875000e+01) (68, 8.17730941772460937500e+01) (69, 9.88284528255462646484e-01) (70, 1.85863208770751953125e+01) (71, 2.92235527038574218750e+01) (72, 2.29992341995239257812e+00) (73, 2.61769218444824218750e+01) (74, 6.07729434967041015625e-01) (75, 4.78628921508789062500e+00) (76, 3.84076023101806640625e+00) (77, -5.31953632831573486328e-01) (78, 9.47246360778808593750e+00) (79, 4.21115350723266601562e+00) (80, 2.14418339729309082031e+00) (81, 2.05874109268188476562e+00) (82, 4.38262844085693359375e+00) (83, 5.66388368606567382812e+00) (84, 6.48856222629547119141e-01) (85, 2.81674456596374511719e+00) (86, 2.42185974121093750000e+00) (87, 2.90479993820190429688e+00) (88, -1.08241462707519531250e+00) (89, 2.53676605224609375000e+00) (90, 1.92378389835357666016e+00) (91, 3.68873298168182373047e-01) (92, 9.11428260803222656250e+00) (93, 3.66643309593200683594e+00) (94, 2.50463652610778808594e+00) (95, 2.93062639236450195312e+00) (96, 4.71492290496826171875e+00) (97, 4.40254640579223632812e+00) (98, 2.59738898277282714844e+00) (99, 3.30884146690368652344e+00) (100, 2.15331625938415527344e+00) (101, 4.07409143447875976562e+00) (102, -7.95570602416992187500e+01) (103, 1.16707824707031250000e+02) (104, -1.22513234615325927734e+00) (0, 1.50000000000000000000e+03) (1, 2.91491088867187500000e+01) (2, 4.04657077789306640625e+00) (3, 1.57694559097290039062e+01) (4, 1.56042039394378662109e+00) (5, -2.43993663787841796875e+01) (6, 7.34800815582275390625e-01) (7, -9.27975311279296875000e+01) (8, 2.42744857788085937500e+02) (9, -1.77920646667480468750e+01) (10, 1.06187558174133300781e+00) (11, 2.97470629215240478516e-01) (12, -3.03007102012634277344e+00) (13, 7.76623785495758056641e-01) (14, -1.67771363258361816406e+00) (15, 1.52861729264259338379e-01) (16, 1.85107484459877014160e-01) (17, -8.91037359833717346191e-02) (18, -3.47200095653533935547e-01) (19, 5.57300090789794921875e-01) (20, 5.65251767635345458984e-01) (21, -4.38664048910140991211e-01) (22, -4.05921697616577148438e-01) (23, 3.69309663772583007812e+00) (24, -4.05148649215698242188e+00) (25, -8.81694564819335937500e+01) (26, 3.95071923732757568359e-01) (27, 5.30009686946868896484e-01) (28, 8.51179361343383789062e-02) (29, 1.05266660451889038086e-01) (30, 7.01594725251197814941e-02) (31, 1.76665946841239929199e-01) (32, -3.28097701072692871094e-01) (33, -2.11360514163970947266e-01) (34, 1.10462211608886718750e+02) (35, -1.97677776217460632324e-01) (36, 5.93378543853759765625e-01) (37, 1.15120363235473632812e+00) (38, 7.95053839683532714844e-01) (39, 1.15505158901214599609e+00) (40, -3.30649942159652709961e-01) (41, 8.69012713432312011719e-01) (42, 4.72824841737747192383e-01) (43, -4.02358591556549072266e-01) (44, 1.70703366398811340332e-01) (45, 6.32905662059783935547e-01) (46, 2.76003956794738769531e+00) (47, 1.27425060272216796875e+01) (48, -3.35202667236328125000e+02) (49, 7.24568963050842285156e-01) (50, 2.95975655317306518555e-01) (51, -2.52715677022933959961e-01) (52, 1.66089758276939392090e-01) (53, -7.67607167363166809082e-02) (54, -5.05798995494842529297e-01) (55, 1.93184840679168701172e+00) (56, 1.56177616119384765625e+00) (57, 1.27165281772613525391e+00) (58, 1.48587739467620849609e+00) (59, 5.70027589797973632812e-01) (60, 1.75738966464996337891e+00) (61, 2.16372698545455932617e-01) (62, -2.45958432555198669434e-01) (63, 1.75118124485015869141e+00) (64, 1.40984010696411132812e+00) (65, 1.57357788085937500000e+00) (66, 4.57988172769546508789e-01) (67, 1.04463048279285430908e-01) (68, 7.62255787849426269531e-02) (69, 4.44936790466308593750e+01) (70, 7.70160928368568420410e-02) (71, 6.16169989109039306641e-01) (72, 1.50271880626678466797e+00) (73, -2.85087585449218750000e+02) (74, 1.02103221416473388672e+00) (75, -3.18470317870378494263e-03) (76, 4.04286950826644897461e-01) (77, 1.75977027416229248047e+00) (78, 7.26623535156250000000e-01) (79, 6.55961513519287109375e-01) (80, 2.07143759727478027344e+00) (81, 7.66627025604248046875e+00) (82, 1.18696999549865722656e+00) (83, 1.60987734794616699219e+00) (84, 4.65520524978637695312e+00) (85, 1.96629142761230468750e+00) (86, 2.02305555343627929688e+00) (87, 1.24132513999938964844e+00) (88, 1.50000000000000000000e+03) (89, 1.87458286285400390625e+01) (90, 1.30011587142944335938e+01) (91, 1.28125972747802734375e+01) (92, 5.47913789749145507812e-01) (93, 1.66314172744750976562e+00) (94, 1.85738682746887207031e+00) (95, 1.06886482238769531250e+00) (96, 1.02438211441040039062e+00) (97, 1.01361787319183349609e+00) (98, 3.24144220352172851562e+00) (99, 1.36653470993041992188e+00) (100, 2.35148835182189941406e+00) (101, 1.00508749485015869141e+00) (102, 3.04156372070312500000e+02) (103, 3.00593490600585937500e+01) (104, 3.25955212116241455078e-01) (0, 1.37968301773071289062e+00) (1, 2.27621936798095703125e+00) (2, 6.71135425567626953125e-01) (3, 2.04903149604797363281e+00) (4, 2.59625911712646484375e-01) (5, -4.18679893016815185547e-01) (6, 3.89721840620040893555e-02) (7, -6.26431763172149658203e-01) (8, -1.25033020973205566406e+00) (9, 2.69034683704376220703e-01) (10, -1.41588711738586425781e+00) (11, 1.08586108684539794922e+00) (12, -5.74251674115657806396e-02) (13, 8.66919636726379394531e-01) (14, 1.93145596981048583984e+00) (15, 1.55325508117675781250e+00) (16, 3.06422710418701171875e+00) (17, 3.90290141105651855469e-01) (18, 2.24051880836486816406e+00) (19, 2.37081384658813476562e+00) (20, 4.73230266571044921875e+00) (21, 4.45468616485595703125e+00) (22, 9.28627431392669677734e-01) (23, -2.32443451881408691406e+00) (24, 5.13279294967651367188e+00) (25, -2.63107728958129882812e+00) (26, -3.30825895071029663086e-01) (27, -1.13794493675231933594e+00) (28, -3.14921110868453979492e-01) (29, -1.39450919628143310547e+00) (30, -1.35418629646301269531e+00) (31, -5.50552189350128173828e-01) (32, -3.18785357475280761719e+00) (33, -2.21853208541870117188e+00) (34, -6.57787084579467773438e-01) (35, -5.88385105133056640625e-01) (36, -1.64089962840080261230e-01) (37, -1.16199898719787597656e+00) (38, 6.50309994816780090332e-02) (39, -1.27467525005340576172e+00) (40, 1.86853873729705810547e+00) (41, -3.10516905784606933594e+00) (42, 1.59270524978637695312e-01) (43, -8.99373710155487060547e-01) (44, 1.61728143692016601562e+00) (45, 1.67449629306793212891e+00) (46, -3.22228479385375976562e+00) (47, 1.31354451179504394531e+00) (48, 1.78191947937011718750e+00) (49, -1.34059655666351318359e+00) (50, -7.45426356792449951172e-01) (51, 9.34133172035217285156e-01) (52, -1.21293544769287109375e+00) (53, -2.53522872924804687500e+00) (54, 6.71836555004119873047e-01) (55, -2.54914712905883789062e+00) (56, 5.23672044277191162109e-01) (57, 5.15342807769775390625e+00) (58, 1.16664016246795654297e+00) (59, -1.10875606536865234375e+00) (60, -3.22808146476745605469e-01) (61, 2.20666074752807617188e+00) (62, 9.32486057281494140625e-01) (63, -4.72193241119384765625e-01) (64, 8.43853473663330078125e-01) (65, 8.07506442070007324219e-01) (66, -2.84747791290283203125e+00) (67, -7.08792507648468017578e-01) (68, -1.12724173069000244141e+00) (69, -4.91781085729598999023e-02) (70, 1.28571093082427978516e+00) (71, 5.34708082675933837891e-01) (72, -1.16053235530853271484e+00) (73, -6.39474928379058837891e-01) (74, 8.25918197631835937500e-01) (75, -1.30363023281097412109e+00) (76, -2.88529825210571289062e+00) (77, -5.29437959194183349609e-01) (78, -2.46461939811706542969e+00) (79, -1.31146121025085449219e+00) (80, -8.58384430408477783203e-01) (81, 5.08734405040740966797e-01) (82, -1.31170988082885742188e-01) (83, -7.87354767322540283203e-01) (84, -2.28574752807617187500e+00) (85, -2.08004087209701538086e-01) (86, 5.99602460861206054688e-01) (87, 1.71376204490661621094e+00) (88, -1.33756065368652343750e+00) (89, 9.37760174274444580078e-02) (90, 6.22256100177764892578e-01) (91, -1.50836622714996337891e+00) (92, 1.28645882010459899902e-01) (93, -5.01089632511138916016e-01) (94, 2.34407931566238403320e-03) (95, 4.58310842514038085938e-01) (96, 6.14809930324554443359e-01) (97, 1.88789218664169311523e-01) (98, -8.07235300540924072266e-01) (99, -2.23031640052795410156e+00) (100, 5.06562031805515289307e-02) (101, -1.19761848449707031250e+00) (102, -1.54880011081695556641e+00) (103, 3.45466780662536621094e+00) (104, 1.73189115524291992188e+00) (0, -1.82882568359375000000e+02) (1, 3.05139064788818359375e+00) (2, 2.44501352310180664062e+00) (3, 3.24847245216369628906e+00) (4, 2.70522785186767578125e+00) (5, 1.13154916763305664062e+01) (6, 2.88322734832763671875e+00) (7, 1.24533677101135253906e+00) (8, -1.38253772258758544922e+00) (9, 4.76919412612915039062e+00) (10, 7.07898080348968505859e-01) (11, 3.83006739616394042969e+00) (12, 3.31898641586303710938e+00) (13, 1.68430650234222412109e+00) (14, 4.48855304718017578125e+00) (15, 2.94264268875122070312e+00) (16, 1.15432894229888916016e+00) (17, 2.82610416412353515625e+00) (18, 5.34903168678283691406e-01) (19, 1.92767512798309326172e+00) (20, -1.73159912228584289551e-01) (21, 3.07305221557617187500e+01) (22, 2.44641399383544921875e+00) (23, 1.42708148956298828125e+01) (24, 4.97125768661499023438e+00) (25, -1.68467366695404052734e+00) (26, 1.08698058128356933594e+00) (27, 1.93293109536170959473e-01) (28, 8.23815405368804931641e-01) (29, 1.19315683841705322266e+00) (30, -2.70483583211898803711e-01) (31, 9.84184980392456054688e-01) (32, 1.06373822689056396484e+00) (33, 1.42411756515502929688e+00) (34, -1.57169742584228515625e+01) (35, 1.76291942596435546875e+00) (36, 4.58764123916625976562e+00) (37, 1.78872013092041015625e+00) (38, 2.04432272911071777344e+00) (39, 1.70998442173004150391e+00) (40, 4.03837776184082031250e+00) (41, 4.49821710586547851562e+00) (42, 2.55189037322998046875e+00) (43, 2.46463203430175781250e+00) (44, 2.28784966468811035156e+00) (45, -5.02428770065307617188e-01) (46, 1.26476573944091796875e+00) (47, 3.00778217315673828125e+01) (48, 5.11695623397827148438e+00) (49, 2.47875571250915527344e+00) (50, 2.52710437774658203125e+00) (51, 1.50937957763671875000e+01) (52, 1.52452945709228515625e+00) (53, 5.05708932876586914062e-01) (54, 9.40287971496582031250e+00) (55, -2.51412200927734375000e+00) (56, 4.40352249145507812500e+00) (57, 4.27201032638549804688e+00) (58, 7.91415739059448242188e+00) (59, 2.20479321479797363281e+00) (60, 2.84703779220581054688e+00) (61, -3.49687838554382324219e+00) (62, 1.49213876724243164062e+01) (63, 2.48053622245788574219e+00) (64, 9.13506221771240234375e+00) (65, 2.47266101837158203125e+00) (66, 1.71541023254394531250e+00) (67, -5.11003065109252929688e+00) (68, 1.81047546863555908203e+00) (69, -2.96297693252563476562e+00) (70, 8.94760704040527343750e+00) (71, 4.28420305252075195312e+00) (72, 1.84100985527038574219e+00) (73, 1.06339044570922851562e+01) (74, 9.55437421798706054688e-01) (75, -1.17674789428710937500e+01) (76, 1.24485597610473632812e+01) (77, 3.42390447854995727539e-01) (78, 5.62294149398803710938e+00) (79, -8.79047012329101562500e+00) (80, 7.99705386161804199219e-01) (81, 6.66225910186767578125e+00) (82, 1.32375979423522949219e+00) (83, -5.38809633255004882812e+00) (84, 2.47431540489196777344e+00) (85, 2.41117858886718750000e+00) (86, 2.51090908050537109375e+00) (87, 3.74462795257568359375e+00) (88, 1.30081379413604736328e+00) (89, -2.85705570131540298462e-02) (90, 4.19820785522460937500e+00) (91, 1.44798457622528076172e-01) (92, 1.12688772380352020264e-01) (93, 7.93961334228515625000e+00) (94, 2.70058369636535644531e+00) (95, 4.23318004608154296875e+00) (96, 4.13451576232910156250e+00) (97, 5.95590448379516601562e+00) (98, 8.46034139394760131836e-02) (99, 1.76404154300689697266e+00) (100, 2.44958829879760742188e+00) (101, 9.18608188629150390625e+00) (102, -3.94126205444335937500e+01) (103, 6.27412948608398437500e+01) (104, -1.40016865730285644531e+00) (0, 1.91852645874023437500e+01) (1, 4.77662229537963867188e+00) (2, 4.19377183914184570312e+00) (3, -3.19938039779663085938e+00) (4, -1.86747837066650390625e+00) (5, -1.21747732162475585938e+01) (6, -2.37577891349792480469e+00) (7, -4.45804148912429809570e-01) (8, 1.48312454223632812500e+01) (9, 1.21665906906127929688e+00) (10, 4.86309337615966796875e+00) (11, -7.95713520050048828125e+00) (12, 2.65683078765869140625e+00) (13, -3.30199098587036132812e+00) (14, 2.06697010993957519531e+00) (15, 2.27336382865905761719e+00) (16, -1.24422848224639892578e+00) (17, 1.10771846771240234375e+00) (18, 1.19213916361331939697e-01) (19, -7.40177929401397705078e-01) (20, -6.55096769332885742188e+00) (21, 6.28106975555419921875e+00) (22, -1.49756908416748046875e+00) (23, -1.48469078540802001953e+00) (24, 4.37340641021728515625e+00) (25, -1.34518265724182128906e-01) (26, 1.61081278324127197266e+00) (27, 2.38057279586791992188e+00) (28, 1.87243247032165527344e+00) (29, 4.13373851776123046875e+00) (30, 2.10586977005004882812e+00) (31, -8.66998732089996337891e-01) (32, -3.08620750904083251953e-01) (33, 1.56127345561981201172e+00) (34, -1.35921096801757812500e+01) (35, 1.73447084426879882812e+00) (36, 2.09650486707687377930e-01) (37, 1.75813913345336914062e+00) (38, -6.50885522365570068359e-01) (39, -5.19935011863708496094e-01) (40, 4.35794687271118164062e+00) (41, 2.96908497810363769531e+00) (42, -3.48991656303405761719e+00) (43, 1.19391396641731262207e-01) (44, 5.48345744609832763672e-01) (45, -8.79547774791717529297e-01) (46, -1.09316129684448242188e+01) (47, 2.47655212879180908203e-02) (48, 2.39694595336914062500e+00) (49, 1.57875406742095947266e+00) (50, -4.72982376813888549805e-01) (51, 1.74414038658142089844e+00) (52, 3.83205533027648925781e-01) (53, -1.91809296607971191406e+00) (54, 2.93879938125610351562e+00) (55, 4.85960435867309570312e+00) (56, 4.38072055578231811523e-01) (57, 2.22532224655151367188e+00) (58, -1.97707760334014892578e+00) (59, 1.67086637020111083984e+00) (60, 2.19347149133682250977e-01) (61, 8.48452186584472656250e+00) (62, 1.27285528182983398438e+00) (63, -3.71492266654968261719e-01) (64, -5.42219352722167968750e+00) (65, 1.57769834995269775391e+00) (66, 8.46641349792480468750e+00) (67, -5.34518718719482421875e-01) (68, 3.05583596229553222656e+00) (69, -5.33196258544921875000e+00) (70, -1.08026050031185150146e-01) (71, 2.24609518051147460938e+00) (72, -1.03037524223327636719e+00) (73, 6.24560527503490447998e-02) (74, -2.25210285186767578125e+00) (75, -7.69079506397247314453e-01) (76, 1.08835601806640625000e+00) (77, -9.37752664089202880859e-01) (78, 4.91659927368164062500e+00) (79, 1.38230717182159423828e+00) (80, -2.58301687240600585938e+00) (81, -2.17095685005187988281e+00) (82, 1.98485720157623291016e+00) (83, 3.49065375328063964844e+00) (84, -5.83451688289642333984e-01) (85, -1.00437963008880615234e+00) (86, -7.05864071846008300781e-01) (87, -2.72403120994567871094e-01) (88, 4.63487911224365234375e+00) (89, -5.30078029632568359375e+00) (90, -8.17989170551300048828e-01) (91, -8.90693283081054687500e+00) (92, 2.04944181442260742188e+00) (93, -1.07504451274871826172e+00) (94, -3.02210181951522827148e-01) (95, -1.14267539978027343750e+00) (96, 1.37971210479736328125e+00) (97, 1.75866615772247314453e+00) (98, -1.09204683303833007812e+01) (99, 1.38772475719451904297e+00) (100, -8.26400339603424072266e-01) (101, 2.22908422350883483887e-01) (102, -5.75808620452880859375e+00) (103, 9.78232669830322265625e+00) (104, 2.07590532302856445312e+00) (0, -4.26740694046020507812e+00) (1, 2.13937950134277343750e+00) (2, 2.40965485572814941406e-01) (3, 5.36027252674102783203e-01) (4, -2.32670992612838745117e-01) (5, -7.67664372920989990234e-01) (6, 3.11209291219711303711e-01) (7, 1.53539407253265380859e+00) (8, -6.99072885513305664062e+00) (9, 3.38523685932159423828e-01) (10, 1.64912104606628417969e+00) (11, -4.42730188369750976562e+00) (12, -3.27894902229309082031e+00) (13, 1.65918517112731933594e+00) (14, 8.56745839118957519531e-01) (15, 6.27137303352355957031e-01) (16, -1.80786561965942382812e+00) (17, 9.45792078971862792969e-01) (18, 5.84936141967773437500e+00) (19, 1.98682963848114013672e+00) (20, 1.12732303142547607422e+00) (21, 7.11876821517944335938e+00) (22, -2.90094828605651855469e+00) (23, -1.07493686676025390625e+00) (24, -1.15029227733612060547e+00) (25, 1.83630645275115966797e+00) (26, -7.92496538162231445312e+00) (27, 6.13677740097045898438e+00) (28, -2.71939247846603393555e-01) (29, -3.33800101280212402344e+00) (30, 2.31487965583801269531e+00) (31, -8.58310401439666748047e-01) (32, -6.51777088642120361328e-02) (33, 1.94111037254333496094e+00) (34, -4.08414697647094726562e+00) (35, 4.87050580978393554688e+00) (36, 1.65253353118896484375e+00) (37, -3.36934828758239746094e+00) (38, -5.28396654129028320312e+00) (39, -4.35600423812866210938e+00) (40, -2.61372208595275878906e-01) (41, 5.30180096626281738281e-01) (42, 3.83460313081741333008e-01) (43, 9.38851535320281982422e-01) (44, -7.98692584037780761719e-01) (45, -1.06241762638092041016e+00) (46, -3.67108273506164550781e+00) (47, 1.67324388027191162109e+00) (48, 4.39269447326660156250e+00) (49, 1.04133009910583496094e+00) (50, -6.05401515960693359375e+00) (51, -6.74553990364074707031e-01) (52, -1.90368473529815673828e+00) (53, 1.29104912281036376953e+00) (54, -2.27771091461181640625e+00) (55, -4.74482250213623046875e+00) (56, -1.02361607551574707031e+00) (57, 8.76863896846771240234e-01) (58, -8.46825182437896728516e-01) (59, -7.70433306694030761719e-01) (60, -2.17239111661911010742e-01) (61, 5.94799518585205078125e-01) (62, 2.29996824264526367188e+00) (63, -1.47338593006134033203e+00) (64, -6.30181550979614257812e-01) (65, -1.12720005214214324951e-01) (66, 9.89868342876434326172e-01) (67, 8.92148399353027343750e+00) (68, 1.90159749984741210938e+00) (69, -1.10721123218536376953e+00) (70, -1.61983704566955566406e+00) (71, -8.93871068954467773438e-01) (72, -9.89378571510314941406e-01) (73, 2.07594060897827148438e+00) (74, 2.11346912384033203125e+00) (75, 4.22710609436035156250e+00) (76, 2.22776198387145996094e+00) (77, 2.62078732252120971680e-01) (78, 4.20792937278747558594e-01) (79, 2.32949852943420410156e+00) (80, -1.89449393749237060547e+00) (81, -9.17762756347656250000e-01) (82, 1.02235746383666992188e+00) (83, -3.01773041486740112305e-01) (84, 8.98332774639129638672e-01) (85, 7.30615928769111633301e-02) (86, -1.49092519283294677734e+00) (87, 7.27666020393371582031e-01) (88, -1.12703144550323486328e-01) (89, -5.70012748241424560547e-01) (90, -6.98653340339660644531e-01) (91, 2.59867627173662185669e-02) (92, 5.75307250022888183594e-01) (93, 3.66931408643722534180e-01) (94, -8.09809267520904541016e-01) (95, -4.07705008983612060547e-01) (96, -2.51629412174224853516e-01) (97, -1.11391830444335937500e+00) (98, -1.20807838439941406250e+00) (99, -2.12133809924125671387e-01) (100, -4.28233206272125244141e-01) (101, -4.63643699884414672852e-01) (102, -1.21782350540161132812e+00) (103, 3.38257074356079101562e+00) (104, 2.32123994827270507812e+00) (0, -4.59131652832031250000e+02) (1, -2.93036079406738281250e+00) (2, -1.62465369701385498047e+00) (3, -1.19178879261016845703e+00) (4, -1.60615611076354980469e+00) (5, -2.77716845273971557617e-01) (6, -1.12555193901062011719e+00) (7, -9.25198078155517578125e-01) (8, -4.63334465026855468750e+01) (9, -1.74601629376411437988e-01) (10, -2.09690308570861816406e+00) (11, -4.24837589263916015625e-01) (12, -5.81130564212799072266e-01) (13, -7.97563910484313964844e-01) (14, 8.49486291408538818359e-01) (15, -6.47043645381927490234e-01) (16, -4.58598524332046508789e-01) (17, -4.71884191036224365234e-01) (18, 1.69391125440597534180e-01) (19, -9.43775892257690429688e-01) (20, -1.62367582321166992188e+00) (21, 7.19455242156982421875e+00) (22, 4.37815070152282714844e-01) (23, -3.06662893295288085938e+00) (24, 1.49360978603363037109e+00) (25, 1.16653513908386230469e+00) (26, -6.66459202766418457031e-01) (27, -9.87932562828063964844e-01) (28, 3.74474972486495971680e-01) (29, -2.25133970379829406738e-01) (30, 2.78362333774566650391e-01) (31, 3.66118997335433959961e-01) (32, -6.33375644683837890625e-02) (33, 1.54284954071044921875e-01) (34, -2.91916778564453125000e+02) (35, 8.65441560745239257812e-02) (36, -6.55613839626312255859e-01) (37, -1.10461437702178955078e+00) (38, -9.65205788612365722656e-01) (39, -1.33008289337158203125e+00) (40, 1.08491085469722747803e-01) (41, -1.43432927131652832031e+00) (42, -8.42607676982879638672e-01) (43, 4.44805651903152465820e-01) (44, -7.32020735740661621094e-02) (45, -5.17961025238037109375e-01) (46, -3.49806928634643554688e+00) (47, 6.20805146172642707825e-03) (48, 1.34504640102386474609e+00) (49, -9.50981080532073974609e-01) (50, -4.21767979860305786133e-01) (51, -5.66839694976806640625e-01) (52, -2.43354380130767822266e-01) (53, 3.63926231861114501953e-01) (54, -9.52896028757095336914e-02) (55, -3.27557945251464843750e+00) (56, -1.61160492897033691406e+00) (57, -1.14137816429138183594e+00) (58, -1.43786311149597167969e+00) (59, -7.96225190162658691406e-01) (60, -1.66658544540405273438e+00) (61, -6.44125699996948242188e-01) (62, -2.08870425820350646973e-01) (63, -1.87244856357574462891e+00) (64, -1.42325019836425781250e+00) (65, -1.44343519210815429688e+00) (66, -3.76535445451736450195e-01) (67, -3.37104737758636474609e-01) (68, -5.36588191986083984375e-01) (69, -1.97243463993072509766e+00) (70, -2.63099610805511474609e-01) (71, -8.76382112503051757812e-01) (72, -2.18097019195556640625e+00) (73, -2.36917471885681152344e+00) (74, -1.25472569465637207031e+00) (75, -2.64121800661087036133e-01) (76, -7.45874643325805664062e-01) (77, -1.88759899139404296875e+00) (78, -1.02880811691284179688e+00) (79, -1.01138031482696533203e+00) (80, -1.58762311935424804688e+00) (81, -2.05960798263549804688e+00) (82, -1.29803884029388427734e+00) (83, -1.79337906837463378906e+00) (84, -1.18472123146057128906e+00) (85, -1.39411449432373046875e+00) (86, -2.20845961570739746094e+00) (87, -1.17705392837524414062e+00) (88, -7.15591907501220703125e+00) (89, -5.76853466033935546875e+00) (90, -2.00988464355468750000e+01) (91, -4.93176269531250000000e+00) (92, -7.46494054794311523438e-01) (93, -1.10837459564208984375e+00) (94, -1.63775861263275146484e+00) (95, -1.14131903648376464844e+00) (96, -9.67773139476776123047e-01) (97, -1.11969017982482910156e+00) (98, -1.91087579727172851562e+00) (99, -1.28456306457519531250e+00) (100, -9.88307762145996093750e+00) (101, -9.86327230930328369141e-01) (102, 4.30676269531250000000e+00) (103, -9.96267318725585937500e-01) (104, 3.23353981971740722656e+00) (0, 1.50000000000000000000e+03) (1, -8.95535564422607421875e+00) (2, 4.64986324310302734375e+00) (3, 2.66634807586669921875e+01) (4, 3.80196166038513183594e+00) (5, -4.11132240295410156250e+01) (6, 1.95475471019744873047e+00) (7, -1.49282727050781250000e+03) (8, 5.16461120605468750000e+02) (9, -3.24610257148742675781e+00) (10, 7.22288665771484375000e+01) (11, 3.23876649141311645508e-01) (12, -1.18886894226074218750e+02) (13, -1.49859130859375000000e+03) (14, -4.45735473632812500000e+01) (15, 2.41887196898460388184e-01) (16, -2.56072139739990234375e+01) (17, -5.35427033901214599609e-01) (18, -3.43193511962890625000e+02) (19, 1.52889370918273925781e+00) (20, 6.95834655761718750000e+01) (21, -2.02417083740234375000e+02) (22, -8.91881942749023437500e+01) (23, 8.11281394958496093750e+00) (24, -1.50000000000000000000e+03) (25, -1.50000000000000000000e+03) (26, 9.03451859951019287109e-01) (27, 1.43695604801177978516e+00) (28, -1.43188199996948242188e+01) (29, -8.62904739379882812500e+00) (30, -1.79699754714965820312e+00) (31, -2.01227998733520507812e+00) (32, -1.31608544921875000000e+03) (33, -4.10086555480957031250e+01) (34, 5.89965576171875000000e+02) (35, -1.27008266448974609375e+01) (36, 1.17386889457702636719e+00) (37, 2.41053390502929687500e+00) (38, 1.71843183040618896484e+00) (39, 3.33307313919067382812e+00) (40, -2.18112969398498535156e+00) (41, 3.85559730529785156250e+01) (42, 1.29237890243530273438e+00) (43, -1.35370044708251953125e+01) (44, -5.56472182273864746094e-01) (45, 1.10914909839630126953e+00) (46, 6.74983520507812500000e+02) (47, -3.46646057128906250000e+02) (48, -1.50000000000000000000e+03) (49, 1.15809011459350585938e+00) (50, 4.05904889106750488281e-01) (51, 2.24556606262922286987e-02) (52, -1.48583695292472839355e-01) (53, -3.70059204101562500000e+00) (54, -1.30132913589477539062e+00) (55, 4.87672662734985351562e+00) (56, 4.82208490371704101562e+00) (57, 1.15357236862182617188e+01) (58, 3.88060226440429687500e+01) (59, 2.02988471984863281250e+01) (60, 4.61310863494873046875e+00) (61, 3.22898149490356445312e+00) (62, -1.42979636788368225098e-01) (63, 5.77139139175415039062e+00) (64, 7.12369384765625000000e+01) (65, 3.90007519721984863281e+00) (66, 3.23821806907653808594e+00) (67, -1.24370060861110687256e-01) (68, 8.16236078739166259766e-01) (69, 4.44432922363281250000e+02) (70, -5.54146766662597656250e-02) (71, 1.84716713428497314453e+00) (72, 3.69583940505981445312e+00) (73, -6.34420776367187500000e+02) (74, 2.45548820495605468750e+00) (75, 2.44622319936752319336e-01) (76, 3.02677202224731445312e+00) (77, 5.68111133575439453125e+00) (78, 2.93550777435302734375e+00) (79, 2.15541338920593261719e+00) (80, 5.06324424743652343750e+01) (81, 2.94239562988281250000e+02) (82, 3.02015542984008789062e+00) (83, 1.50000000000000000000e+03) (84, 4.50790262222290039062e+00) (85, 6.03495073318481445312e+00) (86, 1.24578495025634765625e+01) (87, 3.06281065940856933594e+00) (88, 1.47742932128906250000e+03) (89, 1.50000000000000000000e+03) (90, 1.08150305175781250000e+03) (91, 1.50000000000000000000e+03) (92, 1.78712475299835205078e+00) (93, 3.82413911819458007812e+00) (94, 7.64950084686279296875e+00) (95, 2.94630694389343261719e+00) (96, 2.45458054542541503906e+00) (97, 2.86824679374694824219e+00) (98, 3.66749305725097656250e+01) (99, 3.32794785499572753906e+00) (100, 1.52892684936523437500e+02) (101, 2.54667639732360839844e+00) (102, 9.13923721313476562500e+01) (103, -3.34236450195312500000e+01) (104, -1.73592650890350341797e+00) (0, 1.50000000000000000000e+03) (1, 1.11944932937622070312e+01) (2, 1.49974966049194335938e+00) (3, -1.14951169490814208984e+00) (4, 2.76343894004821777344e+00) (5, -9.28725814819335937500e+00) (6, 2.13860464096069335938e+00) (7, 4.96866645812988281250e+01) (8, 1.88949317932128906250e+01) (9, -7.89120330810546875000e+01) (10, 4.32884063720703125000e+01) (11, 2.70938575267791748047e-01) (12, -1.05458145141601562500e+01) (13, -6.70624877929687500000e+02) (14, -4.41158437728881835938e+00) (15, -6.15966059267520904541e-02) (16, 9.16386318206787109375e+00) (17, 7.12524294853210449219e-01) (18, -1.04675025939941406250e+01) (19, 1.12382507324218750000e+00) (20, 7.60953063964843750000e+01) (21, 8.37580947875976562500e+01) (22, 6.55384734272956848145e-02) (23, 1.26437127590179443359e+00) (24, -1.26994165039062500000e+03) (25, -1.50000000000000000000e+03) (26, 2.52113640308380126953e-01) (27, 4.27622586488723754883e-01) (28, 1.99352722167968750000e+01) (29, 1.38648452758789062500e+01) (30, 6.06754601001739501953e-01) (31, -3.34226393699645996094e+00) (32, 2.30905807495117187500e+02) (33, 4.10797302246093750000e+02) (34, 3.33127784729003906250e+00) (35, -3.22832984924316406250e+01) (36, 1.01781177520751953125e+00) (37, 1.63288635253906250000e+02) (38, 5.12708806991577148438e+00) (39, 1.17506802082061767578e+00) (40, -8.27783393859863281250e+00) (41, 5.92560844421386718750e+01) (42, 2.09698438644409179688e+00) (43, 2.11876079440116882324e-01) (44, 2.18888974189758300781e+00) (45, 2.87148952484130859375e+00) (46, 2.15652751922607421875e+01) (47, -4.16777563095092773438e+00) (48, -2.34021774291992187500e+02) (49, 1.63101220130920410156e+00) (50, 9.41215574741363525391e-01) (51, 1.71263854980468750000e+02) (52, 1.30581891536712646484e+00) (53, -3.69744777679443359375e+00) (54, 1.83919868469238281250e+01) (55, 2.31642593383789062500e+02) (56, 1.28073749542236328125e+01) (57, 1.12161102294921875000e+01) (58, 4.36977539062500000000e+01) (59, 6.60287320613861083984e-01) (60, 4.91852664947509765625e+00) (61, 1.05509650707244873047e+00) (62, 1.10035932064056396484e+00) (63, 7.65324497222900390625e+00) (64, 6.08286714553833007812e+00) (65, 5.71877670288085937500e+00) (66, -1.92022264003753662109e+00) (67, 8.37235212326049804688e-01) (68, 1.19446121156215667725e-01) (69, 4.47263336181640625000e+01) (70, 3.56197595596313476562e+00) (71, 2.84331321716308593750e+00) (72, 2.64331340789794921875e+00) (73, -2.04897064208984375000e+02) (74, 1.78146684169769287109e+00) (75, -5.78924536705017089844e-01) (76, -9.01355780661106109619e-03) (77, 4.37883615493774414062e+00) (78, 4.57306671142578125000e+00) (79, 5.70403194427490234375e+00) (80, 3.09642314910888671875e+01) (81, 1.70840545654296875000e+02) (82, 2.75625467300415039062e+00) (83, 2.26085114479064941406e+00) (84, 1.86044061183929443359e+00) (85, 4.63462295532226562500e+01) (86, 6.74637794494628906250e+00) (87, 2.10634422302246093750e+00) (88, -5.44410800933837890625e+00) (89, 3.06060123443603515625e+00) (90, 7.95622682571411132812e+00) (91, 6.48585081100463867188e+00) (92, 1.32558882236480712891e+00) (93, 3.35136795043945312500e+00) (94, 5.22508239746093750000e+00) (95, 1.86693167686462402344e+00) (96, 2.26698923110961914062e+00) (97, 1.84110212326049804688e+00) (98, 6.75469350814819335938e+00) (99, 3.01135516166687011719e+00) (100, 1.84802799224853515625e+01) (101, 2.87194895744323730469e+00) (102, 4.07429870605468750000e+02) (103, 1.41309738159179687500e+02) (104, -1.51767551898956298828e+00) (0, -1.08980049133300781250e+02) (1, 6.89929866790771484375e+00) (2, 4.12786769866943359375e+00) (3, 4.91485929489135742188e+00) (4, 5.52738249301910400391e-01) (5, 4.59558868408203125000e+00) (6, 1.75836944580078125000e+01) (7, 7.15736103057861328125e+00) (8, 1.84947624206542968750e+01) (9, 1.64755344390869140625e+00) (10, -8.78408813476562500000e+00) (11, 6.36227655410766601562e+00) (12, 9.27003860473632812500e+00) (13, 8.03435134887695312500e+00) (14, 9.35841941833496093750e+00) (15, -1.76122550964355468750e+01) (16, 1.92031135559082031250e+01) (17, 3.02528452873229980469e+00) (18, 7.83463239669799804688e+00) (19, -1.91441491246223449707e-01) (20, 3.17352318763732910156e+00) (21, -3.54625344276428222656e+00) (22, 5.91135263442993164062e-01) (23, -7.86207199096679687500e-01) (24, 1.23320016860961914062e+01) (25, 9.53605270385742187500e+00) (26, -2.47391843795776367188e+00) (27, 7.85081243515014648438e+00) (28, -3.60018706321716308594e+00) (29, 4.84439754486083984375e+00) (30, 7.87273526191711425781e-01) (31, 2.25817394256591796875e+00) (32, 1.55890331268310546875e+01) (33, -3.77297377586364746094e+00) (34, -2.04720573425292968750e+01) (35, 5.24276065826416015625e+00) (36, -1.85666695237159729004e-01) (37, -7.15127587318420410156e-01) (38, 9.20611000061035156250e+00) (39, 2.08092727661132812500e+01) (40, 1.02577152252197265625e+01) (41, -3.68039774894714355469e+00) (42, 1.81091845035552978516e+00) (43, -8.98662090301513671875e+00) (44, 2.66300249099731445312e+00) (45, -8.48274421691894531250e+00) (46, -1.04829645156860351562e+00) (47, -5.25366735458374023438e+00) (48, -1.89622247219085693359e+00) (49, 1.08435547351837158203e+00) (50, -7.49703526496887207031e-01) (51, -2.03401112556457519531e+00) (52, 7.45804929733276367188e+00) (53, 9.72893333435058593750e+00) (54, 1.94994211196899414062e-01) (55, 2.13092994689941406250e+00) (56, 4.87251567840576171875e+00) (57, 1.72782099246978759766e+00) (58, 1.77419030666351318359e+00) (59, 2.16204237937927246094e+00) (60, 1.54667377471923828125e-01) (61, 9.18465256690979003906e-01) (62, 1.68515056371688842773e-01) (63, -9.13283288478851318359e-01) (64, -2.81061053276062011719e+00) (65, 8.34286093711853027344e-01) (66, 1.39855980873107910156e+00) (67, 1.71636068820953369141e+00) (68, 2.23719501495361328125e+00) (69, -2.56496787071228027344e-01) (70, 2.40076761692762374878e-02) (71, 9.29648208618164062500e+00) (72, -1.23888835906982421875e+01) (73, 9.33447933197021484375e+00) (74, 1.73509371280670166016e+00) (75, 2.41215348243713378906e+00) (76, 5.66026115417480468750e+00) (77, 1.88935840129852294922e+00) (78, 2.00580477714538574219e+00) (79, 1.99599337577819824219e+00) (80, 1.02773809432983398438e+00) (81, 5.25380551815032958984e-01) (82, 2.00232982635498046875e+00) (83, 8.68460655212402343750e-01) (84, -1.77259594202041625977e-01) (85, 4.45197165012359619141e-01) (86, 8.70006501674652099609e-01) (87, 1.01974904537200927734e+00) (88, -1.23254311084747314453e+00) (89, -4.87237960100173950195e-01) (90, -1.02565932273864746094e+00) (91, 5.26310086250305175781e-01) (92, 1.81095635890960693359e+00) (93, 5.74985444545745849609e-01) (94, 7.19064697623252868652e-02) (95, 1.36368584632873535156e+00) (96, 6.77628874778747558594e-01) (97, 6.83110535144805908203e-01) (98, -2.18695223331451416016e-01) (99, 3.39391797780990600586e-01) (100, -4.31698948144912719727e-01) (101, 7.36282765865325927734e-01) (102, 1.50000000000000000000e+03) (103, -1.47500000000000000000e+03) (104, 1.50859868526458740234e+00) (0, -6.34425781250000000000e+02) (1, 4.43237686157226562500e+00) (2, 2.73775482177734375000e+00) (3, 4.10430717468261718750e+00) (4, 3.19038772583007812500e+00) (5, 3.13965549468994140625e+01) (6, 3.85907077789306640625e+00) (7, 3.30694413185119628906e+00) (8, 2.66053795814514160156e+00) (9, 1.98791370391845703125e+01) (10, 1.00405514240264892578e+00) (11, 3.99964070320129394531e+00) (12, 4.67565917968750000000e+00) (13, -3.63982796669006347656e+00) (14, 3.34164161682128906250e+01) (15, 4.55416107177734375000e+00) (16, 2.07160615921020507812e+00) (17, 2.15771651268005371094e+00) (18, 9.02828979492187500000e+00) (19, 2.09648346900939941406e+00) (20, 4.61433827877044677734e-01) (21, 2.86676168441772460938e+00) (22, 9.51962184906005859375e+00) (23, -1.08479928970336914062e+00) (24, 1.08566296100616455078e+00) (25, 5.32272386550903320312e+00) (26, 2.55860614776611328125e+00) (27, 1.87697565555572509766e+00) (28, 4.20046091079711914062e+00) (29, 1.91096949577331542969e+00) (30, 2.93335056304931640625e+00) (31, 2.21518611907958984375e+00) (32, 2.34930896759033203125e+00) (33, 3.66403079032897949219e+00) (34, 2.42084827423095703125e+01) (35, 7.17563772201538085938e+00) (36, 1.28513965606689453125e+01) (37, 3.23989892005920410156e+00) (38, 8.60911178588867187500e+00) (39, 2.86732316017150878906e+00) (40, 8.85906124114990234375e+00) (41, -2.48073029518127441406e+00) (42, 4.14938449859619140625e+00) (43, 3.00928235054016113281e+00) (44, 5.57280111312866210938e+00) (45, 1.22386181354522705078e+00) (46, 5.25586754083633422852e-02) (47, 2.53690719604492187500e+00) (48, 1.65474929809570312500e+01) (49, 3.44110751152038574219e+00) (50, 1.58675842285156250000e+01) (51, 2.72195982933044433594e+00) (52, 4.10985374450683593750e+00) (53, 2.07758736610412597656e+00) (54, 7.66326856613159179688e+00) (55, 1.17256097793579101562e+01) (56, 2.84180235862731933594e+00) (57, -8.27829599380493164062e-01) (58, 3.55411982536315917969e+00) (59, 1.54320440292358398438e+01) (60, 2.02990937232971191406e+00) (61, 2.71351547241210937500e+01) (62, 1.62823200225830078125e+01) (63, 2.25330257415771484375e+00) (64, 3.07637095451354980469e+00) (65, 3.34257984161376953125e+00) (66, 1.31378812789916992188e+01) (67, 5.56486034393310546875e+00) (68, 9.45103912353515625000e+01) (69, 1.51705145835876464844e+00) (70, 2.99334850311279296875e+01) (71, 3.42279124259948730469e+00) (72, 3.14391922950744628906e+00) (73, 2.08779678344726562500e+01) (74, 2.27657747268676757812e+00) (75, -2.66414642333984375000e+01) (76, 3.33319306373596191406e+00) (77, 1.70198500156402587891e+00) (78, 1.50167522430419921875e+01) (79, -1.18815159797668457031e+00) (80, 3.35390663146972656250e+01) (81, 1.55436766147613525391e+00) (82, -2.83802294731140136719e+00) (83, 5.63535385131835937500e+01) (84, 3.04663753509521484375e+01) (85, -1.23589029312133789062e+01) (86, 2.53375744819641113281e+00) (87, 3.93858504295349121094e+00) (88, 1.63656215667724609375e+01) (89, 1.76535148620605468750e+01) (90, 7.06989192962646484375e+00) (91, 6.31312408447265625000e+01) (92, 2.16792221069335937500e+01) (93, 8.50734829902648925781e-01) (94, 2.49262428283691406250e+00) (95, 6.39882802963256835938e+00) (96, 8.89745712280273437500e+00) (97, 3.82022291421890258789e-01) (98, 3.60024833679199218750e+00) (99, 4.44868659973144531250e+00) (100, 2.55987668037414550781e+00) (101, 4.07715225219726562500e+00) (102, -2.46467494964599609375e+00) (103, 4.94981050491333007812e+00) (104, -1.49080896377563476562e+00) (0, 1.50000000000000000000e+03) (1, 3.47539472579956054688e+00) (2, 4.23275909423828125000e+01) (3, 9.35691416263580322266e-01) (4, 3.91760420799255371094e+00) (5, 1.38121679687500000000e+03) (6, 5.02911996841430664062e+00) (7, -4.16010208129882812500e+01) (8, 8.76753234863281250000e+01) (9, -4.25698204040527343750e+01) (10, 2.83861045837402343750e+01) (11, 1.18094480037689208984e+00) (12, -6.95696175098419189453e-02) (13, 4.42259399414062500000e+02) (14, -2.21073474884033203125e+01) (15, -2.24240571260452270508e-01) (16, -6.25807142257690429688e+00) (17, 7.68641412258148193359e-01) (18, -5.49646854400634765625e-01) (19, 2.15600061416625976562e+00) (20, 4.75022125244140625000e+01) (21, -7.68167972564697265625e+00) (22, -1.59127283096313476562e+00) (23, 5.57884645462036132812e+00) (24, -1.36526171875000000000e+03) (25, -1.49999938964843750000e+03) (26, 1.47896790504455566406e+00) (27, 1.52294969558715820312e+00) (28, -1.35984359741210937500e+02) (29, -2.21240352839231491089e-02) (30, -1.48991966247558593750e+00) (31, -2.24511718750000000000e+00) (32, -7.20840698242187500000e+02) (33, -2.63971008300781250000e+02) (34, 9.21707336425781250000e+02) (35, -1.03044986724853515625e+01) (36, 4.34676527976989746094e-01) (37, 1.08651936054229736328e+00) (38, 8.84001016616821289062e-01) (39, 2.36987471580505371094e+00) (40, -2.02985215187072753906e+00) (41, 2.45190173387527465820e-01) (42, 1.48876559734344482422e+00) (43, -3.31977558135986328125e+00) (44, -4.45973098278045654297e-01) (45, 7.85282671451568603516e-01) (46, 1.12648547363281250000e+03) (47, -4.53507385253906250000e+02) (48, -1.50000000000000000000e+03) (49, 6.85857713222503662109e-01) (50, 3.70379060506820678711e-01) (51, 7.54116117954254150391e-01) (52, -4.82705943286418914795e-02) (53, -1.76156079769134521484e+00) (54, -8.95247280597686767578e-01) (55, 1.83807170391082763672e+00) (56, 4.05044937133789062500e+00) (57, 3.14912390708923339844e+00) (58, 5.05843818187713623047e-01) (59, 1.14742803573608398438e+00) (60, 3.98120379447937011719e+00) (61, 7.69948124885559082031e-01) (62, 3.62264811992645263672e-01) (63, 4.40044069290161132812e+00) (64, 3.67579221725463867188e+00) (65, 3.53447794914245605469e+00) (66, 4.60720300674438476562e+00) (67, 4.43171888589859008789e-01) (68, 6.60982608795166015625e-01) (69, 1.71543273925781250000e+01) (70, 1.32373094558715820312e-01) (71, 2.01888132095336914062e+00) (72, 3.61217594146728515625e+00) (73, -1.06673901367187500000e+03) (74, 2.75432300567626953125e+00) (75, 2.02833756804466247559e-01) (76, 1.35905623435974121094e+00) (77, 4.46412229537963867188e+00) (78, 2.27222323417663574219e+00) (79, 2.06944870948791503906e+00) (80, 4.90007114410400390625e+00) (81, 4.69516468048095703125e+00) (82, 2.81491875648498535156e+00) (83, 3.15390625000000000000e+01) (84, 8.06750869750976562500e+00) (85, 1.03277235031127929688e+01) (86, 8.20276069641113281250e+00) (87, 3.03412723541259765625e+00) (88, 1.50000000000000000000e+03) (89, 1.49987036132812500000e+03) (90, 1.25457275390625000000e+02) (91, 1.50000000000000000000e+03) (92, 1.45536005496978759766e+00) (93, 3.42071056365966796875e+00) (94, 5.24695110321044921875e+00) (95, 2.54074573516845703125e+00) (96, 2.45707511901855468750e+00) (97, 2.34194207191467285156e+00) (98, 6.83800029754638671875e+00) (99, 3.13111639022827148438e+00) (100, 6.25153121948242187500e+01) (101, 2.74810814857482910156e+00) (102, 3.43152862548828125000e+02) (103, 9.30729598999023437500e+01) (104, -1.66475605964660644531e+00) (0, -1.41834459304809570312e+01) (1, -4.44409370422363281250e-01) (2, 5.23367762565612792969e-01) (3, 5.46959161758422851562e-01) (4, 1.30646145343780517578e+00) (5, 1.47663617134094238281e+00) (6, -4.11537885665893554688e-01) (7, -1.76566958427429199219e+00) (8, 1.55274236202239990234e+00) (9, -1.31940662860870361328e-01) (10, -4.26192671060562133789e-01) (11, -1.23834455013275146484e+00) (12, -1.65856659412384033203e+00) (13, 5.39412069320678710938e+00) (14, -3.21303635835647583008e-01) (15, -4.74304914474487304688e-01) (16, 1.92324340343475341797e+00) (17, -5.31835436820983886719e-01) (18, 8.35900232195854187012e-02) (19, 1.09761691093444824219e+00) (20, 2.97697973251342773438e+00) (21, 3.79720902442932128906e+00) (22, 6.65288090705871582031e-01) (23, -4.26515722274780273438e+00) (24, 2.05063199996948242188e+00) (25, -2.98035883903503417969e+00) (26, 2.64209181070327758789e-01) (27, 4.42144721746444702148e-01) (28, 1.68572410941123962402e-01) (29, -8.79615247249603271484e-01) (30, 9.90223944187164306641e-01) (31, 2.12033367156982421875e+00) (32, -1.45549499988555908203e+00) (33, -2.06897354125976562500e+00) (34, -1.37401235103607177734e+00) (35, -1.28428936004638671875e+00) (36, 3.21716690063476562500e+00) (37, 1.50231230258941650391e+00) (38, -3.94741964340209960938e+00) (39, 7.50788226723670959473e-02) (40, 1.65309894084930419922e+00) (41, -1.86620548367500305176e-01) (42, 7.29312539100646972656e-01) (43, -1.74485594034194946289e-01) (44, 4.87605571746826171875e-01) (45, 7.29665935039520263672e-01) (46, -6.65091228485107421875e+00) (47, 4.17384624481201171875e+00) (48, 2.72055482864379882812e+00) (49, -1.25935658812522888184e-01) (50, -6.20298206806182861328e-01) (51, 3.70850749313831329346e-02) (52, 6.36508524417877197266e-01) (53, 1.01472961902618408203e+00) (54, -2.46568381786346435547e-01) (55, -2.44273805618286132812e+00) (56, -2.30284428596496582031e+00) (57, 1.67543971538543701172e+00) (58, 1.04531681537628173828e+00) (59, 3.29796433448791503906e+00) (60, 1.09871220588684082031e+00) (61, 1.42211496829986572266e+00) (62, -1.28197336196899414062e+00) (63, 5.84542930126190185547e-01) (64, -1.19644773006439208984e+00) (65, 5.56793928146362304688e-01) (66, 2.86208844184875488281e+00) (67, -1.48903161287307739258e-01) (68, 1.46305322647094726562e+00) (69, -7.87797808647155761719e-01) (70, -7.63360977172851562500e-01) (71, 2.06022500991821289062e+00) (72, 5.54982602596282958984e-01) (73, 2.70125269889831542969e+00) (74, 1.20640635490417480469e+00) (75, 1.27705067396163940430e-01) (76, -1.14249467849731445312e+00) (77, -7.00972750782966613770e-02) (78, 2.29776883125305175781e+00) (79, -6.64638876914978027344e-01) (80, 5.46992361545562744141e-01) (81, 1.01205492019653320312e+00) (82, 9.84667360782623291016e-01) (83, 4.80627045035362243652e-02) (84, 1.09877800941467285156e+00) (85, -6.16759002208709716797e-01) (86, 7.59547412395477294922e-01) (87, 5.32097518444061279297e-01) (88, -6.19185388088226318359e-01) (89, -3.16275149583816528320e-01) (90, 2.31202095746994018555e-01) (91, 1.47901743650436401367e-01) (92, 2.89818018674850463867e-01) (93, -1.12484216690063476562e+00) (94, -9.80278775095939636230e-02) (95, -2.32006311416625976562e-01) (96, -9.80438172817230224609e-01) (97, 9.67241108417510986328e-01) (98, 1.06106567382812500000e+00) (99, -1.70384478569030761719e+00) (100, 1.69688105583190917969e-01) (101, -4.42621678113937377930e-01) (102, 2.55258649587631225586e-01) (103, 1.62632107734680175781e+00) (104, 1.88505351543426513672e+00) (0, 5.65531311035156250000e+01) (1, -1.30050683021545410156e+00) (2, 4.26230639219284057617e-01) (3, 5.72037982940673828125e+00) (4, 5.75277900695800781250e+00) (5, 2.25543045997619628906e+00) (6, -1.09636545181274414062e+00) (7, 6.05998563766479492188e+00) (8, 5.34111070632934570312e+00) (9, 1.20537616312503814697e-01) (10, 3.65466773509979248047e-01) (11, 2.29265928268432617188e+00) (12, 1.20544664561748504639e-01) (13, 1.05005240440368652344e+00) (14, -9.36950325965881347656e-01) (15, -4.32978630065917968750e-01) (16, -1.05844850540161132812e+01) (17, -1.68192501068115234375e+01) (18, 1.01557457447052001953e+00) (19, 1.40988445281982421875e+00) (20, 3.28980922698974609375e+00) (21, -1.08611822128295898438e+01) (22, 3.12348008155822753906e+00) (23, 2.35378875732421875000e+01) (24, 2.95287170410156250000e+01) (25, -2.70665264129638671875e+00) (26, 2.87700319290161132812e+00) (27, 3.55004620552062988281e+00) (28, -2.83695291727781295776e-02) (29, 2.23492050170898437500e+01) (30, 1.59096956253051757812e+00) (31, -4.28244018554687500000e+00) (32, 1.54171967506408691406e+00) (33, 5.83219587802886962891e-01) (34, 1.54132518768310546875e+01) (35, 5.32734251022338867188e+00) (36, 6.52656793594360351562e-01) (37, 8.12717020511627197266e-01) (38, 5.83588480949401855469e-01) (39, 4.64999675750732421875e+00) (40, 6.79539442062377929688e-01) (41, 2.41704583168029785156e+00) (42, -2.57376164197921752930e-01) (43, -1.94665360450744628906e+00) (44, -3.55027222633361816406e+00) (45, 2.48334193229675292969e+00) (46, 9.40153598785400390625e+00) (47, 7.42709589004516601562e+00) (48, -3.99445033073425292969e+00) (49, 7.11338138580322265625e+00) (50, 1.12961635589599609375e+01) (51, 5.19051909446716308594e-01) (52, -6.97162246704101562500e+00) (53, -2.55466127395629882812e+00) (54, -3.42755818367004394531e+00) (55, -4.90090221166610717773e-01) (56, 8.20494055747985839844e-01) (57, 2.18753721565008163452e-02) (58, 8.05679035186767578125e+00) (59, 4.64787677628919482231e-04) (60, 1.05355119705200195312e+00) (61, -3.45979511737823486328e-01) (62, -7.27547359466552734375e+00) (63, 8.55182468891143798828e-01) (64, 5.91004729270935058594e-01) (65, 8.62534284591674804688e-01) (66, -6.16679489612579345703e-01) (67, -8.56462717056274414062e-01) (68, -6.64000630378723144531e-01) (69, 1.69050347805023193359e+00) (70, -1.32280766963958740234e+00) (71, -1.29020154476165771484e+00) (72, 5.76897263526916503906e-01) (73, -7.56240234375000000000e+01) (74, 5.53052052855491638184e-02) (75, -9.36565995216369628906e-01) (76, -2.90216922760009765625e-01) (77, 8.26181411743164062500e-01) (78, -2.59985923767089843750e-01) (79, -3.40253204107284545898e-01) (80, 7.17196881771087646484e-01) (81, 6.46647930145263671875e-01) (82, 1.15620687603950500488e-01) (83, 9.21601831912994384766e-01) (84, 1.65264979004859924316e-01) (85, 6.79206907749176025391e-01) (86, 1.10012567043304443359e+00) (87, 2.57729709148406982422e-01) (88, 1.48475027084350585938e+00) (89, 6.01697266101837158203e-01) (90, 1.42743837833404541016e+00) (91, 1.50011444091796875000e+00) (92, -2.19205006957054138184e-01) (93, 2.49554574489593505859e-01) (94, 1.09764719009399414062e+00) (95, -6.97519779205322265625e-02) (96, -2.12901476770639419556e-02) (97, 1.07246145606040954590e-01) (98, 9.24855113029479980469e-01) (99, 3.96274238824844360352e-01) (100, 1.19710719585418701172e+00) (101, 1.70492917299270629883e-01) (102, 2.56068267822265625000e+02) (103, 2.56150634765625000000e+02) (104, 1.21037673950195312500e+00) (0, -1.50000000000000000000e+03) (1, 5.86240828037261962891e-01) (2, 4.26359444856643676758e-01) (3, 1.13764739036560058594e+00) (4, 2.69943028688430786133e-01) (5, 1.30210714340209960938e+01) (6, 4.79354053735733032227e-01) (7, 2.65006852149963378906e+00) (8, -1.32413930892944335938e+01) (9, 1.53340179443359375000e+02) (10, 3.54913783073425292969e+00) (11, 2.29428672790527343750e+00) (12, 3.01023464202880859375e+01) (13, 2.50311875343322753906e+00) (14, 9.88341522216796875000e+01) (15, 2.24196124076843261719e+00) (16, 1.69690179824829101562e+00) (17, 2.32801294326782226562e+00) (18, 2.85489416122436523438e+00) (19, 7.90377736091613769531e-01) (20, -8.27943801879882812500e-01) (21, 2.93490672111511230469e+00) (22, 4.74789285659790039062e+00) (23, -1.39229965209960937500e+00) (24, 1.11424522399902343750e+01) (25, 2.98816895484924316406e+00) (26, 1.79051935672760009766e+00) (27, 1.12992489337921142578e+00) (28, 4.44403600692749023438e+00) (29, 1.85239684581756591797e+00) (30, 4.05085229873657226562e+00) (31, 3.81219530105590820312e+00) (32, 2.31772613525390625000e+01) (33, 1.64324661254882812500e+02) (34, -2.21266517639160156250e+01) (35, 1.23216461181640625000e+02) (36, 3.77303051948547363281e+00) (37, 1.42175626754760742188e+01) (38, 1.78601384162902832031e+00) (39, 3.71805459260940551758e-01) (40, 6.65882949829101562500e+01) (41, 1.74243962764739990234e+00) (42, 1.61594557762145996094e+00) (43, 3.18554668426513671875e+01) (44, 2.60249567031860351562e+00) (45, 1.49874007701873779297e+00) (46, -1.55086944580078125000e+02) (47, 1.59901008605957031250e+01) (48, 1.85129806518554687500e+02) (49, 1.44749522209167480469e+00) (50, 2.01120352745056152344e+00) (51, 2.42972908020019531250e+01) (52, 3.63580179214477539062e+00) (53, 6.42698478698730468750e+00) (54, 2.00488376617431640625e+01) (55, 2.64417438507080078125e+01) (56, -7.60035514831542968750e-01) (57, 3.07062740325927734375e+01) (58, -8.44240665435791015625e-01) (59, 2.64999694824218750000e+02) (60, -3.63208055496215820312e-01) (61, 8.30756950378417968750e+00) (62, 6.15094642639160156250e+01) (63, -5.13806045055389404297e-01) (64, 5.63515233993530273438e+00) (65, 1.86975762248039245605e-01) (66, 3.56659851074218750000e+01) (67, 4.06909179687500000000e+01) (68, 2.70015811920166015625e+00) (69, 1.32125556468963623047e+00) (70, 7.20663375854492187500e+01) (71, 1.32394933700561523438e+00) (72, 6.16160571575164794922e-01) (73, 1.20934875488281250000e+02) (74, 4.06156890094280242920e-02) (75, 7.49717788696289062500e+01) (76, 4.81992101669311523438e+00) (77, -1.15396761894226074219e+00) (78, -2.45715332031250000000e+00) (79, -1.02439129352569580078e+00) (80, 1.41135334968566894531e+00) (81, 2.38430862426757812500e+01) (82, 7.46181335449218750000e+01) (83, -6.47644805908203125000e+00) (84, 1.06901954650878906250e+02) (85, 1.25541358947753906250e+02) (86, -1.19743728637695312500e+00) (87, -8.60483407974243164062e-01) (88, 1.72919372558593750000e+02) (89, 3.69890284538269042969e+00) (90, 2.02217864990234375000e+00) (91, 8.89199161529541015625e+00) (92, 1.28662796020507812500e+02) (93, 2.15266060829162597656e+00) (94, -6.14041447639465332031e-01) (95, 5.09278917312622070312e+00) (96, 1.22335577011108398438e+00) (97, -5.45333957672119140625e+00) (98, 1.19586300849914550781e+00) (99, -1.12153482437133789062e+00) (100, -3.29476666450500488281e+00) (101, 4.77668857574462890625e+00) (102, -8.17266273498535156250e+00) (103, 1.33230028152465820312e+01) (104, 1.58817994594573974609e+00) (0, -4.28380859375000000000e+02) (1, 1.68085155487060546875e+01) (2, 4.08997774124145507812e+00) (3, 3.41089510917663574219e+00) (4, 4.34235000610351562500e+00) (5, 2.46788825988769531250e+01) (6, 6.08995723724365234375e+00) (7, 2.97741866111755371094e+00) (8, -2.77551889419555664062e+00) (9, 2.71218376159667968750e+01) (10, 5.89473783969879150391e-01) (11, 2.95390081405639648438e+00) (12, 4.40922784805297851562e+00) (13, 7.06335186958312988281e-01) (14, 1.81088542938232421875e+01) (15, 5.75727653503417968750e+00) (16, 2.41295552253723144531e+00) (17, 2.63796157836914062500e+01) (18, 2.16778111457824707031e+00) (19, 1.57896816730499267578e+00) (20, -2.71520372480154037476e-02) (21, 1.05637235641479492188e+01) (22, 4.63644742965698242188e+00) (23, 3.43269288539886474609e-01) (24, 1.61145000457763671875e+01) (25, 2.95250010490417480469e+00) (26, 3.64045834541320800781e+00) (27, 2.27111577987670898438e+00) (28, 2.44083642959594726562e+00) (29, 3.35806012153625488281e+00) (30, 1.68336617946624755859e+00) (31, 1.28835380077362060547e+00) (32, 2.33438324928283691406e+00) (33, 2.22751998901367187500e+00) (34, -2.08847713470458984375e+01) (35, 6.34600543975830078125e+00) (36, 4.08598279953002929688e+00) (37, 2.65905246734619140625e+01) (38, 2.58025550842285156250e+00) (39, 4.46713954210281372070e-01) (40, 2.30631518363952636719e+00) (41, 4.19010400772094726562e+00) (42, 3.99291419982910156250e+00) (43, 1.95595979690551757812e+00) (44, 5.94123077392578125000e+00) (45, 1.27891159057617187500e+00) (46, 2.21067733764648437500e+01) (47, 2.67670774459838867188e+00) (48, 5.34013986587524414062e+00) (49, 2.37089276313781738281e+00) (50, 2.64729881286621093750e+01) (51, 2.33764815330505371094e+00) (52, 2.72015786170959472656e+00) (53, 1.45014572143554687500e+00) (54, 2.60802707672119140625e+01) (55, 5.23943901062011718750e+00) (56, 1.53347053527832031250e+01) (57, 6.72724819183349609375e+00) (58, 2.38684959411621093750e+01) (59, 4.40590620040893554688e+00) (60, 1.54895198345184326172e+00) (61, -6.48496210575103759766e-01) (62, 9.84569931030273437500e+00) (63, 2.21365118026733398438e+00) (64, -4.26723814010620117188e+00) (65, 6.73693943023681640625e+00) (66, -9.11888313293457031250e+00) (67, 5.67523777484893798828e-01) (68, 1.67166233062744140625e+00) (69, -4.44841432571411132812e+00) (70, 1.53649816513061523438e+01) (71, 4.36453590393066406250e+01) (72, 2.72199344635009765625e+00) (73, 1.59558212757110595703e+00) (74, 1.56982624530792236328e+00) (75, 5.00731754302978515625e+00) (76, 7.04749250411987304688e+00) (77, 2.09330773353576660156e+00) (78, 1.62223589420318603516e+00) (79, 6.45053803920745849609e-01) (80, -1.34991979598999023438e+00) (81, 2.59159064292907714844e+00) (82, 2.72026658058166503906e+00) (83, 1.02979838848114013672e+00) (84, 3.50531864166259765625e+00) (85, 1.94221660494804382324e-01) (86, 3.45536851882934570312e+00) (87, 2.74977664947509765625e+01) (88, 1.40914499759674072266e+00) (89, 1.40519988536834716797e+00) (90, 1.04471397399902343750e+00) (91, 2.59793257713317871094e+00) (92, 8.57044124603271484375e+00) (93, 8.17984485626220703125e+00) (94, 3.94797682762145996094e+00) (95, 3.71521639823913574219e+00) (96, 3.15723018646240234375e+01) (97, 1.23382320404052734375e+01) (98, 1.53364300727844238281e+00) (99, 1.08367729187011718750e+01) (100, 3.39536333084106445312e+00) (101, 5.56141233444213867188e+00) (102, -5.56723442077636718750e+01) (103, 8.36758728027343750000e+01) (104, -8.90364646911621093750e+00) (0, -4.80107975006103515625e+00) (1, 1.51629662513732910156e+00) (2, -4.56367760896682739258e-01) (3, -6.42820537090301513672e-01) (4, 3.78736495971679687500e-01) (5, 4.83399581909179687500e+00) (6, 4.37417358160018920898e-01) (7, 1.95346891880035400391e+00) (8, -4.48989486694335937500e+00) (9, -1.09231126308441162109e+00) (10, -1.36528027057647705078e+00) (11, 8.46227049827575683594e-01) (12, 6.71529531478881835938e-01) (13, 2.25131988525390625000e-01) (14, 2.55876469612121582031e+00) (15, -4.61024165153503417969e-01) (16, -4.04927730560302734375e+00) (17, 7.07144498825073242188e-01) (18, -6.75208520889282226562e+00) (19, 1.10269212722778320312e+00) (20, 3.95925474166870117188e+00) (21, 2.35974144935607910156e+00) (22, 5.06690025329589843750e+00) (23, -4.24941396713256835938e+00) (24, -2.48468422889709472656e+00) (25, -3.82134151458740234375e+00) (26, -1.50070953369140625000e+00) (27, -2.85854578018188476562e-01) (28, 6.54496490955352783203e-01) (29, 4.94808048009872436523e-01) (30, -1.54141414165496826172e+00) (31, 2.56688445806503295898e-01) (32, 1.48050189018249511719e-01) (33, 2.21486115455627441406e+00) (34, -1.94384145736694335938e+00) (35, 1.37035131454467773438e+00) (36, 9.02503609657287597656e-01) (37, 2.92404842376708984375e+00) (38, 6.82217776775360107422e-01) (39, 1.11047184467315673828e+00) (40, 7.27163648605346679688e+00) (41, -7.24876224994659423828e-02) (42, -1.08138412237167358398e-01) (43, -1.89828431606292724609e+00) (44, -8.01209628582000732422e-01) (45, -7.81170189380645751953e-01) (46, -9.01539516448974609375e+00) (47, -5.06865799427032470703e-01) (48, 4.81142568588256835938e+00) (49, 1.56877303123474121094e+00) (50, -9.29647743701934814453e-01) (51, 3.00239503383636474609e-01) (52, -2.13903620839118957520e-01) (53, -5.20501565933227539062e+00) (54, 3.77914428710937500000e+00) (55, 1.16402399539947509766e+00) (56, -2.53241151571273803711e-01) (57, -2.67003327608108520508e-01) (58, -2.10113835334777832031e+00) (59, 1.11327457427978515625e+00) (60, -1.05078411102294921875e+00) (61, -1.10461331903934478760e-01) (62, 8.97368118166923522949e-02) (63, -6.89764082431793212891e-01) (64, -5.59315025806427001953e-01) (65, -5.11445403099060058594e-01) (66, 4.15198898315429687500e+00) (67, 2.13756382465362548828e-01) (68, 1.29599881172180175781e+00) (69, -7.06633150577545166016e-01) (70, -4.26837503910064697266e-01) (71, 4.81913387775421142578e-01) (72, -6.75050079822540283203e-01) (73, 5.18144702911376953125e+00) (74, -1.66112792491912841797e+00) (75, -1.57126665115356445312e-01) (76, 2.06103563308715820312e+00) (77, -8.79869580268859863281e-01) (78, -9.66797862201929092407e-03) (79, 9.97663319110870361328e-01) (80, -8.21203827857971191406e-01) (81, -3.63898336887359619141e-01) (82, 3.85513663291931152344e-01) (83, -2.43920969963073730469e+00) (84, -6.12826538085937500000e+00) (85, -9.56266969442367553711e-02) (86, -4.44240450859069824219e-01) (87, -1.87587410211563110352e-01) (88, 4.64156270027160644531e-02) (89, -1.10605967044830322266e+00) (90, -2.08885952830314636230e-01) (91, -7.24980592727661132812e-01) (92, 7.39006400108337402344e-01) (93, 5.65335690975189208984e-01) (94, -4.60640132427215576172e-01) (95, 2.60815501213073730469e-01) (96, 6.09721064567565917969e-01) (97, 1.33155882358551025391e-01) (98, -2.11259782314300537109e-01) (99, -6.92035853862762451172e-02) (100, -5.40131747722625732422e-01) (101, 2.20918044447898864746e-01) (102, 2.55802017211914062500e+02) (103, 2.66448791503906250000e+02) (104, 2.12738490104675292969e+00) (0, 1.50000000000000000000e+03) (1, -5.38426933288574218750e+01) (2, 3.44712305068969726562e+00) (3, 4.75218868255615234375e+00) (4, 3.39831328392028808594e+00) (5, -4.31774215698242187500e+01) (6, 2.30583333969116210938e+00) (7, -1.49207482910156250000e+03) (8, 5.55221176147460937500e+01) (9, -5.71231231689453125000e+01) (10, 1.46724491119384765625e+01) (11, -4.48953628540039062500e-01) (12, -1.11626768112182617188e+00) (13, -3.21667556762695312500e+01) (14, -9.67301330566406250000e+01) (15, 3.67861926555633544922e-01) (16, 6.30244314670562744141e-01) (17, 7.90441453456878662109e-01) (18, -6.73069429397583007812e+00) (19, 1.59830880165100097656e+00) (20, 1.16839088439941406250e+02) (21, -1.50261077880859375000e+01) (22, -9.65043411254882812500e+01) (23, 8.08387565612792968750e+00) (24, -1.61973907470703125000e+02) (25, -3.66949615478515625000e+02) (26, 1.13370347023010253906e+00) (27, 1.61119496822357177734e+00) (28, -3.66222548484802246094e+00) (29, -1.19014205932617187500e+01) (30, -3.13924479484558105469e+00) (31, -1.37587738037109375000e+01) (32, -1.90348696708679199219e+00) (33, -2.33305692672729492188e+00) (34, 3.65901550292968750000e+02) (35, -4.63683128356933593750e+00) (36, 1.30907940864562988281e+00) (37, 3.09379291534423828125e+00) (38, 2.04109978675842285156e+00) (39, 3.52912783622741699219e+00) (40, -1.40383481979370117188e+00) (41, 2.52656707763671875000e+01) (42, 1.79553556442260742188e+00) (43, -2.95068645477294921875e+00) (44, -5.59299945831298828125e-01) (45, 1.83273053169250488281e+00) (46, 7.82703918457031250000e+02) (47, -2.98318481445312500000e+02) (48, -1.49100000000000000000e+03) (49, 1.39543998241424560547e+00) (50, 8.01108479499816894531e-01) (51, 6.04876577854156494141e-01) (52, -1.57599017024040222168e-01) (53, -2.00167369842529296875e+00) (54, -4.50328493118286132812e+00) (55, 4.15696868896484375000e+01) (56, 8.83108043670654296875e+00) (57, 4.59672117233276367188e+00) (58, -2.24581069946289062500e+02) (59, -1.16458259582519531250e+02) (60, 5.64382553100585937500e+00) (61, 4.68725109100341796875e+00) (62, 6.32427513599395751953e-01) (63, 8.50765705108642578125e+00) (64, 2.84510350227355957031e+00) (65, 4.99044895172119140625e+00) (66, -1.87248954772949218750e+01) (67, -9.33430004119873046875e+00) (68, -6.83067941665649414062e+00) (69, 2.05875640869140625000e+02) (70, 5.12335784733295440674e-02) (71, 2.18603658676147460938e+00) (72, 5.80447816848754882812e+00) (73, 7.52511108398437500000e+02) (74, 3.14784526824951171875e+00) (75, -9.41407382488250732422e-01) (76, 1.13167655467987060547e+00) (77, 7.87749767303466796875e+00) (78, 1.26291503906250000000e+01) (79, 2.46364164352416992188e+00) (80, 8.38535156250000000000e+01) (81, 1.19149108886718750000e+02) (82, 2.38893508911132812500e+00) (83, 3.88626327514648437500e+01) (84, -6.05317652225494384766e-02) (85, 1.00527276992797851562e+01) (86, 2.17830810546875000000e+01) (87, 1.55099620819091796875e+01) (88, 4.39083160400390625000e+02) (89, 2.45049667358398437500e+01) (90, 1.41772827148437500000e+02) (91, 1.72540512084960937500e+02) (92, 1.52867388725280761719e+00) (93, 2.50538444519042968750e+00) (94, 1.26430454254150390625e+01) (95, 1.50072145462036132812e+00) (96, 3.08765292167663574219e+00) (97, 2.09837746620178222656e+00) (98, 6.62455844879150390625e+00) (99, 3.21490931510925292969e+00) (100, 6.12216430664062500000e+02) (101, 2.53563165664672851562e+00) (102, 1.07759628295898437500e+02) (103, -7.17093884944915771484e-01) (104, -2.24193215370178222656e+00) (0, -1.50000000000000000000e+03) (1, 8.29529953002929687500e+00) (2, 7.13384985923767089844e-01) (3, 3.91199922561645507812e+00) (4, 7.91158199310302734375e-01) (5, 2.91321289062500000000e+02) (6, 3.12037372589111328125e+00) (7, 1.85720710754394531250e+01) (8, 9.78318881988525390625e+00) (9, 1.47002593994140625000e+02) (10, 1.94444954395294189453e+00) (11, 3.08216142654418945312e+00) (12, 1.99900112152099609375e+01) (13, 3.15136966705322265625e+01) (14, 3.20752288818359375000e+02) (15, 1.29887603759765625000e+02) (16, 1.02324226379394531250e+02) (17, 5.05357933044433593750e+01) (18, 3.82187891006469726562e+00) (19, 1.50478017330169677734e+00) (20, -6.94136276245117187500e+01) (21, -7.61383209228515625000e+01) (22, 4.33135864257812500000e+02) (23, -4.83449821472167968750e+01) (24, 8.33461425781250000000e+02) (25, -3.29173278808593750000e+01) (26, 3.48023235797882080078e-01) (27, 1.96738398075103759766e+00) (28, 5.47517538070678710938e+00) (29, -6.85920867919921875000e+01) (30, 2.21166920661926269531e+00) (31, 2.92058715820312500000e+01) (32, 5.07717840373516082764e-02) (33, 1.67376296997070312500e+02) (34, -2.16555042266845703125e+01) (35, 1.60670562744140625000e+02) (36, 2.78523681640625000000e+02) (37, 8.27565097808837890625e+00) (38, 2.10925426483154296875e+01) (39, 1.92282562255859375000e+01) (40, 2.81183959960937500000e+02) (41, 5.06283378601074218750e+01) (42, 2.76912307739257812500e+00) (43, 4.42145172119140625000e+02) (44, 1.31959495544433593750e+01) (45, -7.94193115234375000000e+01) (46, -4.96780319213867187500e+01) (47, 1.27157885742187500000e+03) (48, 2.27911102294921875000e+02) (49, 2.93774719238281250000e+02) (50, 1.95157909393310546875e+01) (51, 2.38592864990234375000e+02) (52, 1.56908512115478515625e+01) (53, 3.18723449707031250000e+01) (54, 1.03416233062744140625e+01) (55, 2.23835830688476562500e+01) (56, -4.50699597597122192383e-01) (57, -1.59379553794860839844e+00) (58, -9.96287912130355834961e-02) (59, 2.83964109420776367188e+00) (60, -5.98461702466011047363e-02) (61, 5.59560203552246093750e+00) (62, 1.97739486694335937500e+01) (63, 2.88350939750671386719e-01) (64, 8.07605075836181640625e+00) (65, -2.66499668359756469727e-02) (66, 5.17631874084472656250e+01) (67, 1.59494476318359375000e+01) (68, 3.00669479370117187500e+00) (69, -2.43212246894836425781e+00) (70, 1.89136493206024169922e+00) (71, 1.02063596248626708984e+00) (72, 7.50128850340843200684e-02) (73, 4.58531250000000000000e+02) (74, -6.36561632156372070312e-01) (75, 2.27244210243225097656e+00) (76, 1.31111097335815429688e+00) (77, -1.93021564483642578125e+01) (78, -2.74778366088867187500e-01) (79, 4.80998802185058593750e+00) (80, -1.81499445438385009766e+00) (81, -1.39710986614227294922e+00) (82, 1.81518733501434326172e-01) (83, -1.10911715030670166016e+00) (84, -1.11290371417999267578e+00) (85, -2.21017122268676757812e+00) (86, -8.56319236755371093750e+00) (87, -1.15708267688751220703e+00) (88, -4.85763883590698242188e+00) (89, -6.84543132781982421875e-01) (90, -2.20708599090576171875e+01) (91, -2.70233032226562500000e+02) (92, 7.17726945877075195312e-01) (93, -3.58373671770095825195e-01) (94, -7.06170701980590820312e+00) (95, -3.20178365707397460938e+00) (96, -4.52922642230987548828e-01) (97, -2.72076521068811416626e-02) (98, -2.84204268455505371094e+00) (99, -9.74886536598205566406e-01) (100, -1.78219970703125000000e+02) (101, -4.10009741783142089844e-01) (102, 1.50000000000000000000e+03) (103, -1.47500000000000000000e+03) (104, 3.54462766647338867188e+00) (0, 1.44547683715820312500e+02) (1, 2.92907348632812500000e+02) (2, 1.03025197982788085938e+00) (3, -5.46274328231811523438e+00) (4, 2.14721369743347167969e+00) (5, 1.44297888183593750000e+03) (6, 9.51973140239715576172e-01) (7, 2.03860595822334289551e-01) (8, 8.90276432037353515625e+00) (9, -7.69628810882568359375e+00) (10, 1.50913457870483398438e+01) (11, -1.88087522983551025391e-01) (12, -2.24953269958496093750e+00) (13, 7.88342514038085937500e+01) (14, -1.16467487812042236328e+00) (15, 3.37123684585094451904e-02) (16, 2.13456988334655761719e+00) (17, 1.06609255075454711914e-01) (18, 1.53118282556533813477e-01) (19, 8.87321352958679199219e-01) (20, 8.48872947692871093750e+00) (21, -7.74397945404052734375e+00) (22, -2.97818541526794433594e+00) (23, 8.05630683898925781250e+00) (24, 4.09227905273437500000e+02) (25, -8.70626098632812500000e+02) (26, 1.60869562625885009766e+00) (27, 1.97553420066833496094e+00) (28, -2.61859779357910156250e+01) (29, -9.55116629600524902344e-01) (30, -1.70398503541946411133e-01) (31, 4.41654413938522338867e-01) (32, -3.46911437988281250000e+02) (33, -1.18557662963867187500e+02) (34, 3.12461929321289062500e+01) (35, -6.96065187454223632812e+00) (36, 1.32136017084121704102e-01) (37, -1.58619582653045654297e+00) (38, 9.21370923519134521484e-01) (39, 1.46419210433959960938e+01) (40, 5.89488267898559570312e-01) (41, -5.64156723022460937500e+00) (42, 9.44510638713836669922e-01) (43, 3.47526311874389648438e-01) (44, 1.14007685333490371704e-02) (45, 1.46861779689788818359e+00) (46, -1.38347935676574707031e+00) (47, -1.46346496582031250000e+02) (48, -5.16767333984375000000e+02) (49, 7.43178606033325195312e-01) (50, 1.75936675071716308594e+00) (51, 7.51072525978088378906e-01) (52, -2.99946880340576171875e+00) (53, -9.28267538547515869141e-01) (54, -7.79043292999267578125e+00) (55, 4.85334968566894531250e+00) (56, 1.01246938705444335938e+01) (57, -1.59352791309356689453e+00) (58, 8.05442142486572265625e+00) (59, -5.85027933120727539062e-01) (60, 1.91081416606903076172e+00) (61, -4.35878705978393554688e+00) (62, -6.35272622108459472656e-01) (63, 3.09482979774475097656e+00) (64, 2.70668354034423828125e+01) (65, 6.02857065200805664062e+00) (66, -1.37898244857788085938e+01) (67, -6.23143768310546875000e+00) (68, 6.72326147556304931641e-01) (69, 1.27722148895263671875e+01) (70, -1.84792768955230712891e+00) (71, 6.87348723411560058594e-01) (72, 1.69790232181549072266e+00) (73, 4.84125900268554687500e+01) (74, 2.70618081092834472656e-01) (75, 5.52401590347290039062e+00) (76, 9.27465617656707763672e-01) (77, 2.25250411033630371094e+00) (78, 6.86707496643066406250e-01) (79, 5.65805494785308837891e-01) (80, 4.28578376770019531250e+00) (81, 3.63898897171020507812e+00) (82, 1.61841958761215209961e-01) (83, 7.50189256668090820312e+00) (84, 8.01377105712890625000e+00) (85, 8.79754066467285156250e+00) (86, 2.85798263549804687500e+00) (87, 9.96498465538024902344e-01) (88, 3.83705535888671875000e+02) (89, -2.84127407073974609375e+01) (90, 1.54468545913696289062e+01) (91, 1.88892410278320312500e+02) (92, 7.91724681854248046875e-01) (93, 8.89923214912414550781e-01) (94, 2.49749660491943359375e+00) (95, 4.92102444171905517578e-01) (96, 6.94302737712860107422e-01) (97, 1.86976373195648193359e-01) (98, 2.75722980499267578125e+00) (99, 1.33748424053192138672e+00) (100, 3.48933982849121093750e+00) (101, 7.51431226730346679688e-01) (102, -3.41909942626953125000e+02) (103, 8.08595886230468750000e+02) (104, 1.29247158765792846680e-01) (0, -1.50000000000000000000e+03) (1, 2.38835716247558593750e+00) (2, 1.82552850246429443359e+00) (3, 7.23785858154296875000e+01) (4, 2.27312254905700683594e+00) (5, 1.40186042785644531250e+01) (6, 2.93432188034057617188e+00) (7, 2.54063439369201660156e+00) (8, -1.04337620735168457031e+00) (9, 4.75633239746093750000e+01) (10, 1.19007241725921630859e+00) (11, 4.18619079589843750000e+01) (12, 2.71083862304687500000e+02) (13, 2.20241951942443847656e+00) (14, 4.74047698974609375000e+01) (15, 4.56425428390502929688e+00) (16, 2.31781554222106933594e+00) (17, 3.56632614135742187500e+00) (18, 4.93050432205200195312e+00) (19, 1.54971098899841308594e+00) (20, -1.48053169250488281250e+01) (21, 1.74396157264709472656e+00) (22, 5.83220596313476562500e+01) (23, -1.31079554557800292969e-01) (24, 5.57445478439331054688e+00) (25, 9.04654026031494140625e+00) (26, 1.76138603687286376953e+00) (27, 1.34559738636016845703e+00) (28, 3.57582974433898925781e+00) (29, 1.48350083827972412109e+00) (30, 1.04077172279357910156e+00) (31, 2.31076622009277343750e+00) (32, 2.51019692420959472656e+00) (33, 3.88711237907409667969e+00) (34, -1.37827472686767578125e+01) (35, 9.41489505767822265625e+00) (36, 9.80865764617919921875e+00) (37, 1.29298496246337890625e+01) (38, 8.60230445861816406250e+00) (39, 2.34290552139282226562e+00) (40, 9.51240768432617187500e+01) (41, -1.50623846054077148438e+00) (42, 2.27298593521118164062e+00) (43, 1.36985540390014648438e+00) (44, 1.74817144870758056641e+00) (45, 1.47588741779327392578e+00) (46, -7.66046822071075439453e-01) (47, 3.19906654357910156250e+01) (48, 3.72868537902832031250e+01) (49, 2.72252511978149414062e+00) (50, 1.97673749923706054688e+00) (51, 2.13184738159179687500e+00) (52, 2.96424508094787597656e+00) (53, 2.59339237213134765625e+01) (54, 3.64768066406250000000e+01) (55, 1.07274904251098632812e+01) (56, 1.42676496505737304688e+00) (57, 9.59121465682983398438e-01) (58, -3.15528678894042968750e+01) (59, 1.07823669433593750000e+02) (60, 1.17282021045684814453e+00) (61, 1.03922929763793945312e+01) (62, 1.53476352691650390625e+01) (63, 1.18449354171752929688e+00) (64, -1.56306827068328857422e+00) (65, 2.04138612747192382812e+00) (66, 1.79662551879882812500e+01) (67, 8.42578125000000000000e+01) (68, -4.32913255691528320312e+00) (69, 1.39421081542968750000e+00) (70, 3.08043265342712402344e+00) (71, 2.23244991302490234375e+01) (72, 1.04779028892517089844e+00) (73, 4.28173980712890625000e+01) (74, -1.17656910419464111328e+00) (75, 1.63605560302734375000e+02) (76, -2.48642587661743164062e+00) (77, 7.37105488777160644531e-01) (78, 4.16867561340332031250e+01) (79, 1.34677863121032714844e+00) (80, 3.41098785400390625000e+01) (81, 1.51729011535644531250e+00) (82, 3.99922332763671875000e+01) (83, 5.19608306884765625000e+01) (84, 2.49834823608398437500e+02) (85, 1.39832582473754882812e+01) (86, 2.58266186714172363281e+00) (87, 1.51636123657226562500e+01) (88, 3.76562767028808593750e+01) (89, 8.40068817138671875000e+01) (90, 1.68711547851562500000e+01) (91, 2.40102252960205078125e+01) (92, 1.60270538330078125000e+01) (93, 5.48846817016601562500e+00) (94, 2.57374286651611328125e+00) (95, 1.38973588943481445312e+01) (96, 2.78944320678710937500e+01) (97, 8.95842647552490234375e+00) (98, 2.28561711311340332031e+00) (99, 3.07874755859375000000e+01) (100, 2.72722959518432617188e+00) (101, 3.21977019309997558594e+00) (102, -2.92370152473449707031e+00) (103, 5.71893692016601562500e+00) (104, -4.51556175947189331055e-01) (0, -5.56234855651855468750e+01) (1, 1.78122639656066894531e+00) (2, 1.71339118480682373047e+00) (3, 5.12433385848999023438e+00) (4, 1.18154740333557128906e+00) (5, 1.14012408256530761719e+00) (6, 2.27698278427124023438e+00) (7, 3.09256076812744140625e-01) (8, -2.47194075584411621094e+00) (9, 1.19045794010162353516e+00) (10, 8.18295300006866455078e-01) (11, 1.65479016304016113281e+00) (12, 7.02235758304595947266e-01) (13, 2.86372399330139160156e+00) (14, 1.10769879817962646484e+00) (15, 2.15252256393432617188e+00) (16, 4.30838078260421752930e-01) (17, 3.71564000844955444336e-01) (18, 2.26770520210266113281e+00) (19, 5.53469825536012649536e-03) (20, -5.75257956981658935547e-01) (21, 1.93200111389160156250e+00) (22, 1.47405230998992919922e+00) (23, -3.63737964630126953125e+00) (24, -2.94088029861450195312e+00) (25, -1.30978000164031982422e+00) (26, 2.47447878122329711914e-01) (27, -6.19153380393981933594e-01) (28, -4.45471107959747314453e-01) (29, -1.40456393361091613770e-01) (30, 5.38389205932617187500e-01) (31, 2.27208867669105529785e-01) (32, 1.43431246280670166016e-01) (33, 1.74497044086456298828e+00) (34, 1.89597502350807189941e-01) (35, 5.99004745483398437500e+00) (36, -2.32551932334899902344e-01) (37, -9.92550551891326904297e-01) (38, -2.37373173236846923828e-01) (39, -4.78495448827743530273e-01) (40, 2.26369285583496093750e+00) (41, -5.14348968863487243652e-02) (42, 2.16273665428161621094e+00) (43, -5.28199449181556701660e-02) (44, -3.44667345285415649414e-01) (45, -8.92546772956848144531e-01) (46, 7.33908605575561523438e+00) (47, -4.24381494522094726562e+00) (48, 1.18813490867614746094e+00) (49, 2.02905440330505371094e+00) (50, -5.40219306945800781250e-01) (51, 7.93820202350616455078e-01) (52, -3.81155103445053100586e-01) (53, 2.52806186676025390625e-01) (54, -8.19266200065612792969e-01) (55, -4.92168140411376953125e+00) (56, 1.48385763168334960938e+00) (57, -1.55184469223022460938e+01) (58, -7.33788430690765380859e-01) (59, 8.87436866760253906250e+00) (60, -1.26216873526573181152e-01) (61, -2.21763825416564941406e+00) (62, 2.33929538726806640625e+00) (63, 2.91358172893524169922e-01) (64, 3.58097791671752929688e-01) (65, 1.20716452598571777344e+00) (66, 7.85583162307739257812e+00) (67, 1.52550613880157470703e+00) (68, 9.54678580164909362793e-02) (69, 1.62011480331420898438e+00) (70, 2.66298174858093261719e+00) (71, 8.79953801631927490234e-01) (72, 3.07464301586151123047e-01) (73, -1.07221734523773193359e+00) (74, 6.41463339328765869141e-01) (75, 5.89035558700561523438e+00) (76, 6.33914422988891601562e+00) (77, -1.90713191032409667969e+00) (78, -9.43440616130828857422e-01) (79, 4.68624889850616455078e-01) (80, 1.59719073772430419922e+00) (81, -1.73295512795448303223e-01) (82, 2.87371730804443359375e+00) (83, -2.45160627365112304688e+00) (84, 4.97116041183471679688e+00) (85, -7.52816390991210937500e+00) (86, 1.65524280071258544922e+00) (87, 2.25890755653381347656e+00) (88, 7.76288700103759765625e+00) (89, 3.74407005310058593750e+00) (90, 3.25170040130615234375e-01) (91, 1.07066795229911804199e-01) (92, -5.88738322257995605469e-01) (93, 1.68649256229400634766e+00) (94, 8.95898044109344482422e-01) (95, -1.33231297135353088379e-01) (96, 3.01342463493347167969e+00) (97, 1.32174003124237060547e+00) (98, 4.68904161453247070312e+00) (99, -1.53285372257232666016e+00) (100, 3.19913029670715332031e-01) (101, 2.44787549972534179688e+00) (102, -1.09059226512908935547e+00) (103, 2.88626503944396972656e+00) (104, 1.40754330158233642578e+00) (0, 1.50000000000000000000e+03) (1, 8.83666534423828125000e+01) (2, 7.20778322219848632812e+00) (3, 3.53155398368835449219e+00) (4, 4.06935644149780273438e+00) (5, 1.49830474853515625000e+02) (6, 9.27912652492523193359e-01) (7, -1.42302587890625000000e+03) (8, 9.70492248535156250000e+02) (9, -1.41856225585937500000e+03) (10, 9.50766067504882812500e+01) (11, -1.14699780941009521484e+00) (12, -1.46947900390625000000e+03) (13, -7.78845458984375000000e+02) (14, -1.32376281738281250000e+03) (15, 2.04895526170730590820e-01) (16, -2.15529193878173828125e+01) (17, -2.02499222755432128906e+00) (18, -1.35697341918945312500e+02) (19, 1.69916474819183349609e+00) (20, 1.48731628417968750000e+03) (21, -5.67191429138183593750e+01) (22, -2.62985687255859375000e+02) (23, 5.18470764160156250000e+00) (24, -1.49997302246093750000e+03) (25, -1.49990332031250000000e+03) (26, 6.94395959377288818359e-01) (27, 1.19808137416839599609e+00) (28, -8.99079608917236328125e+00) (29, -1.05813157558441162109e+00) (30, -3.78213334083557128906e+00) (31, -7.02968025207519531250e+00) (32, -8.37505310058593750000e+02) (33, -2.65189342498779296875e+01) (34, 1.50000000000000000000e+03) (35, -1.43265266418457031250e+01) (36, 1.83990657329559326172e-01) (37, -2.15917393565177917480e-01) (38, 5.51213741302490234375e-01) (39, 2.14034485816955566406e+00) (40, -8.03076477050781250000e+01) (41, 1.64243755340576171875e+01) (42, 1.29585874080657958984e+00) (43, -2.60094177246093750000e+02) (44, -1.59940516948699951172e+00) (45, 2.48907491564750671387e-01) (46, 1.50000000000000000000e+03) (47, -1.50000000000000000000e+03) (48, -1.48957653808593750000e+03) (49, -1.00167365744709968567e-02) (50, -1.17236457765102386475e-01) (51, -1.02340974807739257812e+01) (52, -7.25070714950561523438e-01) (53, -2.74075592041015625000e+02) (54, -5.58316993713378906250e+00) (55, 2.88309603929519653320e-01) (56, 6.37231206893920898438e+00) (57, 4.64214754104614257812e+00) (58, 6.80775451660156250000e+01) (59, 6.20944440364837646484e-01) (60, 5.96971797943115234375e+00) (61, 2.79518246650695800781e-01) (62, -5.67139530181884765625e+00) (63, 8.01463127136230468750e+00) (64, 5.03672361373901367188e+00) (65, 5.05784320831298828125e+00) (66, -7.83030883789062500000e+02) (67, -1.55409491062164306641e+00) (68, -2.52010226249694824219e-01) (69, 1.16908862304687500000e+03) (70, -2.31759190559387207031e+00) (71, 1.75127685070037841797e+00) (72, 1.50000000000000000000e+03) (73, -1.50000000000000000000e+03) (74, 2.58596968650817871094e+00) (75, -7.53062438964843750000e+01) (76, 9.52366292476654052734e-01) (77, 7.70100641250610351562e+00) (78, 1.49416899681091308594e+00) (79, 1.50001406669616699219e+00) (80, 5.85530328750610351562e+00) (81, 5.95038757324218750000e+02) (82, 2.41476249694824218750e+00) (83, 1.50000000000000000000e+03) (84, 9.87138175964355468750e+00) (85, 8.39053344726562500000e+00) (86, 1.87281379699707031250e+01) (87, 3.53474116325378417969e+00) (88, 1.50000000000000000000e+03) (89, 1.50000000000000000000e+03) (90, 1.50000000000000000000e+03) (91, 1.50000000000000000000e+03) (92, 1.68744635581970214844e+00) (93, 3.09991240501403808594e+00) (94, 1.42587480545043945312e+01) (95, 2.43039417266845703125e+00) (96, 2.60321664810180664062e+00) (97, 2.55439472198486328125e+00) (98, 1.76179790496826171875e+01) (99, 3.40930962562561035156e+00) (100, 1.50000000000000000000e+03) (101, 2.95384383201599121094e+00) (102, 2.22591033935546875000e+02) (103, 2.85057830810546875000e+02) (104, -2.75751471519470214844e+00) (105, 2.94975304603576660156e+00) (106, 5.46894741058349609375e+00) (107, 2.69172573089599609375e+00) (108, -6.36501729488372802734e-01) (109, 7.93744516372680664062e+00) (110, 2.75224304199218750000e+00) (111, 9.47941184043884277344e-01) (112, 6.11894941329956054688e+00) (113, 2.76632094383239746094e+00) (114, -2.37850248813629150391e-01) (115, -3.54204326868057250977e-01) (116, 3.11106467247009277344e+00) (117, 2.39876842498779296875e+00) (118, -2.15870171785354614258e-01) (119, -3.73752021789550781250e+00) (120, -2.93800282478332519531e+00) (121, 2.00338673591613769531e+00) (122, 2.16996026039123535156e+00) (123, 5.97977113723754882812e+00) (124, -3.51746678352355957031e-01) (125, 3.09251999855041503906e+00) (126, -2.89954811334609985352e-01) (127, 2.22438287734985351562e+00) (128, 3.46071505546569824219e+00) (129, -1.90230861306190490723e-01) (130, 2.22526001930236816406e+00) 
