FANN_FLO_2.1
num_layers=3
learning_rate=0.700000
connection_rate=1.000000
network_type=0
learning_momentum=0.000000
training_algorithm=2
train_error_function=1
train_stop_function=0
cascade_output_change_fraction=0.010000
quickprop_decay=-0.000100
quickprop_mu=1.750000
rprop_increase_factor=1.200000
rprop_decrease_factor=0.500000
rprop_delta_min=0.000000
rprop_delta_max=50.000000
rprop_delta_zero=0.100000
cascade_output_stagnation_epochs=12
cascade_candidate_change_fraction=0.010000
cascade_candidate_stagnation_epochs=12
cascade_max_out_epochs=150
cascade_max_cand_epochs=150
cascade_num_candidate_groups=2
bit_fail_limit=3.49999994039535522461e-01
cascade_candidate_limit=1.00000000000000000000e+03
cascade_weight_multiplier=4.00000005960464477539e-01
cascade_activation_functions_count=10
cascade_activation_functions=3 5 7 8 10 11 14 15 16 17 
cascade_activation_steepnesses_count=4
cascade_activation_steepnesses=2.50000000000000000000e-01 5.00000000000000000000e-01 7.50000000000000000000e-01 1.00000000000000000000e+00 
layer_sizes=105 26 2 
scale_included=0
neurons (num_inputs, activation_function, activation_steepness)=(0, 0, 0.00000000000000000000e+00) (0, 0, 0.00000000000000000000e+00) (0, 0, 0.00000000000000000000e+00) (0, 0, 0.00000000000000000000e+00) (0, 0, 0.00000000000000000000e+00) (0, 0, 0.00000000000000000000e+00) (0, 0, 0.00000000000000000000e+00) (0, 0, 0.00000000000000000000e+00) (0, 0, 0.00000000000000000000e+00) (0, 0, 0.00000000000000000000e+00) (0, 0, 0.00000000000000000000e+00) (0, 0, 0.00000000000000000000e+00) (0, 0, 0.00000000000000000000e+00) (0, 0, 0.00000000000000000000e+00) (0, 0, 0.00000000000000000000e+00) (0, 0, 0.00000000000000000000e+00) (0, 0, 0.00000000000000000000e+00) (0, 0, 0.00000000000000000000e+00) (0, 0, 0.00000000000000000000e+00) (0, 0, 0.00000000000000000000e+00) (0, 0, 0.00000000000000000000e+00) (0, 0, 0.00000000000000000000e+00) (0, 0, 0.00000000000000000000e+00) (0, 0, 0.00000000000000000000e+00) (0, 0, 0.00000000000000000000e+00) (0, 0, 0.00000000000000000000e+00) (0, 0, 0.00000000000000000000e+00) (0, 0, 0.00000000000000000000e+00) (0, 0, 0.00000000000000000000e+00) (0, 0, 0.00000000000000000000e+00) (0, 0, 0.00000000000000000000e+00) (0, 0, 0.00000000000000000000e+00) (0, 0, 0.00000000000000000000e+00) (0, 0, 0.00000000000000000000e+00) (0, 0, 0.00000000000000000000e+00) (0, 0, 0.00000000000000000000e+00) (0, 0, 0.00000000000000000000e+00) (0, 0, 0.00000000000000000000e+00) (0, 0, 0.00000000000000000000e+00) (0, 0, 0.00000000000000000000e+00) (0, 0, 0.00000000000000000000e+00) (0, 0, 0.00000000000000000000e+00) (0, 0, 0.00000000000000000000e+00) (0, 0, 0.00000000000000000000e+00) (0, 0, 0.00000000000000000000e+00) (0, 0, 0.00000000000000000000e+00) (0, 0, 0.00000000000000000000e+00) (0, 0, 0.00000000000000000000e+00) (0, 0, 0.00000000000000000000e+00) (0, 0, 0.00000000000000000000e+00) (0, 0, 0.00000000000000000000e+00) (0, 0, 0.00000000000000000000e+00) (0, 0, 0.00000000000000000000e+00) (0, 0, 0.00000000000000000000e+00) (0, 0, 0.00000000000000000000e+00) (0, 0, 0.00000000000000000000e+00) (0, 0, 0.00000000000000000000e+00) (0, 0, 0.00000000000000000000e+00) (0, 0, 0.00000000000000000000e+00) (0, 0, 0.00000000000000000000e+00) (0, 0, 0.00000000000000000000e+00) (0, 0, 0.00000000000000000000e+00) (0, 0, 0.00000000000000000000e+00) (0, 0, 0.00000000000000000000e+00) (0, 0, 0.00000000000000000000e+00) (0, 0, 0.00000000000000000000e+00) (0, 0, 0.00000000000000000000e+00) (0, 0, 0.00000000000000000000e+00) (0, 0, 0.00000000000000000000e+00) (0, 0, 0.00000000000000000000e+00) (0, 0, 0.00000000000000000000e+00) (0, 0, 0.00000000000000000000e+00) (0, 0, 0.00000000000000000000e+00) (0, 0, 0.00000000000000000000e+00) (0, 0, 0.00000000000000000000e+00) (0, 0, 0.00000000000000000000e+00) (0, 0, 0.00000000000000000000e+00) (0, 0, 0.00000000000000000000e+00) (0, 0, 0.00000000000000000000e+00) (0, 0, 0.00000000000000000000e+00) (0, 0, 0.00000000000000000000e+00) (0, 0, 0.00000000000000000000e+00) (0, 0, 0.00000000000000000000e+00) (0, 0, 0.00000000000000000000e+00) (0, 0, 0.00000000000000000000e+00) (0, 0, 0.00000000000000000000e+00) (0, 0, 0.00000000000000000000e+00) (0, 0, 0.00000000000000000000e+00) (0, 0, 0.00000000000000000000e+00) (0, 0, 0.00000000000000000000e+00) (0, 0, 0.00000000000000000000e+00) (0, 0, 0.00000000000000000000e+00) (0, 0, 0.00000000000000000000e+00) (0, 0, 0.00000000000000000000e+00) (0, 0, 0.00000000000000000000e+00) (0, 0, 0.00000000000000000000e+00) (0, 0, 0.00000000000000000000e+00) (0, 0, 0.00000000000000000000e+00) (0, 0, 0.00000000000000000000e+00) (0, 0, 0.00000000000000000000e+00) (0, 0, 0.00000000000000000000e+00) (0, 0, 0.00000000000000000000e+00) (0, 0, 0.00000000000000000000e+00) (0, 0, 0.00000000000000000000e+00) (0, 0, 0.00000000000000000000e+00) (105, 5, 5.00000000000000000000e-01) (105, 5, 5.00000000000000000000e-01) (105, 5, 5.00000000000000000000e-01) (105, 5, 5.00000000000000000000e-01) (105, 5, 5.00000000000000000000e-01) (105, 5, 5.00000000000000000000e-01) (105, 5, 5.00000000000000000000e-01) (105, 5, 5.00000000000000000000e-01) (105, 5, 5.00000000000000000000e-01) (105, 5, 5.00000000000000000000e-01) (105, 5, 5.00000000000000000000e-01) (105, 5, 5.00000000000000000000e-01) (105, 5, 5.00000000000000000000e-01) (105, 5, 5.00000000000000000000e-01) (105, 5, 5.00000000000000000000e-01) (105, 5, 5.00000000000000000000e-01) (105, 5, 5.00000000000000000000e-01) (105, 5, 5.00000000000000000000e-01) (105, 5, 5.00000000000000000000e-01) (105, 5, 5.00000000000000000000e-01) (105, 5, 5.00000000000000000000e-01) (105, 5, 5.00000000000000000000e-01) (105, 5, 5.00000000000000000000e-01) (105, 5, 5.00000000000000000000e-01) (105, 5, 5.00000000000000000000e-01) (0, 5, 0.00000000000000000000e+00) (26, 5, 5.00000000000000000000e-01) (0, 5, 0.00000000000000000000e+00) 
connections (connected_to_neuron, weight)=(0, -3.14559936523437500000e+00) (1, -4.07091856002807617188e-01) (2, 5.69709956645965576172e-01) (3, -3.30282337963581085205e-02) (4, 1.53012359142303466797e+00) (5, -4.50953692197799682617e-01) (6, -1.19915887713432312012e-01) (7, -1.31621706485748291016e+00) (8, -4.26469594240188598633e-02) (9, -7.14625537395477294922e-01) (10, 4.77169394493103027344e-01) (11, 1.09460793435573577881e-01) (12, -7.14824616909027099609e-01) (13, -7.97850549221038818359e-01) (14, -7.31361210346221923828e-01) (15, -4.58619743585586547852e-02) (16, 2.85025894641876220703e-01) (17, -1.98708653450012207031e-01) (18, -1.20647382736206054688e+00) (19, -1.77098572254180908203e-01) (20, -3.13805118203163146973e-02) (21, -8.25847923755645751953e-01) (22, -5.97074806690216064453e-01) (23, -4.63159263134002685547e-01) (24, 8.89023765921592712402e-02) (25, -4.72176104784011840820e-01) (26, -7.16200545430183410645e-02) (27, -5.07513135671615600586e-02) (28, -1.16530716419219970703e-01) (29, -2.36851461231708526611e-02) (30, -1.76617383956909179688e-01) (31, -1.69370472431182861328e-01) (32, -4.23603832721710205078e-01) (33, 2.51771956682205200195e-02) (34, -5.26454895734786987305e-02) (35, -6.06150209903717041016e-01) (36, -1.36772617697715759277e-01) (37, 1.12691588699817657471e-01) (38, 9.55734312534332275391e-01) (39, 4.57848668098449707031e-01) (40, 1.39842376112937927246e-01) (41, -7.81114006042480468750e+00) (42, -5.95781445503234863281e-01) (43, -6.89019143581390380859e-01) (44, -8.94617259502410888672e-01) (45, 1.00903499126434326172e+00) (46, -2.58511853218078613281e+00) (47, 3.17993104457855224609e-01) (48, -6.35456144809722900391e-01) (49, -2.79534965753555297852e-01) (50, 5.32098487019538879395e-02) (51, 2.19481396675109863281e+00) (52, 3.16541790962219238281e-01) (53, -6.26978337764739990234e-01) (54, 8.06803226470947265625e-01) (55, -5.13393783569335937500e+00) (56, -6.33892536163330078125e-01) (57, 1.30048265457153320312e+01) (58, -2.67271113395690917969e+00) (59, 8.43194580078125000000e+00) (60, 1.05350697040557861328e+00) (61, -3.14746999740600585938e+00) (62, 9.70304191112518310547e-01) (63, 1.60100114345550537109e+00) (64, 5.19535064697265625000e+00) (65, 1.72059226036071777344e+00) (66, 1.23170542716979980469e+00) (67, -1.08639466762542724609e+00) (68, 1.29319095611572265625e+00) (69, 2.26375269889831542969e+00) (70, 1.69312965869903564453e+00) (71, 1.62476813793182373047e+00) (72, 1.78952908515930175781e+00) (73, 1.58580255508422851562e+00) (74, 1.68458271026611328125e+00) (75, 4.01532232761383056641e-01) (76, -2.21374198794364929199e-01) (77, 1.74975931644439697266e+00) (78, -6.87393569946289062500e+00) (79, 6.29196882247924804688e-01) (80, -1.28891241550445556641e+00) (81, 2.05183887481689453125e+00) (82, -5.91058552265167236328e-01) (83, 4.36929273605346679688e+00) (84, -5.74491500854492187500e+00) (85, -2.81889057159423828125e+00) (86, 2.07299184799194335938e+00) (87, 9.96728718280792236328e-01) (88, 4.59816837310791015625e+00) (89, -1.31169462203979492188e+00) (90, -3.12613308429718017578e-01) (91, 2.34483242034912109375e+00) (92, -2.69874453544616699219e+00) (93, 1.32622766494750976562e+00) (94, 2.20175528526306152344e+00) (95, 1.70139026641845703125e+00) (96, 9.81899321079254150391e-01) (97, 3.51632022857666015625e+00) (98, 2.39333224296569824219e+00) (99, 2.06796026229858398438e+00) (100, 2.12584781646728515625e+00) (101, -2.53562957048416137695e-01) (102, -2.06996250152587890625e+00) (103, 4.40146160125732421875e+00) (104, 3.46649974584579467773e-01) (0, -8.39432120323181152344e-01) (1, 1.72087347507476806641e+00) (2, -8.11855375766754150391e-01) (3, -5.06710171699523925781e-01) (4, -7.50834941864013671875e-01) (5, -2.49452456831932067871e-01) (6, 1.33540773391723632812e+00) (7, -1.63336431980133056641e+00) (8, -5.23293793201446533203e-01) (9, 4.45771247148513793945e-01) (10, 5.86838901042938232422e-01) (11, -5.79386055469512939453e-01) (12, -3.17877888679504394531e-01) (13, 1.88992857933044433594e-01) (14, 1.23546659946441650391e+00) (15, -5.86626768112182617188e-01) (16, 1.16792619228363037109e+00) (17, 1.44088757038116455078e+00) (18, -9.65880453586578369141e-02) (19, -2.24232658743858337402e-01) (20, -5.94249442219734191895e-02) (21, -8.88280391693115234375e-01) (22, -1.12104010581970214844e+00) (23, 5.42288124561309814453e-01) (24, -8.56521844863891601562e-01) (25, -5.44184923171997070312e-01) (26, -6.71145645901560783386e-03) (27, -6.25346243381500244141e-01) (28, -7.76508808135986328125e-01) (29, 8.47500324249267578125e-01) (30, -6.88721835613250732422e-01) (31, 1.45883417129516601562e+00) (32, -5.33637762069702148438e-01) (33, -6.54172897338867187500e-01) (34, -5.49128130078315734863e-02) (35, 1.23916363716125488281e+00) (36, -6.98818027973175048828e-01) (37, -1.00946247577667236328e-01) (38, 7.39032506942749023438e-01) (39, 1.22817897796630859375e+00) (40, -1.35138005018234252930e-01) (41, 2.46544146537780761719e+00) (42, -9.82511043548583984375e-01) (43, -9.70531284809112548828e-01) (44, -8.63232195377349853516e-01) (45, -4.01791840791702270508e-01) (46, 1.61995410919189453125e+00) (47, 1.15509009361267089844e+00) (48, -3.02542257308959960938e+00) (49, 6.25137090682983398438e-01) (50, -2.50203192234039306641e-01) (51, 1.14650583267211914062e+00) (52, -3.99991452693939208984e-01) (53, 2.61719703674316406250e+00) (54, -7.03086435794830322266e-01) (55, 3.88303947448730468750e+00) (56, -8.25577497482299804688e-01) (57, -1.34422039985656738281e+00) (58, -3.47658920288085937500e+00) (59, 1.04957163333892822266e+00) (60, -7.14723706245422363281e-01) (61, 6.77592217922210693359e-01) (62, -7.36318230628967285156e-01) (63, -1.89181745052337646484e-01) (64, 2.60154414176940917969e+00) (65, -1.17544078826904296875e+00) (66, -1.07864606380462646484e+00) (67, -2.48977398872375488281e+00) (68, -8.09105455875396728516e-01) (69, 7.27774500846862792969e-01) (70, 2.70564270019531250000e+00) (71, 1.54416811466217041016e+00) (72, 1.49140453338623046875e+00) (73, 2.74030518531799316406e+00) (74, 3.49788337945938110352e-01) (75, -1.42235476523637771606e-02) (76, -3.93154335021972656250e+00) (77, 9.59615647792816162109e-01) (78, 7.98109844326972961426e-02) (79, -1.00707900524139404297e+00) (80, 2.25346040725708007812e+00) (81, -2.47813090682029724121e-01) (82, 5.52348375320434570312e-01) (83, -2.04602670669555664062e+00) (84, 3.63002562522888183594e+00) (85, -8.91516566276550292969e-01) (86, -2.88431644439697265625e-01) (87, -3.82871091365814208984e-01) (88, 1.28458905220031738281e+00) (89, -5.24262487888336181641e-01) (90, -3.29365223646163940430e-01) (91, 2.29011058807373046875e+00) (92, 3.86260330677032470703e-01) (93, 1.91859439015388488770e-01) (94, -5.99322199821472167969e-01) (95, 1.88114297389984130859e+00) (96, -7.54314541816711425781e-01) (97, -4.09648090600967407227e-01) (98, -9.36366140842437744141e-01) (99, 2.04261469841003417969e+00) (100, 4.20538693666458129883e-01) (101, -6.60149991512298583984e-01) (102, 6.13791644573211669922e-01) (103, 1.63427817821502685547e+00) (104, 2.64632272720336914062e+00) (0, 2.69051861763000488281e+00) (1, 1.24289929866790771484e+00) (2, 1.02406501770019531250e-01) (3, 8.85405242443084716797e-02) (4, -8.71664360165596008301e-02) (5, 5.07392942905426025391e-01) (6, -5.98526537418365478516e-01) (7, 5.20977318286895751953e-01) (8, 9.93148863315582275391e-01) (9, 1.11052040010690689087e-02) (10, -2.46795463562011718750e+00) (11, 4.18936491012573242188e-01) (12, 1.76118874549865722656e+00) (13, 2.02871918678283691406e+00) (14, 2.30476856231689453125e-01) (15, -1.30134892463684082031e+00) (16, 3.62915664911270141602e-01) (17, -1.02823771536350250244e-01) (18, -1.54294431209564208984e+00) (19, -1.22452765703201293945e-01) (20, -8.36816024780273437500e+00) (21, 1.45994639396667480469e+00) (22, -2.14813423156738281250e+00) (23, -2.01475524902343750000e+00) (24, 7.64261245727539062500e-01) (25, -3.36321622133255004883e-01) (26, 1.25356054306030273438e+00) (27, -3.74398171901702880859e-01) (28, -8.73086512088775634766e-01) (29, -1.74733623862266540527e-02) (30, 2.51088643074035644531e+00) (31, 1.29730737209320068359e+00) (32, -1.30262506008148193359e+00) (33, 1.55669182538986206055e-01) (34, 1.16323673725128173828e+00) (35, 2.33354568481445312500e+00) (36, -1.28566133975982666016e+00) (37, -2.02344226837158203125e+00) (38, -1.27832341194152832031e+00) (39, 7.42940306663513183594e-01) (40, 4.02920818328857421875e+00) (41, -3.92598420381546020508e-01) (42, 8.44930827617645263672e-01) (43, -1.39394223690032958984e+00) (44, 8.38879108428955078125e-01) (45, 7.61976778507232666016e-01) (46, -5.22607147693634033203e-01) (47, 1.82179093360900878906e+00) (48, 7.54776656627655029297e-01) (49, 4.37406182289123535156e-01) (50, -3.39736789464950561523e-01) (51, -5.95646381378173828125e-01) (52, -2.19796940684318542480e-01) (53, -7.65852108597755432129e-02) (54, -1.78569233417510986328e+00) (55, -1.15852124989032745361e-01) (56, 2.25516223907470703125e+00) (57, -7.27289140224456787109e-01) (58, -8.90576541423797607422e-01) (59, -8.81908059120178222656e-01) (60, -7.07729995250701904297e-01) (61, -7.14907407760620117188e-01) (62, 7.76783764362335205078e-01) (63, -1.37548238039016723633e-01) (64, -2.59660631418228149414e-01) (65, -6.02918788790702819824e-02) (66, 7.61329174041748046875e-01) (67, -2.50232011079788208008e-01) (68, -7.26347029209136962891e-01) (69, -7.71113693714141845703e-01) (70, -5.82598626613616943359e-01) (71, 1.13317739963531494141e+00) (72, -7.07022309303283691406e-01) (73, -9.87613260746002197266e-01) (74, 5.72406165301799774170e-02) (75, -6.87880098819732666016e-01) (76, -1.53852656483650207520e-01) (77, 2.20710158348083496094e+00) (78, -1.84609159827232360840e-01) (79, -5.76545476913452148438e-01) (80, 3.60418766736984252930e-01) (81, -2.31330960988998413086e-01) (82, 1.64563095569610595703e+00) (83, -1.58459588885307312012e-01) (84, -8.52725982666015625000e-01) (85, -1.51754349470138549805e-01) (86, 9.68497872352600097656e-01) (87, -8.18260788917541503906e-01) (88, 1.22175085544586181641e+00) (89, -1.93337537348270416260e-03) (90, 1.69014930725097656250e+00) (91, -1.40968728810548782349e-02) (92, -7.32409060001373291016e-01) (93, 1.03701400756835937500e+00) (94, -6.97271466255187988281e-01) (95, -1.83033466339111328125e+00) (96, 1.72856557369232177734e+00) (97, -2.04530328512191772461e-01) (98, -7.28501677513122558594e-01) (99, 1.76506114006042480469e+00) (100, -6.44845128059387207031e-01) (101, 2.35275309532880783081e-02) (102, -1.28462839126586914062e+01) (103, 2.21460437774658203125e+01) (104, 2.48732280731201171875e+00) (0, 5.26545000076293945312e+00) (1, 9.31981980800628662109e-01) (2, -1.43926620483398437500e+00) (3, -3.72171640396118164062e+00) (4, 1.61054074764251708984e-01) (5, 2.12979388236999511719e+00) (6, 1.32844161987304687500e+00) (7, 1.75101828575134277344e+00) (8, -1.94662702083587646484e+00) (9, 2.57995009422302246094e-01) (10, -2.60603952407836914062e+00) (11, 1.80050098896026611328e+00) (12, 3.63308429718017578125e+00) (13, 1.28903305530548095703e+00) (14, 1.09183633327484130859e+00) (15, -5.59291422367095947266e-01) (16, -1.21282434463500976562e+01) (17, -4.79568779468536376953e-01) (18, -1.52149903774261474609e+00) (19, -5.91476142406463623047e-01) (20, -9.10530376434326171875e+00) (21, -1.39063954353332519531e+00) (22, 1.89000689983367919922e+00) (23, 2.04703375697135925293e-01) (24, -1.28260679244995117188e+01) (25, 3.90834212303161621094e+00) (26, 6.48968100547790527344e-01) (27, 3.63252878189086914062e-01) (28, 5.46098351478576660156e-01) (29, 1.13220334053039550781e+00) (30, 1.61609613895416259766e+00) (31, -3.90466380119323730469e+00) (32, -2.52322793006896972656e-01) (33, -4.03360337018966674805e-01) (34, 1.14388036727905273438e+00) (35, 1.56764137744903564453e+00) (36, -2.33098793029785156250e+00) (37, 3.21989011764526367188e+00) (38, -1.47585940361022949219e+00) (39, 1.35711181163787841797e+00) (40, 2.92875719070434570312e+00) (41, 2.82946252822875976562e+00) (42, -8.35506260395050048828e-01) (43, -2.87819933891296386719e+00) (44, -1.23766148090362548828e+00) (45, 1.28195488452911376953e+00) (46, 2.34975576400756835938e+00) (47, 1.38019883632659912109e+00) (48, -3.52992153167724609375e+00) (49, -4.37822282314300537109e-01) (50, 1.11234724521636962891e+00) (51, -2.29826474189758300781e+00) (52, 8.48485827445983886719e-01) (53, -1.28240954875946044922e+00) (54, -3.60171020030975341797e-01) (55, 5.28191518783569335938e+00) (56, 1.15371823310852050781e+00) (57, 1.90276706218719482422e+00) (58, -5.24840891361236572266e-01) (59, 2.51898956298828125000e+00) (60, -6.67846426367759704590e-02) (61, 1.32157325744628906250e-01) (62, -1.42565417289733886719e+00) (63, -8.41626584529876708984e-01) (64, 3.74456256628036499023e-01) (65, -8.80297362804412841797e-01) (66, 1.97547459602355957031e+00) (67, 1.02740302681922912598e-01) (68, -8.19155097007751464844e-01) (69, -3.79167765378952026367e-01) (70, 2.22863626480102539062e+00) (71, -1.34246063232421875000e+00) (72, -1.03643131256103515625e+00) (73, -4.47843456268310546875e+00) (74, -4.17764902114868164062e-01) (75, -1.80915042757987976074e-01) (76, -4.76989150047302246094e-01) (77, -9.35684561729431152344e-01) (78, 1.19955646991729736328e+00) (79, 2.05620110034942626953e-01) (80, -8.15916657447814941406e-01) (81, 2.02758669853210449219e+00) (82, -5.73799237608909606934e-02) (83, -8.32853734493255615234e-01) (84, 1.39444267749786376953e+00) (85, 2.09509801864624023438e+00) (86, 9.86772358417510986328e-01) (87, 3.04326247423887252808e-02) (88, 3.30386662483215332031e+00) (89, 6.66161119937896728516e-01) (90, 1.01734995841979980469e+00) (91, -4.30808737874031066895e-02) (92, -1.36701241135597229004e-01) (93, -7.50035047531127929688e-01) (94, 4.28857028484344482422e-01) (95, -3.34881514310836791992e-01) (96, -8.68546366691589355469e-01) (97, -8.34390044212341308594e-01) (98, 4.39711600542068481445e-01) (99, 4.05543804168701171875e-01) (100, -7.22423017024993896484e-01) (101, -2.09978270530700683594e+00) (102, -3.26969861984252929688e+00) (103, 7.84458160400390625000e+00) (104, 2.89230799674987792969e+00) (0, 1.50629675388336181641e+00) (1, -8.97145420312881469727e-02) (2, -8.18281531333923339844e-01) (3, -1.57473242282867431641e+00) (4, -7.93598771095275878906e-01) (5, 1.43383622169494628906e+00) (6, 5.23871220648288726807e-02) (7, 1.62168967723846435547e+00) (8, -3.81025105714797973633e-01) (9, 1.36151909828186035156e+00) (10, -6.20682477951049804688e-01) (11, -6.43610894680023193359e-01) (12, 7.55216538906097412109e-01) (13, 1.41322922706604003906e+00) (14, 1.41650974750518798828e-01) (15, 1.28463768959045410156e+00) (16, 6.47391319274902343750e-01) (17, -6.89261138439178466797e-01) (18, -5.17626762390136718750e-01) (19, -5.99943280220031738281e-01) (20, -7.29734241962432861328e-01) (21, 1.17924235761165618896e-01) (22, -5.33515438437461853027e-02) (23, 2.96609133481979370117e-01) (24, -6.71761274337768554688e-01) (25, -1.67687699198722839355e-01) (26, -6.41071736812591552734e-01) (27, 1.41583478450775146484e+00) (28, -6.80507346987724304199e-02) (29, -7.89495170116424560547e-01) (30, -9.20346319675445556641e-01) (31, 9.12219643592834472656e-01) (32, 9.59735512733459472656e-01) (33, -6.12286150455474853516e-01) (34, 4.36697512865066528320e-01) (35, -6.18768990039825439453e-01) (36, -6.20001852512359619141e-01) (37, 1.28680908679962158203e+00) (38, -5.88650405406951904297e-01) (39, -5.87633728981018066406e-01) (40, -2.03085705637931823730e-01) (41, 1.40804111957550048828e+00) (42, -5.46820044517517089844e-01) (43, -6.24698638916015625000e-01) (44, -5.79581022262573242188e-01) (45, -7.46181488037109375000e-01) (46, -5.02588391304016113281e-01) (47, -4.91366207599639892578e-01) (48, 1.29642456769943237305e-01) (49, -7.31555759906768798828e-01) (50, -6.59860670566558837891e-01) (51, 2.02232623100280761719e+00) (52, -4.67106997966766357422e-01) (53, 1.60508644580841064453e+00) (54, -4.99786019325256347656e-01) (55, -2.13946342468261718750e+00) (56, -5.85106611251831054688e-01) (57, -4.88939076662063598633e-01) (58, 9.26775515079498291016e-01) (59, -7.22588956356048583984e-01) (60, -5.86121499538421630859e-01) (61, -3.60481530427932739258e-01) (62, 1.75596326589584350586e-01) (63, -5.41563153266906738281e-01) (64, 1.50495916604995727539e-02) (65, -4.83671247959136962891e-01) (66, -4.91943836212158203125e-01) (67, -6.15084469318389892578e-01) (68, -4.78792190551757812500e-01) (69, -1.25815346837043762207e-01) (70, 1.65516531467437744141e+00) (71, 1.43763494491577148438e+00) (72, 5.67980408668518066406e-01) (73, 2.49840646982192993164e-01) (74, 1.36552107334136962891e+00) (75, -1.92355690523982048035e-03) (76, -1.70973435044288635254e-01) (77, -5.69622516632080078125e-01) (78, 6.42971992492675781250e-01) (79, 1.00191760063171386719e+00) (80, -5.06378114223480224609e-01) (81, -1.33889362215995788574e-01) (82, -1.80589005351066589355e-01) (83, -2.54011541604995727539e-01) (84, 6.06048643589019775391e-01) (85, 1.86907023191452026367e-01) (86, -6.73247337341308593750e-01) (87, 1.60406291484832763672e+00) (88, -8.11351478099822998047e-01) (89, 4.65563893318176269531e-01) (90, 1.06226015090942382812e+00) (91, -7.66463994979858398438e-01) (92, 4.54893410205841064453e-02) (93, -4.85270559787750244141e-01) (94, -5.38173615932464599609e-01) (95, 1.56565380096435546875e+00) (96, 2.03392617404460906982e-02) (97, 5.61212152242660522461e-02) (98, -5.45723080635070800781e-01) (99, 1.10145151615142822266e+00) (100, -6.91741645336151123047e-01) (101, 9.03943181037902832031e-01) (102, 6.43454313278198242188e-01) (103, 1.28259193897247314453e+00) (104, 3.06737333536148071289e-01) (0, 2.41183670043945312500e+02) (1, 9.25804748535156250000e+01) (2, -5.47037734985351562500e+01) (3, -2.81843967437744140625e+01) (4, 3.98901319503784179688e+00) (5, -7.64262676239013671875e+00) (6, 3.36429023742675781250e+00) (7, 1.66266953945159912109e+00) (8, 1.65754806995391845703e+00) (9, 7.98888778686523437500e+00) (10, 2.02711415290832519531e+00) (11, 2.22018313407897949219e+00) (12, 2.62608671188354492188e+00) (13, 1.88300979137420654297e+00) (14, 1.88967752456665039062e+00) (15, 1.47685539722442626953e+00) (16, 2.38192653656005859375e+00) (17, 1.93534266948699951172e+00) (18, 2.45191740989685058594e+00) (19, 1.94920253753662109375e+00) (20, 2.21089386940002441406e+00) (21, 2.24398636817932128906e+00) (22, 2.19785380363464355469e+00) (23, 1.99497425556182861328e+00) (24, 2.16330528259277343750e+00) (25, 2.00863456726074218750e+00) (26, 2.09361624717712402344e+00) (27, 2.24424052238464355469e+00) (28, 2.08445310592651367188e+00) (29, 1.83178758621215820312e+00) (30, 1.88038980960845947266e+00) (31, 2.14813780784606933594e+00) (32, 2.26367306709289550781e+00) (33, 2.24128580093383789062e+00) (34, 1.80062556266784667969e+00) (35, 2.89197421073913574219e+00) (36, 2.40549492835998535156e+00) (37, 2.02643156051635742188e+00) (38, 2.31324648857116699219e+00) (39, 1.64105248451232910156e+00) (40, 1.79549074172973632812e+00) (41, 1.83930337429046630859e+00) (42, 2.80939960479736328125e+00) (43, 2.13574528694152832031e+00) (44, 2.17297816276550292969e+00) (45, 2.28496360778808593750e+00) (46, 1.88014659881591796875e+01) (47, 2.21816778182983398438e+00) (48, 2.45207262039184570312e+00) (49, 1.65815532207489013672e+00) (50, 9.52950000762939453125e+00) (51, 2.44492173194885253906e+00) (52, 1.90989911556243896484e+00) (53, 2.19190335273742675781e+00) (54, 2.08114552497863769531e+00) (55, 2.78156065940856933594e+00) (56, 2.31703662872314453125e+00) (57, 2.17309975624084472656e+00) (58, 4.83489131927490234375e+00) (59, 1.92414474487304687500e+00) (60, 6.44193363189697265625e+00) (61, 3.05307888984680175781e+00) (62, 2.21749687194824218750e+00) (63, 2.50350308418273925781e+00) (64, 3.32608073949813842773e-01) (65, 6.35429143905639648438e+00) (66, 3.84184455871582031250e+00) (67, 2.39174509048461914062e+00) (68, 2.21120452880859375000e+00) (69, 2.30455923080444335938e+00) (70, 3.32449054718017578125e+00) (71, 2.62515711784362792969e+00) (72, 1.73274052143096923828e+00) (73, 3.78918790817260742188e+00) (74, 6.01618289947509765625e+00) (75, 2.67022776603698730469e+00) (76, 1.92195975780487060547e+00) (77, 2.42754840850830078125e+00) (78, 2.92960619926452636719e+00) (79, 1.93533003330230712891e+00) (80, 1.62034797668457031250e+00) (81, 1.76636660099029541016e+00) (82, 2.41292214393615722656e+00) (83, 1.36790060997009277344e+00) (84, 1.55349469184875488281e+00) (85, 1.91595959663391113281e+00) (86, 1.62444746494293212891e+00) (87, 2.26511001586914062500e+00) (88, -4.25334596633911132812e+00) (89, 1.12478137016296386719e+00) (90, 1.82880771160125732422e+00) (91, 1.74862778186798095703e+00) (92, 2.33422279357910156250e+00) (93, -5.90252208709716796875e+00) (94, 1.89204668998718261719e+00) (95, 1.82533681392669677734e+00) (96, 6.33739757537841796875e+00) (97, 2.96171379089355468750e+00) (98, 1.58681941032409667969e+00) (99, 1.53311336040496826172e+00) (100, 2.18929791450500488281e+00) (101, 2.75328326225280761719e+00) (102, 5.74109911918640136719e-01) (103, 1.74481737613677978516e+00) (104, -4.27475869655609130859e-01) (0, 2.50801157951354980469e+00) (1, 3.07286411523818969727e-01) (2, -6.53761148452758789062e-01) (3, -9.62541699409484863281e-01) (4, -7.34725058078765869141e-01) (5, -5.53578436374664306641e-02) (6, -1.15835487842559814453e+00) (7, -2.46944621205329895020e-01) (8, 2.75698971748352050781e+00) (9, -8.43118607997894287109e-01) (10, 4.60280943661928176880e-03) (11, -2.22990866750478744507e-02) (12, -7.78863489627838134766e-01) (13, 5.79362535476684570312e+00) (14, -7.72044897079467773438e-01) (15, -1.74329187721014022827e-02) (16, -1.02835059165954589844e+00) (17, 4.17624801397323608398e-01) (18, 3.58959197998046875000e-01) (19, -1.24730043113231658936e-01) (20, -2.04257750511169433594e+00) (21, 7.33503460884094238281e-01) (22, -1.43107712268829345703e+00) (23, -7.53074347972869873047e-01) (24, 1.58094778656959533691e-01) (25, 1.73099613189697265625e+00) (26, -5.39647519588470458984e-01) (27, -6.75152063369750976562e-01) (28, -7.87937641143798828125e-01) (29, -2.03530341386795043945e-01) (30, 1.99911251664161682129e-01) (31, 1.23989038169384002686e-01) (32, -1.95103824138641357422e-01) (33, 1.67477011680603027344e+00) (34, -2.03454446792602539062e+00) (35, 6.95516288280487060547e-01) (36, 8.08661699295043945312e-01) (37, -3.58332961797714233398e-01) (38, -3.86721104383468627930e-01) (39, 7.16370120644569396973e-02) (40, -2.72156894207000732422e-01) (41, 1.71351802349090576172e+00) (42, -1.78610026836395263672e-01) (43, 1.45428627729415893555e-01) (44, -2.32329010963439941406e+00) (45, -3.21784079074859619141e-01) (46, 1.46865522861480712891e+00) (47, -9.54424217343330383301e-02) (48, 8.94205451011657714844e-01) (49, 1.02808892726898193359e+00) (50, -1.70062613487243652344e+00) (51, 2.02325224876403808594e+00) (52, -2.19772076606750488281e+00) (53, 3.54728072881698608398e-01) (54, -2.13422274589538574219e+00) (55, -1.53615450859069824219e+00) (56, -3.32127785682678222656e+00) (57, -1.82647454738616943359e+00) (58, 4.05736923217773437500e+00) (59, -2.57775044441223144531e+00) (60, -7.13275134563446044922e-01) (61, -1.78382098674774169922e-01) (62, -1.77142154425382614136e-02) (63, -1.32519146427512168884e-02) (64, 1.61497001647949218750e+01) (65, -2.04825401306152343750e-01) (66, -2.25959777832031250000e+00) (67, 4.93560165166854858398e-01) (68, -7.46366620063781738281e-01) (69, 2.24807357788085937500e+00) (70, -9.95354205369949340820e-02) (71, -4.88490760326385498047e-02) (72, -3.69044899940490722656e-01) (73, 1.38312137126922607422e+00) (74, -1.74021944403648376465e-01) (75, 3.97098731994628906250e+00) (76, 2.12802362442016601562e+00) (77, 1.34680545330047607422e+00) (78, -3.18375378847122192383e-02) (79, 7.91735744476318359375e+00) (80, -3.89176559448242187500e+00) (81, 2.48483443260192871094e+00) (82, -4.37751471996307373047e-01) (83, -2.38823485374450683594e+00) (84, -7.62637376785278320312e-01) (85, 1.09494197368621826172e+00) (86, 6.51726499199867248535e-02) (87, -1.03660725057125091553e-01) (88, -2.00405097007751464844e+00) (89, 3.95739942789077758789e-01) (90, 9.29506719112396240234e-01) (91, -1.77663117647171020508e-01) (92, -1.97122240066528320312e+00) (93, -8.98095488548278808594e-01) (94, -3.49268391728401184082e-02) (95, 8.28551948070526123047e-01) (96, -1.69343814253807067871e-01) (97, 6.84784054756164550781e-01) (98, -5.67014396190643310547e-01) (99, 2.29966089129447937012e-01) (100, -4.29992675781250000000e-02) (101, -3.50783407688140869141e-01) (102, -2.36918354034423828125e+00) (103, 4.64632892608642578125e+00) (104, 1.54880142211914062500e+00) (0, 1.69495236873626708984e+00) (1, -2.06344747543334960938e+00) (2, -5.47393202781677246094e-01) (3, -5.83466365933418273926e-02) (4, -6.05429112911224365234e-01) (5, -1.71939682960510253906e+00) (6, 1.07480812072753906250e+00) (7, 9.06468182802200317383e-02) (8, 1.32369267940521240234e+00) (9, -2.44822931289672851562e+00) (10, -6.18533074855804443359e-01) (11, -6.61929786205291748047e-01) (12, -8.40460062026977539062e-01) (13, 5.14886617660522460938e-01) (14, -1.00076878070831298828e+00) (15, -2.35904812812805175781e-01) (16, 1.08997559547424316406e+00) (17, 2.25867438316345214844e+00) (18, -3.20367753505706787109e-01) (19, 2.81056612730026245117e-01) (20, -1.44557133316993713379e-01) (21, 1.46245348453521728516e+00) (22, 6.05257332324981689453e-01) (23, 1.12881755828857421875e+00) (24, 1.65257871150970458984e+00) (25, 1.23893117904663085938e+00) (26, 1.76924258470535278320e-01) (27, 1.94561338424682617188e+00) (28, 5.14957129955291748047e-01) (29, -2.51056849956512451172e-01) (30, 2.16777992248535156250e+00) (31, 2.94899392127990722656e+00) (32, -6.30410969257354736328e-01) (33, 3.62181156873703002930e-01) (34, -2.60282731056213378906e+00) (35, -1.19526362419128417969e+00) (36, -5.93338191509246826172e-01) (37, 1.49856901168823242188e+00) (38, 1.71910032629966735840e-01) (39, 2.20556569099426269531e+00) (40, -6.37508988380432128906e-01) (41, 7.80591130256652832031e-01) (42, -8.28002870082855224609e-01) (43, -2.19024851918220520020e-01) (44, -5.75403869152069091797e-01) (45, 6.25404298305511474609e-01) (46, -1.20107904076576232910e-01) (47, 7.53040090203285217285e-02) (48, 2.01135456562042236328e-01) (49, 3.57066273689270019531e-01) (50, -1.01729497313499450684e-01) (51, 2.10184097290039062500e+00) (52, 9.22567069530487060547e-01) (53, -1.07413840293884277344e+00) (54, -8.14232945442199707031e-01) (55, 1.23191392421722412109e+00) (56, -3.99028956890106201172e-01) (57, 5.11450052261352539062e-01) (58, 1.76944899559020996094e+00) (59, -2.68578100204467773438e+00) (60, -7.71899044513702392578e-01) (61, 2.80375623703002929688e+00) (62, 1.85905539989471435547e+00) (63, 5.07872775197029113770e-02) (64, -5.53073120117187500000e+00) (65, -6.40145167708396911621e-02) (66, 3.78327059745788574219e+00) (67, -1.99031102657318115234e+00) (68, -5.72687089443206787109e-01) (69, -6.61792564392089843750e+00) (70, 9.76465642452239990234e-01) (71, 2.09349608421325683594e+00) (72, -2.58726924657821655273e-01) (73, 1.46925616264343261719e+00) (74, 1.40331494808197021484e+00) (75, -1.66799116134643554688e+00) (76, 1.14569282531738281250e+00) (77, -2.32941359281539916992e-01) (78, 6.95820474624633789062e+00) (79, -4.77956724166870117188e+00) (80, -2.77684760093688964844e+00) (81, -1.58804917335510253906e+00) (82, 8.33200216293334960938e-01) (83, -7.72667169570922851562e+00) (84, -1.79574048519134521484e+00) (85, -4.96083050966262817383e-01) (86, 3.18946093320846557617e-01) (87, 1.47033345699310302734e+00) (88, -1.80979704856872558594e+00) (89, -5.64497411251068115234e-01) (90, 3.58356809616088867188e+00) (91, -8.16412985324859619141e-01) (92, 9.26852405071258544922e-01) (93, -2.09310710430145263672e-01) (94, 4.05064940452575683594e-01) (95, 9.80230793356895446777e-02) (96, -2.54780507087707519531e+00) (97, -2.79505872726440429688e+00) (98, 3.76280498504638671875e+00) (99, -1.79665040969848632812e+00) (100, -5.92056810855865478516e-01) (101, 8.19080531597137451172e-01) (102, -1.97519588470458984375e+00) (103, 4.18794584274291992188e+00) (104, 1.51931929588317871094e+00) (0, 1.02260696887969970703e+00) (1, 2.78372317552566528320e-02) (2, -1.94146499037742614746e-01) (3, -9.55669939517974853516e-01) (4, 1.09734845161437988281e+00) (5, 1.21748602390289306641e+00) (6, -7.74608016014099121094e-01) (7, -6.17468655109405517578e-01) (8, -1.70847451686859130859e+00) (9, -5.55776298046112060547e-01) (10, -5.80233752727508544922e-01) (11, -3.45261752605438232422e-01) (12, -7.29472696781158447266e-01) (13, 4.26230758428573608398e-01) (14, -6.89790964126586914062e-01) (15, 1.07978713512420654297e+00) (16, -6.63139581680297851562e-01) (17, -7.69249022006988525391e-01) (18, -3.53539139032363891602e-02) (19, -8.38084399700164794922e-01) (20, 1.24799036979675292969e+00) (21, -7.05542087554931640625e-01) (22, -3.79766225814819335938e-01) (23, -6.99956417083740234375e-01) (24, 1.00928962230682373047e+00) (25, -8.32245588302612304688e-01) (26, 1.72549402713775634766e+00) (27, 1.60814678668975830078e+00) (28, 5.93101456761360168457e-02) (29, 1.09109246730804443359e+00) (30, -5.70974230766296386719e-01) (31, 2.50006079673767089844e-01) (32, 1.80783438682556152344e+00) (33, -6.38986408710479736328e-01) (34, -2.14559346437454223633e-01) (35, -3.04140448570251464844e-01) (36, 7.93621420860290527344e-01) (37, 1.10175240039825439453e+00) (38, 1.81070521473884582520e-01) (39, 1.99674904346466064453e-01) (40, 5.80016255378723144531e-01) (41, 7.06662416458129882812e-01) (42, 6.09008610248565673828e-01) (43, -8.25018823146820068359e-01) (44, -3.65539550781250000000e-01) (45, -6.17364645004272460938e-01) (46, -9.37961459159851074219e-01) (47, 4.42929089069366455078e-01) (48, 1.78152990341186523438e+00) (49, 1.74704015254974365234e-01) (50, -5.06464183330535888672e-01) (51, -6.42732083797454833984e-01) (52, 1.08666360378265380859e+00) (53, 4.75489385426044464111e-02) (54, -1.94406235218048095703e+00) (55, -1.15371227264404296875e+00) (56, 1.59577083587646484375e+00) (57, 1.22358119487762451172e+00) (58, -1.20539295673370361328e+00) (59, -3.11365753412246704102e-01) (60, 1.69781124591827392578e+00) (61, -1.47944247722625732422e+00) (62, -5.50083935260772705078e-01) (63, 1.65616536140441894531e+00) (64, -2.06611084938049316406e+00) (65, 1.59598648548126220703e+00) (66, 1.14612303674221038818e-01) (67, 1.69162285327911376953e+00) (68, -4.90704864263534545898e-01) (69, 2.13300168514251708984e-01) (70, 4.52189415693283081055e-01) (71, -5.42967915534973144531e-01) (72, 7.35197305679321289062e-01) (73, -1.10162161290645599365e-01) (74, 1.55165326595306396484e+00) (75, -5.23410916328430175781e-01) (76, 3.24480123817920684814e-02) (77, 1.02002871036529541016e+00) (78, -8.69933784008026123047e-01) (79, -4.21055704355239868164e-01) (80, -7.01018512248992919922e-01) (81, 6.77887350320816040039e-02) (82, 1.11648790538311004639e-01) (83, 7.39108085632324218750e-01) (84, -3.44834566116333007812e-01) (85, 1.51156187057495117188e+00) (86, 6.63704752922058105469e-01) (87, -6.29585444927215576172e-01) (88, -2.08626699447631835938e+00) (89, 9.82677280902862548828e-01) (90, 3.06060957908630371094e+00) (91, -5.65164685249328613281e-01) (92, -7.02678859233856201172e-01) (93, -1.82089775800704956055e-01) (94, 5.67425727844238281250e-01) (95, -5.38978517055511474609e-01) (96, -1.47999536991119384766e+00) (97, -6.83273553848266601562e-01) (98, -5.90616047382354736328e-01) (99, -6.18873953819274902344e-01) (100, 7.34728038311004638672e-01) (101, 7.04443693161010742188e-01) (102, 4.48821246623992919922e-01) (103, 1.79685270786285400391e+00) (104, 2.69647812843322753906e+00) (0, 9.03123497962951660156e-01) (1, 7.99955949187278747559e-02) (2, 3.92249315977096557617e-01) (3, -7.38412654027342796326e-03) (4, -6.30086302757263183594e-01) (5, -1.76239579916000366211e-01) (6, -7.64319181442260742188e-01) (7, -2.08535045385360717773e-01) (8, 1.87310421466827392578e+00) (9, 1.11421787738800048828e+00) (10, 1.03775811195373535156e+00) (11, -2.19717230647802352905e-02) (12, 1.01212942600250244141e+00) (13, 4.33518797159194946289e-01) (14, 1.15804016590118408203e+00) (15, -4.69569712877273559570e-02) (16, -3.23027700185775756836e-01) (17, -1.40177473425865173340e-01) (18, 1.00770282745361328125e+00) (19, -1.25029668211936950684e-01) (20, 1.44192171096801757812e+00) (21, -8.53672146797180175781e-01) (22, -8.58881101012229919434e-02) (23, 1.09287768602371215820e-01) (24, 7.36030519008636474609e-01) (25, -7.09051787853240966797e-02) (26, 4.45905476808547973633e-01) (27, -2.63098776340484619141e-01) (28, -5.91689765453338623047e-01) (29, 7.30855405330657958984e-01) (30, -8.34487915039062500000e-01) (31, 3.79685461521148681641e-01) (32, -6.30369842052459716797e-01) (33, -7.99858748912811279297e-01) (34, -2.27252587676048278809e-01) (35, 3.21575462818145751953e-01) (36, 8.54250881820917129517e-03) (37, -4.59320038557052612305e-01) (38, -1.75343081355094909668e-02) (39, 5.28688371181488037109e-01) (40, -4.32408243417739868164e-01) (41, -2.99804598093032836914e-01) (42, -7.84069180488586425781e-01) (43, -1.02354824542999267578e+00) (44, -7.31415033340454101562e-01) (45, 1.37491440773010253906e+00) (46, 5.22757530212402343750e-01) (47, 2.55500614643096923828e-01) (48, -6.38294875621795654297e-01) (49, 1.00876677036285400391e+00) (50, -9.37358662486076354980e-03) (51, 1.51961791515350341797e+00) (52, 3.06095957756042480469e-01) (53, -9.52619165182113647461e-02) (54, -2.90265142917633056641e-01) (55, -2.26213946938514709473e-01) (56, 1.16004455089569091797e+00) (57, -2.29182511568069458008e-01) (58, 1.81153726577758789062e+00) (59, -3.73435646295547485352e-01) (60, -7.39645659923553466797e-01) (61, -9.89960253238677978516e-01) (62, -7.69257187843322753906e-01) (63, -5.45105874538421630859e-01) (64, -1.01304543018341064453e+00) (65, -6.03669703006744384766e-01) (66, 2.15587759017944335938e+00) (67, 3.14862966537475585938e-01) (68, -2.50784814357757568359e-01) (69, 5.04604637622833251953e-01) (70, -6.63227856159210205078e-01) (71, 1.04729259014129638672e+00) (72, -1.20905973017215728760e-01) (73, 8.85722756385803222656e-01) (74, 1.09764564037322998047e+00) (75, -4.83618408441543579102e-01) (76, -7.11269795894622802734e-01) (77, 1.10454773902893066406e+00) (78, -4.08517211675643920898e-01) (79, 9.26334023475646972656e-01) (80, -8.34512293338775634766e-01) (81, 8.60712468624114990234e-01) (82, 6.32276296615600585938e-01) (83, 1.68957531452178955078e+00) (84, -9.61915969848632812500e-01) (85, 1.01696491241455078125e+00) (86, -4.34728890657424926758e-01) (87, -7.61136710643768310547e-01) (88, 2.35501840710639953613e-01) (89, -2.23759010434150695801e-01) (90, -5.68984866142272949219e-01) (91, -3.89000892639160156250e-01) (92, -1.31794452667236328125e+00) (93, -1.29826688766479492188e+00) (94, -2.03911885619163513184e-01) (95, -6.34372532367706298828e-01) (96, 9.20654594898223876953e-01) (97, 7.24176645278930664062e-01) (98, -6.14663183689117431641e-01) (99, -3.20869714021682739258e-01) (100, -6.79818987846374511719e-01) (101, -9.33519959449768066406e-01) (102, -1.03032946586608886719e+00) (103, 3.24186968803405761719e+00) (104, 2.58972406387329101562e+00) (0, 4.47615966796875000000e+02) (1, 2.06474899291992187500e+02) (2, -4.28787460327148437500e+01) (3, -4.93641815185546875000e+01) (4, 1.88215370178222656250e+01) (5, -7.55424022674560546875e+00) (6, 2.43125963211059570312e+00) (7, 3.39889788627624511719e+00) (8, 2.89289355278015136719e+00) (9, 8.47846889495849609375e+00) (10, 6.07171974182128906250e+01) (11, 1.83924424648284912109e+00) (12, 3.99677395820617675781e+00) (13, 2.24853610992431640625e+00) (14, 7.31467971801757812500e+01) (15, 1.89377498626708984375e+00) (16, 2.78384518623352050781e+00) (17, 2.04539132118225097656e+00) (18, 2.14491319656372070312e+00) (19, 2.68373298645019531250e+00) (20, 2.52472829818725585938e+00) (21, 3.00733327865600585938e+00) (22, 2.52301812171936035156e+00) (23, 2.57211375236511230469e+00) (24, 2.50927519798278808594e+00) (25, 2.33579778671264648438e+00) (26, 1.97105765342712402344e+00) (27, 2.30127120018005371094e+00) (28, 2.66955065727233886719e+00) (29, 1.82664000988006591797e+00) (30, 2.43655610084533691406e+00) (31, 2.04844450950622558594e+00) (32, 2.03418016433715820312e+00) (33, 2.67521858215332031250e+00) (34, 2.26754379272460937500e+00) (35, 2.64476776123046875000e+00) (36, 1.96558380126953125000e+00) (37, 2.57608175277709960938e+00) (38, 2.13161802291870117188e+00) (39, 1.94708585739135742188e+00) (40, 2.05900716781616210938e+00) (41, 1.79878365993499755859e+00) (42, 2.53295946121215820312e+00) (43, 2.63315415382385253906e+00) (44, 2.21900820732116699219e+00) (45, 1.86074256896972656250e+00) (46, 2.12660408020019531250e+00) (47, 1.98177099227905273438e+00) (48, 2.36810278892517089844e+00) (49, 1.77078652381896972656e+00) (50, 2.27829813957214355469e+00) (51, 2.82748436927795410156e+00) (52, 2.07628011703491210938e+00) (53, 2.23182487487792968750e+00) (54, 2.25895142555236816406e+00) (55, 1.55462408065795898438e+00) (56, 2.19774937629699707031e+00) (57, 1.36845088005065917969e+00) (58, 5.52536964416503906250e+01) (59, 8.94500374794006347656e-01) (60, 1.65084762573242187500e+01) (61, 1.33344721794128417969e+00) (62, 1.90620601177215576172e+00) (63, 1.35546493530273437500e+00) (64, 1.01269614696502685547e+00) (65, 9.58473968505859375000e+00) (66, 6.31605505943298339844e-01) (67, 2.37092065811157226562e+00) (68, 2.16403341293334960938e+00) (69, 2.22500658035278320312e+00) (70, 2.01259279251098632812e+00) (71, 3.22386121749877929688e+00) (72, 1.21033275127410888672e+00) (73, 1.85791158676147460938e+00) (74, 2.69930195808410644531e+00) (75, 2.19567751884460449219e+00) (76, 9.75264728069305419922e-01) (77, 1.23227751255035400391e+00) (78, 1.66110289096832275391e+00) (79, 2.04741740226745605469e+00) (80, 5.99106788635253906250e-01) (81, 1.98876655101776123047e+00) (82, 2.38999772071838378906e+00) (83, 1.34330320358276367188e+00) (84, 2.16099119186401367188e+00) (85, 1.40547573566436767578e+00) (86, 2.08686661720275878906e+00) (87, 2.66359829902648925781e+00) (88, -3.22292304039001464844e+00) (89, 1.37315893173217773438e+00) (90, 1.72038674354553222656e+00) (91, 8.38872909545898437500e-01) (92, 2.83110284805297851562e+00) (93, -1.09956483840942382812e+01) (94, 1.16827201843261718750e+00) (95, 2.58160758018493652344e+00) (96, 2.64047598838806152344e+00) (97, 1.12405622005462646484e+00) (98, 2.14821791648864746094e+00) (99, 1.64973294734954833984e+00) (100, 1.03335535526275634766e+00) (101, 1.85634338855743408203e+00) (102, 1.61637151241302490234e+00) (103, 6.32636785507202148438e-01) (104, -4.60658550262451171875e-01) (0, 3.04573791503906250000e+02) (1, 2.73998138427734375000e+02) (2, -4.93719978332519531250e+01) (3, -5.73919944763183593750e+01) (4, 2.26390171051025390625e+01) (5, 4.09640169143676757812e+00) (6, 2.71378636360168457031e+00) (7, 1.66972458362579345703e+00) (8, 1.21901583671569824219e+00) (9, 8.12502002716064453125e+00) (10, 1.97198021411895751953e+00) (11, 1.94658291339874267578e+00) (12, 4.11382722854614257812e+00) (13, 1.71105694770812988281e+00) (14, 7.69285964965820312500e+00) (15, 1.45674693584442138672e+00) (16, 2.45904898643493652344e+00) (17, 1.42750823497772216797e+00) (18, 1.89625966548919677734e+00) (19, 2.31517362594604492188e+00) (20, 2.62531900405883789062e+00) (21, 2.98487138748168945312e+00) (22, 2.48361206054687500000e+00) (23, 2.36955785751342773438e+00) (24, 2.37205934524536132812e+00) (25, 2.11032462120056152344e+00) (26, 1.71187818050384521484e+00) (27, 1.79675805568695068359e+00) (28, 2.67043209075927734375e+00) (29, 1.68376994132995605469e+00) (30, 2.28057050704956054688e+00) (31, 1.69827210903167724609e+00) (32, 1.80038213729858398438e+00) (33, 2.34066128730773925781e+00) (34, 1.92993855476379394531e+00) (35, 2.62891602516174316406e+00) (36, 1.65721225738525390625e+00) (37, 1.93815374374389648438e+00) (38, 1.33737957477569580078e+00) (39, 1.48002493381500244141e+00) (40, 1.79767966270446777344e+00) (41, 1.66347992420196533203e+00) (42, 3.04966402053833007812e+00) (43, 2.50960183143615722656e+00) (44, 1.97294878959655761719e+00) (45, 1.49453067779541015625e+00) (46, 1.44312763214111328125e+01) (47, 1.07289552688598632812e+00) (48, 2.02390336990356445312e+00) (49, 1.12282896041870117188e+00) (50, 2.44179677963256835938e+00) (51, 2.51708889007568359375e+00) (52, 1.85719645023345947266e+00) (53, 1.89256155490875244141e+00) (54, 1.77961504459381103516e+00) (55, -1.38383328914642333984e+00) (56, 2.19475150108337402344e+00) (57, 2.11706018447875976562e+00) (58, 1.22674274444580078125e+01) (59, 4.74517434835433959961e-01) (60, 1.27026052474975585938e+01) (61, 2.24969029426574707031e+00) (62, 2.59551644325256347656e+00) (63, 2.04819083213806152344e+00) (64, 1.20534086227416992188e+00) (65, 2.00044517517089843750e+01) (66, -1.86661863327026367188e+00) (67, 2.07857441902160644531e+00) (68, 1.74788236618041992188e+00) (69, 1.62951934337615966797e+00) (70, 3.28417277336120605469e+00) (71, 5.03892755508422851562e+00) (72, 1.24417579174041748047e+00) (73, 3.23286652565002441406e-02) (74, 4.58101177215576171875e+00) (75, 2.09487485885620117188e+00) (76, 2.02452850341796875000e+00) (77, 2.01174950599670410156e+00) (78, 3.02237653732299804688e+00) (79, 1.61445498466491699219e+00) (80, 1.62618088722229003906e+00) (81, 1.75522339344024658203e+00) (82, 2.02754473686218261719e+00) (83, 1.55711758136749267578e+00) (84, 1.87143027782440185547e+00) (85, 1.57600831985473632812e+00) (86, 1.41848587989807128906e+00) (87, 2.44890856742858886719e+00) (88, -5.81873416900634765625e-01) (89, 1.41068971157073974609e+00) (90, 1.49246263504028320312e+00) (91, 1.30612683296203613281e+00) (92, 2.60531091690063476562e+00) (93, 1.27221405506134033203e+00) (94, 1.43286013603210449219e+00) (95, 1.92014873027801513672e+00) (96, 8.57095813751220703125e+00) (97, 2.52410984039306640625e+00) (98, 1.74786925315856933594e+00) (99, 1.43410503864288330078e+00) (100, 1.40058553218841552734e+00) (101, 3.07792234420776367188e+00) (102, 7.75155401229858398438e+00) (103, -3.53143882751464843750e+00) (104, -5.14207780361175537109e-01) (0, -2.85565108060836791992e-01) (1, -3.99319082498550415039e-02) (2, 5.23165985941886901855e-03) (3, 1.67399966716766357422e+00) (4, -6.99790596961975097656e-01) (5, 1.22513383626937866211e-01) (6, -7.65454411506652832031e-01) (7, 1.07962477207183837891e+00) (8, 1.53092837333679199219e+00) (9, -6.25485777854919433594e-02) (10, 1.08139252662658691406e+00) (11, -3.57138246297836303711e-01) (12, 4.30575132369995117188e-01) (13, -7.25745975971221923828e-01) (14, 1.55254077911376953125e+00) (15, 9.95950937271118164062e-01) (16, -5.84189116954803466797e-01) (17, -3.72670143842697143555e-01) (18, 1.62136447429656982422e+00) (19, -6.99589967727661132812e-01) (20, 1.45192146301269531250e+00) (21, 1.93915396928787231445e-01) (22, -6.15359663963317871094e-01) (23, -8.03649306297302246094e-01) (24, 6.51978254318237304688e-01) (25, 4.16663169860839843750e-01) (26, -7.13494002819061279297e-01) (27, 1.00900921970605850220e-02) (28, 4.08514618873596191406e-01) (29, 1.00918650627136230469e+00) (30, -6.21859192848205566406e-01) (31, -8.40726554393768310547e-01) (32, 2.33114495873451232910e-01) (33, -6.94337248802185058594e-01) (34, -8.14810037612915039062e-01) (35, -8.23228061199188232422e-01) (36, -8.95200192928314208984e-01) (37, -1.86170518398284912109e-01) (38, -8.30505967140197753906e-01) (39, 1.01735436916351318359e+00) (40, -3.20217385888099670410e-02) (41, 1.02698934078216552734e+00) (42, -6.93981647491455078125e-01) (43, -2.36935123801231384277e-01) (44, -4.51365765184164047241e-03) (45, -9.86553549766540527344e-01) (46, 1.54100465774536132812e+00) (47, -6.47110581398010253906e-01) (48, 1.86574363708496093750e+00) (49, 6.84711635112762451172e-01) (50, -7.93552398681640625000e-01) (51, -2.62441962957382202148e-01) (52, 1.24420428276062011719e+00) (53, 9.18723404407501220703e-01) (54, 1.20104360580444335938e+00) (55, 1.08516621589660644531e+00) (56, 1.49081075191497802734e+00) (57, 8.50641846656799316406e-01) (58, 6.33268654346466064453e-02) (59, 7.01664030551910400391e-01) (60, -7.17258751392364501953e-01) (61, -5.34792423248291015625e-01) (62, -1.22101508080959320068e-01) (63, -7.46364057064056396484e-01) (64, 1.31157720088958740234e+00) (65, -6.65607154369354248047e-01) (66, 6.92326664924621582031e-01) (67, -1.25896319746971130371e-01) (68, -2.18732863664627075195e-01) (69, -6.03238701820373535156e-01) (70, -9.34599563479423522949e-02) (71, -1.53539046645164489746e-01) (72, -6.63973271846771240234e-01) (73, 1.51326358318328857422e+00) (74, 4.50968772172927856445e-01) (75, -1.37240067124366760254e-01) (76, 8.34406018257141113281e-01) (77, -6.26792907714843750000e-01) (78, 3.03829848766326904297e-01) (79, -9.87083375453948974609e-01) (80, 8.45590710639953613281e-01) (81, 1.10904097557067871094e+00) (82, 1.03696024417877197266e+00) (83, -1.29195201396942138672e+00) (84, 2.67332941293716430664e-01) (85, 8.85997176170349121094e-01) (86, 8.65111112594604492188e-01) (87, 1.61233234405517578125e+00) (88, -7.53637611865997314453e-01) (89, -7.88497567176818847656e-01) (90, 8.79863023757934570312e-01) (91, -7.18441367149353027344e-01) (92, -1.47904539480805397034e-02) (93, -7.23856210708618164062e-01) (94, -7.84296691417694091797e-01) (95, -1.30356205627322196960e-02) (96, -2.52042505890130996704e-02) (97, -6.63732409477233886719e-01) (98, -1.08017480373382568359e+00) (99, -7.69352138042449951172e-01) (100, -7.59762406349182128906e-01) (101, -2.05408424139022827148e-01) (102, -4.18544769287109375000e-01) (103, 2.47212529182434082031e+00) (104, 2.67678928375244140625e+00) (0, 1.80235427856445312500e+02) (1, 1.08475257873535156250e+02) (2, -3.88091011047363281250e+01) (3, -4.70856552124023437500e+01) (4, 5.91620750427246093750e+01) (5, -1.99779834747314453125e+01) (6, 1.03557367324829101562e+01) (7, 2.27956867218017578125e+00) (8, -5.22695970535278320312e+00) (9, 8.07458877563476562500e+00) (10, 6.15800380706787109375e+00) (11, 1.95771527290344238281e+00) (12, 5.16580104827880859375e+00) (13, 1.83945965766906738281e+00) (14, 2.52235198020935058594e+00) (15, 1.44399631023406982422e+00) (16, 2.50305461883544921875e+00) (17, 1.44772696495056152344e+00) (18, 1.65523719787597656250e+00) (19, 2.04014396667480468750e+00) (20, 1.82188391685485839844e+00) (21, 2.47294735908508300781e+00) (22, 1.95373761653900146484e+00) (23, 2.19973134994506835938e+00) (24, 1.93791258335113525391e+00) (25, 2.02292728424072265625e+00) (26, 1.37806558609008789062e+00) (27, 1.70113658905029296875e+00) (28, 2.43587064743041992188e+00) (29, 1.35846626758575439453e+00) (30, 1.96656405925750732422e+00) (31, 1.35803055763244628906e+00) (32, 1.42685735225677490234e+00) (33, 2.03162646293640136719e+00) (34, 2.00914645195007324219e+00) (35, 2.32345342636108398438e+00) (36, 1.48169493675231933594e+00) (37, 1.83898782730102539062e+00) (38, 1.48759126663208007812e+00) (39, 1.36619579792022705078e+00) (40, 1.00491464138031005859e+00) (41, 1.47238039970397949219e+00) (42, 2.43093156814575195312e+00) (43, 2.28659701347351074219e+00) (44, 1.78366875648498535156e+00) (45, 1.48937845230102539062e+00) (46, 2.43950414657592773438e+00) (47, 1.37439811229705810547e+00) (48, 2.90558433532714843750e+00) (49, 1.21444606781005859375e+00) (50, 2.34165453910827636719e+00) (51, 2.42994856834411621094e+00) (52, 1.57319188117980957031e+00) (53, 1.50723969936370849609e+00) (54, 1.56521403789520263672e+00) (55, 8.79800021648406982422e-01) (56, 1.50746774673461914062e+00) (57, 7.46761202812194824219e-01) (58, 2.21841526031494140625e+00) (59, 9.69174265861511230469e-01) (60, 1.00172209739685058594e+00) (61, 2.07761549949645996094e+00) (62, 1.40303003787994384766e+00) (63, 6.62199378013610839844e-01) (64, 1.38888549804687500000e+00) (65, 9.58734571933746337891e-01) (66, -2.55916982889175415039e-01) (67, 1.62295758724212646484e+00) (68, 1.44647157192230224609e+00) (69, 1.47037100791931152344e+00) (70, 1.50840973854064941406e+00) (71, 1.34682941436767578125e+00) (72, 4.42096918821334838867e-01) (73, 1.23711454868316650391e+00) (74, 2.54836511611938476562e+00) (75, 1.59562945365905761719e+00) (76, 3.10865789651870727539e-01) (77, 6.74618363380432128906e-01) (78, 1.10759198665618896484e+00) (79, 1.50741112232208251953e+00) (80, 3.83812278509140014648e-01) (81, 1.40807175636291503906e+00) (82, 1.64400959014892578125e+00) (83, 1.13770282268524169922e+00) (84, 1.49379670619964599609e+00) (85, 7.97174632549285888672e-01) (86, 4.43964391946792602539e-01) (87, 1.36574327945709228516e+00) (88, -2.98482477664947509766e-01) (89, 1.27775323390960693359e+00) (90, 1.45785641670227050781e+00) (91, 2.84277677536010742188e-01) (92, 1.31906819343566894531e+00) (93, -1.11635274887084960938e+01) (94, 5.87183177471160888672e-01) (95, 9.17255997657775878906e-01) (96, 2.48793101310729980469e+00) (97, 6.65135145187377929688e-01) (98, 9.02006566524505615234e-01) (99, 1.31191444396972656250e+00) (100, 5.77871680259704589844e-01) (101, 1.30803966522216796875e+00) (102, 1.64608669281005859375e+00) (103, 6.27453029155731201172e-01) (104, 7.14968889951705932617e-02) (0, 4.22275972366333007812e+00) (1, -2.12566471099853515625e+00) (2, -1.04563558101654052734e+00) (3, 2.15377539396286010742e-01) (4, 1.62527441978454589844e+00) (5, -1.11835241317749023438e+00) (6, 3.73505806922912597656e+00) (7, -2.80412721633911132812e+00) (8, 1.86826562881469726562e+00) (9, -7.69789993762969970703e-01) (10, -8.98699045181274414062e-01) (11, -2.19410777091979980469e+00) (12, -7.03496336936950683594e-01) (13, -2.46783420443534851074e-02) (14, 6.32911622524261474609e-01) (15, -1.39929056167602539062e+00) (16, -5.24833083152770996094e-01) (17, 1.70228409767150878906e+00) (18, -6.97279095649719238281e-01) (19, 1.33743059635162353516e+00) (20, -1.06010603904724121094e+00) (21, 2.53821897506713867188e+00) (22, 7.95012354850769042969e-01) (23, 5.81468522548675537109e-01) (24, -4.00724887847900390625e+00) (25, 1.77972984313964843750e+00) (26, 2.71851825714111328125e+00) (27, 6.20687484741210937500e-01) (28, -6.89864218235015869141e-01) (29, -2.28900837898254394531e+00) (30, -3.86727547645568847656e+00) (31, -2.77387809753417968750e+00) (32, 1.08335459232330322266e+00) (33, -3.45483899116516113281e+00) (34, -2.53717041015625000000e+00) (35, 2.79607391357421875000e+00) (36, 7.71914064884185791016e-01) (37, 1.35429143905639648438e+00) (38, 5.84647238254547119141e-01) (39, 7.04121232032775878906e-01) (40, 2.19451212882995605469e+00) (41, -2.30559021234512329102e-01) (42, -5.80303490161895751953e-01) (43, 1.98100775480270385742e-01) (44, 5.33530950546264648438e-01) (45, 1.26614034175872802734e+00) (46, -6.87159419059753417969e-01) (47, 1.31974196434020996094e+00) (48, -2.33048844337463378906e+00) (49, -6.28168463706970214844e-01) (50, -4.21313971281051635742e-01) (51, -7.03819513320922851562e-01) (52, 1.04914748668670654297e+00) (53, 4.21404451131820678711e-01) (54, -3.84610921144485473633e-01) (55, 4.25661039352416992188e+00) (56, 1.17785263061523437500e+00) (57, 1.78080070018768310547e+00) (58, 8.59578669071197509766e-01) (59, 9.84624743461608886719e-01) (60, 1.95538496971130371094e+00) (61, -8.51487219333648681641e-01) (62, -6.08112215995788574219e-01) (63, 2.39834070205688476562e-01) (64, 2.94391185045242309570e-01) (65, -6.47099733352661132812e-01) (66, -7.52397060394287109375e-01) (67, -7.23989725112915039062e-01) (68, -7.12409794330596923828e-01) (69, -8.10805320739746093750e-01) (70, 1.40206503868103027344e+00) (71, 1.77000558376312255859e+00) (72, -1.74565538763999938965e-01) (73, 5.36758720874786376953e-01) (74, 3.00989365577697753906e+00) (75, 1.11395990848541259766e+00) (76, -3.04319579154253005981e-02) (77, -6.61688521504402160645e-02) (78, 1.52630228549242019653e-02) (79, -5.81858158111572265625e-01) (80, -4.97825652360916137695e-01) (81, -4.81709927320480346680e-01) (82, -4.64642792940139770508e-01) (83, -6.74628317356109619141e-01) (84, -5.46893239021301269531e-01) (85, -6.26401245594024658203e-01) (86, -6.20482385158538818359e-01) (87, -6.07990801334381103516e-01) (88, -6.62716448307037353516e-01) (89, -6.65018022060394287109e-01) (90, -7.90041446685791015625e-01) (91, -6.43981397151947021484e-01) (92, -6.05801761150360107422e-01) (93, -7.42751598358154296875e-01) (94, -6.38411402702331542969e-01) (95, -7.72190809249877929688e-01) (96, -6.89970314502716064453e-01) (97, -6.97103679180145263672e-01) (98, -7.51322627067565917969e-01) (99, -6.61578595638275146484e-01) (100, -6.29508137702941894531e-01) (101, -6.26843094825744628906e-01) (102, -6.18492841720581054688e-01) (103, 2.89545273780822753906e+00) (104, 2.71693110466003417969e+00) (0, 1.00647987365722656250e+02) (1, 2.38525733947753906250e+01) (2, -2.28728179931640625000e+01) (3, 5.66036641597747802734e-01) (4, 9.22409057617187500000e-01) (5, -2.58617401123046875000e+01) (6, 7.34972476959228515625e-01) (7, 5.68647623062133789062e-01) (8, 7.09202527999877929688e-01) (9, 7.18784904479980468750e+00) (10, 7.09690690040588378906e-01) (11, 8.04612815380096435547e-01) (12, 1.57203936576843261719e+00) (13, 6.02584302425384521484e-01) (14, 1.44106197357177734375e+00) (15, 7.83498883247375488281e-01) (16, 1.24844920635223388672e+00) (17, 7.78481781482696533203e-01) (18, 8.01749825477600097656e-01) (19, 7.35394001007080078125e-01) (20, 8.03761839866638183594e-01) (21, 1.29918968677520751953e+00) (22, 1.18865799903869628906e+00) (23, 1.31759381294250488281e+00) (24, 1.22561860084533691406e+00) (25, 1.10267400741577148438e+00) (26, 5.78065693378448486328e-01) (27, 1.04473602771759033203e+00) (28, 1.23718476295471191406e+00) (29, 6.11555457115173339844e-01) (30, 7.25861728191375732422e-01) (31, 8.37848484516143798828e-01) (32, 9.89764928817749023438e-01) (33, 8.20138096809387207031e-01) (34, 5.04846990108489990234e-01) (35, 1.56650531291961669922e+00) (36, 9.48015630245208740234e-01) (37, 7.20544278621673583984e-01) (38, 1.15620112419128417969e+00) (39, 1.04551625251770019531e+00) (40, 1.36578345298767089844e+00) (41, 7.21734941005706787109e-01) (42, 1.28416311740875244141e+00) (43, 1.44672894477844238281e+00) (44, 1.28019535541534423828e+00) (45, 1.41267752647399902344e+00) (46, 1.77030956745147705078e+00) (47, 9.31671798229217529297e-01) (48, 1.36942195892333984375e+00) (49, 9.07875180244445800781e-01) (50, 1.11622798442840576172e+00) (51, 2.22188115119934082031e+00) (52, 9.73731458187103271484e-01) (53, 8.94341826438903808594e-01) (54, 9.84157145023345947266e-01) (55, 1.49060332775115966797e+00) (56, 1.53381764888763427734e+00) (57, 9.15376722812652587891e-01) (58, 1.38856148719787597656e+00) (59, -1.70006811618804931641e+00) (60, 8.94825279712677001953e-01) (61, 1.08368802070617675781e+00) (62, 9.48371410369873046875e-01) (63, 7.30703234672546386719e-01) (64, 7.86758303642272949219e-01) (65, 8.91595244407653808594e-01) (66, 2.47841072082519531250e+00) (67, 7.55565524101257324219e-01) (68, 8.02998960018157958984e-01) (69, 1.07080602645874023438e+00) (70, 1.42659497261047363281e+00) (71, 8.36395978927612304688e-01) (72, 8.39527487754821777344e-01) (73, 2.41405415534973144531e+00) (74, 2.29679012298583984375e+00) (75, 7.94194161891937255859e-01) (76, 4.63661253452301025391e-01) (77, 6.06945633888244628906e-01) (78, 6.92340135574340820312e-01) (79, 6.60883843898773193359e-01) (80, 5.40370881557464599609e-01) (81, 6.13076746463775634766e-01) (82, 1.42285859584808349609e+00) (83, 1.48911252617835998535e-01) (84, 7.95344769954681396484e-01) (85, 6.76329076290130615234e-01) (86, 6.67249262332916259766e-01) (87, 9.66357469558715820312e-01) (88, -9.05571365356445312500e+01) (89, 5.21155834197998046875e-01) (90, 8.20933043956756591797e-01) (91, 5.29245316982269287109e-01) (92, 8.62493336200714111328e-01) (93, 1.70419096946716308594e-01) (94, 6.63132071495056152344e-01) (95, 7.36644387245178222656e-01) (96, 1.22061622619628906250e+02) (97, 7.31661260128021240234e-01) (98, 6.87605619430541992188e-01) (99, 6.20360136032104492188e-01) (100, 6.98799550533294677734e-01) (101, 1.00905358791351318359e+00) (102, 2.76764720678329467773e-01) (103, 2.01827955245971679688e+00) (104, 9.53468084335327148438e-02) (0, 3.91754841804504394531e+00) (1, 1.31966471672058105469e+00) (2, 6.78692936897277832031e-01) (3, -1.90249943733215332031e+00) (4, -7.15838432312011718750e-01) (5, -2.03537011146545410156e+00) (6, -1.10414803028106689453e+00) (7, 2.69050240516662597656e+00) (8, -2.48203206062316894531e+00) (9, -1.26184117794036865234e+00) (10, -6.53913259506225585938e-01) (11, 1.67653572559356689453e+00) (12, -6.46518394351005554199e-02) (13, 1.89235448837280273438e+00) (14, -1.37658798694610595703e+00) (15, -7.12114989757537841797e-01) (16, -6.36805200576782226562e+00) (17, -1.49476814270019531250e+00) (18, -1.20168924331665039062e+00) (19, -1.09119081497192382812e+00) (20, -6.17791473865509033203e-01) (21, 2.14454197883605957031e+00) (22, -1.00591015815734863281e+00) (23, -8.85552763938903808594e-01) (24, 1.18123710155487060547e+00) (25, 2.23041963577270507812e+00) (26, 1.68127536773681640625e+00) (27, 2.00328683853149414062e+00) (28, -1.24915921688079833984e+00) (29, -7.57905602455139160156e-01) (30, 2.10507631301879882812e+00) (31, -6.70005917549133300781e-01) (32, 7.93144106864929199219e-01) (33, -4.03518766164779663086e-01) (34, -9.05291378498077392578e-01) (35, 2.72971630096435546875e-01) (36, -4.30653631687164306641e-01) (37, -9.00736391544342041016e-01) (38, -1.18708916008472442627e-01) (39, 1.16935598850250244141e+00) (40, 7.40842342376708984375e-01) (41, 1.79158500395715236664e-03) (42, 2.35570359230041503906e+00) (43, -8.44909787178039550781e-01) (44, 4.73459959030151367188e-01) (45, -9.50566530227661132812e-01) (46, -1.60093665122985839844e+00) (47, -1.03851473331451416016e+00) (48, 3.54462146759033203125e-01) (49, 4.88936603069305419922e-01) (50, 1.12113392353057861328e+00) (51, -1.42924559116363525391e+00) (52, 1.58045244216918945312e+00) (53, -2.13421058654785156250e+00) (54, -1.95793342590332031250e+00) (55, 2.70159751176834106445e-01) (56, 8.82122278213500976562e-01) (57, -8.29860746860504150391e-01) (58, 1.73350900411605834961e-01) (59, -2.86921501159667968750e-01) (60, -6.82355642318725585938e-01) (61, -1.07038140296936035156e+00) (62, 1.54935038089752197266e+00) (63, -5.85137009620666503906e-01) (64, 6.34775400161743164062e-01) (65, -5.30652344226837158203e-01) (66, 1.10749650001525878906e+00) (67, 2.44173908233642578125e+00) (68, -6.56298160552978515625e-01) (69, -1.81965976953506469727e-01) (70, 8.08834612369537353516e-01) (71, -9.64851438999176025391e-01) (72, 2.34888903796672821045e-02) (73, -7.42570877075195312500e-01) (74, 1.15192568302154541016e+00) (75, 1.62736320495605468750e+00) (76, -6.46099925041198730469e-01) (77, 1.61369657516479492188e+00) (78, 5.46325817704200744629e-02) (79, -4.74818915128707885742e-01) (80, 5.52193105220794677734e-01) (81, 1.27646839618682861328e+00) (82, 2.99915131181478500366e-02) (83, -2.81790524721145629883e-01) (84, -7.04468786716461181641e-01) (85, 3.99301409721374511719e-01) (86, -5.24199366569519042969e-01) (87, -2.02406808733940124512e-01) (88, 7.82256901264190673828e-01) (89, 2.32896418310701847076e-03) (90, 4.64479744434356689453e-01) (91, 6.35037362575531005859e-01) (92, -5.82205355167388916016e-01) (93, 1.82425963878631591797e+00) (94, -6.09680175781250000000e-01) (95, -5.42286396026611328125e-01) (96, 4.13355350494384765625e-01) (97, -6.83305561542510986328e-01) (98, -7.69753456115722656250e-01) (99, -6.61432325839996337891e-01) (100, -5.07418870925903320312e-01) (101, 4.83155399560928344727e-01) (102, 6.25391721725463867188e-01) (103, 1.52479577064514160156e+00) (104, 2.36601614952087402344e+00) (0, 7.99260234832763671875e+00) (1, 4.22820758819580078125e+00) (2, -1.23179160058498382568e-01) (3, -1.26514749526977539062e+01) (4, 5.39994120597839355469e-01) (5, -2.65542984008789062500e+01) (6, 4.19055879116058349609e-01) (7, -8.33861753344535827637e-02) (8, 2.37653613090515136719e-01) (9, 1.53238224983215332031e+00) (10, 2.28360127657651901245e-02) (11, 1.39192080497741699219e+00) (12, 1.21238315105438232422e+00) (13, 2.25070810317993164062e+00) (14, 1.15974497795104980469e+00) (15, -3.54826003313064575195e-02) (16, 1.15976667404174804688e+00) (17, -1.72087237238883972168e-01) (18, 9.69084426760673522949e-02) (19, 7.11476683616638183594e-01) (20, 1.31239414215087890625e+00) (21, 1.02888524532318115234e+00) (22, 1.25730311870574951172e+00) (23, 3.34624791145324707031e+00) (24, 4.03956794738769531250e+00) (25, -2.02940869331359863281e+00) (26, 1.51937651634216308594e+00) (27, 4.31251347064971923828e-01) (28, 1.38735294342041015625e+00) (29, -1.80395305156707763672e-01) (30, 1.87596070766448974609e+00) (31, 7.99225509166717529297e-01) (32, 6.18777513504028320312e-01) (33, 1.02663946151733398438e+00) (34, -5.17709374427795410156e-01) (35, 7.65493810176849365234e-01) (36, 4.64250326156616210938e-01) (37, 2.04021739959716796875e+00) (38, 8.52201044559478759766e-01) (39, 4.59978759288787841797e-01) (40, 1.54893338680267333984e+00) (41, 1.49459850788116455078e+00) (42, 4.99420404434204101562e-01) (43, 1.24486207962036132812e+00) (44, 2.91418957710266113281e+00) (45, -1.76479354500770568848e-01) (46, 7.73444771766662597656e-02) (47, -9.07409116625785827637e-02) (48, 2.07287335395812988281e+00) (49, -2.54156291484832763672e-02) (50, 1.69880837202072143555e-01) (51, 2.29816579818725585938e+00) (52, 1.16457939147949218750e+00) (53, 7.25522220134735107422e-01) (54, 8.36944520473480224609e-01) (55, 1.08847722411155700684e-01) (56, 9.28448796272277832031e-01) (57, 1.25600829720497131348e-01) (58, 6.20432555675506591797e-01) (59, -3.27793908119201660156e+00) (60, 2.07861721515655517578e-01) (61, 4.19467031955718994141e-01) (62, 7.97435462474822998047e-01) (63, 1.65344208478927612305e-01) (64, 6.79672658443450927734e-01) (65, 3.90730142593383789062e-01) (66, -1.15899550914764404297e+00) (67, 4.19912099838256835938e-01) (68, 5.20489215850830078125e-01) (69, 3.66689532995223999023e-01) (70, 1.11954212188720703125e+00) (71, 1.56743001937866210938e+00) (72, 1.54764298349618911743e-02) (73, 1.80602818727493286133e-01) (74, 1.37599384784698486328e+00) (75, 4.42993462085723876953e-01) (76, 3.98027181625366210938e-01) (77, 3.52861911058425903320e-01) (78, 2.77035331726074218750e+00) (79, 3.74967873096466064453e-01) (80, 9.43623706698417663574e-02) (81, 2.03565865755081176758e-01) (82, 7.77168512344360351562e-01) (83, -2.04008832573890686035e-01) (84, 1.54230147600173950195e-01) (85, 5.74491024017333984375e-01) (86, 1.58522099256515502930e-01) (87, 8.64591062068939208984e-01) (88, -3.12452244758605957031e+00) (89, -5.97889311611652374268e-02) (90, 9.57377552986145019531e-02) (91, -4.85564321279525756836e-02) (92, 7.44366407394409179688e-01) (93, -1.57641470432281494141e+00) (94, 5.01450300216674804688e-02) (95, 5.40923595428466796875e-01) (96, 1.30022692680358886719e+00) (97, 5.05621552467346191406e-01) (98, 5.95687747001647949219e-01) (99, 3.27399224042892456055e-02) (100, 1.42854172736406326294e-02) (101, 1.72046732902526855469e+00) (102, 1.52785873413085937500e+00) (103, 8.35978686809539794922e-01) (104, 5.06270885467529296875e-01) (0, -2.92165255546569824219e+00) (1, 1.65939509868621826172e-01) (2, 3.85318493843078613281e+00) (3, -2.34563064575195312500e+00) (4, 1.38518095016479492188e+00) (5, -5.96523210406303405762e-02) (6, 5.03798484802246093750e-01) (7, -5.95364093780517578125e+00) (8, 2.09602260589599609375e+00) (9, 3.34895908832550048828e-01) (10, 1.00179517269134521484e+00) (11, -2.11202430725097656250e+00) (12, 1.53407841920852661133e-01) (13, -1.27827155590057373047e+00) (14, -7.72286891937255859375e-01) (15, 5.59631204605102539062e+00) (16, 1.29317492246627807617e-01) (17, 7.39928960800170898438e-01) (18, 5.25489151477813720703e-01) (19, -8.53603065013885498047e-01) (20, 7.79320120811462402344e-01) (21, 3.02227783203125000000e+00) (22, 2.03480497002601623535e-01) (23, 7.70052850246429443359e-01) (24, 2.65749311447143554688e+00) (25, -7.45333313941955566406e-01) (26, -6.19988679885864257812e-01) (27, 2.55681180953979492188e+00) (28, -2.83281612396240234375e+00) (29, 1.30002117156982421875e+00) (30, 1.52602994441986083984e+00) (31, 3.66957247257232666016e-01) (32, 1.59871590137481689453e+00) (33, -3.43867361545562744141e-01) (34, 5.17291903495788574219e-01) (35, 3.12092632055282592773e-01) (36, -4.60823386907577514648e-01) (37, -2.37580984830856323242e-01) (38, -8.49349856376647949219e-01) (39, -7.82875657081604003906e-01) (40, -6.29076957702636718750e-01) (41, -4.75815981626510620117e-01) (42, -5.67620277404785156250e-01) (43, -6.42873167991638183594e-01) (44, 9.27838031202554702759e-04) (45, -1.19087524712085723877e-01) (46, -3.93415957689285278320e-01) (47, 1.08117483556270599365e-01) (48, 1.33602142333984375000e+00) (49, -8.60667526721954345703e-01) (50, -3.02872014045715332031e+00) (51, -4.80593383312225341797e-01) (52, -1.05536115169525146484e+00) (53, 8.06829452514648437500e-01) (54, 3.17687153816223144531e-01) (55, 4.16885673999786376953e-01) (56, 5.87297566235065460205e-02) (57, 1.23242902755737304688e+00) (58, -7.67304062843322753906e-01) (59, -2.51672983169555664062e-01) (60, -6.92929208278656005859e-01) (61, -3.60898703336715698242e-01) (62, 1.58409607410430908203e+00) (63, -7.60166645050048828125e-01) (64, 1.29917955398559570312e+00) (65, -6.82916462421417236328e-01) (66, 1.97228515148162841797e+00) (67, 2.30753775686025619507e-02) (68, -6.76771461963653564453e-01) (69, -6.27468645572662353516e-01) (70, 1.35736083984375000000e+00) (71, -6.96714758872985839844e-01) (72, -5.60421288013458251953e-01) (73, 5.84919869899749755859e-01) (74, 1.26038992404937744141e+00) (75, -3.11545103788375854492e-01) (76, -6.52873635292053222656e-01) (77, -5.11965274810791015625e-01) (78, -3.41417908668518066406e-01) (79, -6.80488824844360351562e-01) (80, -8.02471995353698730469e-01) (81, -5.76479792594909667969e-01) (82, -6.40324428677558898926e-02) (83, -6.24953627586364746094e-01) (84, -6.31791174411773681641e-01) (85, -2.12663337588310241699e-01) (86, 2.01275527477264404297e-01) (87, 1.58038628101348876953e+00) (88, 1.56347155570983886719e+00) (89, -7.10558235645294189453e-01) (90, -1.50494575500488281250e-01) (91, -9.08975601196289062500e-02) (92, -6.20359539985656738281e-01) (93, -5.68444669246673583984e-01) (94, -6.98615610599517822266e-01) (95, -6.69976055622100830078e-01) (96, 8.86027157306671142578e-01) (97, -6.45883977413177490234e-01) (98, -6.01780652999877929688e-01) (99, 7.26391971111297607422e-01) (100, -7.58476555347442626953e-01) (101, -5.11862635612487792969e-01) (102, -2.18479061126708984375e+00) (103, 5.27420377731323242188e+00) (104, 2.51609325408935546875e+00) (0, 4.73019838333129882812e+00) (1, -3.56315284967422485352e-01) (2, 3.19919610023498535156e+00) (3, -3.18710899353027343750e+00) (4, 1.12937247753143310547e+00) (5, 2.65428733825683593750e+00) (6, -2.02361369132995605469e+00) (7, 6.26403510570526123047e-01) (8, 5.98233413696289062500e+00) (9, 3.01881074905395507812e-01) (10, -9.88119506835937500000e+00) (11, -6.62887477874755859375e+00) (12, -1.37901532649993896484e+00) (13, 2.87925267219543457031e+00) (14, 4.80700999498367309570e-01) (15, 1.41366505622863769531e+00) (16, -2.88402581214904785156e+00) (17, -2.30507469177246093750e+00) (18, -1.91588604450225830078e+00) (19, -6.50714933872222900391e-01) (20, -1.88431510925292968750e+01) (21, 5.69986391067504882812e+00) (22, -1.56411504745483398438e+00) (23, 1.21609711647033691406e+00) (24, 3.46191215515136718750e+00) (25, 9.42381501197814941406e-01) (26, 2.02163887023925781250e+00) (27, -2.08052873611450195312e+00) (28, 2.89531540870666503906e+00) (29, -1.11299018859863281250e+01) (30, 1.43959963321685791016e+00) (31, -5.60837030410766601562e+00) (32, 3.79772186279296875000e-01) (33, -2.66078948974609375000e+00) (34, -2.22573459148406982422e-01) (35, 1.48297154903411865234e+00) (36, -2.95288348197937011719e+00) (37, -1.32188811898231506348e-01) (38, -2.82869720458984375000e+00) (39, -1.82239508628845214844e+00) (40, 8.79074633121490478516e-02) (41, -3.43883037567138671875e-01) (42, 5.02627432346343994141e-01) (43, 2.86431407928466796875e+00) (44, 2.38251805305480957031e+00) (45, 3.68093752861022949219e+00) (46, -3.80425870418548583984e-01) (47, -2.06825718283653259277e-01) (48, 1.21693301200866699219e+00) (49, 1.69081747531890869141e+00) (50, -8.23072552680969238281e-01) (51, 1.12869858741760253906e+00) (52, -2.36841487884521484375e+00) (53, 6.52002021670341491699e-02) (54, -1.48969066143035888672e+00) (55, 3.08072710037231445312e+00) (56, -7.55275666713714599609e-01) (57, 4.01511877775192260742e-01) (58, -1.14522445201873779297e+00) (59, -4.04536128044128417969e-01) (60, 1.80150270462036132812e+00) (61, 1.85687482357025146484e+00) (62, 1.79928934574127197266e+00) (63, 1.57819890975952148438e+00) (64, -1.07774996757507324219e+00) (65, 2.13363647460937500000e+00) (66, 3.06993150711059570312e+00) (67, -4.87369745969772338867e-01) (68, 1.07565069198608398438e+00) (69, 1.80232787132263183594e+00) (70, 8.14188063144683837891e-01) (71, -7.40306496620178222656e-01) (72, 3.01923036575317382812e+00) (73, 7.06532299518585205078e-01) (74, -1.16594088077545166016e+00) (75, 1.74133300781250000000e+00) (76, -1.11117410659790039062e+00) (77, -7.19128310680389404297e-01) (78, -8.92660975456237792969e-01) (79, -9.79867875576019287109e-01) (80, -4.54321026802062988281e-01) (81, -8.47140371799468994141e-01) (82, -6.80423617362976074219e-01) (83, 1.57916748523712158203e+00) (84, -6.56526923179626464844e-01) (85, -7.92664051055908203125e-01) (86, -7.08325982093811035156e-01) (87, -6.67914986610412597656e-01) (88, 1.77457463741302490234e+00) (89, -4.74638313055038452148e-01) (90, -4.79709535837173461914e-01) (91, -1.95560492575168609619e-02) (92, -6.77481770515441894531e-01) (93, -2.82746434211730957031e-01) (94, -7.64447748661041259766e-02) (95, -7.45119988918304443359e-01) (96, -8.13597142696380615234e-01) (97, -7.67463386058807373047e-01) (98, -1.67618483304977416992e-01) (99, -1.57388150691986083984e-01) (100, -5.04837334156036376953e-02) (101, -8.20836126804351806641e-01) (102, -3.87135767936706542969e+00) (103, 8.60287570953369140625e+00) (104, 2.92220044136047363281e+00) (0, 3.71084213256835937500e+01) (1, 1.58177137374877929688e+00) (2, -2.11136889457702636719e+00) (3, 1.77555158734321594238e-01) (4, 4.16962891817092895508e-01) (5, -2.63584556579589843750e+01) (6, 8.94174218177795410156e-01) (7, 1.29288628697395324707e-01) (8, 4.49900984764099121094e-01) (9, 7.49178171157836914062e+00) (10, 7.98054933547973632812e-02) (11, 5.17356872558593750000e-01) (12, 1.39892554283142089844e+00) (13, 6.71548485755920410156e-01) (14, 1.26498925685882568359e+00) (15, 2.91182816028594970703e-01) (16, 1.10744953155517578125e+00) (17, 2.61461675167083740234e-01) (18, 4.26579684019088745117e-01) (19, 9.14851069450378417969e-01) (20, 8.26519072055816650391e-01) (21, 1.18812727928161621094e+00) (22, 9.22931313514709472656e-01) (23, 8.10961425304412841797e-01) (24, 8.27092528343200683594e-01) (25, 1.00041592121124267578e+00) (26, 3.49486827850341796875e-01) (27, 5.96251428127288818359e-01) (28, 9.19667720794677734375e-01) (29, 2.52716187387704849243e-02) (30, 6.80144727230072021484e-01) (31, 2.51666218042373657227e-01) (32, 4.99758690595626831055e-01) (33, 1.02720153331756591797e+00) (34, 8.93320262432098388672e-01) (35, 6.95446789264678955078e-01) (36, 5.08988857269287109375e-01) (37, 6.73350036144256591797e-01) (38, 4.79920715093612670898e-01) (39, 1.85620620846748352051e-01) (40, 4.53321814537048339844e-01) (41, 3.39684821665287017822e-02) (42, 8.22543382644653320312e-01) (43, 1.00617992877960205078e+00) (44, 6.09146356582641601562e-01) (45, 4.43180650472640991211e-01) (46, 1.38050270080566406250e+00) (47, 3.05511713027954101562e-01) (48, 7.27450788021087646484e-01) (49, 1.99367299675941467285e-01) (50, 5.01976549625396728516e-01) (51, 1.92880713939666748047e+00) (52, 2.56590396165847778320e-01) (53, 4.53340262174606323242e-01) (54, 4.79925423860549926758e-01) (55, 4.23282086849212646484e-01) (56, 1.16514861583709716797e+00) (57, 5.50627827644348144531e-01) (58, 5.26528358459472656250e-01) (59, 6.39656931161880493164e-02) (60, 5.83485782146453857422e-01) (61, 5.43552935123443603516e-01) (62, 1.11111927032470703125e+00) (63, 5.17818987369537353516e-01) (64, 8.01684081554412841797e-01) (65, 5.93091428279876708984e-01) (66, 3.37487936019897460938e-01) (67, 4.81386005878448486328e-01) (68, 4.01368081569671630859e-01) (69, 6.52287781238555908203e-01) (70, 1.15146207809448242188e+00) (71, 9.20637726783752441406e-01) (72, 2.93973773717880249023e-01) (73, 1.11515760421752929688e+00) (74, 1.72341787815093994141e+00) (75, 5.62792122364044189453e-01) (76, 1.95123136043548583984e-01) (77, 3.16463530063629150391e-01) (78, 1.04569101333618164062e+00) (79, 3.43929111957550048828e-01) (80, 8.72209854423999786377e-03) (81, 2.72611021995544433594e-01) (82, 8.05159807205200195312e-01) (83, 1.10889457166194915771e-01) (84, 3.04439812898635864258e-01) (85, 8.52239012718200683594e-01) (86, 3.09677481651306152344e-01) (87, 9.45618450641632080078e-01) (88, 2.97086648643016815186e-02) (89, 2.43788853287696838379e-01) (90, 1.52007117867469787598e-01) (91, 7.18672871589660644531e-02) (92, 9.01506483554840087891e-01) (93, -3.22250247001647949219e-01) (94, 4.33051079511642456055e-01) (95, 5.93341052532196044922e-01) (96, 1.08357894420623779297e+00) (97, 4.49881166219711303711e-01) (98, 6.71942591667175292969e-01) (99, 1.40006080269813537598e-01) (100, 3.79152774810791015625e-01) (101, 1.01297390460968017578e+00) (102, 2.00019550323486328125e+00) (103, 1.95946186780929565430e-01) (104, 2.11269393563270568848e-01) (0, 5.11487091064453125000e+02) (1, 1.56865478515625000000e+02) (2, -5.46651992797851562500e+01) (3, -1.52909126281738281250e+01) (4, 5.11613845825195312500e+01) (5, 5.22102415561676025391e-01) (6, 2.45926570892333984375e+00) (7, 1.31610476970672607422e+00) (8, 1.55384242534637451172e+00) (9, 7.85197973251342773438e+00) (10, 2.13153648376464843750e+00) (11, 2.08895206451416015625e+00) (12, 2.64439821243286132812e+00) (13, 1.56183266639709472656e+00) (14, 3.66708040237426757812e+00) (15, 1.42178010940551757812e+00) (16, 2.21114468574523925781e+00) (17, 1.54629755020141601562e+00) (18, 1.78776657581329345703e+00) (19, 1.79403781890869140625e+00) (20, 1.97149288654327392578e+00) (21, 2.18626236915588378906e+00) (22, 2.12744307518005371094e+00) (23, 2.08498477935791015625e+00) (24, 2.16325402259826660156e+00) (25, 2.08678483963012695312e+00) (26, 1.76721346378326416016e+00) (27, 2.08918881416320800781e+00) (28, 2.25213694572448730469e+00) (29, 1.37781834602355957031e+00) (30, 1.62849509716033935547e+00) (31, 1.80756533145904541016e+00) (32, 2.19317245483398437500e+00) (33, 1.90205156803131103516e+00) (34, 1.59951901435852050781e+00) (35, 3.33707189559936523438e+00) (36, 1.88587915897369384766e+00) (37, 2.18264341354370117188e+00) (38, 1.87610518932342529297e+00) (39, 1.68652653694152832031e+00) (40, 1.68398189544677734375e+00) (41, 1.66206669807434082031e+00) (42, 3.33849072456359863281e+00) (43, 2.06976437568664550781e+00) (44, 2.09444165229797363281e+00) (45, 2.05461764335632324219e+00) (46, 8.95116138458251953125e+00) (47, 2.11094141006469726562e+00) (48, 2.76409816741943359375e+00) (49, 1.84416592121124267578e+00) (50, 6.00373792648315429688e+00) (51, 2.30049729347229003906e+00) (52, 1.59706950187683105469e+00) (53, 1.88559758663177490234e+00) (54, 1.75540792942047119141e+00) (55, 2.52785158157348632812e+00) (56, 1.78266537189483642578e+00) (57, 2.01978421211242675781e+00) (58, 1.54941940307617187500e+01) (59, 2.00736865401268005371e-01) (60, 1.13334938049316406250e+02) (61, 2.76081848144531250000e+00) (62, 2.00046491622924804688e+00) (63, 2.25760793685913085938e+00) (64, 1.57192751765251159668e-01) (65, 4.93035926818847656250e+01) (66, 3.70373010635375976562e+00) (67, 2.31397700309753417969e+00) (68, 2.13666987419128417969e+00) (69, 1.87545967102050781250e+00) (70, 3.12254238128662109375e+00) (71, 3.85858154296875000000e+00) (72, 1.27548229694366455078e+00) (73, 3.81350159645080566406e+00) (74, 3.35730767250061035156e+00) (75, 2.35075640678405761719e+00) (76, 1.37088072299957275391e+00) (77, 2.42771482467651367188e+00) (78, 1.91723382472991943359e+00) (79, 1.65631461143493652344e+00) (80, 1.18523550033569335938e+00) (81, 1.56685817241668701172e+00) (82, 2.53316783905029296875e+00) (83, 1.07033801078796386719e+00) (84, 1.11673164367675781250e+00) (85, 1.63839161396026611328e+00) (86, 1.31555879116058349609e+00) (87, 1.89108490943908691406e+00) (88, 1.12910419702529907227e-01) (89, 1.27030813694000244141e+00) (90, 1.52616846561431884766e+00) (91, 1.49365615844726562500e+00) (92, 1.91277647018432617188e+00) (93, -1.26280517578125000000e+01) (94, 1.89991509914398193359e+00) (95, 1.59229564666748046875e+00) (96, 2.78159770965576171875e+01) (97, 2.67967796325683593750e+00) (98, 1.40260088443756103516e+00) (99, 1.46898949146270751953e+00) (100, 1.87438416481018066406e+00) (101, 2.72098183631896972656e+00) (102, 5.20120978355407714844e-01) (103, 1.63563537597656250000e+00) (104, -3.40846329927444458008e-01) (0, 1.06324028015136718750e+02) (1, 1.48896837234497070312e+01) (2, -1.25245208740234375000e+01) (3, -1.91565780639648437500e+01) (4, 2.02852773666381835938e+00) (5, -1.56191368103027343750e+01) (6, 1.15594553947448730469e+00) (7, 5.77708184719085693359e-01) (8, 1.24083685874938964844e+00) (9, 7.47907590866088867188e+00) (10, 7.55146145820617675781e-01) (11, 1.13798141479492187500e+00) (12, 1.36807370185852050781e+00) (13, 1.63891601562500000000e+00) (14, 1.39176583290100097656e+00) (15, 1.30111217498779296875e+00) (16, 1.02191531658172607422e+00) (17, 5.27755022048950195312e-01) (18, 9.69440281391143798828e-01) (19, 2.08370113372802734375e+00) (20, 8.85122656822204589844e-01) (21, 9.86748993396759033203e-01) (22, 1.95316588878631591797e+00) (23, 7.39293158054351806641e-01) (24, 2.08129310607910156250e+00) (25, 9.34422791004180908203e-01) (26, 9.78500306606292724609e-01) (27, 9.39927399158477783203e-01) (28, 8.92174065113067626953e-01) (29, 1.55030953884124755859e+00) (30, 7.51232981681823730469e-01) (31, 1.97112226486206054688e+00) (32, 9.70047175884246826172e-01) (33, 1.95773649215698242188e+00) (34, 4.31918114423751831055e-01) (35, 1.15387332439422607422e+00) (36, 8.40708434581756591797e-01) (37, 9.64289128780364990234e-01) (38, 1.06522810459136962891e+00) (39, 7.13121712207794189453e-01) (40, 1.53146898746490478516e+00) (41, 5.68419277667999267578e-01) (42, 1.03145933151245117188e+00) (43, 2.00101566314697265625e+00) (44, 8.07053685188293457031e-01) (45, 1.02195131778717041016e+00) (46, 6.95551252365112304688e+00) (47, 1.20448672771453857422e+00) (48, 1.05607032775878906250e+00) (49, 5.53553164005279541016e-01) (50, 8.17291319370269775391e-01) (51, 1.81932628154754638672e+00) (52, 1.65737545490264892578e+00) (53, 1.63413751125335693359e+00) (54, 9.49899971485137939453e-01) (55, 2.78421807289123535156e+00) (56, 1.73514664173126220703e+00) (57, 5.92690289020538330078e-01) (58, 1.08630669116973876953e+00) (59, 6.62887930870056152344e-01) (60, 1.11552762985229492188e+00) (61, 8.43150794506072998047e-01) (62, 8.27229559421539306641e-01) (63, 9.47365045547485351562e-01) (64, 7.75513589382171630859e-01) (65, 1.00001966953277587891e+00) (66, 2.68827152252197265625e+00) (67, 8.75952184200286865234e-01) (68, 8.79105687141418457031e-01) (69, 2.00190663337707519531e+00) (70, 1.09004819393157958984e+00) (71, 9.89538848400115966797e-01) (72, 5.67472398281097412109e-01) (73, 3.37601208686828613281e+00) (74, 2.08525371551513671875e+01) (75, 1.94847404956817626953e+00) (76, 7.26684093475341796875e-01) (77, 8.14944684505462646484e-01) (78, 7.33655989170074462891e-01) (79, 1.72112345695495605469e+00) (80, 4.00211244821548461914e-01) (81, 1.97332298755645751953e+00) (82, 1.97369301319122314453e+00) (83, 1.42811727523803710938e+00) (84, 1.52844917774200439453e+00) (85, 6.24478399753570556641e-01) (86, 1.33397662639617919922e+00) (87, 1.45801389217376708984e+00) (88, -4.85090684890747070312e+00) (89, 1.07741641998291015625e+00) (90, 1.37618196010589599609e+00) (91, 3.84885013103485107422e-01) (92, 1.92981708049774169922e+00) (93, 3.31803590059280395508e-01) (94, 6.40125572681427001953e-01) (95, 1.26600503921508789062e+00) (96, 3.14056706428527832031e+00) (97, 7.41902053356170654297e-01) (98, 1.04199099540710449219e+00) (99, 1.14687597751617431641e+00) (100, 8.64144146442413330078e-01) (101, 8.20858895778656005859e-01) (102, -4.50058057904243469238e-02) (103, 2.32463359832763671875e+00) (104, 3.28215301036834716797e-01) (0, 4.43617553710937500000e+01) (1, 4.57972383499145507812e+00) (2, 2.01060563325881958008e-01) (3, -6.99276447296142578125e+00) (4, 7.45589256286621093750e-01) (5, -2.65844020843505859375e+01) (6, 1.16474246978759765625e+00) (7, 2.87580251693725585938e-01) (8, 5.81698060035705566406e-01) (9, 1.91823124885559082031e+00) (10, 4.04016047716140747070e-01) (11, 1.48202145099639892578e+00) (12, 1.65987253189086914062e+00) (13, 9.06585931777954101562e-01) (14, 1.46883797645568847656e+00) (15, 2.26814121007919311523e-01) (16, 1.06455934047698974609e+00) (17, 4.54052090644836425781e-01) (18, 3.83007943630218505859e-01) (19, 8.99889588356018066406e-01) (20, 9.95559692382812500000e-01) (21, 1.56782150268554687500e+00) (22, 1.37673008441925048828e+00) (23, 1.29332613945007324219e+00) (24, 1.17582297325134277344e+00) (25, 1.00734508037567138672e+00) (26, 2.60640889406204223633e-01) (27, 7.57806539535522460938e-01) (28, 1.27746999263763427734e+00) (29, 2.80142992734909057617e-01) (30, 8.59131157398223876953e-01) (31, 2.21218660473823547363e-01) (32, 8.24067473411560058594e-01) (33, 9.85687792301177978516e-01) (34, 7.58089303970336914062e-01) (35, 7.91568100452423095703e-01) (36, 4.45559233427047729492e-01) (37, 8.05729687213897705078e-01) (38, 2.65607327222824096680e-01) (39, 4.11999523639678955078e-01) (40, 7.39508867263793945312e-01) (41, 1.96471825242042541504e-01) (42, 1.04695892333984375000e+00) (43, 1.51913928985595703125e+00) (44, 8.54903340339660644531e-01) (45, 6.63833022117614746094e-01) (46, 1.31672346591949462891e+00) (47, 7.73281097412109375000e-01) (48, 8.79469335079193115234e-01) (49, 3.71686458587646484375e-01) (50, 4.92551028728485107422e-01) (51, 2.39842915534973144531e+00) (52, 3.46307426691055297852e-01) (53, 5.89189708232879638672e-01) (54, 7.56925642490386962891e-01) (55, -1.93185552954673767090e-01) (56, 1.21006464958190917969e+00) (57, 5.14902114868164062500e-01) (58, 1.67283749580383300781e+00) (59, 3.50053697824478149414e-01) (60, 9.50581729412078857422e-01) (61, 6.06726169586181640625e-01) (62, 1.12375152111053466797e+00) (63, 6.48637473583221435547e-01) (64, 1.17656683921813964844e+00) (65, 8.73059809207916259766e-01) (66, -5.81910729408264160156e-01) (67, 6.89120948314666748047e-01) (68, 7.16309487819671630859e-01) (69, 6.25437021255493164062e-01) (70, 1.47422277927398681641e+00) (71, 2.01597213745117187500e+00) (72, 4.57015156745910644531e-01) (73, 5.96838176250457763672e-01) (74, 1.78451597690582275391e+00) (75, 6.59025073051452636719e-01) (76, 3.42354893684387207031e-01) (77, 7.06936120986938476562e-01) (78, 1.59433782100677490234e+00) (79, 3.11199128627777099609e-01) (80, 2.45188176631927490234e-01) (81, 4.18452680110931396484e-01) (82, 8.95038485527038574219e-01) (83, 4.21312563121318817139e-02) (84, 5.13067603111267089844e-01) (85, 7.08160221576690673828e-01) (86, 3.24619770050048828125e-01) (87, 9.91694450378417968750e-01) (88, -1.40914356708526611328e+00) (89, 1.12108722329139709473e-01) (90, 2.87101715803146362305e-01) (91, 2.77200400829315185547e-01) (92, 1.33911633491516113281e+00) (93, -6.20404362678527832031e-01) (94, 3.44222486019134521484e-01) (95, 8.33905577659606933594e-01) (96, 3.50647807121276855469e+00) (97, 6.36725962162017822266e-01) (98, 9.12806212902069091797e-01) (99, 3.42296004295349121094e-01) (100, 3.62590938806533813477e-01) (101, 1.00514602661132812500e+00) (102, 1.63346529006958007812e+00) (103, 5.76555132865905761719e-01) (104, 1.26321867108345031738e-01) (0, 2.52834930419921875000e+02) (1, 8.90175933837890625000e+01) (2, -4.82866287231445312500e+01) (3, -7.58963317871093750000e+01) (4, 1.54273624420166015625e+01) (5, 7.14592885971069335938e+00) (6, 2.42169666290283203125e+00) (7, 1.78150010108947753906e+00) (8, 2.84719020128250122070e-01) (9, 8.08624935150146484375e+00) (10, 2.00067377090454101562e+00) (11, 1.64348876476287841797e+00) (12, 4.66083621978759765625e+00) (13, 2.06052899360656738281e+00) (14, 2.38072252273559570312e+00) (15, 1.57463991641998291016e+00) (16, 2.34741926193237304688e+00) (17, 1.64929223060607910156e+00) (18, 1.84390962123870849609e+00) (19, 2.32710456848144531250e+00) (20, 2.12106990814208984375e+00) (21, 2.61793065071105957031e+00) (22, 2.14471149444580078125e+00) (23, 2.16672515869140625000e+00) (24, 2.25864124298095703125e+00) (25, 1.87796783447265625000e+00) (26, 1.50190472602844238281e+00) (27, 1.76343357563018798828e+00) (28, 2.40952873229980468750e+00) (29, 1.60240209102630615234e+00) (30, 2.19363737106323242188e+00) (31, 1.59118914604187011719e+00) (32, 1.69634270668029785156e+00) (33, 2.24556565284729003906e+00) (34, 2.17630648612976074219e+00) (35, 2.26189136505126953125e+00) (36, 1.66831004619598388672e+00) (37, 2.12270021438598632812e+00) (38, 1.67303895950317382812e+00) (39, 1.54404103755950927734e+00) (40, 1.78415334224700927734e+00) (41, 1.65860438346862792969e+00) (42, 2.36238980293273925781e+00) (43, 2.23966932296752929688e+00) (44, 1.82858300209045410156e+00) (45, 1.43784856796264648438e+00) (46, 1.53263692855834960938e+01) (47, 1.58232975006103515625e+00) (48, 3.56440424919128417969e+00) (49, 1.56032466888427734375e+00) (50, 3.42686295509338378906e+00) (51, 2.62422347068786621094e+00) (52, 1.73048031330108642578e+00) (53, 1.92141032218933105469e+00) (54, 1.85419547557830810547e+00) (55, 1.12364363670349121094e+00) (56, 1.79159772396087646484e+00) (57, 2.02452063560485839844e+00) (58, 2.82096004486083984375e+00) (59, 3.03186863660812377930e-01) (60, 4.01366233825683593750e+01) (61, 1.90731096267700195312e+00) (62, 2.54838275909423828125e+00) (63, 8.98969590663909912109e-01) (64, 1.11447727680206298828e+00) (65, 3.47280464172363281250e+01) (66, -2.83425208181142807007e-02) (67, 1.71923303604125976562e+00) (68, 1.74001550674438476562e+00) (69, 1.72634935379028320312e+00) (70, 1.83869433403015136719e+00) (71, 2.39553308486938476562e+00) (72, 1.32987165451049804688e+00) (73, 1.53058171272277832031e+00) (74, 2.93254327774047851562e+00) (75, 1.84794497489929199219e+00) (76, 1.63791394233703613281e+00) (77, 8.97023677825927734375e-01) (78, 1.23019337654113769531e+00) (79, 1.54758656024932861328e+00) (80, 1.56993460655212402344e+00) (81, 1.58427691459655761719e+00) (82, 1.92817997932434082031e+00) (83, 1.31467580795288085938e+00) (84, 1.74755942821502685547e+00) (85, 2.06792068481445312500e+00) (86, 1.74894225597381591797e+00) (87, 2.46300792694091796875e+00) (88, -5.86056232452392578125e-01) (89, 1.48035871982574462891e+00) (90, 1.67045938968658447266e+00) (91, 1.28732597827911376953e+00) (92, 2.50207781791687011719e+00) (93, 1.23085796833038330078e+00) (94, 6.20854079723358154297e-01) (95, 2.01566600799560546875e+00) (96, 7.18284893035888671875e+00) (97, 9.95659649372100830078e-01) (98, 2.07561755180358886719e+00) (99, 1.45962262153625488281e+00) (100, 6.73810899257659912109e-01) (101, 1.55796658992767333984e+00) (102, 1.61188495159149169922e+00) (103, 6.37013852596282958984e-01) (104, -4.71306622028350830078e-01) (105, -2.88093137741088867188e+00) (106, -2.91776895523071289062e+00) (107, 4.47631072998046875000e+00) (108, -4.06956577301025390625e+00) (109, 2.39468955993652343750e+00) (110, 5.74257671833038330078e-01) (111, -1.87034082412719726562e+00) (112, -2.51567530632019042969e+00) (113, -2.85136294364929199219e+00) (114, -2.43159699440002441406e+00) (115, 1.05142402648925781250e+00) (116, 6.06470406055450439453e-01) (117, 3.17136478424072265625e+00) (118, 8.61937940120697021484e-01) (119, 4.45378160476684570312e+00) (120, 7.16645896434783935547e-01) (121, 3.01492238044738769531e+00) (122, 1.12448334693908691406e+00) (123, 2.17391014099121093750e+00) (124, -3.57340359687805175781e+00) (125, 6.81270539760589599609e-01) (126, 6.80267453193664550781e-01) (127, 6.64592444896697998047e-01) (128, 5.82821488380432128906e-01) (129, 1.08020913600921630859e+00) (130, 9.81300652027130126953e-01) 
