FANN_FLO_2.1
num_layers=3
learning_rate=0.700000
connection_rate=1.000000
network_type=0
learning_momentum=0.000000
training_algorithm=2
train_error_function=1
train_stop_function=0
cascade_output_change_fraction=0.010000
quickprop_decay=-0.000100
quickprop_mu=1.750000
rprop_increase_factor=1.200000
rprop_decrease_factor=0.500000
rprop_delta_min=0.000000
rprop_delta_max=50.000000
rprop_delta_zero=0.100000
cascade_output_stagnation_epochs=12
cascade_candidate_change_fraction=0.010000
cascade_candidate_stagnation_epochs=12
cascade_max_out_epochs=150
cascade_max_cand_epochs=150
cascade_num_candidate_groups=2
bit_fail_limit=3.49999994039535522461e-01
cascade_candidate_limit=1.00000000000000000000e+03
cascade_weight_multiplier=4.00000005960464477539e-01
cascade_activation_functions_count=10
cascade_activation_functions=3 5 7 8 10 11 14 15 16 17 
cascade_activation_steepnesses_count=4
cascade_activation_steepnesses=2.50000000000000000000e-01 5.00000000000000000000e-01 7.50000000000000000000e-01 1.00000000000000000000e+00 
layer_sizes=105 26 2 
scale_included=0
neurons (num_inputs, activation_function, activation_steepness)=(0, 0, 0.00000000000000000000e+00) (0, 0, 0.00000000000000000000e+00) (0, 0, 0.00000000000000000000e+00) (0, 0, 0.00000000000000000000e+00) (0, 0, 0.00000000000000000000e+00) (0, 0, 0.00000000000000000000e+00) (0, 0, 0.00000000000000000000e+00) (0, 0, 0.00000000000000000000e+00) (0, 0, 0.00000000000000000000e+00) (0, 0, 0.00000000000000000000e+00) (0, 0, 0.00000000000000000000e+00) (0, 0, 0.00000000000000000000e+00) (0, 0, 0.00000000000000000000e+00) (0, 0, 0.00000000000000000000e+00) (0, 0, 0.00000000000000000000e+00) (0, 0, 0.00000000000000000000e+00) (0, 0, 0.00000000000000000000e+00) (0, 0, 0.00000000000000000000e+00) (0, 0, 0.00000000000000000000e+00) (0, 0, 0.00000000000000000000e+00) (0, 0, 0.00000000000000000000e+00) (0, 0, 0.00000000000000000000e+00) (0, 0, 0.00000000000000000000e+00) (0, 0, 0.00000000000000000000e+00) (0, 0, 0.00000000000000000000e+00) (0, 0, 0.00000000000000000000e+00) (0, 0, 0.00000000000000000000e+00) (0, 0, 0.00000000000000000000e+00) (0, 0, 0.00000000000000000000e+00) (0, 0, 0.00000000000000000000e+00) (0, 0, 0.00000000000000000000e+00) (0, 0, 0.00000000000000000000e+00) (0, 0, 0.00000000000000000000e+00) (0, 0, 0.00000000000000000000e+00) (0, 0, 0.00000000000000000000e+00) (0, 0, 0.00000000000000000000e+00) (0, 0, 0.00000000000000000000e+00) (0, 0, 0.00000000000000000000e+00) (0, 0, 0.00000000000000000000e+00) (0, 0, 0.00000000000000000000e+00) (0, 0, 0.00000000000000000000e+00) (0, 0, 0.00000000000000000000e+00) (0, 0, 0.00000000000000000000e+00) (0, 0, 0.00000000000000000000e+00) (0, 0, 0.00000000000000000000e+00) (0, 0, 0.00000000000000000000e+00) (0, 0, 0.00000000000000000000e+00) (0, 0, 0.00000000000000000000e+00) (0, 0, 0.00000000000000000000e+00) (0, 0, 0.00000000000000000000e+00) (0, 0, 0.00000000000000000000e+00) (0, 0, 0.00000000000000000000e+00) (0, 0, 0.00000000000000000000e+00) (0, 0, 0.00000000000000000000e+00) (0, 0, 0.00000000000000000000e+00) (0, 0, 0.00000000000000000000e+00) (0, 0, 0.00000000000000000000e+00) (0, 0, 0.00000000000000000000e+00) (0, 0, 0.00000000000000000000e+00) (0, 0, 0.00000000000000000000e+00) (0, 0, 0.00000000000000000000e+00) (0, 0, 0.00000000000000000000e+00) (0, 0, 0.00000000000000000000e+00) (0, 0, 0.00000000000000000000e+00) (0, 0, 0.00000000000000000000e+00) (0, 0, 0.00000000000000000000e+00) (0, 0, 0.00000000000000000000e+00) (0, 0, 0.00000000000000000000e+00) (0, 0, 0.00000000000000000000e+00) (0, 0, 0.00000000000000000000e+00) (0, 0, 0.00000000000000000000e+00) (0, 0, 0.00000000000000000000e+00) (0, 0, 0.00000000000000000000e+00) (0, 0, 0.00000000000000000000e+00) (0, 0, 0.00000000000000000000e+00) (0, 0, 0.00000000000000000000e+00) (0, 0, 0.00000000000000000000e+00) (0, 0, 0.00000000000000000000e+00) (0, 0, 0.00000000000000000000e+00) (0, 0, 0.00000000000000000000e+00) (0, 0, 0.00000000000000000000e+00) (0, 0, 0.00000000000000000000e+00) (0, 0, 0.00000000000000000000e+00) (0, 0, 0.00000000000000000000e+00) (0, 0, 0.00000000000000000000e+00) (0, 0, 0.00000000000000000000e+00) (0, 0, 0.00000000000000000000e+00) (0, 0, 0.00000000000000000000e+00) (0, 0, 0.00000000000000000000e+00) (0, 0, 0.00000000000000000000e+00) (0, 0, 0.00000000000000000000e+00) (0, 0, 0.00000000000000000000e+00) (0, 0, 0.00000000000000000000e+00) (0, 0, 0.00000000000000000000e+00) (0, 0, 0.00000000000000000000e+00) (0, 0, 0.00000000000000000000e+00) (0, 0, 0.00000000000000000000e+00) (0, 0, 0.00000000000000000000e+00) (0, 0, 0.00000000000000000000e+00) (0, 0, 0.00000000000000000000e+00) (0, 0, 0.00000000000000000000e+00) (0, 0, 0.00000000000000000000e+00) (0, 0, 0.00000000000000000000e+00) (0, 0, 0.00000000000000000000e+00) (0, 0, 0.00000000000000000000e+00) (105, 5, 5.00000000000000000000e-01) (105, 5, 5.00000000000000000000e-01) (105, 5, 5.00000000000000000000e-01) (105, 5, 5.00000000000000000000e-01) (105, 5, 5.00000000000000000000e-01) (105, 5, 5.00000000000000000000e-01) (105, 5, 5.00000000000000000000e-01) (105, 5, 5.00000000000000000000e-01) (105, 5, 5.00000000000000000000e-01) (105, 5, 5.00000000000000000000e-01) (105, 5, 5.00000000000000000000e-01) (105, 5, 5.00000000000000000000e-01) (105, 5, 5.00000000000000000000e-01) (105, 5, 5.00000000000000000000e-01) (105, 5, 5.00000000000000000000e-01) (105, 5, 5.00000000000000000000e-01) (105, 5, 5.00000000000000000000e-01) (105, 5, 5.00000000000000000000e-01) (105, 5, 5.00000000000000000000e-01) (105, 5, 5.00000000000000000000e-01) (105, 5, 5.00000000000000000000e-01) (105, 5, 5.00000000000000000000e-01) (105, 5, 5.00000000000000000000e-01) (105, 5, 5.00000000000000000000e-01) (105, 5, 5.00000000000000000000e-01) (0, 5, 0.00000000000000000000e+00) (26, 5, 5.00000000000000000000e-01) (0, 5, 0.00000000000000000000e+00) 
connections (connected_to_neuron, weight)=(0, -5.15735435485839843750e+00) (1, 4.90023106336593627930e-01) (2, 6.64944350719451904297e-01) (3, -9.19926548004150390625e+00) (4, 1.64807677268981933594e+00) (5, 5.83155274391174316406e-01) (6, 6.59779310226440429688e-01) (7, -6.43025994300842285156e-01) (8, -5.57444989681243896484e-01) (9, 1.29427075386047363281e+00) (10, -5.90884923934936523438e-01) (11, 1.72714841365814208984e+00) (12, 1.36726748943328857422e+00) (13, 5.02410888671875000000e-01) (14, -7.47159183025360107422e-01) (15, 1.28365755081176757812e+00) (16, 6.70411109924316406250e-01) (17, -3.69757294654846191406e-01) (18, 1.03374314308166503906e+00) (19, -3.20516973733901977539e-01) (20, -4.17837083339691162109e-01) (21, 8.75178724527359008789e-02) (22, 1.66013348102569580078e+00) (23, 1.95794868469238281250e+00) (24, 1.56801104545593261719e+00) (25, -5.53990960121154785156e-01) (26, -6.40698790550231933594e-01) (27, -5.17809987068176269531e-01) (28, -6.06413006782531738281e-01) (29, -7.69650697708129882812e-01) (30, -1.89379245042800903320e-01) (31, 1.78221747279167175293e-01) (32, -2.08436518907546997070e-01) (33, 8.87745499610900878906e-01) (34, 1.14522385597229003906e+00) (35, -1.10804831981658935547e+00) (36, 8.41889083385467529297e-01) (37, -1.09012651443481445312e+00) (38, 6.20330452919006347656e-01) (39, 3.11152696609497070312e-01) (40, 9.79616940021514892578e-01) (41, 8.95336151123046875000e-01) (42, 1.60506331920623779297e+00) (43, 5.96075713634490966797e-01) (44, 1.79394447803497314453e+00) (45, 9.95526015758514404297e-01) (46, 1.19739675521850585938e+00) (47, 8.24972927570343017578e-01) (48, -1.07612764835357666016e+00) (49, 1.13931334018707275391e+00) (50, 1.05486917495727539062e+00) (51, 1.18769860267639160156e+00) (52, 6.36819171905517578125e+00) (53, 2.78343448638916015625e+01) (54, 5.31218385696411132812e+00) (55, 2.88288640975952148438e+00) (56, 1.03951334953308105469e+00) (57, -3.61616063117980957031e+00) (58, 8.94593238830566406250e-01) (59, 8.76844525337219238281e-01) (60, 9.95144307613372802734e-01) (61, 1.13775277137756347656e+00) (62, 1.17675197124481201172e+00) (63, 4.47635471820831298828e-01) (64, 5.44395267963409423828e-01) (65, 8.93356561660766601562e-01) (66, 5.67889690399169921875e-01) (67, 1.06039486825466156006e-01) (68, -4.52231311798095703125e+00) (69, 5.40340721607208251953e-01) (70, -4.51736807823181152344e-01) (71, -5.25012575089931488037e-02) (72, 9.33039069175720214844e-01) (73, -2.96547710895538330078e-01) (74, 6.95703029632568359375e-01) (75, 1.07029902935028076172e+00) (76, 7.82856273651123046875e+00) (77, 3.51137495040893554688e+00) (78, 9.41718339920043945312e-01) (79, 1.99214038848876953125e+01) (80, 4.03665685653686523438e+00) (81, -2.02793464064598083496e-01) (82, 1.53174662590026855469e+00) (83, 1.06831383705139160156e+00) (84, -2.92589932680130004883e-01) (85, 4.76564615964889526367e-01) (86, 9.76676523685455322266e-01) (87, 8.21326315402984619141e-01) (88, 1.14419400691986083984e+00) (89, 6.29778325557708740234e-01) (90, 1.56713092327117919922e+00) (91, 9.62576627731323242188e-01) (92, -9.03360992670059204102e-02) (93, 6.50873780250549316406e-01) (94, 4.80530172586441040039e-01) (95, 1.65660589933395385742e-01) (96, 1.27313911914825439453e+00) (97, 6.53499186038970947266e-01) (98, -6.43953263759613037109e-01) (99, -6.16171598434448242188e-01) (100, 8.88000667095184326172e-01) (101, 7.48366236686706542969e-01) (102, 3.95044982433319091797e-02) (103, 1.79749178886413574219e+00) (104, 1.13837146759033203125e+00) (0, -1.56143355369567871094e+00) (1, -2.14173570275306701660e-01) (2, -5.76396107673645019531e-01) (3, 3.68105679750442504883e-01) (4, -5.83980143070220947266e-01) (5, 1.31026878952980041504e-01) (6, -6.95210933685302734375e-01) (7, -1.02129861712455749512e-01) (8, 5.39177656173706054688e-01) (9, -4.34375584125518798828e-01) (10, 1.37964129447937011719e-01) (11, -2.71346271038055419922e-01) (12, -7.11895287036895751953e-01) (13, 9.58075821399688720703e-01) (14, -5.67112714052200317383e-02) (15, -9.55634713172912597656e-02) (16, -6.98280856013298034668e-02) (17, -6.46394371986389160156e-01) (18, 1.46101677417755126953e+00) (19, 1.04157900810241699219e+00) (20, -2.41802906990051269531e+00) (21, 1.83490467071533203125e+00) (22, 1.96326923370361328125e+00) (23, -3.31067144870758056641e-01) (24, 2.93673221021890640259e-02) (25, -7.76958346366882324219e-01) (26, -6.38346612453460693359e-01) (27, 1.13100421428680419922e+00) (28, -1.47535049915313720703e+00) (29, -8.49742591381072998047e-01) (30, 1.62034797668457031250e+00) (31, -8.85956346988677978516e-01) (32, -7.06899940967559814453e-01) (33, -3.08053761720657348633e-01) (34, 2.97300791740417480469e+00) (35, -5.86220443248748779297e-01) (36, 1.40817153453826904297e+00) (37, 3.20841503143310546875e+00) (38, -6.55187249183654785156e-01) (39, -9.07612621784210205078e-01) (40, 5.61935186386108398438e-01) (41, -1.59204527735710144043e-02) (42, 1.61149263381958007812e+00) (43, 6.37950897216796875000e-01) (44, -4.86214995384216308594e-01) (45, -2.44659948348999023438e+00) (46, 1.35136902332305908203e+00) (47, -9.91474390029907226562e-02) (48, 5.78004181385040283203e-01) (49, -8.08654606342315673828e-01) (50, -8.27417433261871337891e-01) (51, -3.35832297801971435547e-01) (52, -2.53369566053152084351e-03) (53, 3.11874657869338989258e-01) (54, -3.10430288314819335938e-01) (55, -1.75714254379272460938e+00) (56, 1.53301402926445007324e-01) (57, -3.16924548149108886719e+00) (58, -3.19799065589904785156e-01) (59, 3.59802436828613281250e+00) (60, -1.77030086517333984375e-01) (61, -1.18363988399505615234e+00) (62, -1.76628619432449340820e-01) (63, -6.98383569717407226562e-01) (64, 9.09785702824592590332e-02) (65, -6.54946446418762207031e-01) (66, -1.01016473770141601562e+00) (67, 1.32535004615783691406e+00) (68, -7.04146027565002441406e-01) (69, 1.11202323436737060547e+00) (70, 1.23362171649932861328e+00) (71, 8.74285399913787841797e-02) (72, 1.15008234977722167969e+00) (73, -5.38591802120208740234e-01) (74, -2.68659561872482299805e-01) (75, 2.19589924812316894531e+00) (76, 9.80077922344207763672e-01) (77, -2.18463763594627380371e-01) (78, -8.53109478950500488281e-01) (79, 5.07375836372375488281e-01) (80, 1.38924419879913330078e+00) (81, 6.88475430011749267578e-01) (82, -4.29937422275543212891e-01) (83, 5.20516335964202880859e-01) (84, 6.71399295330047607422e-01) (85, -1.23333454132080078125e+00) (86, -4.51123386621475219727e-01) (87, 1.85561358928680419922e-01) (88, 9.79332447052001953125e-01) (89, 7.15055346488952636719e-01) (90, 2.54229325801134109497e-02) (91, 1.43852031230926513672e+00) (92, -1.00664913654327392578e-01) (93, 2.42320045828819274902e-01) (94, 1.29795241355895996094e+00) (95, 6.67462587356567382812e-01) (96, -1.38247713446617126465e-01) (97, 7.77192488312721252441e-02) (98, 1.35662889480590820312e+00) (99, -4.06383037567138671875e-01) (100, -4.07985985279083251953e-01) (101, 1.04477727413177490234e+00) (102, -1.19811512529850006104e-01) (103, 2.15968489646911621094e+00) (104, 2.60889434814453125000e+00) (0, 5.44976353645324707031e-01) (1, 1.29600358009338378906e+00) (2, 6.48942351341247558594e-01) (3, -4.53772187232971191406e-01) (4, 8.82816016674041748047e-01) (5, 5.60292661190032958984e-01) (6, -1.19854941964149475098e-01) (7, -8.81457149982452392578e-01) (8, 1.15911030769348144531e+00) (9, -3.99562835693359375000e-01) (10, -6.66263520717620849609e-01) (11, 6.79588019847869873047e-01) (12, -4.31886166334152221680e-01) (13, -3.23106288909912109375e-01) (14, -6.89652025699615478516e-01) (15, -1.08018750324845314026e-02) (16, 6.20562613010406494141e-01) (17, -2.00871393084526062012e-01) (18, 7.62622356414794921875e-01) (19, -1.06800329685211181641e+00) (20, -3.55100631713867187500e-02) (21, 1.69879651069641113281e+00) (22, -1.92937028408050537109e+00) (23, -8.89500200748443603516e-01) (24, 2.76372671127319335938e-01) (25, -1.03801810741424560547e+00) (26, -1.76727160811424255371e-01) (27, 1.16333079338073730469e+00) (28, -1.34183359146118164062e+00) (29, 1.66360735893249511719e+00) (30, -3.87151017785072326660e-02) (31, -4.10838365554809570312e-01) (32, 1.77369129657745361328e+00) (33, -4.90486443042755126953e-01) (34, -4.26121979951858520508e-01) (35, 5.41568219661712646484e-01) (36, 6.44422173500061035156e-02) (37, -6.50134682655334472656e-01) (38, -7.47291266918182373047e-01) (39, -3.81556957960128784180e-01) (40, 1.50897061824798583984e+00) (41, -1.42176055908203125000e+00) (42, 1.55086529254913330078e+00) (43, -1.77064251899719238281e+00) (44, -9.74780991673469543457e-02) (45, -2.65786617994308471680e-01) (46, -2.77672320604324340820e-01) (47, 2.96779483556747436523e-01) (48, 7.07665979862213134766e-01) (49, -3.22732210159301757812e-01) (50, -5.51907181739807128906e-01) (51, -2.95548141002655029297e-01) (52, 4.41114932298660278320e-01) (53, 6.41878843307495117188e-01) (54, -6.29755854606628417969e-01) (55, -5.71447685360908508301e-02) (56, 3.31690967082977294922e-01) (57, 1.10370814800262451172e+00) (58, -9.85101222991943359375e-01) (59, 1.35693454742431640625e+00) (60, -4.05219435691833496094e-01) (61, -7.91734099388122558594e-01) (62, 3.99232894182205200195e-01) (63, -2.47264340519905090332e-01) (64, 1.60056531429290771484e+00) (65, -6.27561509609222412109e-01) (66, 7.57536470890045166016e-01) (67, 2.31953904032707214355e-01) (68, -1.99054911732673645020e-01) (69, -4.03343111276626586914e-01) (70, 2.43391498923301696777e-01) (71, -6.29513502120971679688e-01) (72, -8.66923667490482330322e-03) (73, -8.12317579984664916992e-02) (74, -4.75176945328712463379e-02) (75, 3.82220774888992309570e-01) (76, 2.36327573657035827637e-02) (77, 9.76346731185913085938e-01) (78, -8.50658893585205078125e-01) (79, -3.16686838865280151367e-01) (80, -6.43950998783111572266e-01) (81, 1.49917113780975341797e+00) (82, -2.17996031045913696289e-01) (83, 4.79116231203079223633e-01) (84, -6.65085196495056152344e-01) (85, 5.42495787143707275391e-01) (86, -7.61067271232604980469e-02) (87, -3.54316592216491699219e-01) (88, 8.30340206623077392578e-01) (89, -2.62351930141448974609e-01) (90, 2.19218418002128601074e-01) (91, 8.86520266532897949219e-01) (92, -6.85298085212707519531e-01) (93, 8.59851360321044921875e-01) (94, 3.96182090044021606445e-01) (95, -8.70119035243988037109e-01) (96, 8.36081147193908691406e-01) (97, -6.69938683509826660156e-01) (98, -5.14624536037445068359e-01) (99, 4.91719394922256469727e-01) (100, 5.50448954105377197266e-01) (101, -7.18112170696258544922e-01) (102, -3.05349087715148925781e+00) (103, 6.25867938995361328125e+00) (104, 2.61622214317321777344e+00) (0, 1.12588405609130859375e+00) (1, -1.36288547515869140625e+00) (2, -3.58186662197113037109e-01) (3, 1.86717510223388671875e+00) (4, -2.34078630805015563965e-01) (5, -5.90681135654449462891e-01) (6, -1.61030673980712890625e+00) (7, 2.26951622962951660156e+00) (8, -3.55299949645996093750e-01) (9, 1.93438732624053955078e+00) (10, 7.28262305259704589844e-01) (11, 9.52482938766479492188e-01) (12, 1.21942929923534393311e-01) (13, 9.31962370872497558594e-01) (14, -9.17148292064666748047e-01) (15, 1.18597328662872314453e+00) (16, 5.21461129188537597656e-01) (17, 1.63938209414482116699e-01) (18, 1.95563599467277526855e-01) (19, -1.73397195339202880859e+00) (20, -3.51798236370086669922e-01) (21, 1.16284763813018798828e+00) (22, -9.85010266304016113281e-02) (23, -1.06706905364990234375e+00) (24, 4.37629032135009765625e+00) (25, 2.28783369064331054688e+00) (26, 1.73606291413307189941e-01) (27, 6.12666487693786621094e-01) (28, -2.58142185211181640625e+00) (29, 3.75864863395690917969e-01) (30, 1.30140841007232666016e+00) (31, -1.83361446857452392578e+00) (32, -4.34540063142776489258e-01) (33, 8.68374228477478027344e-01) (34, 1.63952326774597167969e+00) (35, 1.25751650333404541016e+00) (36, 1.21423685550689697266e+00) (37, -1.29246187210083007812e+00) (38, 9.67104017734527587891e-01) (39, 5.62978684902191162109e-01) (40, 1.42147254943847656250e+00) (41, 1.07013583183288574219e+00) (42, 4.19091254472732543945e-01) (43, -1.30104649066925048828e+00) (44, 4.49437320232391357422e-01) (45, -5.07833600044250488281e-01) (46, -2.30655804276466369629e-01) (47, -2.43003889918327331543e-01) (48, 1.21790349483489990234e+00) (49, 3.18397313356399536133e-01) (50, 7.97864079475402832031e-01) (51, -1.68418493121862411499e-02) (52, -1.95978891849517822266e+00) (53, 4.00260776281356811523e-01) (54, 3.78553807735443115234e-01) (55, -1.78643059730529785156e+00) (56, -7.99689471721649169922e-01) (57, 1.10389381647109985352e-01) (58, -1.07999585568904876709e-01) (59, -7.02822059392929077148e-02) (60, 1.27108347415924072266e+00) (61, -1.34184256196022033691e-01) (62, 1.12608504295349121094e+00) (63, -5.57399868965148925781e-01) (64, 8.74114751815795898438e-01) (65, 5.75839221477508544922e-01) (66, -3.80434244871139526367e-01) (67, 1.28511297702789306641e+00) (68, 4.06497195363044738770e-02) (69, 9.20974433422088623047e-01) (70, 7.62625753879547119141e-01) (71, 4.60578829050064086914e-01) (72, -1.54989135265350341797e+00) (73, 4.19003158807754516602e-01) (74, -5.37535846233367919922e-01) (75, -1.86381965875625610352e-01) (76, -2.32875242829322814941e-01) (77, -6.33528947830200195312e-01) (78, -6.60021483898162841797e-01) (79, 1.44301652908325195312e+00) (80, -3.49601507186889648438e-01) (81, -5.24074256420135498047e-01) (82, 7.59672820568084716797e-02) (83, -7.86109268665313720703e-02) (84, -7.39976227283477783203e-01) (85, -5.61052083969116210938e-01) (86, -4.46844995021820068359e-01) (87, 6.87492311000823974609e-01) (88, 2.80366867780685424805e-01) (89, -6.80204272270202636719e-01) (90, 5.98919615149497985840e-02) (91, -2.81702995300292968750e-01) (92, -2.40954801440238952637e-01) (93, -2.53750562667846679688e-01) (94, -4.77165490388870239258e-01) (95, 4.39367413520812988281e-01) (96, -7.59671628475189208984e-02) (97, -5.81500351428985595703e-01) (98, -6.63299381732940673828e-01) (99, -7.04029560089111328125e-01) (100, -6.21049523353576660156e-01) (101, -5.95918416976928710938e-01) (102, -1.36874735355377197266e+00) (103, 3.53086066246032714844e+00) (104, 2.45805692672729492188e+00) (0, -2.32979907989501953125e+01) (1, -6.57692050933837890625e+00) (2, 2.58784405887126922607e-02) (3, 2.29996293783187866211e-02) (4, 9.07381713390350341797e-01) (5, -1.79011142253875732422e+00) (6, 9.49176609516143798828e-01) (7, -9.28217530250549316406e-01) (8, 2.97092485427856445312e+00) (9, 1.14798796176910400391e+00) (10, 2.03740119934082031250e+00) (11, 3.93957328796386718750e+00) (12, 2.81445562839508056641e-01) (13, 1.14050281047821044922e+00) (14, 8.73029232025146484375e-01) (15, 1.46283626556396484375e+00) (16, -8.62825584411621093750e+00) (17, -2.54250812530517578125e+00) (18, 5.16135931015014648438e-01) (19, 1.54250240325927734375e+00) (20, 8.70818912982940673828e-01) (21, 9.60552990436553955078e-02) (22, -1.29463934898376464844e+00) (23, -1.67350637912750244141e+00) (24, 6.57287836074829101562e-01) (25, 1.89992256164550781250e+01) (26, -3.80777645111083984375e+00) (27, -2.28953051567077636719e+00) (28, -1.73569858074188232422e+00) (29, 8.49037110805511474609e-01) (30, -1.55871558189392089844e+00) (31, 1.51195633411407470703e+00) (32, -1.70390033721923828125e+00) (33, 7.18357861042022705078e-01) (34, 5.08743858337402343750e+00) (35, -1.90520918369293212891e+00) (36, 2.64824056625366210938e+00) (37, 1.11539363861083984375e+00) (38, 2.74012774229049682617e-01) (39, 7.68197000026702880859e-01) (40, -3.34827542304992675781e-01) (41, -1.66335105895996093750e+00) (42, -3.87543551623821258545e-02) (43, 5.54435729980468750000e-01) (44, 2.17377543449401855469e-01) (45, 1.44734370708465576172e+00) (46, 3.61991190910339355469e+00) (47, 1.18039441108703613281e+00) (48, 1.29863297939300537109e+00) (49, 9.41175639629364013672e-01) (50, 5.85594117641448974609e-01) (51, -1.73511719703674316406e+00) (52, -3.20186704397201538086e-01) (53, 2.99405956268310546875e+00) (54, 1.35917758941650390625e+00) (55, 1.30831733345985412598e-01) (56, -2.88083851337432861328e-01) (57, 7.96051144599914550781e-01) (58, 3.07999372482299804688e-01) (59, 7.95732915401458740234e-01) (60, 6.19605123996734619141e-01) (61, 7.56790578365325927734e-01) (62, -8.68548512458801269531e-01) (63, 8.62257897853851318359e-01) (64, 1.18654656410217285156e+00) (65, 7.67168045043945312500e-01) (66, 1.15842449665069580078e+00) (67, -9.40471768379211425781e-01) (68, 8.74686002731323242188e-01) (69, 1.02558553218841552734e+00) (70, -9.48672771453857421875e-01) (71, 4.65882122516632080078e-01) (72, 5.68451166152954101562e-01) (73, 5.38370728492736816406e-01) (74, -3.11646729707717895508e-01) (75, 1.05126821994781494141e+00) (76, -2.69454449415206909180e-01) (77, -2.78988689184188842773e-01) (78, 1.63366138935089111328e+00) (79, -5.88567447662353515625e+00) (80, -2.53737419843673706055e-01) (81, 1.74441051483154296875e+00) (82, 1.09617722034454345703e+00) (83, -2.46945023536682128906e-01) (84, 1.27047705650329589844e+00) (85, 2.05247092247009277344e+00) (86, 1.05304908752441406250e+00) (87, 6.37611269950866699219e-01) (88, 3.74379098415374755859e-01) (89, 3.39575886726379394531e-01) (90, 9.05217826366424560547e-01) (91, 2.39370137453079223633e-01) (92, 3.54808509349822998047e-01) (93, -3.36019903421401977539e-01) (94, 1.15754449367523193359e+00) (95, 4.71287876367568969727e-01) (96, 4.16502237319946289062e-01) (97, 7.39514470100402832031e-01) (98, 1.15347659587860107422e+00) (99, 2.34286516904830932617e-01) (100, 1.04270827770233154297e+00) (101, 1.30810812115669250488e-01) (102, -2.29887932538986206055e-01) (103, 2.35321044921875000000e+00) (104, 1.17961800098419189453e+00) (0, 8.42094242572784423828e-01) (1, 2.19735336303710937500e+00) (2, 1.86275744438171386719e+00) (3, 1.68599322438240051270e-01) (4, -1.65831431746482849121e-01) (5, 4.45930629968643188477e-01) (6, -3.18456768989562988281e-01) (7, -2.86984533071517944336e-01) (8, -9.17285740375518798828e-01) (9, -6.19425415992736816406e-01) (10, -1.73373848199844360352e-01) (11, -1.10654771327972412109e-01) (12, -5.65958380699157714844e-01) (13, 1.43382179737091064453e+00) (14, -6.06388092041015625000e-01) (15, 1.23118960857391357422e+00) (16, 1.42512857913970947266e-01) (17, -5.60122132301330566406e-01) (18, 5.41728213429450988770e-02) (19, 3.54542851448059082031e-01) (20, 6.47060692310333251953e-01) (21, -4.62453588843345642090e-02) (22, 2.95626789331436157227e-01) (23, 1.34291544556617736816e-01) (24, 7.89795398712158203125e-01) (25, -7.87131711840629577637e-02) (26, -5.16881942749023437500e-01) (27, -4.69232261180877685547e-01) (28, -6.70986890792846679688e-01) (29, -2.25992083549499511719e-01) (30, 9.74129199981689453125e-01) (31, -9.15736079216003417969e-01) (32, -5.47077357769012451172e-01) (33, -3.06587129831314086914e-01) (34, 8.31313788890838623047e-01) (35, 2.03527174890041351318e-02) (36, 1.14257884025573730469e+00) (37, -3.35772007703781127930e-01) (38, -1.92237555980682373047e-01) (39, -2.15128242969512939453e-01) (40, -8.98727059364318847656e-01) (41, -4.71387505531311035156e-01) (42, 9.64250922203063964844e-01) (43, -8.97432148456573486328e-01) (44, -9.27272260189056396484e-01) (45, -4.47577685117721557617e-01) (46, -7.35188245773315429688e-01) (47, -6.61413133144378662109e-01) (48, 1.78643345832824707031e-01) (49, -5.60459256172180175781e-01) (50, -7.82918393611907958984e-01) (51, -7.98662185668945312500e-01) (52, -4.28998172283172607422e-01) (53, -1.13446700572967529297e+00) (54, -4.49221521615982055664e-01) (55, -4.16753947734832763672e-01) (56, -6.54071807861328125000e-01) (57, -1.52114108204841613770e-01) (58, 6.41838833689689636230e-02) (59, -2.34673932194709777832e-01) (60, 1.13172340393066406250e+00) (61, -9.27045583724975585938e-01) (62, -2.01401621103286743164e-01) (63, 1.54136407375335693359e+00) (64, -3.74956339597702026367e-01) (65, -3.24791759252548217773e-01) (66, -5.66770613193511962891e-01) (67, -1.07302689552307128906e+00) (68, -5.75999259948730468750e-01) (69, -4.81958746910095214844e-01) (70, -2.14662477374076843262e-01) (71, -4.67165857553482055664e-01) (72, 1.33172214031219482422e+00) (73, 2.65092194080352783203e-01) (74, -3.99528563022613525391e-01) (75, -3.35240006446838378906e-01) (76, -1.49050724506378173828e+00) (77, 1.00672543048858642578e+00) (78, -1.22451686859130859375e+00) (79, -9.55118119716644287109e-01) (80, 3.47747027873992919922e-01) (81, 5.64082026481628417969e-01) (82, 4.53132033348083496094e-01) (83, -4.67360109090805053711e-01) (84, -3.78704965114593505859e-01) (85, -4.77914035320281982422e-01) (86, -6.55551135540008544922e-01) (87, -6.50995910167694091797e-01) (88, 2.50674068927764892578e-01) (89, -4.23254162073135375977e-01) (90, -5.57112574577331542969e-01) (91, 1.47830450534820556641e+00) (92, -4.99798417091369628906e-01) (93, 1.36071348190307617188e+00) (94, 1.43617820739746093750e+00) (95, 1.67376530170440673828e+00) (96, 9.31118071079254150391e-01) (97, 9.01722490787506103516e-01) (98, 1.19542241096496582031e+00) (99, 1.14574515819549560547e+00) (100, 1.59090292453765869141e+00) (101, 9.63114917278289794922e-01) (102, -1.06067106127738952637e-01) (103, 2.31067299842834472656e+00) (104, 9.04930114746093750000e-01) (0, -3.36019439697265625000e+01) (1, 6.13275408744812011719e-01) (2, 3.45205485820770263672e-01) (3, -1.46527636051177978516e+00) (4, 3.54859322309494018555e-01) (5, 6.01661443710327148438e-01) (6, 7.21029758453369140625e-01) (7, 5.96703052520751953125e-01) (8, 5.38429796695709228516e-01) (9, 7.63932287693023681641e-01) (10, 5.04703968763351440430e-02) (11, 5.91873049736022949219e-01) (12, 8.40867042541503906250e-01) (13, 6.79729059338569641113e-02) (14, 2.44791939854621887207e-01) (15, 3.02860438823699951172e-01) (16, 4.03968036174774169922e-01) (17, 6.61304593086242675781e-01) (18, 5.79718470573425292969e-01) (19, 2.40019187331199645996e-01) (20, 5.07247447967529296875e-01) (21, 6.03941440582275390625e-01) (22, 2.27513408660888671875e+00) (23, 2.04159617424011230469e+00) (24, 6.21915221214294433594e-01) (25, 1.67192924022674560547e+00) (26, 2.71364450454711914062e-01) (27, 5.59027135372161865234e-01) (28, 7.64087498188018798828e-01) (29, 1.99762523174285888672e-01) (30, 3.88136267662048339844e-01) (31, 7.61247754096984863281e-01) (32, 2.34189286828041076660e-01) (33, 8.97342979907989501953e-01) (34, 1.52019882202148437500e+00) (35, 5.97898006439208984375e-01) (36, 5.84752142429351806641e-01) (37, 8.24936151504516601562e-01) (38, 1.36536834761500358582e-02) (39, -6.71531856060028076172e-02) (40, 2.50298649072647094727e-01) (41, 1.21713769435882568359e+00) (42, 1.20379793643951416016e+00) (43, 8.99208545684814453125e-01) (44, 9.29370760917663574219e-01) (45, 2.18410801887512207031e+00) (46, 9.64546084403991699219e-01) (47, 8.32043945789337158203e-01) (48, 9.20097231864929199219e-01) (49, 1.03954660892486572266e+00) (50, 5.79650640487670898438e-01) (51, 1.33646500110626220703e+00) (52, 1.17568814754486083984e+00) (53, 1.54102671146392822266e+00) (54, 1.11198854446411132812e+00) (55, 1.04450118541717529297e+00) (56, 1.13829720020294189453e+00) (57, 6.59134507179260253906e-01) (58, 2.46343731880187988281e+00) (59, 1.08346879482269287109e+00) (60, 1.00744307041168212891e+00) (61, 1.28370153903961181641e+00) (62, 8.86014759540557861328e-01) (63, 7.46269583702087402344e-01) (64, 4.69032794237136840820e-01) (65, 9.43303763866424560547e-01) (66, 1.45272091031074523926e-01) (67, 3.32733601331710815430e-01) (68, 1.42374411225318908691e-01) (69, 5.45118033885955810547e-01) (70, 4.58680301904678344727e-01) (71, 4.34714585542678833008e-01) (72, 5.64799070358276367188e-01) (73, 7.61466503143310546875e-01) (74, 1.35971727371215820312e+01) (75, 1.23290717601776123047e+00) (76, 1.38951683044433593750e+00) (77, 3.27724546194076538086e-01) (78, 1.21063792705535888672e+00) (79, 1.78188402205705642700e-02) (80, 3.28624457120895385742e-01) (81, 1.08716535568237304688e+00) (82, 1.19123852252960205078e+00) (83, 6.34809911251068115234e-01) (84, 5.79372048377990722656e-01) (85, 5.17569482326507568359e-01) (86, 7.10110187530517578125e-01) (87, 1.22642028331756591797e+00) (88, 1.70723247528076171875e+00) (89, 2.89383441209793090820e-01) (90, 1.98961389064788818359e+00) (91, 2.83348470926284790039e-01) (92, 1.24006700515747070312e+00) (93, 1.38300704956054687500e+00) (94, -4.05259169638156890869e-02) (95, 8.55590581893920898438e-01) (96, 1.18788158893585205078e+00) (97, 7.80248224735260009766e-01) (98, 2.98121243715286254883e-01) (99, 7.44092345237731933594e-01) (100, 1.33124426007270812988e-01) (101, 1.20572233200073242188e+00) (102, 1.25038862228393554688e+00) (103, 8.48627805709838867188e-01) (104, 9.61603343486785888672e-01) (0, 2.97448813915252685547e-01) (1, -2.28631403297185897827e-02) (2, 4.44888740777969360352e-01) (3, -1.45592451095581054688e+00) (4, -9.82024908065795898438e-01) (5, -3.38260114192962646484e-01) (6, 2.15660548210144042969e+00) (7, 6.25863218307495117188e+00) (8, -6.63052368164062500000e+00) (9, -2.56195634603500366211e-01) (10, 2.73015165328979492188e+00) (11, 4.25045102834701538086e-01) (12, -7.43291527032852172852e-02) (13, -1.77692973613739013672e+00) (14, -2.87579149007797241211e-01) (15, -2.08385884761810302734e-01) (16, -1.58139681816101074219e+00) (17, 5.01724147796630859375e+00) (18, -3.21950793266296386719e+00) (19, 1.97369039058685302734e-01) (20, -1.11771190166473388672e+00) (21, -2.55641102790832519531e+00) (22, 5.34506368637084960938e+00) (23, -1.41642558574676513672e+00) (24, -7.90286111831665039062e+00) (25, 8.20469796657562255859e-01) (26, 1.69993889331817626953e+00) (27, -2.80690717697143554688e+00) (28, 1.75903975963592529297e+00) (29, 1.44666182994842529297e+00) (30, 8.18291902542114257812e-01) (31, -6.11937522888183593750e+00) (32, 3.11984372138977050781e+00) (33, -2.10818004608154296875e+00) (34, -1.98007905483245849609e+00) (35, 1.16070747375488281250e+00) (36, 1.26368761062622070312e-01) (37, -1.01050913333892822266e+00) (38, -1.45832151174545288086e-01) (39, 2.59975981712341308594e+00) (40, 4.06715583801269531250e+00) (41, 1.63658523559570312500e+00) (42, 4.10903692245483398438e-01) (43, -1.56141638755798339844e+00) (44, 2.63629221916198730469e+00) (45, -9.56467747688293457031e-01) (46, -4.57936668395996093750e+00) (47, -6.67188107967376708984e-01) (48, -2.21198990941047668457e-01) (49, -4.50259685516357421875e-01) (50, -1.74253928661346435547e+00) (51, -1.56473541259765625000e+00) (52, -2.00612410902976989746e-01) (53, -8.73983055353164672852e-02) (54, -5.34583091735839843750e-01) (55, 5.43007802963256835938e+00) (56, 2.29505491256713867188e+00) (57, 1.31229329109191894531e+00) (58, -7.95312523841857910156e-01) (59, -1.04731369018554687500e+00) (60, 5.62648594379425048828e-01) (61, -4.60921853780746459961e-01) (62, -1.19694614410400390625e+00) (63, -4.68107819557189941406e-01) (64, 1.79254531860351562500e+00) (65, -8.00007045269012451172e-01) (66, 1.59577712416648864746e-01) (67, -5.81542700529098510742e-02) (68, 6.75211787223815917969e-01) (69, -7.23429977893829345703e-01) (70, 1.23157501220703125000e+00) (71, 1.41012787818908691406e+00) (72, -2.69998684525489807129e-02) (73, -3.60865592956542968750e-01) (74, -9.34894233942031860352e-02) (75, -1.85382544994354248047e-01) (76, 2.70367383956909179688e-01) (77, -7.13191032409667968750e-01) (78, 1.04637312889099121094e+00) (79, 5.36914408206939697266e-01) (80, -1.22118520736694335938e+00) (81, -5.73535859584808349609e-01) (82, -3.46884995698928833008e-01) (83, -9.73741412162780761719e-01) (84, -6.53667032718658447266e-01) (85, 9.91401016712188720703e-01) (86, -3.50390583276748657227e-01) (87, 1.83569371700286865234e-01) (88, -3.44733685255050659180e-01) (89, -6.45410239696502685547e-01) (90, 6.00610554218292236328e-01) (91, -6.23257637023925781250e-01) (92, -5.85955381393432617188e-01) (93, 1.23038423061370849609e+00) (94, -1.09278953075408935547e+00) (95, -8.85232329368591308594e-01) (96, -7.40251839160919189453e-02) (97, -7.23385512828826904297e-01) (98, -5.93751728534698486328e-01) (99, -7.50077426433563232422e-01) (100, -5.56064248085021972656e-01) (101, -2.55073189735412597656e-01) (102, -6.72967553138732910156e-01) (103, 2.83969426155090332031e+00) (104, 2.42605924606323242188e+00) (0, 5.41070312500000000000e+02) (1, 1.31240844726562500000e+00) (2, 5.64670085906982421875e-01) (3, -1.48580408096313476562e+01) (4, 6.03546380996704101562e-01) (5, 1.31480205059051513672e+00) (6, 1.17442607879638671875e+00) (7, 8.46258759498596191406e-01) (8, 1.09719741344451904297e+00) (9, 9.64249551296234130859e-01) (10, 3.48785609006881713867e-01) (11, 9.27391350269317626953e-01) (12, 9.81094717979431152344e-01) (13, 1.17812618613243103027e-01) (14, 7.31487452983856201172e-01) (15, 7.75303304195404052734e-01) (16, 2.88510888814926147461e-01) (17, 8.09081137180328369141e-01) (18, 4.31258499622344970703e-01) (19, 2.35964611172676086426e-01) (20, 4.55655992031097412109e-01) (21, 6.49329602718353271484e-01) (22, 2.12504792213439941406e+00) (23, 1.98221457004547119141e+00) (24, 5.60957551002502441406e-01) (25, 1.58143222332000732422e+00) (26, 3.49868893623352050781e-01) (27, 6.22882127761840820312e-01) (28, 8.27457845211029052734e-01) (29, 3.67018610239028930664e-01) (30, 2.46938481926918029785e-01) (31, 8.78090143203735351562e-01) (32, 3.41056525707244873047e-01) (33, 7.47493565082550048828e-01) (34, 1.58062434196472167969e+00) (35, 6.04037284851074218750e-01) (36, 6.24227523803710937500e-01) (37, 9.10901904106140136719e-01) (38, 7.96887651085853576660e-02) (39, 5.52553057670593261719e-01) (40, 4.90421682596206665039e-01) (41, 9.49370503425598144531e-01) (42, 1.26972496509552001953e+00) (43, 8.62186908721923828125e-01) (44, 9.07110214233398437500e-01) (45, 2.16894626617431640625e+00) (46, 1.01967120170593261719e+00) (47, 8.77827942371368408203e-01) (48, 1.00637543201446533203e+00) (49, 9.94559288024902343750e-01) (50, 7.57719516754150390625e-01) (51, 8.57849955558776855469e-01) (52, 8.19464325904846191406e-01) (53, 1.35404348373413085938e+00) (54, 1.05361771583557128906e+00) (55, 1.07661628723144531250e+00) (56, 1.46283984184265136719e+00) (57, 8.27204346656799316406e-01) (58, 1.50000000000000000000e+03) (59, 1.26633787155151367188e+00) (60, 1.12573230266571044922e+00) (61, 1.37841379642486572266e+00) (62, 1.03023338317871093750e+00) (63, 7.71034300327301025391e-01) (64, 1.05478298664093017578e+00) (65, 1.17224895954132080078e+00) (66, 8.75870585441589355469e-01) (67, 6.11115753650665283203e-01) (68, 3.19002181291580200195e-01) (69, 6.30630552768707275391e-01) (70, 8.25090348720550537109e-01) (71, 7.89287090301513671875e-01) (72, 4.57081288099288940430e-01) (73, 9.05975818634033203125e-01) (74, 7.29496896266937255859e-01) (75, 8.92558634281158447266e-01) (76, 1.58723998069763183594e+00) (77, 9.93920147418975830078e-01) (78, 9.82670485973358154297e-01) (79, 4.14997190237045288086e-01) (80, 9.27149474620819091797e-01) (81, 9.84964311122894287109e-01) (82, 9.28941071033477783203e-01) (83, 9.76606905460357666016e-01) (84, 9.37311530113220214844e-01) (85, 7.27972567081451416016e-01) (86, 4.19604510068893432617e-01) (87, 9.36679184436798095703e-01) (88, 2.07489919662475585938e+00) (89, 9.31727349758148193359e-01) (90, 2.10690665245056152344e+00) (91, 3.68331193923950195312e-01) (92, 1.52781736850738525391e+00) (93, 1.46813309192657470703e+00) (94, 7.47653603553771972656e-01) (95, 8.77601206302642822266e-01) (96, 1.37342369556427001953e+00) (97, 9.51501011848449707031e-01) (98, 9.27447080612182617188e-01) (99, 8.22192668914794921875e-01) (100, 7.34867572784423828125e-01) (101, 9.90100324153900146484e-01) (102, 1.44620347023010253906e+00) (103, 6.03752017021179199219e-01) (104, 1.15948057174682617188e+00) (0, -2.29388475418090820312e+00) (1, -6.20799124240875244141e-01) (2, -4.66045796871185302734e-01) (3, 5.05324900150299072266e-01) (4, -4.54814314842224121094e-01) (5, -4.58707928657531738281e-01) (6, -5.88821113109588623047e-01) (7, 1.34654998779296875000e+00) (8, 2.10672259330749511719e+00) (9, -3.72114956378936767578e-01) (10, 6.72338128089904785156e-01) (11, 1.59817576408386230469e-01) (12, -6.16170048713684082031e-01) (13, -9.62855637073516845703e-01) (14, -8.29826533794403076172e-01) (15, -3.52910876274108886719e-01) (16, -4.20399248600006103516e-01) (17, 1.13594841957092285156e+00) (18, 3.16053450107574462891e-01) (19, -5.93632936477661132812e-01) (20, -5.58973908424377441406e-01) (21, 1.06290662288665771484e+00) (22, -4.80197846889495849609e-01) (23, -1.77529692649841308594e-01) (24, -2.85898655652999877930e-01) (25, -3.16650718450546264648e-01) (26, -6.69291913509368896484e-01) (27, -7.75717735290527343750e-01) (28, -8.82192015647888183594e-01) (29, 6.89390957355499267578e-01) (30, -2.69274383783340454102e-01) (31, -7.31778204441070556641e-01) (32, 6.86870455741882324219e-01) (33, 7.18907058238983154297e-01) (34, 1.90055334568023681641e+00) (35, 8.58454525470733642578e-01) (36, 7.12467581033706665039e-02) (37, 1.18700182437896728516e+00) (38, -8.22411328554153442383e-02) (39, 6.37099683284759521484e-01) (40, -2.28045284748077392578e-01) (41, -6.06996834278106689453e-01) (42, -1.00703863427042961121e-02) (43, 3.70605051517486572266e-01) (44, 3.97967636585235595703e-01) (45, 1.20899307727813720703e+00) (46, 2.44330242276191711426e-01) (47, 4.93810206651687622070e-01) (48, 1.39764916896820068359e+00) (49, 1.21487282216548919678e-01) (50, 1.25100755691528320312e+00) (51, -6.59934401512145996094e-01) (52, 1.78297555446624755859e+00) (53, 1.63952007889747619629e-01) (54, 1.19230771064758300781e+00) (55, -3.98271650075912475586e-01) (56, -5.96149682998657226562e-01) (57, -7.27278411388397216797e-01) (58, -8.06067645549774169922e-01) (59, -1.36999094486236572266e+00) (60, -1.80307343602180480957e-01) (61, -1.31447398662567138672e+00) (62, -6.60169482231140136719e-01) (63, -4.47511613368988037109e-01) (64, 5.25925993919372558594e-01) (65, -5.64322829246520996094e-01) (66, 1.14730918407440185547e+00) (67, 1.47741781547665596008e-02) (68, 5.65619111061096191406e-01) (69, 4.60748553276062011719e-01) (70, 1.37986266613006591797e+00) (71, -9.92219224572181701660e-02) (72, -3.17478716373443603516e-01) (73, 2.89086341857910156250e+00) (74, 1.60632073879241943359e-01) (75, -2.42838382720947265625e-01) (76, -3.55047047138214111328e-01) (77, -2.34866917133331298828e-01) (78, 6.26955628395080566406e-01) (79, -5.67213892936706542969e-01) (80, 3.71514678001403808594e-01) (81, -1.40270853042602539062e+00) (82, -4.18724387884140014648e-01) (83, -5.53764104843139648438e-01) (84, -5.31684696674346923828e-01) (85, 3.81563156843185424805e-02) (86, 1.56300440430641174316e-02) (87, -1.45189821720123291016e-01) (88, 1.81991100311279296875e+00) (89, 1.39700531959533691406e+00) (90, 1.44803011417388916016e+00) (91, 7.93088138103485107422e-01) (92, -9.34326589107513427734e-01) (93, 1.40393033623695373535e-01) (94, 7.95916914939880371094e-02) (95, -6.29925131797790527344e-01) (96, -1.14148296415805816650e-01) (97, -9.36139702796936035156e-01) (98, -4.81654465198516845703e-01) (99, 9.56453621387481689453e-01) (100, -2.20575749874114990234e-01) (101, -7.23461620509624481201e-03) (102, -1.23852980136871337891e+00) (103, 3.41872692108154296875e+00) (104, 2.03090167045593261719e+00) (0, -1.83807623386383056641e+00) (1, 8.37041378021240234375e-01) (2, 5.64180314540863037109e-01) (3, -9.74865198135375976562e-01) (4, 3.84749501943588256836e-01) (5, 2.29618167877197265625e+00) (6, 1.40469646453857421875e+00) (7, -1.36089706420898437500e+00) (8, -7.22337126731872558594e-01) (9, 1.06246495246887207031e+00) (10, -3.51357996463775634766e-01) (11, 4.28434401750564575195e-01) (12, -8.56976747512817382812e-01) (13, -1.08521962165832519531e+00) (14, -7.37807095050811767578e-01) (15, 1.18827629089355468750e+00) (16, 6.01525366306304931641e-01) (17, -7.18173384666442871094e-01) (18, -4.22811508178710937500e-01) (19, -4.60328131914138793945e-01) (20, 1.66880631446838378906e+00) (21, -9.76555705070495605469e-01) (22, 2.72790402173995971680e-01) (23, -6.21538102626800537109e-01) (24, -2.60516017675399780273e-01) (25, -2.17613041400909423828e-01) (26, -3.63040149211883544922e-01) (27, -3.03827553987503051758e-01) (28, -7.88576364517211914062e-01) (29, 3.15182417631149291992e-01) (30, -8.58092486858367919922e-01) (31, -4.63003456592559814453e-01) (32, 2.08984422683715820312e+00) (33, -9.64212298393249511719e-01) (34, 1.79639899730682373047e+00) (35, -5.42748272418975830078e-01) (36, 1.39439535140991210938e+00) (37, 1.83275628089904785156e+00) (38, 5.20116209983825683594e-01) (39, -1.14663206040859222412e-01) (40, -5.67426145076751708984e-01) (41, 1.19535398483276367188e+00) (42, 1.01549851894378662109e+00) (43, -1.32545173168182373047e+00) (44, -2.89193391799926757812e-01) (45, 1.57442235946655273438e+00) (46, -1.95523178577423095703e+00) (47, -7.11744427680969238281e-01) (48, -2.10289180278778076172e-01) (49, -7.44157433509826660156e-01) (50, 1.35392785072326660156e+00) (51, -9.73103106021881103516e-01) (52, -5.60083746910095214844e-01) (53, 1.36575007438659667969e+00) (54, 9.85962748527526855469e-01) (55, 4.50317531824111938477e-01) (56, -1.76813989877700805664e-01) (57, -5.35417258739471435547e-01) (58, -2.58924603462219238281e+00) (59, 1.48197698593139648438e+00) (60, 1.24625277519226074219e+00) (61, -5.63496872782707214355e-02) (62, -5.02954483032226562500e-01) (63, 1.55796408653259277344e+00) (64, 5.74123978614807128906e-01) (65, -1.97012782096862792969e-01) (66, 7.28061854839324951172e-01) (67, 1.51622503995895385742e-01) (68, 1.29500460624694824219e+00) (69, 1.16287767887115478516e+00) (70, 1.43938398361206054688e+00) (71, -7.62107193470001220703e-01) (72, -6.13687485456466674805e-02) (73, -1.90495215356349945068e-02) (74, 2.29886732995510101318e-02) (75, -4.36150103807449340820e-01) (76, -1.19446076452732086182e-01) (77, -4.94550079107284545898e-01) (78, 7.20976173877716064453e-01) (79, -2.40580931305885314941e-01) (80, 1.49152815341949462891e-01) (81, 9.94384661316871643066e-02) (82, 1.44360825419425964355e-01) (83, -2.31408864259719848633e-01) (84, -1.08744591474533081055e-01) (85, 3.29248905181884765625e-01) (86, 1.07233512401580810547e+00) (87, -6.63529455661773681641e-01) (88, 2.06509213894605636597e-02) (89, -4.56046648323535919189e-02) (90, 1.26642858982086181641e+00) (91, 1.09981024265289306641e+00) (92, 3.77930134534835815430e-01) (93, -4.92000162601470947266e-01) (94, -4.00303959846496582031e-01) (95, -3.07901054620742797852e-01) (96, -9.20416235923767089844e-01) (97, -7.19093441963195800781e-01) (98, -3.03004443645477294922e-01) (99, -7.28530585765838623047e-01) (100, -5.93586973845958709717e-02) (101, -4.91127461194992065430e-01) (102, -1.52717709541320800781e+00) (103, 3.72314572334289550781e+00) (104, 2.54354500770568847656e+00) (0, -2.92636833190917968750e+01) (1, 5.37327945232391357422e-01) (2, 2.39102289080619812012e-01) (3, -9.68842124938964843750e+00) (4, 3.22431504726409912109e-01) (5, 7.18020319938659667969e-01) (6, 4.60622310638427734375e-01) (7, 6.91842257976531982422e-01) (8, 8.91832113265991210938e-01) (9, 8.31198215484619140625e-01) (10, 2.54688382148742675781e-01) (11, 3.36752057075500488281e-01) (12, 8.37185800075531005859e-01) (13, 2.76411199569702148438e+00) (14, 6.02462351322174072266e-01) (15, 3.14798921346664428711e-01) (16, 3.33244532346725463867e-01) (17, 5.88849484920501708984e-01) (18, -4.08664655685424804688e+00) (19, 1.17984645068645477295e-01) (20, -2.45568180084228515625e+00) (21, 1.27634334564208984375e+00) (22, 3.09385299682617187500e+00) (23, 2.19510149955749511719e+00) (24, 8.11654806137084960938e-01) (25, -8.44603061676025390625e-01) (26, 1.14919491112232208252e-01) (27, 4.41369235515594482422e-01) (28, 1.07292485237121582031e+00) (29, -1.00219285488128662109e+00) (30, 6.74397408962249755859e-01) (31, 1.25626778602600097656e+00) (32, -3.29239797592163085938e+00) (33, 1.01640737056732177734e+00) (34, -2.15964484214782714844e+00) (35, 4.68296892940998077393e-02) (36, 4.25284445285797119141e-01) (37, 8.82945895195007324219e-01) (38, -3.44609475135803222656e+00) (39, 1.40355274081230163574e-01) (40, 4.32812660932540893555e-01) (41, 1.19197666645050048828e+00) (42, 1.13464963436126708984e+00) (43, 1.20226573944091796875e+00) (44, 7.84369230270385742188e-01) (45, 1.08022725582122802734e+00) (46, 3.29807698726654052734e-01) (47, 2.06071639060974121094e+00) (48, 2.72662949562072753906e+00) (49, 5.72808802127838134766e-01) (50, -9.31056559085845947266e-01) (51, 6.76146686077117919922e-01) (52, 8.98329138755798339844e-01) (53, -1.90976655483245849609e+00) (54, 9.43737030029296875000e-01) (55, 1.73013389110565185547e-01) (56, 1.48466217517852783203e+00) (57, 2.68877029418945312500e+00) (58, 1.18170309066772460938e+00) (59, 8.09083878993988037109e-01) (60, 9.57043766975402832031e-01) (61, 8.23609173297882080078e-01) (62, -1.08136487007141113281e+00) (63, 1.44635930657386779785e-01) (64, 4.17443215847015380859e-01) (65, 5.28021335601806640625e-01) (66, 5.21133661270141601562e-01) (67, -5.82940399646759033203e-01) (68, 1.82113885879516601562e-01) (69, 1.09965801239013671875e+00) (70, 5.46558022499084472656e-01) (71, 4.98978525400161743164e-01) (72, 2.34745696187019348145e-01) (73, 1.68551409244537353516e+00) (74, 1.00885117053985595703e+00) (75, 2.06399828195571899414e-01) (76, 1.54893672466278076172e+00) (77, 1.08956110477447509766e+00) (78, 2.43311381340026855469e+00) (79, -3.59508967399597167969e+00) (80, 4.17930454015731811523e-01) (81, 1.62279009819030761719e+00) (82, 7.64048993587493896484e-01) (83, 1.22200667858123779297e+00) (84, -2.87637382745742797852e-01) (85, -1.74612295627593994141e+00) (86, 1.81147897243499755859e+00) (87, 8.37203919887542724609e-01) (88, 3.06367778778076171875e+00) (89, 1.64632335305213928223e-01) (90, 1.95033264160156250000e+00) (91, 7.97958135604858398438e-01) (92, 1.34601998329162597656e+00) (93, 1.03790318965911865234e+00) (94, 6.19365632534027099609e-01) (95, 7.56473600864410400391e-01) (96, 1.46298527717590332031e+00) (97, 4.48819637298583984375e-01) (98, 8.40936481952667236328e-01) (99, 6.39787912368774414062e-01) (100, 4.77037042379379272461e-01) (101, 9.05916869640350341797e-01) (102, 1.47495412826538085938e+00) (103, 7.33009815216064453125e-01) (104, 1.26468598842620849609e+00) (0, -6.90269649028778076172e-01) (1, 2.10626840591430664062e+00) (2, -9.99850451946258544922e-01) (3, 3.85294020175933837891e-01) (4, 9.82543975114822387695e-02) (5, -6.40295326709747314453e-01) (6, -8.29767704010009765625e-01) (7, -3.53118658065795898438e-01) (8, 2.95104920864105224609e-01) (9, -9.15136158466339111328e-01) (10, 1.62372756004333496094e+00) (11, 1.23048651218414306641e+00) (12, 8.81720557808876037598e-02) (13, -9.93992269039154052734e-01) (14, 1.17586803436279296875e+00) (15, -5.46675026416778564453e-01) (16, -1.24575085937976837158e-01) (17, 1.16173911094665527344e+00) (18, -4.94243741035461425781e-01) (19, -4.65030074119567871094e-02) (20, -2.44414186477661132812e+00) (21, -9.93202924728393554688e-01) (22, -4.83124732971191406250e-01) (23, -7.67244517803192138672e-01) (24, -4.58947345614433288574e-02) (25, -6.78194701671600341797e-01) (26, 1.78765356540679931641e+00) (27, 1.40296685695648193359e+00) (28, 4.88313257694244384766e-01) (29, 7.60073661804199218750e-01) (30, -5.99771142005920410156e-01) (31, 2.47597157955169677734e-01) (32, -6.86244308948516845703e-01) (33, 9.54769134521484375000e-01) (34, 2.16399915516376495361e-02) (35, 1.43789136409759521484e+00) (36, 5.90264618396759033203e-01) (37, 7.54735887050628662109e-01) (38, 7.47883170843124389648e-02) (39, 2.06819844245910644531e+00) (40, 3.90195995569229125977e-01) (41, -1.42474436759948730469e+00) (42, -5.29120981693267822266e-01) (43, -5.11716127395629882812e-01) (44, -1.24533593654632568359e-01) (45, -2.02988639473915100098e-01) (46, 1.75913858413696289062e+00) (47, 1.10109639167785644531e+00) (48, -3.35160946846008300781e+00) (49, 1.67406976222991943359e+00) (50, 1.92219781875610351562e+00) (51, 6.08372688293457031250e-01) (52, -8.64056944847106933594e-01) (53, -1.09153509140014648438e+00) (54, -8.36512029170989990234e-01) (55, -1.14339268207550048828e+00) (56, 1.08785533905029296875e+00) (57, -2.12331891059875488281e-01) (58, 1.74283206462860107422e-01) (59, -2.78577470779418945312e+00) (60, -3.26404720544815063477e-01) (61, 9.90816503763198852539e-02) (62, -5.19931852817535400391e-01) (63, 1.66665220260620117188e+00) (64, 2.01409673690795898438e+00) (65, 1.58243453502655029297e+00) (66, 1.82255899906158447266e+00) (67, -9.04673814773559570312e-01) (68, -2.62156105041503906250e+00) (69, -6.65293574333190917969e-01) (70, -3.46616506576538085938e-02) (71, -3.18294286727905273438e-01) (72, -5.41995286941528320312e-01) (73, -1.74372339248657226562e+00) (74, -3.63565385341644287109e-02) (75, -3.49077105522155761719e-01) (76, 1.50348281860351562500e+00) (77, 1.19238698482513427734e+00) (78, -4.29255574941635131836e-01) (79, 8.08870047330856323242e-02) (80, 4.32751625776290893555e-01) (81, 3.54747712612152099609e-01) (82, 1.08715641498565673828e+00) (83, 2.80588090419769287109e-01) (84, -1.20822405815124511719e+00) (85, -5.19644796848297119141e-01) (86, 1.04044616222381591797e+00) (87, 4.60363775491714477539e-01) (88, 2.85015761852264404297e-01) (89, 2.50416845083236694336e-01) (90, -5.07915830612182617188e+00) (91, 1.84027993679046630859e+00) (92, -9.68346416950225830078e-01) (93, 1.21748280525207519531e+00) (94, 1.71871042251586914062e+00) (95, -4.25932645797729492188e-01) (96, 4.87022280693054199219e-01) (97, -6.47386908531188964844e-01) (98, -6.31269216537475585938e-01) (99, 8.27181160449981689453e-01) (100, 1.76005589962005615234e+00) (101, -5.47539591789245605469e-01) (102, -6.48261487483978271484e-01) (103, 2.59964752197265625000e+00) (104, 7.39823579788208007812e-01) (0, 5.13987970352172851562e+00) (1, -1.49847507476806640625e+00) (2, 1.84053421020507812500e+00) (3, -5.08883094787597656250e+00) (4, 6.69043287634849548340e-02) (5, 1.45762567520141601562e+01) (6, -9.21267414093017578125e+00) (7, 1.22635459899902343750e+00) (8, 2.75955629348754882812e+00) (9, 1.75909435749053955078e+00) (10, -2.01850771903991699219e+00) (11, 1.08238482475280761719e+00) (12, -3.23153287172317504883e-01) (13, 3.38842272758483886719e+00) (14, -1.00420618057250976562e+00) (15, 2.18472218513488769531e+00) (16, -4.10997247695922851562e+00) (17, -5.19838631153106689453e-01) (18, -9.39601719379425048828e-01) (19, -9.16719064116477966309e-02) (20, -1.78985042572021484375e+01) (21, 2.34440326690673828125e+00) (22, 3.12527799606323242188e+00) (23, 6.72124505043029785156e-01) (24, -2.38762354850769042969e+00) (25, -3.75662708282470703125e+00) (26, 1.96033442020416259766e+00) (27, -5.44714307785034179688e+00) (28, 1.40631985664367675781e+00) (29, -2.85673528909683227539e-01) (30, 2.27610874176025390625e+00) (31, -5.41462516784667968750e+00) (32, 5.77253341674804687500e-01) (33, -1.15660142898559570312e+00) (34, -1.10296034812927246094e+00) (35, -3.08327245712280273438e+00) (36, 4.29274231195449829102e-01) (37, -5.46657276153564453125e+00) (38, -2.67716264724731445312e+00) (39, -1.84625136852264404297e+00) (40, -1.27853941917419433594e+00) (41, 2.72767210006713867188e+00) (42, 4.65017437934875488281e-01) (43, -1.27447938919067382812e+00) (44, 1.72441756725311279297e+00) (45, 3.14928913116455078125e+00) (46, -1.66052877902984619141e+00) (47, -3.24820017814636230469e+00) (48, 2.46132302284240722656e+00) (49, 3.39310932159423828125e+00) (50, -4.01769429445266723633e-01) (51, -8.49088966846466064453e-01) (52, 8.47642660140991210938e-01) (53, 8.36164891719818115234e-01) (54, -2.45256423950195312500e+00) (55, 5.52332830429077148438e+00) (56, -1.37975704669952392578e+00) (57, -1.42778253555297851562e+00) (58, 3.15629005432128906250e-01) (59, 9.25349533557891845703e-01) (60, -6.07542395591735839844e-01) (61, -8.33954632282257080078e-01) (62, 5.06406724452972412109e-02) (63, -3.25249955058097839355e-02) (64, -1.88661515712738037109e+00) (65, -1.43187880516052246094e-01) (66, 3.48656463623046875000e+00) (67, -2.16864418983459472656e+00) (68, -7.47303485870361328125e-01) (69, 7.55027234554290771484e-01) (70, -1.17264616489410400391e+00) (71, -5.30505776405334472656e-01) (72, 4.77316379547119140625e-01) (73, -1.58342790603637695312e+00) (74, -7.71222889423370361328e-01) (75, -4.60716545581817626953e-01) (76, -9.92821097373962402344e-01) (77, -8.67428958415985107422e-01) (78, -8.28935325145721435547e-01) (79, -1.87828993797302246094e+00) (80, -3.32134902477264404297e-01) (81, -6.94758772850036621094e-01) (82, 7.34692811965942382812e-01) (83, 8.91608774662017822266e-01) (84, 1.06527614593505859375e+00) (85, -5.20440697669982910156e-01) (86, -5.62347806990146636963e-02) (87, 3.40177267789840698242e-01) (88, 4.40373450517654418945e-01) (89, 9.18057024478912353516e-01) (90, 8.72345566749572753906e-02) (91, 6.90358459949493408203e-01) (92, 7.73092985153198242188e-01) (93, 5.35412788391113281250e-01) (94, -3.94127935171127319336e-01) (95, -2.58212178945541381836e-01) (96, -2.13764533400535583496e-01) (97, 9.06799018383026123047e-01) (98, 9.42941606044769287109e-01) (99, 8.86698663234710693359e-01) (100, 9.95896100997924804688e-01) (101, -3.61355274915695190430e-01) (102, 2.82610058784484863281e-02) (103, 2.39578533172607421875e+00) (104, 2.22573590278625488281e+00) (0, 5.35196990966796875000e+01) (1, 4.89683538675308227539e-01) (2, 6.51015788316726684570e-02) (3, -3.12528163194656372070e-02) (4, 2.85653591156005859375e-01) (5, 4.61664706468582153320e-01) (6, 6.18585348129272460938e-01) (7, 3.68905216455459594727e-01) (8, 4.07638579607009887695e-01) (9, 7.77450919151306152344e-01) (10, 2.98495858907699584961e-01) (11, 3.86542797088623046875e-01) (12, 7.32939600944519042969e-01) (13, 2.43021950125694274902e-01) (14, 3.35354804992675781250e-01) (15, 2.24416598677635192871e-01) (16, 1.57190620899200439453e-01) (17, -2.61653989553451538086e-01) (18, 5.51566481590270996094e-01) (19, -2.33054205775260925293e-01) (20, 1.39670511707663536072e-02) (21, 6.48202121257781982422e-01) (22, 2.15607404708862304688e+00) (23, 1.85767388343811035156e+00) (24, 4.01761442422866821289e-01) (25, 1.36569643020629882812e+00) (26, 2.16578006744384765625e-01) (27, -1.33064221590757369995e-02) (28, 2.36490443348884582520e-01) (29, 6.82477056980133056641e-02) (30, 2.01346904039382934570e-01) (31, 6.13998055458068847656e-01) (32, -1.89098343253135681152e-01) (33, 5.83086550235748291016e-01) (34, 1.30223727226257324219e+00) (35, 3.30639958381652832031e-01) (36, 5.47699809074401855469e-01) (37, 7.99717724323272705078e-01) (38, 1.59907773137092590332e-01) (39, 4.10910397768020629883e-02) (40, 2.77101963758468627930e-01) (41, 9.11189973354339599609e-01) (42, 8.35956633090972900391e-01) (43, 9.21690881252288818359e-01) (44, 8.37839365005493164062e-01) (45, 2.15820002555847167969e+00) (46, 5.10704576969146728516e-01) (47, 3.02392542362213134766e-01) (48, 8.30838859081268310547e-01) (49, 6.41112923622131347656e-01) (50, 4.74493771791458129883e-01) (51, 6.55389010906219482422e-01) (52, 4.70999300479888916016e-01) (53, 1.28720128536224365234e+00) (54, 8.45956027507781982422e-01) (55, 4.93008524179458618164e-01) (56, 7.84741520881652832031e-01) (57, 4.08885061740875244141e-01) (58, 7.72745609283447265625e-01) (59, 6.13680958747863769531e-01) (60, 4.86566692590713500977e-01) (61, 7.42067754268646240234e-01) (62, 7.62017607688903808594e-01) (63, 2.08275750279426574707e-01) (64, 1.76536031067371368408e-02) (65, 6.18959128856658935547e-01) (66, 2.70760864019393920898e-01) (67, 2.99645632505416870117e-01) (68, 2.48626545071601867676e-01) (69, 4.58888530731201171875e-01) (70, 4.90224927663803100586e-01) (71, 4.56646949052810668945e-01) (72, 3.16643565893173217773e-01) (73, 5.91718137264251708984e-01) (74, 3.18526536226272583008e-01) (75, 3.54417651891708374023e-01) (76, 1.44793653488159179688e+00) (77, 2.45608374476432800293e-01) (78, 5.44350624084472656250e-01) (79, 5.66623359918594360352e-02) (80, 3.05409491062164306641e-01) (81, 7.22454428672790527344e-01) (82, 6.65345311164855957031e-01) (83, 6.61201953887939453125e-01) (84, 6.42340123653411865234e-01) (85, 1.62467181682586669922e-01) (86, 3.40040087699890136719e-01) (87, 9.03311491012573242188e-01) (88, 1.67541360855102539062e+00) (89, 3.45900923013687133789e-01) (90, 1.73255884647369384766e+00) (91, 3.48099857568740844727e-01) (92, 4.97903376817703247070e-01) (93, 7.92393505573272705078e-01) (94, 3.92791777849197387695e-02) (95, 2.81079202890396118164e-01) (96, 9.51085984706878662109e-01) (97, 6.06212973594665527344e-01) (98, 3.76063436269760131836e-01) (99, 2.34286800026893615723e-01) (100, 7.81544446945190429688e-02) (101, 7.19764232635498046875e-01) (102, 9.34554159641265869141e-01) (103, 2.36772799491882324219e+00) (104, 1.53373301029205322266e+00) (0, -8.82895660400390625000e+00) (1, 3.28220665454864501953e-01) (2, 3.23830872774124145508e-01) (3, -1.93972662091255187988e-01) (4, -3.41880500316619873047e-01) (5, -1.56041145324707031250e-01) (6, 1.15572094917297363281e+00) (7, -4.43801671266555786133e-01) (8, 2.77137219905853271484e-01) (9, -6.80052220821380615234e-01) (10, -1.58040467649698257446e-02) (11, 2.12524843215942382812e+00) (12, -5.54220557212829589844e-01) (13, -5.79475641250610351562e-01) (14, 1.52253222465515136719e+00) (15, -8.58276113867759704590e-02) (16, 1.51637208461761474609e+00) (17, -4.41927388310432434082e-02) (18, -3.31943988800048828125e-01) (19, -9.28543284535408020020e-02) (20, 8.13842296600341796875e-01) (21, 1.21658079326152801514e-01) (22, -5.04933476448059082031e-01) (23, -1.79798126220703125000e-01) (24, 2.35927176475524902344e+00) (25, 1.54270577430725097656e+00) (26, -1.15266732871532440186e-01) (27, 9.73680317401885986328e-01) (28, -6.81141793727874755859e-01) (29, -2.03839614987373352051e-01) (30, -7.46486783027648925781e-02) (31, 1.14030551910400390625e+00) (32, 2.63006925582885742188e+00) (33, 1.62868213653564453125e+00) (34, -1.49767470359802246094e+00) (35, 3.36949348449707031250e+00) (36, 2.06464362144470214844e+00) (37, -5.58703482151031494141e-01) (38, 7.74280354380607604980e-02) (39, 1.51594355702400207520e-01) (40, -4.18590791523456573486e-02) (41, -1.63615465164184570312e+00) (42, -5.90105593204498291016e-01) (43, -6.38526916503906250000e-01) (44, -5.52813649177551269531e-01) (45, -5.64123749732971191406e-01) (46, -2.60611504316329956055e-01) (47, -2.94167876243591308594e-01) (48, -9.10210895538330078125e+00) (49, -2.81367152929306030273e-01) (50, -3.94056230783462524414e-01) (51, -5.99954724311828613281e-01) (52, 2.53071747720241546631e-02) (53, -3.64907145500183105469e-01) (54, -6.98800742626190185547e-01) (55, -7.08844810724258422852e-02) (56, -6.11554026603698730469e-01) (57, 5.97770118713378906250e+00) (58, 1.61478865146636962891e+00) (59, 1.06261169910430908203e+00) (60, -4.85314205288887023926e-02) (61, 1.24545121192932128906e+00) (62, -6.20906531810760498047e-01) (63, -6.54970183968544006348e-02) (64, 1.86143207550048828125e+00) (65, 2.27420236915349960327e-02) (66, -7.40097999572753906250e-01) (67, 1.35913503170013427734e+00) (68, 1.73717713356018066406e+00) (69, -1.89710548147559165955e-03) (70, -3.70069861412048339844e-01) (71, -3.39992821216583251953e-01) (72, -2.68221169710159301758e-01) (73, 3.75604957342147827148e-01) (74, -5.95081984996795654297e-01) (75, -1.03480696678161621094e+00) (76, 3.34392488002777099609e-01) (77, -4.61933851242065429688e-01) (78, 3.52717936038970947266e-01) (79, 2.70549356937408447266e-01) (80, 8.26767623424530029297e-01) (81, -8.75080227851867675781e-01) (82, 2.42322787642478942871e-01) (83, -9.95321214199066162109e-01) (84, -1.28857266902923583984e+00) (85, -5.43786305934190750122e-03) (86, 1.88158731907606124878e-02) (87, -4.20033186674118041992e-01) (88, 2.54122745245695114136e-02) (89, 1.64937222003936767578e+00) (90, 9.47739303112030029297e-01) (91, 2.30554604530334472656e+00) (92, 1.09196221828460693359e+00) (93, 8.32052052021026611328e-01) (94, 2.52119481563568115234e-01) (95, 1.28615248203277587891e+00) (96, -4.79139506816864013672e-01) (97, -5.11172473430633544922e-01) (98, 2.53551864624023437500e+00) (99, -1.18825873360037803650e-02) (100, 4.31462004780769348145e-02) (101, -7.38336086273193359375e-01) (102, -3.77789512276649475098e-02) (103, 2.02363252639770507812e+00) (104, 2.19987988471984863281e+00) (0, -2.13854618072509765625e+01) (1, -1.84067451953887939453e+00) (2, 3.31519931554794311523e-01) (3, -1.22365124523639678955e-01) (4, 1.59600898623466491699e-01) (5, -6.85098618268966674805e-02) (6, 4.24260318279266357422e-01) (7, 1.01811904460191726685e-02) (8, 1.05786013603210449219e+00) (9, 2.73367851972579956055e-01) (10, 2.52101659774780273438e-01) (11, 1.14243936538696289062e+00) (12, -1.21130608022212982178e-01) (13, 1.34011483192443847656e+00) (14, 6.40135705471038818359e-01) (15, 8.06029617786407470703e-01) (16, 9.95541214942932128906e-01) (17, 2.77132809162139892578e-01) (18, 4.10255730152130126953e-01) (19, 2.89661407470703125000e-01) (20, 9.95397388935089111328e-01) (21, 3.91947537660598754883e-01) (22, 1.37584656476974487305e-01) (23, 3.84542495012283325195e-01) (24, 2.66361087560653686523e-01) (25, 1.66305553913116455078e+00) (26, 1.56859683990478515625e+00) (27, 8.58867764472961425781e-01) (28, 1.14381599426269531250e+00) (29, 1.50707387924194335938e+00) (30, 4.00602728128433227539e-01) (31, 4.68348115682601928711e-01) (32, 1.69822061061859130859e+00) (33, 8.59920620918273925781e-01) (34, -1.10154628753662109375e+00) (35, 1.30983340740203857422e+00) (36, 8.33855569362640380859e-01) (37, 8.47964882850646972656e-01) (38, 3.21484625339508056641e-01) (39, 6.04435563087463378906e-01) (40, 1.42524480819702148438e-01) (41, -2.88207077980041503906e+00) (42, -3.38640391826629638672e-01) (43, -5.41467249393463134766e-01) (44, -4.00109857320785522461e-01) (45, 4.41117584705352783203e-01) (46, 1.50154924392700195312e+00) (47, 1.02073657512664794922e+00) (48, 1.59079015254974365234e+00) (49, -5.00224381685256958008e-02) (50, -4.09035396575927734375e+00) (51, -6.87127292156219482422e-01) (52, -2.86370724439620971680e-01) (53, -6.47928190231323242188e+00) (54, -4.28275287151336669922e-01) (55, 1.45571157336235046387e-01) (56, -1.53757244348526000977e-01) (57, -8.24044048786163330078e-01) (58, 8.72721910476684570312e-01) (59, 1.89100408554077148438e+00) (60, -1.88764445483684539795e-02) (61, 1.09124910831451416016e+00) (62, -2.69358068704605102539e-01) (63, 1.07889980077743530273e-01) (64, 1.27159118652343750000e+00) (65, -3.71937919408082962036e-03) (66, 9.45019960403442382812e-01) (67, 2.10464072227478027344e+00) (68, 4.45571136474609375000e+00) (69, 5.84846317768096923828e-01) (70, 1.31269901990890502930e-01) (71, 1.21459625661373138428e-01) (72, 1.45270287990570068359e-01) (73, 2.22442436218261718750e+00) (74, -3.10861974954605102539e-01) (75, 7.95746088027954101562e-01) (76, 6.08434438705444335938e-01) (77, -2.76918053627014160156e-01) (78, 1.14563977718353271484e+00) (79, 8.38024616241455078125e-02) (80, -1.32373392581939697266e+00) (81, 2.27137231826782226562e+00) (82, 3.99252712726593017578e-01) (83, 1.04265809059143066406e-01) (84, -1.00903198122978210449e-01) (85, 1.55255377292633056641e-01) (86, 2.21350848674774169922e-01) (87, -1.62066146731376647949e-01) (88, 1.48536503314971923828e+00) (89, 3.68597269058227539062e-01) (90, 9.18279811739921569824e-02) (91, 3.59040349721908569336e-01) (92, -2.99055069684982299805e-01) (93, -3.35567325353622436523e-01) (94, -4.98940981924533843994e-02) (95, -1.37506455183029174805e-01) (96, -2.80165791511535644531e-01) (97, -2.79654890298843383789e-01) (98, -7.29315459728240966797e-01) (99, 2.21497848629951477051e-01) (100, 7.69321918487548828125e-02) (101, -1.07299491763114929199e-01) (102, 1.33543133735656738281e+00) (103, 6.49624407291412353516e-01) (104, 1.73789358139038085938e+00) (0, -1.98854351043701171875e+01) (1, -4.34723943471908569336e-01) (2, -3.84942144155502319336e-01) (3, -1.43424201011657714844e+00) (4, -1.09964221715927124023e-01) (5, -1.93146300315856933594e+00) (6, -3.55588316917419433594e-01) (7, 5.01909017562866210938e-01) (8, 1.43837165832519531250e+00) (9, -3.52983981370925903320e-01) (10, 1.31205511093139648438e+00) (11, 7.83989876508712768555e-02) (12, -2.15641617774963378906e-01) (13, 2.37069177627563476562e+00) (14, -1.08716730028390884399e-02) (15, 1.57694160938262939453e+00) (16, 2.25070214271545410156e+00) (17, 3.23517084121704101562e-01) (18, 4.75625896453857421875e+00) (19, 1.90340244770050048828e+00) (20, 1.22280588150024414062e+01) (21, 4.64252042770385742188e+00) (22, 1.68581080436706542969e+00) (23, -2.28287205100059509277e-01) (24, 1.09008665084838867188e+01) (25, -7.53433275222778320312e+00) (26, 1.01094283163547515869e-02) (27, 5.00113666057586669922e-01) (28, 1.57436108589172363281e+00) (29, 3.21014428138732910156e+00) (30, -2.03415107727050781250e+00) (31, 1.18556320667266845703e+00) (32, -3.25876116752624511719e+00) (33, -6.85003101825714111328e-01) (34, -1.57024219632148742676e-01) (35, -1.19818711280822753906e+00) (36, 1.58628189563751220703e+00) (37, 2.88096570968627929688e+00) (38, 6.66952371597290039062e-01) (39, 2.79181808233261108398e-01) (40, 4.27968788146972656250e+00) (41, 1.43037661910057067871e-01) (42, -3.43771874904632568359e-01) (43, -1.64428651332855224609e-01) (44, -4.52843457460403442383e-01) (45, 5.41594600677490234375e+00) (46, -4.41185534000396728516e-01) (47, -2.38597321510314941406e+00) (48, 1.10488116741180419922e-01) (49, -1.76676511764526367188e+00) (50, -4.39154922962188720703e-01) (51, -3.19414108991622924805e-01) (52, 6.50730907917022705078e-01) (53, -2.27062439918518066406e+00) (54, 1.05464005470275878906e+00) (55, 3.31054401397705078125e+00) (56, -8.83711338043212890625e-01) (57, -3.12938630580902099609e-01) (58, 8.87270331382751464844e-01) (59, 3.88189584016799926758e-01) (60, -1.30622580647468566895e-01) (61, -2.46907770633697509766e-01) (62, -8.43291878700256347656e-01) (63, 7.10938796401023864746e-02) (64, 6.62569344043731689453e-01) (65, -1.43351480364799499512e-01) (66, 4.45444911718368530273e-01) (67, 1.48598682880401611328e+00) (68, -1.22350268065929412842e-01) (69, 8.86656716465950012207e-02) (70, 3.12428545951843261719e+00) (71, -1.42458258196711540222e-02) (72, 1.41936588287353515625e+00) (73, 1.20631515979766845703e+00) (74, 3.13091301918029785156e+00) (75, 1.09898161888122558594e+00) (76, 8.28931033611297607422e-01) (77, -2.92320281267166137695e-01) (78, -3.47804486751556396484e-01) (79, 1.41837155818939208984e+00) (80, 2.27006763219833374023e-01) (81, -6.31869211792945861816e-02) (82, 1.03463280200958251953e+00) (83, -1.50190508365631103516e+00) (84, -4.76575493812561035156e-02) (85, 3.21330487728118896484e-01) (86, 1.59796223044395446777e-01) (87, 8.85311961174011230469e-01) (88, 8.36819291114807128906e-01) (89, -4.29479479789733886719e-01) (90, -1.34488612413406372070e-01) (91, 8.06429207324981689453e-01) (92, -3.39672207832336425781e-01) (93, -3.76824557781219482422e-01) (94, -6.55462592840194702148e-02) (95, -2.59893417358398437500e-01) (96, -5.92991769313812255859e-01) (97, -2.42677003145217895508e-01) (98, 1.11077332496643066406e+00) (99, 8.85645002126693725586e-02) (100, -1.81441102176904678345e-02) (101, -4.49800074100494384766e-01) (102, 1.31118774414062500000e+00) (103, 7.13561356067657470703e-01) (104, 1.87907922267913818359e+00) (0, -1.13957118988037109375e+01) (1, 8.52005243301391601562e-01) (2, -6.42132878303527832031e-01) (3, -1.66178655624389648438e+00) (4, -8.66833806037902832031e-01) (5, 1.01323932409286499023e-01) (6, -4.45989638566970825195e-01) (7, 9.18816661834716796875e+00) (8, -9.97655749320983886719e-01) (9, 5.94266057014465332031e-01) (10, 2.83398598432540893555e-01) (11, -5.00040829181671142578e-01) (12, -9.49998319149017333984e-01) (13, -2.49615955352783203125e+00) (14, 1.75443339347839355469e+00) (15, 1.09521913528442382812e+00) (16, 1.49491000175476074219e+00) (17, 1.26826572418212890625e+00) (18, -5.36095261573791503906e-01) (19, 2.64683216810226440430e-01) (20, 7.45264053344726562500e-01) (21, -3.75284194946289062500e-01) (22, 2.03673386573791503906e+00) (23, -1.10890090465545654297e+00) (24, -4.63899755477905273438e+00) (25, -9.41383421421051025391e-01) (26, -3.50879907608032226562e+00) (27, -1.42175614833831787109e-01) (28, 4.10517007112503051758e-02) (29, 5.52925491333007812500e+00) (30, -1.86000213027000427246e-01) (31, -1.07433593273162841797e+00) (32, 4.39099311828613281250e+00) (33, 8.00917208194732666016e-01) (34, 1.14541912078857421875e+00) (35, -5.87852120399475097656e-01) (36, 1.20279312133789062500e+00) (37, 1.67117202281951904297e+00) (38, -4.84520256519317626953e-01) (39, 6.25210344791412353516e-01) (40, 5.95194101333618164062e-01) (41, -4.19983434677124023438e+00) (42, -5.68676650524139404297e-01) (43, 1.01317894458770751953e+00) (44, 1.65487766265869140625e+00) (45, 2.94038593769073486328e-01) (46, -1.90920531749725341797e+00) (47, 6.94698750972747802734e-01) (48, -1.91483807563781738281e+00) (49, 1.61875173449516296387e-01) (50, 8.18322822451591491699e-02) (51, 1.46200239658355712891e+00) (52, -2.95046240091323852539e-01) (53, 7.21206367015838623047e-01) (54, 8.33415985107421875000e-02) (55, -2.25051999092102050781e+00) (56, 6.12727403640747070312e-01) (57, 5.03122711181640625000e+00) (58, 3.50282692909240722656e+00) (59, -1.15533745288848876953e+00) (60, 1.48642696440219879150e-02) (61, 1.99562087655067443848e-01) (62, 8.61817374825477600098e-02) (63, -3.52645128965377807617e-01) (64, 1.29474616050720214844e+00) (65, 8.91994178295135498047e-01) (66, -3.99369865655899047852e-01) (67, 2.49498987197875976562e+00) (68, -3.42662751674652099609e-01) (69, 4.10710990428924560547e-01) (70, -4.35490727424621582031e-01) (71, 1.47818827629089355469e+00) (72, 9.86828878521919250488e-02) (73, 1.75693249702453613281e+00) (74, -9.26994442939758300781e-01) (75, 4.73988801240921020508e-01) (76, 5.62895774841308593750e-01) (77, -5.09314060211181640625e-01) (78, 9.19653534889221191406e-01) (79, 1.03942608833312988281e+00) (80, -1.43776226043701171875e+00) (81, -4.79873704910278320312e+00) (82, -1.30636000633239746094e+00) (83, -2.04209074378013610840e-01) (84, -1.90126791596412658691e-01) (85, 1.44768416881561279297e+00) (86, -3.29007327556610107422e-01) (87, -6.46398603916168212891e-01) (88, 1.62452864646911621094e+00) (89, 8.20525467395782470703e-01) (90, 4.39479470252990722656e-01) (91, 1.70067000389099121094e+00) (92, 4.43181723356246948242e-01) (93, -1.53593981266021728516e+00) (94, -4.16255980730056762695e-01) (95, 7.32765614986419677734e-01) (96, 5.59868991374969482422e-01) (97, -7.46573567390441894531e-01) (98, -6.23206675052642822266e-01) (99, 9.37923848628997802734e-01) (100, 8.56615960597991943359e-01) (101, -2.46083641052246093750e+00) (102, -2.13073402643203735352e-01) (103, 2.20019483566284179688e+00) (104, 9.63092505931854248047e-01) (0, 7.58684098720550537109e-01) (1, 1.18158924579620361328e+00) (2, 1.60415673255920410156e+00) (3, 2.80802279710769653320e-01) (4, -1.11149452626705169678e-01) (5, 1.30005466938018798828e+00) (6, -8.51292848587036132812e-01) (7, -6.74740612506866455078e-01) (8, 2.41032147407531738281e+00) (9, -6.94149315357208251953e-01) (10, -3.56736600399017333984e-01) (11, -8.36920320987701416016e-01) (12, -7.13348209857940673828e-01) (13, 4.19294923543930053711e-01) (14, -6.93310201168060302734e-01) (15, -5.65905034542083740234e-01) (16, -2.06871330738067626953e-01) (17, 1.71672940254211425781e+00) (18, 5.69117903709411621094e-01) (19, -7.43080601096153259277e-02) (20, 7.41274207830429077148e-02) (21, -6.22486710548400878906e-01) (22, -1.00516474246978759766e+00) (23, -5.17723023891448974609e-01) (24, -7.15950787067413330078e-01) (25, -2.67625123262405395508e-01) (26, 1.60175299644470214844e+00) (27, -2.66116291284561157227e-01) (28, -4.86918032169342041016e-01) (29, 4.00057323276996612549e-02) (30, 1.77363634109497070312e+00) (31, -8.65030288696289062500e-02) (32, -5.52335202693939208984e-01) (33, 6.36467814445495605469e-01) (34, 4.28575724363327026367e-02) (35, 1.44588375091552734375e+00) (36, -6.72784328460693359375e-01) (37, 9.23499345779418945312e-01) (38, -4.48884725570678710938e-01) (39, -5.94504177570343017578e-01) (40, -1.33551582694053649902e-01) (41, -2.66963750123977661133e-01) (42, -2.36859604716300964355e-01) (43, 9.01609361171722412109e-01) (44, -5.41242718696594238281e-01) (45, -2.64056682586669921875e-01) (46, 2.07246497273445129395e-01) (47, 3.11324858665466308594e+00) (48, 8.64812016487121582031e-01) (49, 1.98257708549499511719e+00) (50, -7.77191221714019775391e-01) (51, -2.80415385961532592773e-01) (52, -4.13409739732742309570e-01) (53, -6.79626941680908203125e-01) (54, 1.04526007175445556641e+00) (55, -8.59842538833618164062e-01) (56, -1.69277146458625793457e-01) (57, 8.57218265533447265625e-01) (58, 1.70822456479072570801e-01) (59, -1.21741093695163726807e-01) (60, 1.24583411216735839844e+00) (61, -7.01201677322387695312e-01) (62, 2.18953415751457214355e-02) (63, 1.70068693161010742188e+00) (64, 6.66642487049102783203e-02) (65, 1.55803811550140380859e+00) (66, -5.72650253772735595703e-01) (67, 1.21936631202697753906e+00) (68, -7.67997682094573974609e-01) (69, -4.83938544988632202148e-01) (70, 2.30371624231338500977e-01) (71, -3.56714993715286254883e-01) (72, 2.56107866764068603516e-01) (73, -1.10693559050559997559e-01) (74, -2.16973707079887390137e-01) (75, -4.71985340118408203125e-01) (76, -4.83788922429084777832e-03) (77, -1.51138752698898315430e-01) (78, -3.83135139942169189453e-01) (79, -5.05677580833435058594e-01) (80, -1.05458259582519531250e+00) (81, -4.06869798898696899414e-01) (82, -6.94488227367401123047e-01) (83, -2.76534944772720336914e-01) (84, 3.98260980844497680664e-01) (85, -3.59231323003768920898e-01) (86, -4.48432862758636474609e-01) (87, -1.13419485092163085938e+00) (88, -8.07553946971893310547e-01) (89, 5.64213514328002929688e-01) (90, 7.73257195949554443359e-01) (91, 7.57047057151794433594e-01) (92, -1.42063522338867187500e+00) (93, 7.37656712532043457031e-01) (94, -1.55146837234497070312e-01) (95, -5.64867198467254638672e-01) (96, -9.80497181415557861328e-01) (97, -4.00094568729400634766e-01) (98, 1.70513844490051269531e+00) (99, -2.91511535644531250000e-01) (100, -5.12820184230804443359e-01) (101, -1.03986406326293945312e+00) (102, -2.36332207918167114258e-01) (103, 2.22424578666687011719e+00) (104, 2.50792002677917480469e+00) (0, -1.98418827056884765625e+01) (1, 8.68137478828430175781e-01) (2, -1.17253445088863372803e-01) (3, -1.64451345801353454590e-01) (4, -5.69008328020572662354e-02) (5, 1.71565771102905273438e+00) (6, 6.49871900677680969238e-02) (7, 1.91170006990432739258e-01) (8, 2.91895866394042968750e+00) (9, 1.10996699333190917969e+00) (10, 2.61065904051065444946e-02) (11, 1.30890512466430664062e+00) (12, -2.57264882326126098633e-01) (13, 3.92822098731994628906e+00) (14, 1.15749843418598175049e-01) (15, 6.71916902065277099609e-02) (16, 4.92653518915176391602e-01) (17, -5.12861871719360351562e+00) (18, -1.03209805488586425781e+00) (19, 1.48028418421745300293e-01) (20, 3.84753870964050292969e+00) (21, -5.58964157104492187500e+00) (22, -1.81353986263275146484e-01) (23, 4.22338199615478515625e+00) (24, 2.34354114532470703125e+00) (25, 1.66479229927062988281e+00) (26, 1.75223016738891601562e+00) (27, 1.54430246353149414062e+00) (28, -1.41669011116027832031e+00) (29, 3.75963997840881347656e+00) (30, 2.42772531509399414062e+00) (31, -1.07821679115295410156e+00) (32, -7.92862796783447265625e+00) (33, 2.79578590393066406250e+00) (34, -4.14065062999725341797e-01) (35, 2.27158904075622558594e+00) (36, 8.10939121246337890625e+00) (37, -2.52482700347900390625e+00) (38, -2.19210004806518554688e+00) (39, 1.97055387496948242188e+00) (40, -1.80690181255340576172e+00) (41, -6.47249042987823486328e-01) (42, 1.67176797986030578613e-01) (43, 1.49767613410949707031e+00) (44, -2.08130180835723876953e-01) (45, 2.53211784362792968750e+00) (46, 4.61028963327407836914e-01) (47, 1.62949514389038085938e+00) (48, 4.47705316543579101562e+00) (49, 2.33092737197875976562e+00) (50, 5.58847010135650634766e-01) (51, -5.84560155868530273438e-01) (52, -7.57582485675811767578e-01) (53, 1.14335501194000244141e+00) (54, 1.91094791889190673828e+00) (55, 2.31614828109741210938e+00) (56, 1.31967461109161376953e+00) (57, -2.01926261186599731445e-01) (58, 1.65383830666542053223e-01) (59, -4.40836139023303985596e-02) (60, 1.88645079731941223145e-01) (61, -1.86670087277889251709e-02) (62, 5.00981748104095458984e-01) (63, 6.56122624874114990234e-01) (64, 1.03128015995025634766e+00) (65, 4.83802780508995056152e-02) (66, 1.39625415205955505371e-01) (67, 5.90284645557403564453e-01) (68, 3.12351018190383911133e-01) (69, -9.19272154569625854492e-02) (70, 2.85428524017333984375e-01) (71, 1.77769720554351806641e+00) (72, 4.49314981698989868164e-01) (73, -5.16855269670486450195e-02) (74, 1.97630092501640319824e-01) (75, -2.87866026163101196289e-01) (76, 2.03126835823059082031e+00) (77, -2.13730618357658386230e-01) (78, 1.83648288249969482422e-01) (79, 4.41018253564834594727e-01) (80, 1.24481797218322753906e+00) (81, 2.14691132307052612305e-01) (82, 1.35464325547218322754e-01) (83, 9.54692125320434570312e-01) (84, -4.87658321857452392578e-01) (85, -1.62976026535034179688e-01) (86, 4.52437430620193481445e-01) (87, -4.09231781959533691406e-01) (88, -1.60153126716613769531e+00) (89, -2.79616028070449829102e-01) (90, -8.23770284652709960938e-01) (91, 1.51587522029876708984e+00) (92, -2.69848942756652832031e-01) (93, 9.98938381671905517578e-01) (94, 7.12132528424263000488e-02) (95, -3.17869812250137329102e-01) (96, 3.54971557855606079102e-01) (97, -1.14696137607097625732e-01) (98, -3.54715764522552490234e-01) (99, 5.55280745029449462891e-02) (100, 3.60800847411155700684e-02) (101, 9.38355773687362670898e-02) (102, 1.20838642120361328125e+00) (103, 7.12932229042053222656e-01) (104, 1.98626303672790527344e+00) (0, 1.44557934570312500000e+03) (1, 1.82509243488311767578e+00) (2, 8.43459606170654296875e-01) (3, -1.12300615310668945312e+01) (4, 9.38292443752288818359e-01) (5, 1.81566476821899414062e+00) (6, 1.87846338748931884766e+00) (7, 1.93252289295196533203e+00) (8, 1.76728725433349609375e+00) (9, 1.30247187614440917969e+00) (10, 8.63438665866851806641e-01) (11, 8.64433348178863525391e-01) (12, 1.40471434593200683594e+00) (13, 4.75368291139602661133e-01) (14, 8.22579503059387207031e-01) (15, 8.19840788841247558594e-01) (16, 2.40718021988868713379e-01) (17, 6.13300025463104248047e-01) (18, 4.37183022499084472656e-01) (19, 7.73239672183990478516e-01) (20, 5.75985312461853027344e-01) (21, 6.97525262832641601562e-01) (22, 2.59494042396545410156e+00) (23, 1.93154776096343994141e+00) (24, 5.04995226860046386719e-01) (25, 1.57838797569274902344e+00) (26, 3.77090543508529663086e-01) (27, 4.95493203401565551758e-01) (28, 8.49078595638275146484e-01) (29, 2.17515826225280761719e-01) (30, 2.70440727472305297852e-01) (31, 8.86212587356567382812e-01) (32, 3.51741045713424682617e-01) (33, 8.89168143272399902344e-01) (34, 1.58983111381530761719e+00) (35, 5.70515692234039306641e-01) (36, 5.79081177711486816406e-01) (37, 9.94316816329956054688e-01) (38, 5.30584812164306640625e-01) (39, 6.04333996772766113281e-01) (40, 3.53040665388107299805e-01) (41, 1.27534055709838867188e+00) (42, 1.29747402667999267578e+00) (43, 1.29608869552612304688e+00) (44, 1.15792083740234375000e+00) (45, 2.04898142814636230469e+00) (46, 5.98991215229034423828e-01) (47, 8.03340911865234375000e-01) (48, 9.46970224380493164062e-01) (49, 1.04610288143157958984e+00) (50, 1.05403804779052734375e+00) (51, 1.17673909664154052734e+00) (52, 1.10600304603576660156e+00) (53, 1.99230313301086425781e+00) (54, 1.46069955825805664062e+00) (55, 1.15695905685424804688e+00) (56, 1.47234773635864257812e+00) (57, 6.69623672962188720703e-01) (58, 1.50000000000000000000e+03) (59, 1.03967475891113281250e+00) (60, 1.19138658046722412109e+00) (61, 1.32168042659759521484e+00) (62, 1.43749845027923583984e+00) (63, 8.42557787895202636719e-01) (64, 1.16138863563537597656e+00) (65, 1.05571877956390380859e+00) (66, 1.34519648551940917969e+00) (67, 9.35286760330200195312e-01) (68, 1.26889038085937500000e+00) (69, 9.27811443805694580078e-01) (70, 1.16980040073394775391e+00) (71, 9.60041582584381103516e-01) (72, 1.02337372303009033203e+00) (73, 1.89866411685943603516e+00) (74, 1.96796107292175292969e+00) (75, 1.27238440513610839844e+00) (76, 2.65714955329895019531e+00) (77, 1.36649787425994873047e+00) (78, 1.53116929531097412109e+00) (79, 1.06064009666442871094e+00) (80, 1.32544076442718505859e+00) (81, 1.25813400745391845703e+00) (82, 1.18155395984649658203e+00) (83, 1.32700264453887939453e+00) (84, 1.10958695411682128906e+00) (85, 7.37600624561309814453e-01) (86, 8.58083248138427734375e-01) (87, 1.38292837142944335938e+00) (88, 2.43576502799987792969e+00) (89, 1.43173599243164062500e+00) (90, 2.09907317161560058594e+00) (91, 8.63692462444305419922e-01) (92, 1.47770297527313232422e+00) (93, 2.23231101036071777344e+00) (94, 1.17565453052520751953e+00) (95, 1.48206901550292968750e+00) (96, 1.40374183654785156250e+00) (97, 1.29329991340637207031e+00) (98, 1.35239148139953613281e+00) (99, 8.32679033279418945312e-01) (100, 1.12344563007354736328e+00) (101, 1.44179642200469970703e+00) (102, 1.31092393398284912109e+00) (103, 6.52272045612335205078e-01) (104, 7.11449563503265380859e-01) (0, 2.63334846496582031250e+00) (1, 6.10983408987522125244e-02) (2, -5.32664299011230468750e-01) (3, 8.74025285243988037109e-01) (4, 2.05309867858886718750e+00) (5, 2.68845379352569580078e-01) (6, 2.56703048944473266602e-01) (7, -6.43683552742004394531e-01) (8, 9.32811975479125976562e-01) (9, 1.66882956027984619141e+00) (10, -2.79982686042785644531e-01) (11, 2.43890929222106933594e+00) (12, -2.01849028468132019043e-01) (13, 1.31883752346038818359e+00) (14, -9.51203107833862304688e-02) (15, -8.74619424343109130859e-01) (16, 5.97711741924285888672e-01) (17, -6.12024664878845214844e-01) (18, -4.34628158807754516602e-01) (19, -3.43527853488922119141e-01) (20, -6.23013496398925781250e-01) (21, -8.64530384540557861328e-01) (22, 1.12740361690521240234e+00) (23, -2.67788916826248168945e-01) (24, -3.74681860208511352539e-01) (25, -1.78464221954345703125e+00) (26, -2.29440182447433471680e-02) (27, -7.57844686508178710938e-01) (28, -4.32420045137405395508e-01) (29, -1.26539515331387519836e-02) (30, -5.14789223670959472656e-01) (31, -4.68715243041515350342e-02) (32, -3.98481130599975585938e-01) (33, -4.80519771575927734375e-01) (34, -2.85280674695968627930e-01) (35, 1.63996207714080810547e+00) (36, -6.54126822948455810547e-01) (37, -6.57636106014251708984e-01) (38, 1.11274905502796173096e-01) (39, -9.23953503370285034180e-02) (40, -7.66060352325439453125e-01) (41, 1.15076196193695068359e+00) (42, -7.45728611946105957031e-01) (43, -3.69844794273376464844e-01) (44, -4.14357721805572509766e-01) (45, 1.60216355323791503906e+00) (46, 5.59998178482055664062e+00) (47, 2.65040665864944458008e-01) (48, -8.59174847602844238281e-01) (49, -7.32985556125640869141e-01) (50, 1.72104012966156005859e+00) (51, 1.41598701477050781250e+00) (52, 1.66863977909088134766e+00) (53, 1.65590071678161621094e+00) (54, -5.46383500099182128906e-01) (55, 5.74595570564270019531e-01) (56, -8.50553274154663085938e-01) (57, -1.15892410278320312500e+00) (58, 3.78244757652282714844e-01) (59, -1.97866335511207580566e-01) (60, -7.93653547763824462891e-01) (61, 1.93215298652648925781e+00) (62, -8.95323634147644042969e-01) (63, -7.70586431026458740234e-01) (64, 3.61628115177154541016e-01) (65, -7.95610785484313964844e-01) (66, -2.63355255126953125000e-01) (67, 7.93555080890655517578e-02) (68, 7.97712981700897216797e-01) (69, -1.89473822712898254395e-01) (70, -6.49469196796417236328e-01) (71, 1.40277481079101562500e+00) (72, -3.55880469083786010742e-01) (73, 2.25454807281494140625e+00) (74, -8.01268100738525390625e-01) (75, -3.59758347272872924805e-01) (76, -1.55599391460418701172e+00) (77, -6.93929314613342285156e-01) (78, 1.60420417785644531250e+00) (79, -5.53271532058715820312e-01) (80, 1.11722373962402343750e+00) (81, -9.37163531780242919922e-01) (82, -8.17001640796661376953e-01) (83, -1.73678541183471679688e+00) (84, 2.70236939191818237305e-01) (85, -6.41248285770416259766e-01) (86, -7.25501418113708496094e-01) (87, -5.95655202865600585938e-01) (88, 1.50286436080932617188e+00) (89, 8.07929813861846923828e-01) (90, 5.57108521461486816406e-01) (91, 1.30318856239318847656e+00) (92, -4.79791432619094848633e-01) (93, -1.27689707279205322266e+00) (94, -5.48105835914611816406e-01) (95, -5.18623054027557373047e-01) (96, -8.30763638019561767578e-01) (97, 1.28400242328643798828e+00) (98, -2.92599022388458251953e-01) (99, 3.74625176191329956055e-01) (100, -5.43147683143615722656e-01) (101, 7.89181366562843322754e-02) (102, -1.83610960841178894043e-01) (103, 2.06332993507385253906e+00) (104, 2.46448731422424316406e+00) (0, 1.06882905960083007812e+00) (1, -5.50990223884582519531e-01) (2, -7.97791481018066406250e-01) (3, 1.64914727210998535156e+00) (4, -3.46937805414199829102e-01) (5, -4.50048416852951049805e-01) (6, -6.41670346260070800781e-01) (7, -4.43862378597259521484e-01) (8, 5.02463817596435546875e-01) (9, -7.90297150611877441406e-01) (10, -1.65776669979095458984e-01) (11, -6.24660253524780273438e-01) (12, -8.41591417789459228516e-01) (13, 2.40928344428539276123e-02) (14, -7.37556278705596923828e-01) (15, -3.93683135509490966797e-01) (16, 8.28767344355583190918e-02) (17, -1.55156165361404418945e-01) (18, 7.68862903118133544922e-01) (19, -3.51426228880882263184e-02) (20, 2.04346966743469238281e+00) (21, -8.80872249603271484375e-01) (22, -6.08319163322448730469e-01) (23, 1.49847662448883056641e+00) (24, 1.34118711948394775391e+00) (25, -2.05162584781646728516e-01) (26, -2.37087219953536987305e-01) (27, -1.65673270821571350098e-01) (28, -4.13767367601394653320e-01) (29, 9.48845595121383666992e-02) (30, 6.14963233470916748047e-01) (31, -1.80497691035270690918e-01) (32, -2.24786266684532165527e-01) (33, -7.85377740859985351562e-01) (34, 2.99360275268554687500e-01) (35, 1.38288140296936035156e+00) (36, 1.28425288200378417969e+00) (37, -1.68212890625000000000e+00) (38, 9.61919948458671569824e-02) (39, 4.45827811956405639648e-01) (40, 1.45805048942565917969e+00) (41, -7.57949531078338623047e-01) (42, -8.21102619171142578125e-01) (43, -8.20120573043823242188e-01) (44, 5.37462830543518066406e-01) (45, -5.31746566295623779297e-01) (46, -7.98195123672485351562e-01) (47, 1.43339067697525024414e-01) (48, 1.05619943141937255859e+00) (49, -3.94867569208145141602e-01) (50, -6.83436095714569091797e-01) (51, -8.28918278217315673828e-01) (52, -4.74484980106353759766e-01) (53, 1.42296934127807617188e+00) (54, -7.83686161041259765625e-01) (55, 1.71405065059661865234e+00) (56, -2.17095479369163513184e-01) (57, 6.04617118835449218750e-01) (58, 8.76703560352325439453e-01) (59, -2.13685989379882812500e-01) (60, -4.74149078130722045898e-01) (61, -6.47477388381958007812e-01) (62, -5.58932065963745117188e-01) (63, -1.26484125852584838867e-01) (64, -6.84790685772895812988e-02) (65, -3.28467369079589843750e-01) (66, 7.67570197582244873047e-01) (67, -5.46124160289764404297e-01) (68, 9.99581098556518554688e-01) (69, 1.48563086986541748047e+00) (70, -1.63136124610900878906e-02) (71, -5.48078298568725585938e-01) (72, 5.42288839817047119141e-01) (73, 1.99032612144947052002e-02) (74, 2.91378647089004516602e-01) (75, -6.26927733421325683594e-01) (76, -9.65031087398529052734e-01) (77, -1.09811350703239440918e-01) (78, -8.65751206874847412109e-01) (79, 3.24443435668945312500e+00) (80, 1.14193844795227050781e+00) (81, -4.99553948640823364258e-01) (82, -4.14852440357208251953e-01) (83, 5.67896306514739990234e-01) (84, -2.90256083011627197266e-01) (85, 2.97553604468703269958e-03) (86, -1.71968355774879455566e-01) (87, -6.91913783550262451172e-01) (88, 1.51949858665466308594e+00) (89, 1.34284412860870361328e+00) (90, 1.53577423095703125000e+00) (91, 1.39725789427757263184e-01) (92, -3.77294689416885375977e-01) (93, -8.54244887828826904297e-01) (94, 3.34478527307510375977e-01) (95, -3.09833556413650512695e-01) (96, -8.40112149715423583984e-01) (97, -4.04046714305877685547e-01) (98, 1.08333253860473632812e+00) (99, -4.65975776314735412598e-02) (100, -1.92762371152639389038e-02) (101, -9.84979331493377685547e-01) (102, 4.21303957700729370117e-01) (103, 1.67988443374633789062e+00) (104, 2.36797761917114257812e+00) (0, -1.96243495941162109375e+01) (1, 1.01943719387054443359e+00) (2, 6.74746260046958923340e-02) (3, -5.54828047752380371094e-01) (4, 2.89937764406204223633e-01) (5, 6.01377248764038085938e-01) (6, 8.80762755870819091797e-01) (7, 1.71667957305908203125e+00) (8, 1.86839795112609863281e+00) (9, -3.89636278152465820312e-01) (10, 2.06354975700378417969e+00) (11, 3.97068142890930175781e-01) (12, -7.53147602081298828125e-01) (13, 6.49351160973310470581e-03) (14, 8.10282453894615173340e-02) (15, 1.31396919488906860352e-01) (16, 1.08253121376037597656e+00) (17, 9.59510624408721923828e-01) (18, 7.76842772960662841797e-01) (19, -5.34730106592178344727e-02) (20, -7.31020420789718627930e-02) (21, 8.07712376117706298828e-01) (22, 3.90302032232284545898e-01) (23, -1.07549011707305908203e+00) (24, 6.16081655025482177734e-02) (25, -5.74730873107910156250e-01) (26, 1.11277513206005096436e-02) (27, -1.28697782754898071289e-01) (28, -1.54761031270027160645e-01) (29, 2.40562036633491516113e-02) (30, -7.77276515960693359375e-01) (31, -1.26955204010009765625e+01) (32, 1.56279057264328002930e-01) (33, -2.65295088291168212891e-01) (34, 8.18881928920745849609e-01) (35, -8.69646389037370681763e-03) (36, 6.77728131413459777832e-02) (37, 5.07797956466674804688e-01) (38, 1.42814528942108154297e+00) (39, 1.48247122764587402344e+00) (40, 1.22835075855255126953e+00) (41, 1.34461367130279541016e+00) (42, -2.91608333587646484375e-01) (43, -2.63655900955200195312e+00) (44, 2.85471469163894653320e-01) (45, 1.41184794902801513672e+00) (46, -4.04415273666381835938e+00) (47, 1.29775285720825195312e+00) (48, 1.87418937683105468750e+00) (49, 1.44061589241027832031e+00) (50, 1.86682671308517456055e-01) (51, 2.95453578233718872070e-01) (52, 6.14042878150939941406e-01) (53, 1.02792119979858398438e+00) (54, 5.40838658809661865234e-01) (55, 1.24496722221374511719e+00) (56, -7.60457694530487060547e-01) (57, -3.16651582717895507812e-01) (58, -2.11585164070129394531e+00) (59, 4.09103631973266601562e+00) (60, -1.99566495418548583984e+00) (61, 1.09370148181915283203e+00) (62, -3.97565364837646484375e-02) (63, -2.10792288184165954590e-01) (64, 4.17216181755065917969e-01) (65, -3.23457241058349609375e-01) (66, -1.20488858222961425781e+00) (67, -3.26511263847351074219e-01) (68, -5.05934953689575195312e-01) (69, 3.52565973997116088867e-01) (70, 1.65747535228729248047e+00) (71, 1.24689590930938720703e+00) (72, 7.72957026958465576172e-01) (73, 2.41147112846374511719e+00) (74, 5.34442067146301269531e-01) (75, 4.88713359832763671875e+00) (76, 2.87364077568054199219e+00) (77, -3.13255399465560913086e-01) (78, 3.43076676130294799805e-01) (79, -1.63005709648132324219e+00) (80, -1.20554909110069274902e-01) (81, 3.58753651380538940430e-01) (82, 9.67274248600006103516e-01) (83, -2.81828552484512329102e-01) (84, -2.95698285102844238281e-01) (85, 2.23282650113105773926e-01) (86, 1.90727919340133666992e-01) (87, 3.15038830041885375977e-01) (88, 2.52261042594909667969e+00) (89, 1.66228759288787841797e+00) (90, 1.30795359611511230469e-01) (91, 8.04737389087677001953e-01) (92, -1.34149420261383056641e+00) (93, 1.62025117874145507812e+00) (94, -4.22977916896343231201e-02) (95, 1.22391033172607421875e+00) (96, 9.51934903860092163086e-02) (97, -1.43467009067535400391e+00) (98, 1.44668972492218017578e+00) (99, 2.99509555101394653320e-01) (100, 3.53835076093673706055e-01) (101, 1.07156670093536376953e+00) (102, 1.74894070625305175781e+00) (103, 3.28679740428924560547e-01) (104, 2.00766658782958984375e+00) (105, 1.56265139579772949219e+00) (106, 2.69621443748474121094e+00) (107, 4.29567146301269531250e+00) (108, 1.78989207744598388672e+00) (109, -1.32296788692474365234e+00) (110, -1.79649806022644042969e+00) (111, 6.50972545146942138672e-01) (112, 3.59492373466491699219e+00) (113, 6.72442257404327392578e-01) (114, 1.84115517139434814453e+00) (115, -3.28300166130065917969e+00) (116, 1.05166268348693847656e+00) (117, -1.83657240867614746094e+00) (118, -2.54456853866577148438e+00) (119, 6.39912724494934082031e-01) (120, 2.16222929954528808594e+00) (121, -9.96864557266235351562e-01) (122, -1.08792436122894287109e+00) (123, -2.20816707611083984375e+00) (124, -1.80210173130035400391e+00) (125, 2.44898962974548339844e+00) (126, 6.47980630397796630859e-01) (127, -1.67736411094665527344e+00) (128, -2.01804828643798828125e+00) (129, -1.31533551216125488281e+00) (130, 1.61159956455230712891e+00) 
