FANN_FLO_2.1
num_layers=3
learning_rate=0.700000
connection_rate=1.000000
network_type=0
learning_momentum=0.000000
training_algorithm=2
train_error_function=1
train_stop_function=0
cascade_output_change_fraction=0.010000
quickprop_decay=-0.000100
quickprop_mu=1.750000
rprop_increase_factor=1.200000
rprop_decrease_factor=0.500000
rprop_delta_min=0.000000
rprop_delta_max=50.000000
rprop_delta_zero=0.100000
cascade_output_stagnation_epochs=12
cascade_candidate_change_fraction=0.010000
cascade_candidate_stagnation_epochs=12
cascade_max_out_epochs=150
cascade_max_cand_epochs=150
cascade_num_candidate_groups=2
bit_fail_limit=3.49999994039535522461e-01
cascade_candidate_limit=1.00000000000000000000e+03
cascade_weight_multiplier=4.00000005960464477539e-01
cascade_activation_functions_count=10
cascade_activation_functions=3 5 7 8 10 11 14 15 16 17 
cascade_activation_steepnesses_count=4
cascade_activation_steepnesses=2.50000000000000000000e-01 5.00000000000000000000e-01 7.50000000000000000000e-01 1.00000000000000000000e+00 
layer_sizes=105 26 2 
scale_included=0
neurons (num_inputs, activation_function, activation_steepness)=(0, 0, 0.00000000000000000000e+00) (0, 0, 0.00000000000000000000e+00) (0, 0, 0.00000000000000000000e+00) (0, 0, 0.00000000000000000000e+00) (0, 0, 0.00000000000000000000e+00) (0, 0, 0.00000000000000000000e+00) (0, 0, 0.00000000000000000000e+00) (0, 0, 0.00000000000000000000e+00) (0, 0, 0.00000000000000000000e+00) (0, 0, 0.00000000000000000000e+00) (0, 0, 0.00000000000000000000e+00) (0, 0, 0.00000000000000000000e+00) (0, 0, 0.00000000000000000000e+00) (0, 0, 0.00000000000000000000e+00) (0, 0, 0.00000000000000000000e+00) (0, 0, 0.00000000000000000000e+00) (0, 0, 0.00000000000000000000e+00) (0, 0, 0.00000000000000000000e+00) (0, 0, 0.00000000000000000000e+00) (0, 0, 0.00000000000000000000e+00) (0, 0, 0.00000000000000000000e+00) (0, 0, 0.00000000000000000000e+00) (0, 0, 0.00000000000000000000e+00) (0, 0, 0.00000000000000000000e+00) (0, 0, 0.00000000000000000000e+00) (0, 0, 0.00000000000000000000e+00) (0, 0, 0.00000000000000000000e+00) (0, 0, 0.00000000000000000000e+00) (0, 0, 0.00000000000000000000e+00) (0, 0, 0.00000000000000000000e+00) (0, 0, 0.00000000000000000000e+00) (0, 0, 0.00000000000000000000e+00) (0, 0, 0.00000000000000000000e+00) (0, 0, 0.00000000000000000000e+00) (0, 0, 0.00000000000000000000e+00) (0, 0, 0.00000000000000000000e+00) (0, 0, 0.00000000000000000000e+00) (0, 0, 0.00000000000000000000e+00) (0, 0, 0.00000000000000000000e+00) (0, 0, 0.00000000000000000000e+00) (0, 0, 0.00000000000000000000e+00) (0, 0, 0.00000000000000000000e+00) (0, 0, 0.00000000000000000000e+00) (0, 0, 0.00000000000000000000e+00) (0, 0, 0.00000000000000000000e+00) (0, 0, 0.00000000000000000000e+00) (0, 0, 0.00000000000000000000e+00) (0, 0, 0.00000000000000000000e+00) (0, 0, 0.00000000000000000000e+00) (0, 0, 0.00000000000000000000e+00) (0, 0, 0.00000000000000000000e+00) (0, 0, 0.00000000000000000000e+00) (0, 0, 0.00000000000000000000e+00) (0, 0, 0.00000000000000000000e+00) (0, 0, 0.00000000000000000000e+00) (0, 0, 0.00000000000000000000e+00) (0, 0, 0.00000000000000000000e+00) (0, 0, 0.00000000000000000000e+00) (0, 0, 0.00000000000000000000e+00) (0, 0, 0.00000000000000000000e+00) (0, 0, 0.00000000000000000000e+00) (0, 0, 0.00000000000000000000e+00) (0, 0, 0.00000000000000000000e+00) (0, 0, 0.00000000000000000000e+00) (0, 0, 0.00000000000000000000e+00) (0, 0, 0.00000000000000000000e+00) (0, 0, 0.00000000000000000000e+00) (0, 0, 0.00000000000000000000e+00) (0, 0, 0.00000000000000000000e+00) (0, 0, 0.00000000000000000000e+00) (0, 0, 0.00000000000000000000e+00) (0, 0, 0.00000000000000000000e+00) (0, 0, 0.00000000000000000000e+00) (0, 0, 0.00000000000000000000e+00) (0, 0, 0.00000000000000000000e+00) (0, 0, 0.00000000000000000000e+00) (0, 0, 0.00000000000000000000e+00) (0, 0, 0.00000000000000000000e+00) (0, 0, 0.00000000000000000000e+00) (0, 0, 0.00000000000000000000e+00) (0, 0, 0.00000000000000000000e+00) (0, 0, 0.00000000000000000000e+00) (0, 0, 0.00000000000000000000e+00) (0, 0, 0.00000000000000000000e+00) (0, 0, 0.00000000000000000000e+00) (0, 0, 0.00000000000000000000e+00) (0, 0, 0.00000000000000000000e+00) (0, 0, 0.00000000000000000000e+00) (0, 0, 0.00000000000000000000e+00) (0, 0, 0.00000000000000000000e+00) (0, 0, 0.00000000000000000000e+00) (0, 0, 0.00000000000000000000e+00) (0, 0, 0.00000000000000000000e+00) (0, 0, 0.00000000000000000000e+00) (0, 0, 0.00000000000000000000e+00) (0, 0, 0.00000000000000000000e+00) (0, 0, 0.00000000000000000000e+00) (0, 0, 0.00000000000000000000e+00) (0, 0, 0.00000000000000000000e+00) (0, 0, 0.00000000000000000000e+00) (0, 0, 0.00000000000000000000e+00) (0, 0, 0.00000000000000000000e+00) (0, 0, 0.00000000000000000000e+00) (0, 0, 0.00000000000000000000e+00) (0, 0, 0.00000000000000000000e+00) (105, 5, 5.00000000000000000000e-01) (105, 5, 5.00000000000000000000e-01) (105, 5, 5.00000000000000000000e-01) (105, 5, 5.00000000000000000000e-01) (105, 5, 5.00000000000000000000e-01) (105, 5, 5.00000000000000000000e-01) (105, 5, 5.00000000000000000000e-01) (105, 5, 5.00000000000000000000e-01) (105, 5, 5.00000000000000000000e-01) (105, 5, 5.00000000000000000000e-01) (105, 5, 5.00000000000000000000e-01) (105, 5, 5.00000000000000000000e-01) (105, 5, 5.00000000000000000000e-01) (105, 5, 5.00000000000000000000e-01) (105, 5, 5.00000000000000000000e-01) (105, 5, 5.00000000000000000000e-01) (105, 5, 5.00000000000000000000e-01) (105, 5, 5.00000000000000000000e-01) (105, 5, 5.00000000000000000000e-01) (105, 5, 5.00000000000000000000e-01) (105, 5, 5.00000000000000000000e-01) (105, 5, 5.00000000000000000000e-01) (105, 5, 5.00000000000000000000e-01) (105, 5, 5.00000000000000000000e-01) (105, 5, 5.00000000000000000000e-01) (0, 5, 0.00000000000000000000e+00) (26, 5, 5.00000000000000000000e-01) (0, 5, 0.00000000000000000000e+00) 
connections (connected_to_neuron, weight)=(0, 2.59542059898376464844e+00) (1, 3.21832680702209472656e+00) (2, -2.39918574690818786621e-01) (3, -7.68217861652374267578e-01) (4, -1.73135474324226379395e-01) (5, -1.01225890219211578369e-01) (6, -2.34344094991683959961e-01) (7, 3.16746473312377929688e+00) (8, -1.43421220779418945312e+00) (9, -2.36556625366210937500e+00) (10, -8.64786058664321899414e-02) (11, 1.51481461524963378906e+00) (12, 1.36988699436187744141e-01) (13, 6.93048119544982910156e-01) (14, 8.06201398372650146484e-01) (15, -1.70447111129760742188e-01) (16, -1.73837885260581970215e-01) (17, -1.21643163263797760010e-01) (18, -1.57483315467834472656e+00) (19, -2.10503053665161132812e+00) (20, -3.87499165534973144531e+00) (21, -1.27572965621948242188e+00) (22, -1.00072585046291351318e-01) (23, -9.19147610664367675781e-01) (24, 1.38585531711578369141e+00) (25, -1.01359534263610839844e+00) (26, -4.83031940460205078125e+00) (27, -2.00181558728218078613e-01) (28, -5.90035736560821533203e-01) (29, 2.87636661529541015625e+00) (30, 2.04532408714294433594e+00) (31, 8.39810311794281005859e-01) (32, -1.20096527040004730225e-01) (33, -1.16906583309173583984e+00) (34, -1.58366158604621887207e-01) (35, 1.66786646842956542969e+00) (36, 1.11551016569137573242e-01) (37, -3.59588193893432617188e+00) (38, -2.97377675771713256836e-01) (39, 1.97404265403747558594e+00) (40, 3.15775156021118164062e+00) (41, 3.79088893532752990723e-02) (42, 5.57627439498901367188e-01) (43, 3.97201657295227050781e-01) (44, 2.51366913318634033203e-01) (45, 3.54029744863510131836e-01) (46, -3.92038524150848388672e-01) (47, 2.78771042823791503906e+00) (48, 1.76753103733062744141e+00) (49, 1.20987999439239501953e+00) (50, -1.71762537956237792969e+00) (51, 1.07749521732330322266e+00) (52, 6.45687878131866455078e-01) (53, -5.54053932428359985352e-02) (54, -1.52590513229370117188e+00) (55, 1.04204821586608886719e+00) (56, 4.60190594196319580078e-01) (57, 1.59850466251373291016e+00) (58, 7.72146582603454589844e-01) (59, 7.24114298820495605469e-01) (60, 1.38285624980926513672e+00) (61, -8.87828588485717773438e-01) (62, -2.62227833271026611328e-01) (63, -3.74497354030609130859e-01) (64, -4.09398019313812255859e-01) (65, 6.75223946571350097656e-01) (66, -2.77271509170532226562e-01) (67, -1.46111622452735900879e-01) (68, -1.90992489457130432129e-01) (69, -4.62953388690948486328e-01) (70, -4.02544409036636352539e-01) (71, 3.41737717390060424805e-01) (72, -4.00421805679798126221e-02) (73, 8.92471253871917724609e-01) (74, -7.74942934513092041016e-01) (75, -2.33367934823036193848e-01) (76, -4.73994165658950805664e-01) (77, 1.03983104228973388672e+00) (78, -7.32043921947479248047e-01) (79, 9.04488861560821533203e-01) (80, -8.79567265510559082031e-01) (81, 1.48700392246246337891e+00) (82, 7.06952631473541259766e-01) (83, -5.03812372684478759766e-01) (84, -1.42070579528808593750e+00) (85, -8.86320054531097412109e-01) (86, -6.50541782379150390625e-01) (87, -3.55461031198501586914e-01) (88, -3.70464334264397621155e-03) (89, -6.85379862785339355469e-01) (90, 5.20670115947723388672e-01) (91, 3.54351133108139038086e-01) (92, -7.06629931926727294922e-01) (93, -3.21266204118728637695e-02) (94, 1.46987125277519226074e-01) (95, -1.40883886814117431641e+00) (96, 8.42469155788421630859e-01) (97, 9.94086787104606628418e-02) (98, -8.32968890666961669922e-01) (99, -1.35185182094573974609e-01) (100, -4.65777702629566192627e-02) (101, -6.71389326453208923340e-02) (102, -2.87089967727661132812e+00) (103, 5.93724155426025390625e+00) (104, 2.07587933540344238281e+00) (0, 4.78209762573242187500e+01) (1, -2.20102119445800781250e+01) (2, 6.54795646667480468750e-01) (3, 5.50591707229614257812e-01) (4, 3.66647213697433471680e-01) (5, -3.19068393707275390625e+01) (6, 1.43312501907348632812e+00) (7, 3.19644508361816406250e+01) (8, 1.08467280864715576172e+00) (9, 3.54550629854202270508e-01) (10, 7.00751066207885742188e-01) (11, 9.24592852592468261719e-01) (12, 5.28496384620666503906e-01) (13, 9.72948253154754638672e-01) (14, 9.07058000564575195312e-01) (15, 4.13791209459304809570e-01) (16, 5.27655959129333496094e-01) (17, 1.67182779312133789062e+00) (18, 4.17065471410751342773e-01) (19, 8.74257802963256835938e-01) (20, 8.95470976829528808594e-01) (21, 2.14053821563720703125e+00) (22, 2.12948155403137207031e+00) (23, 2.42805862426757812500e+00) (24, 2.21627116203308105469e-01) (25, 6.35420799255371093750e-01) (26, 6.73964977264404296875e-01) (27, 1.93159413337707519531e+00) (28, 5.71306824684143066406e-01) (29, -2.80510008335113525391e-01) (30, 1.23234570026397705078e-01) (31, 1.53540158271789550781e+00) (32, 4.64791774749755859375e-01) (33, 3.44382345676422119141e-01) (34, 1.83190095424652099609e+00) (35, 6.92914247512817382812e-01) (36, 1.60567307472229003906e+00) (37, 1.32980263233184814453e+00) (38, 3.82171720266342163086e-01) (39, 1.77758470177650451660e-01) (40, 1.47858011722564697266e+00) (41, 1.98791241645812988281e+00) (42, 9.54207658767700195312e-01) (43, 4.37010258436203002930e-01) (44, 7.58309960365295410156e-01) (45, 1.06005609035491943359e+00) (46, 6.17860496044158935547e-01) (47, 6.60663545131683349609e-01) (48, 2.78304249048233032227e-01) (49, -2.93794661760330200195e-01) (50, 5.82329869270324707031e-01) (51, 1.32552802562713623047e+00) (52, 1.92865848541259765625e+00) (53, 6.41349554061889648438e-01) (54, 1.24888849258422851562e+00) (55, 7.18222200870513916016e-01) (56, 6.73586666584014892578e-01) (57, 1.70629858970642089844e+00) (58, 7.21374899148941040039e-02) (59, 9.38449740409851074219e-01) (60, 3.20063114166259765625e-01) (61, 1.53659260272979736328e+00) (62, 1.86744821071624755859e+00) (63, -1.31304398179054260254e-01) (64, 1.91508960723876953125e+00) (65, 8.51246640086174011230e-02) (66, 9.34881448745727539062e-01) (67, 2.30448985099792480469e+00) (68, 1.04872751235961914062e+00) (69, 6.23645484447479248047e-01) (70, 4.53668236732482910156e-01) (71, 5.59597134590148925781e-01) (72, 6.39724373817443847656e-01) (73, 8.84853601455688476562e-01) (74, 1.51709854602813720703e+00) (75, 6.09607756137847900391e-01) (76, 1.87845021486282348633e-01) (77, 1.20523631572723388672e+00) (78, 9.39282417297363281250e-01) (79, -1.28753855824470520020e-01) (80, 2.99902349710464477539e-01) (81, -2.22871646285057067871e-01) (82, 8.77726256847381591797e-01) (83, 1.37962961196899414062e+00) (84, -2.72023886442184448242e-01) (85, 1.06065535545349121094e+00) (86, 5.96147119998931884766e-01) (87, 2.23834013938903808594e+00) (88, 3.39413806796073913574e-02) (89, 9.34724137187004089355e-03) (90, -2.78897911310195922852e-01) (91, -2.55024760961532592773e-01) (92, -1.30394464358687400818e-02) (93, 5.81901550292968750000e-01) (94, -1.61878943443298339844e-01) (95, -3.13669532537460327148e-01) (96, 2.44325447082519531250e+00) (97, 2.30981826782226562500e-01) (98, -4.89488077163696289062e+00) (99, -2.61165171861648559570e-01) (100, 3.84013563394546508789e-01) (101, 9.45665001869201660156e-01) (102, 2.54815363883972167969e+00) (103, -5.01820564270019531250e-01) (104, 3.21429461240768432617e-01) (0, 1.83551387786865234375e+01) (1, -2.19966831207275390625e+01) (2, 7.77057290077209472656e-01) (3, 3.67576122283935546875e-01) (4, 1.49217259883880615234e+00) (5, -2.52957592010498046875e+01) (6, 1.32914459705352783203e+00) (7, 2.90186386108398437500e+01) (8, 8.18013668060302734375e-01) (9, 1.56052052974700927734e+00) (10, 6.32251977920532226562e-01) (11, 1.07959723472595214844e+00) (12, 1.61677813529968261719e+00) (13, 1.03691422939300537109e+00) (14, -4.54019126892089843750e+01) (15, 1.57495748996734619141e+00) (16, 1.66467308998107910156e+00) (17, 1.77238512039184570312e+00) (18, 1.84184598922729492188e+00) (19, 1.91160178184509277344e+00) (20, 2.13065671920776367188e+00) (21, 2.24912142753601074219e+00) (22, 2.12608194351196289062e+00) (23, 2.37242126464843750000e+00) (24, 1.48835146427154541016e+00) (25, 1.83580088615417480469e+00) (26, 1.75646173954010009766e+00) (27, 1.81744134426116943359e+00) (28, 1.76480531692504882812e+00) (29, 3.68703216314315795898e-01) (30, 2.42373824119567871094e-01) (31, 1.55362808704376220703e+00) (32, 1.51917386054992675781e+00) (33, 1.68456411361694335938e+00) (34, 1.83880186080932617188e+00) (35, 9.70344066619873046875e-01) (36, 1.44094467163085937500e+00) (37, 5.20093023777008056641e-01) (38, 1.36974430084228515625e+00) (39, 9.60757493972778320312e-01) (40, 1.48667895793914794922e+00) (41, 1.97731971740722656250e+00) (42, 1.97338533401489257812e+00) (43, 9.79016065597534179688e-01) (44, 1.95276498794555664062e+00) (45, 2.11895751953125000000e+00) (46, 1.48077678680419921875e+00) (47, 6.43822073936462402344e-01) (48, 1.43016552925109863281e+00) (49, 8.06394755840301513672e-01) (50, 1.56720674037933349609e+00) (51, 1.31250154972076416016e+00) (52, 1.98956894874572753906e+00) (53, 1.69909179210662841797e+00) (54, 2.29258465766906738281e+00) (55, 1.53061127662658691406e+00) (56, 1.68804049491882324219e+00) (57, 1.70602130889892578125e+00) (58, 1.25206661224365234375e+00) (59, 9.92695450782775878906e-01) (60, 1.55077290534973144531e+00) (61, 1.48667442798614501953e+00) (62, 1.77642750740051269531e+00) (63, 9.36844110488891601562e-01) (64, 1.79635679721832275391e+00) (65, 1.14230823516845703125e+00) (66, 2.11919879913330078125e+00) (67, 2.10411405563354492188e+00) (68, 2.10723614692687988281e+00) (69, 1.93924009799957275391e+00) (70, 1.61028361320495605469e+00) (71, 1.73727810382843017578e+00) (72, 1.68398916721343994141e+00) (73, 2.07475543022155761719e+00) (74, 1.35857152938842773438e+00) (75, 1.78983151912689208984e+00) (76, 1.33035314083099365234e+00) (77, 1.37734878063201904297e+00) (78, 1.84567630290985107422e+00) (79, 1.11127066612243652344e+00) (80, 1.41466259956359863281e+00) (81, 9.70443367958068847656e-01) (82, 1.23227512836456298828e+00) (83, 1.38034689426422119141e+00) (84, 8.59056770801544189453e-01) (85, 1.20080614089965820312e+00) (86, 5.65864324569702148438e-01) (87, 2.16899752616882324219e+00) (88, 1.18469464778900146484e+00) (89, 1.09834492206573486328e+00) (90, 3.24420779943466186523e-01) (91, 4.00091260671615600586e-01) (92, 1.05636978149414062500e+00) (93, 6.34392619132995605469e-01) (94, 9.55992341041564941406e-01) (95, 1.05365455150604248047e-01) (96, 2.34770274162292480469e+00) (97, 1.41466403007507324219e+00) (98, -6.09749257564544677734e-01) (99, 2.63461381196975708008e-01) (100, 6.83720231056213378906e-01) (101, 1.88118970394134521484e+00) (102, 8.17027151584625244141e-01) (103, 1.24226784706115722656e+00) (104, 3.43927383422851562500e-01) (0, -1.27295551300048828125e+01) (1, -1.35771532058715820312e+01) (2, 5.10252833366394042969e-01) (3, 4.73893404006958007812e-01) (4, 4.49340462684631347656e-01) (5, 1.03306102752685546875e+00) (6, 4.54437918961048126221e-02) (7, 6.00299298763275146484e-01) (8, 6.98929786682128906250e-01) (9, 5.17916381359100341797e-01) (10, 1.04376327991485595703e+00) (11, 2.19147539138793945312e+00) (12, 5.33360302448272705078e-01) (13, 2.48968720436096191406e+00) (14, 1.15185236930847167969e+00) (15, 4.60770130157470703125e-01) (16, 3.80210906267166137695e-01) (17, -1.44862756133079528809e-01) (18, 4.50662970542907714844e-01) (19, 2.02003583312034606934e-01) (20, 2.38523501902818679810e-02) (21, 1.40378236770629882812e-01) (22, 5.32075226306915283203e-01) (23, 4.77827154099941253662e-02) (24, 5.39591729640960693359e-01) (25, 2.27317288517951965332e-01) (26, 1.65509924292564392090e-01) (27, 2.03263568878173828125e+00) (28, 4.05236899852752685547e-01) (29, -1.39680519700050354004e-01) (30, 1.20764851570129394531e+00) (31, -6.04009771347045898438e+00) (32, -1.32371813058853149414e-01) (33, -3.95496106147766113281e+00) (34, -1.16293907165527343750e+00) (35, -4.03910934925079345703e-01) (36, 1.99247851967811584473e-01) (37, -8.43663632869720458984e-01) (38, 2.76499599218368530273e-01) (39, 6.36836886405944824219e-02) (40, 1.45201059058308601379e-03) (41, -3.07770299911499023438e+00) (42, 1.66276764869689941406e+00) (43, -6.76836013793945312500e-01) (44, -1.23143643140792846680e-01) (45, 1.19342815876007080078e+00) (46, 3.36634707450866699219e+00) (47, -1.78383731842041015625e+00) (48, 1.64409697055816650391e-01) (49, -3.93430218100547790527e-02) (50, 2.21993303298950195312e+00) (51, 5.27091771364212036133e-02) (52, 7.14907467365264892578e-01) (53, 1.50353467464447021484e+00) (54, 1.31556415557861328125e+00) (55, -3.80823564529418945312e+00) (56, 1.76873636245727539062e+00) (57, -1.80394923686981201172e+00) (58, 6.00880265235900878906e-01) (59, 4.16712379455566406250e+00) (60, 1.88734471797943115234e+00) (61, 1.21570813655853271484e+00) (62, -8.19043457508087158203e-01) (63, 5.65017044544219970703e-01) (64, -2.61078524589538574219e+00) (65, 1.93279623985290527344e+00) (66, 1.16382375359535217285e-01) (67, 5.76723635196685791016e-01) (68, 4.29002618789672851562e+00) (69, -1.39116871356964111328e+00) (70, 1.64767467975616455078e+00) (71, 2.07937002182006835938e+00) (72, 8.17410409450531005859e-01) (73, -1.91459000110626220703e+00) (74, 6.08223855495452880859e-01) (75, 2.79131978750228881836e-01) (76, 1.91225075721740722656e+00) (77, 1.99160933494567871094e+00) (78, -2.46569418907165527344e+00) (79, -9.60671186447143554688e-01) (80, -2.93538117408752441406e+00) (81, 1.54204940795898437500e+00) (82, 2.09965157508850097656e+00) (83, -5.22233784198760986328e-01) (84, 2.61794853210449218750e+00) (85, 1.05857062339782714844e+00) (86, 2.24475479125976562500e+00) (87, 3.32032322883605957031e-01) (88, 5.67684507369995117188e+00) (89, 2.95597577095031738281e+00) (90, 1.31012821197509765625e+00) (91, 2.08793377876281738281e+00) (92, 1.22874760627746582031e+00) (93, 7.49729573726654052734e-02) (94, 5.84962189197540283203e-01) (95, 9.62192535400390625000e-01) (96, 1.53446817398071289062e+00) (97, -6.44022178649902343750e+00) (98, 2.18920731544494628906e+00) (99, -1.47761189937591552734e+00) (100, 5.63207268714904785156e-01) (101, -6.13472700119018554688e-01) (102, 1.73035457730293273926e-01) (103, 1.71543622016906738281e+00) (104, 2.18615341186523437500e+00) (0, 1.35475468635559082031e+00) (1, -3.97744059562683105469e-01) (2, 9.79847073554992675781e-01) (3, 8.18277955055236816406e-01) (4, 6.51204586029052734375e-01) (5, -7.25690901279449462891e-01) (6, -3.63035768270492553711e-01) (7, 1.15750598907470703125e+00) (8, -2.16210588812828063965e-01) (9, 2.27677524089813232422e-01) (10, -6.37188971042633056641e-01) (11, -3.38354349136352539062e-01) (12, -2.15055927634239196777e-01) (13, 1.22189629077911376953e+00) (14, -1.47277981042861938477e-01) (15, 4.20414693653583526611e-02) (16, 2.34789431095123291016e-01) (17, 2.03025102615356445312e-01) (18, 2.24449262022972106934e-01) (19, 2.53162831068038940430e-01) (20, 1.76043957471847534180e-02) (21, 8.29115331172943115234e-01) (22, 4.07408364117145538330e-02) (23, -2.99402058124542236328e-01) (24, 2.27444246411323547363e-01) (25, 3.59133094549179077148e-01) (26, -6.24644935131072998047e-01) (27, -5.55030286312103271484e-01) (28, 3.51641148328781127930e-01) (29, 6.60548925399780273438e-01) (30, 9.30537641048431396484e-01) (31, -7.07922279834747314453e-01) (32, -2.20255360007286071777e-01) (33, -1.23961925506591796875e-01) (34, -1.55265137553215026855e-01) (35, -1.17523407936096191406e+00) (36, -4.41086649894714355469e-01) (37, 7.29401469230651855469e-01) (38, -4.76515293121337890625e-01) (39, -8.12716126441955566406e-01) (40, -7.45284020900726318359e-01) (41, 4.06723916530609130859e-01) (42, -6.59345567226409912109e-01) (43, 1.49230945110321044922e+00) (44, 1.78979933261871337891e+00) (45, 1.08207225799560546875e+00) (46, -2.61699426919221878052e-02) (47, -4.04014021158218383789e-01) (48, 1.67800541967153549194e-02) (49, -8.93558323383331298828e-01) (50, 4.42624658346176147461e-01) (51, 1.29007053375244140625e+00) (52, 7.37516045570373535156e-01) (53, -5.81344306468963623047e-01) (54, 1.39227998256683349609e+00) (55, -2.92675197124481201172e-01) (56, 4.95668888092041015625e-01) (57, 9.72624540328979492188e-01) (58, 7.50363588333129882812e-01) (59, -5.08849322795867919922e-02) (60, -6.96109473705291748047e-01) (61, 5.62177240848541259766e-01) (62, 6.66644513607025146484e-01) (63, -8.24940562248229980469e-01) (64, -3.99599790573120117188e-01) (65, -7.04350233078002929688e-01) (66, -1.69409906864166259766e+00) (67, -6.98159337043762207031e-01) (68, -6.94558262825012207031e-01) (69, -8.91783058643341064453e-01) (70, 6.90785288810729980469e-01) (71, -5.15256345272064208984e-01) (72, -6.65897071361541748047e-01) (73, -1.97237634658813476562e+00) (74, 8.20078909397125244141e-01) (75, 4.28238399326801300049e-02) (76, 6.48624479770660400391e-01) (77, -6.80007040500640869141e-01) (78, 6.86816453933715820312e-01) (79, -5.19290387630462646484e-01) (80, 6.74959838390350341797e-01) (81, -5.90675771236419677734e-01) (82, -5.54578900337219238281e-01) (83, -3.79269242286682128906e-01) (84, 1.72295773029327392578e+00) (85, -6.47274434566497802734e-01) (86, -8.72704327106475830078e-01) (87, 3.99534776806831359863e-02) (88, -3.62365305423736572266e-01) (89, 8.33603590726852416992e-02) (90, 7.25581467151641845703e-01) (91, -5.30400693416595458984e-01) (92, -3.17500859498977661133e-01) (93, 5.21760821342468261719e-01) (94, -6.59398376941680908203e-01) (95, 8.29573869705200195312e-01) (96, -5.92040479183197021484e-01) (97, 1.77793260663747787476e-02) (98, 4.17045325040817260742e-01) (99, 9.95113968849182128906e-01) (100, -8.06179761886596679688e-01) (101, 8.20846319198608398438e-01) (102, 7.60682702064514160156e-01) (103, 1.14449059963226318359e+00) (104, 2.59560942649841308594e+00) (0, 3.33986520767211914062e+00) (1, -2.57518410682678222656e+00) (2, 1.38235282897949218750e+00) (3, 5.73634244501590728760e-02) (4, -1.04649364948272705078e-01) (5, 2.83797407150268554688e+00) (6, -2.01513007283210754395e-01) (7, 1.43185496330261230469e+00) (8, -1.86741328239440917969e+00) (9, 2.47815594077110290527e-01) (10, -2.61341243982315063477e-01) (11, 1.59006059169769287109e-01) (12, -6.31826579570770263672e-01) (13, -5.32766520977020263672e-01) (14, -5.87403714656829833984e-01) (15, -8.00920128822326660156e-01) (16, -5.64758598804473876953e-01) (17, 6.75766170024871826172e-01) (18, -2.38904535770416259766e-01) (19, 1.24860203266143798828e+00) (20, 4.96824502944946289062e+00) (21, -8.21254193782806396484e-01) (22, 2.76183247566223144531e-01) (23, -7.85274744033813476562e-01) (24, -1.53275537490844726562e+00) (25, -5.73298990726470947266e-01) (26, -5.01046597957611083984e-01) (27, -9.26998257637023925781e-01) (28, -7.20823347568511962891e-01) (29, -7.50095844268798828125e-01) (30, -1.82546520233154296875e+00) (31, 6.12508594989776611328e-01) (32, -4.82873439788818359375e-01) (33, 7.54374921321868896484e-01) (34, -6.12153947353363037109e-01) (35, 5.88813543319702148438e-01) (36, 1.67147457599639892578e-01) (37, 4.40022319555282592773e-01) (38, 1.62151500582695007324e-01) (39, 8.77560853958129882812e-01) (40, 4.79846782982349395752e-02) (41, 5.16573965549468994141e-01) (42, -6.34190201759338378906e-01) (43, 2.46815264225006103516e-01) (44, -5.50784289836883544922e-01) (45, 1.30142164230346679688e+00) (46, -6.32331788539886474609e-01) (47, 3.27636420726776123047e-01) (48, -1.70390260219573974609e+00) (49, 5.15823885798454284668e-02) (50, 4.08862650394439697266e-01) (51, 5.00216662883758544922e-01) (52, -6.53507292270660400391e-01) (53, 4.98929172754287719727e-02) (54, -7.74455308914184570312e-01) (55, 1.88364446163177490234e+00) (56, 2.23746681213378906250e+00) (57, -3.21141928434371948242e-01) (58, -7.61790096759796142578e-01) (59, 2.07939296960830688477e-01) (60, 4.66933697462081909180e-01) (61, -6.56285345554351806641e-01) (62, -1.93529441952705383301e-01) (63, 8.45353782176971435547e-01) (64, -1.71402275562286376953e+00) (65, 4.80406671762466430664e-01) (66, -1.01286411285400390625e+00) (67, -1.08819484710693359375e+00) (68, 1.97097174823284149170e-02) (69, -6.32955849170684814453e-01) (70, 3.57157558202743530273e-01) (71, -1.56402915716171264648e-01) (72, 1.96568286418914794922e+00) (73, 1.06713056564331054688e+00) (74, 1.25350987911224365234e+00) (75, -1.91453292965888977051e-01) (76, 1.82631087303161621094e+00) (77, -5.76936304569244384766e-01) (78, -2.23458170890808105469e-01) (79, 3.09015274047851562500e-01) (80, 4.39962387084960937500e-01) (81, 4.29626852273941040039e-01) (82, -6.42370402812957763672e-01) (83, 5.38454174995422363281e-01) (84, 3.19510042667388916016e-01) (85, 9.78430747985839843750e-01) (86, -5.44396400451660156250e-01) (87, -4.92159008979797363281e-01) (88, 2.00259611010551452637e-01) (89, 3.57065498828887939453e-01) (90, -7.75225877761840820312e-01) (91, -5.52322864532470703125e-01) (92, -2.21604481339454650879e-02) (93, 1.31877374649047851562e+00) (94, -7.17643976211547851562e-01) (95, -2.01170638203620910645e-01) (96, -8.14062118530273437500e-01) (97, -4.94307130575180053711e-01) (98, 1.06271588802337646484e+00) (99, -4.84798967838287353516e-01) (100, 6.43774121999740600586e-02) (101, -9.42295074462890625000e-01) (102, 3.06790381669998168945e-01) (103, 2.01724004745483398438e+00) (104, 1.36274540424346923828e+00) (0, 1.52798104286193847656e+00) (1, 3.86373668909072875977e-01) (2, -1.54117897152900695801e-01) (3, 5.46189695596694946289e-02) (4, 2.48369503021240234375e+00) (5, 2.62170529365539550781e+00) (6, -7.41679012775421142578e-01) (7, -1.47627496719360351562e+00) (8, 9.54778909683227539062e-01) (9, -6.68316721916198730469e-01) (10, 5.71146547794342041016e-01) (11, -7.78303384780883789062e-01) (12, -7.27929055690765380859e-01) (13, 1.36904075741767883301e-01) (14, 1.58224746584892272949e-01) (15, -6.39140844345092773438e-01) (16, 4.16071748733520507812e+00) (17, -5.87258160114288330078e-01) (18, -4.78160440921783447266e-01) (19, -6.33984565734863281250e-01) (20, 3.39470326900482177734e-01) (21, 6.66958242654800415039e-02) (22, 9.10210251808166503906e-01) (23, -1.44306942820549011230e-01) (24, 1.44293236732482910156e+00) (25, -1.41775679588317871094e+00) (26, -3.48823703825473785400e-02) (27, -5.35100042819976806641e-01) (28, -1.50750562548637390137e-01) (29, 2.42874160408973693848e-01) (30, 6.42626225948333740234e-01) (31, 2.78911858797073364258e-01) (32, -4.71487939357757568359e-01) (33, 9.04063656926155090332e-02) (34, -2.10017859935760498047e-01) (35, 1.50327181816101074219e+00) (36, 8.95726144313812255859e-01) (37, 4.60713595151901245117e-01) (38, -5.85876405239105224609e-01) (39, -5.13096690177917480469e-01) (40, -7.89672970771789550781e-01) (41, 8.69743704795837402344e-01) (42, -7.54261672496795654297e-01) (43, -4.93975639343261718750e-01) (44, -3.10827344655990600586e-01) (45, 1.11969649791717529297e+00) (46, 2.55024933815002441406e+00) (47, 1.58949673175811767578e+00) (48, -1.08264613151550292969e+00) (49, 7.80729413032531738281e-01) (50, -5.86234271526336669922e-01) (51, -4.51263934373855590820e-02) (52, -4.76600885391235351562e-01) (53, 1.16441667079925537109e+00) (54, -4.84506338834762573242e-01) (55, 8.91827881336212158203e-01) (56, -6.82919323444366455078e-01) (57, -7.77196288108825683594e-01) (58, -4.26494061946868896484e-01) (59, -1.17336654663085937500e+00) (60, -4.57035839557647705078e-01) (61, 1.29811084270477294922e+00) (62, -4.91345912218093872070e-01) (63, -5.06341308355331420898e-02) (64, 1.16605532169342041016e+00) (65, -2.40583196282386779785e-02) (66, 1.13004401326179504395e-01) (67, -4.14598703384399414062e-01) (68, -1.16790294647216796875e-01) (69, -2.89455085992813110352e-01) (70, 1.28191959857940673828e+00) (71, 5.17773211002349853516e-01) (72, -1.75888806581497192383e-01) (73, 1.10296082496643066406e+00) (74, -7.55600273609161376953e-01) (75, 1.34017217159271240234e+00) (76, -1.13250935077667236328e+00) (77, -4.56299960613250732422e-01) (78, 1.12916624546051025391e+00) (79, 4.12397235631942749023e-01) (80, 1.74487173557281494141e+00) (81, -1.35772418975830078125e+00) (82, -4.97318565845489501953e-01) (83, -1.41100752353668212891e+00) (84, -5.25993466377258300781e-01) (85, -3.11614245176315307617e-01) (86, -4.81485962867736816406e-01) (87, -6.35717511177062988281e-01) (88, 1.52407979965209960938e+00) (89, -7.85423696041107177734e-01) (90, 7.36534833908081054688e-01) (91, 1.55734062194824218750e+00) (92, -1.97152063250541687012e-01) (93, -1.13290131092071533203e+00) (94, -3.56481105089187622070e-01) (95, 8.76763284206390380859e-01) (96, -8.09915065765380859375e-01) (97, 8.16454708576202392578e-01) (98, -3.89809042215347290039e-01) (99, 1.25913453102111816406e+00) (100, -5.63514947891235351562e-01) (101, -3.80731344223022460938e-01) (102, -1.68497490882873535156e+00) (103, 4.01064300537109375000e+00) (104, 2.28783869743347167969e+00) (0, -1.15604705810546875000e+01) (1, -9.26360702514648437500e+00) (2, -4.05817896127700805664e-01) (3, 1.26452088356018066406e+00) (4, 4.80520427227020263672e-01) (5, 7.44990780949592590332e-02) (6, -2.69814997911453247070e-01) (7, -1.84821978211402893066e-01) (8, -4.54971742630004882812e+00) (9, -2.49902307987213134766e-01) (10, 5.76549947261810302734e-01) (11, -4.56588745117187500000e-01) (12, -3.68863224983215332031e-01) (13, -7.05518305301666259766e-01) (14, 1.36391866207122802734e+00) (15, 4.81392979621887207031e-01) (16, 5.58323335647583007812e+00) (17, 1.79783904552459716797e+00) (18, -8.62496614456176757812e-01) (19, -2.27770566940307617188e-01) (20, -4.08894956111907958984e-01) (21, 1.20094728469848632812e+00) (22, -2.03090116381645202637e-01) (23, 7.18399715423583984375e+00) (24, 1.58272659778594970703e+00) (25, 8.95576357841491699219e-01) (26, 2.10031414031982421875e+00) (27, 2.23058009147644042969e+00) (28, 1.85461223125457763672e+00) (29, -1.26734580993652343750e+01) (30, 1.98879981040954589844e+00) (31, 1.75260436534881591797e+00) (32, 1.71964332461357116699e-01) (33, 4.09066498279571533203e-01) (34, -1.78206634521484375000e+00) (35, -6.91272079944610595703e-01) (36, 3.00821447372436523438e+00) (37, -1.20355971157550811768e-01) (38, 2.64979014173150062561e-03) (39, -5.73893427848815917969e-01) (40, 1.50080406665802001953e+00) (41, 5.08429908752441406250e+00) (42, -5.62844201922416687012e-02) (43, 9.39467728137969970703e-01) (44, 8.32067549228668212891e-01) (45, -3.72552824020385742188e+00) (46, 8.37542116641998291016e-01) (47, -2.20581245422363281250e+00) (48, 1.06281185150146484375e+00) (49, -8.21033596992492675781e-01) (50, -5.87626844644546508789e-02) (51, 1.93913710117340087891e+00) (52, 3.01619529724121093750e+00) (53, 1.39760386943817138672e+00) (54, -2.82272291183471679688e+00) (55, -6.45854568481445312500e+00) (56, 2.12171363830566406250e+00) (57, 2.52794218063354492188e+00) (58, 1.06556594371795654297e+00) (59, -1.10307085514068603516e+00) (60, -9.35089230537414550781e-01) (61, -2.81278640031814575195e-01) (62, 1.83671891689300537109e-01) (63, -1.43199160695075988770e-01) (64, 4.83356893062591552734e-01) (65, -3.56968909502029418945e-01) (66, -1.70388555526733398438e+00) (67, 2.53650415688753128052e-02) (68, 1.53731298446655273438e+00) (69, 5.97844779491424560547e-01) (70, -3.62843096256256103516e-01) (71, -1.68843221664428710938e+00) (72, 2.62696862220764160156e+00) (73, 2.01633524894714355469e+00) (74, 5.61149060726165771484e-01) (75, 2.09738349914550781250e+00) (76, 5.45562839508056640625e+00) (77, -1.91909689456224441528e-02) (78, -4.46560531854629516602e-01) (79, -2.42903828620910644531e+00) (80, -1.63372606039047241211e-01) (81, 8.43153357505798339844e-01) (82, 2.28231310844421386719e+00) (83, 5.88591575622558593750e-01) (84, 9.45282578468322753906e-01) (85, 6.17437958717346191406e-01) (86, 1.03080973029136657715e-01) (87, 5.58868169784545898438e-01) (88, 2.74418210983276367188e+00) (89, 3.52314138412475585938e+00) (90, 1.72151792049407958984e+00) (91, 2.14681935310363769531e+00) (92, -1.28837573528289794922e+00) (93, 1.24982130527496337891e+00) (94, 6.40338838100433349609e-01) (95, 1.78395652770996093750e+00) (96, -3.92885774374008178711e-01) (97, -5.77414751052856445312e-01) (98, 2.03146189451217651367e-01) (99, -6.67590796947479248047e-01) (100, 7.85449862480163574219e-01) (101, -1.10861945152282714844e+00) (102, -2.05768197774887084961e-02) (103, 1.98639225959777832031e+00) (104, 2.17455863952636718750e+00) (0, 1.82508964538574218750e+01) (1, -2.18433303833007812500e+01) (2, 7.17736423015594482422e-01) (3, 3.27616810798645019531e-01) (4, 1.55548596382141113281e+00) (5, -2.52389163970947265625e+01) (6, 1.43186581134796142578e+00) (7, 2.88385982513427734375e+01) (8, 7.11457669734954833984e-01) (9, 1.65201079845428466797e+00) (10, 7.06710398197174072266e-01) (11, 1.05344069004058837891e+00) (12, 1.58184206485748291016e+00) (13, 8.65921914577484130859e-01) (14, -4.49406242370605468750e+01) (15, 1.49564421176910400391e+00) (16, 1.64742314815521240234e+00) (17, 1.85385680198669433594e+00) (18, 1.75232863426208496094e+00) (19, 1.94319367408752441406e+00) (20, 2.09395885467529296875e+00) (21, 2.26836395263671875000e+00) (22, 2.13519382476806640625e+00) (23, 2.51263499259948730469e+00) (24, 1.50665402412414550781e+00) (25, 1.84784758090972900391e+00) (26, 1.83745908737182617188e+00) (27, 1.80679130554199218750e+00) (28, 1.76994884014129638672e+00) (29, 4.19433027505874633789e-01) (30, 3.76717716455459594727e-01) (31, 1.63554036617279052734e+00) (32, 1.55180191993713378906e+00) (33, 1.66342198848724365234e+00) (34, 1.85296058654785156250e+00) (35, 9.28170979022979736328e-01) (36, 1.56009304523468017578e+00) (37, 2.15003997087478637695e-01) (38, 1.46595656871795654297e+00) (39, 9.63442683219909667969e-01) (40, 1.50673305988311767578e+00) (41, 1.82594656944274902344e+00) (42, 2.01841306686401367188e+00) (43, 9.80495333671569824219e-01) (44, 1.88828039169311523438e+00) (45, 2.10365080833435058594e+00) (46, 1.42044091224670410156e+00) (47, 6.03217601776123046875e-01) (48, 1.45468294620513916016e+00) (49, 8.62882256507873535156e-01) (50, 1.70235955715179443359e+00) (51, 1.35511863231658935547e+00) (52, 1.34689021110534667969e+00) (53, 1.62832832336425781250e+00) (54, 2.38694024085998535156e+00) (55, 1.56280636787414550781e+00) (56, 1.75733447074890136719e+00) (57, 1.73003327846527099609e+00) (58, 1.22136878967285156250e+00) (59, 9.98530983924865722656e-01) (60, 1.37050008773803710938e+00) (61, 1.53443694114685058594e+00) (62, 1.77536571025848388672e+00) (63, 8.91947209835052490234e-01) (64, 1.79622852802276611328e+00) (65, 1.18482017517089843750e+00) (66, 2.14437007904052734375e+00) (67, 2.15400266647338867188e+00) (68, 2.18478345870971679688e+00) (69, 2.00630140304565429688e+00) (70, 1.67586326599121093750e+00) (71, 1.70786416530609130859e+00) (72, 1.75559437274932861328e+00) (73, 1.94392704963684082031e+00) (74, 1.36138689517974853516e+00) (75, 1.67605113983154296875e+00) (76, 1.38513815402984619141e+00) (77, 8.92960846424102783203e-01) (78, 1.86951363086700439453e+00) (79, 1.12410342693328857422e+00) (80, 1.36329638957977294922e+00) (81, 9.01715934276580810547e-01) (82, 1.10174167156219482422e+00) (83, 1.29142618179321289062e+00) (84, 8.86684775352478027344e-01) (85, 1.06173527240753173828e+00) (86, 4.68200087547302246094e-01) (87, 1.68722224235534667969e+00) (88, 1.11970412731170654297e+00) (89, 6.55993282794952392578e-01) (90, 4.61817920207977294922e-01) (91, 3.55036050081253051758e-01) (92, 7.46933817863464355469e-01) (93, 6.13569378852844238281e-01) (94, 9.28897976875305175781e-01) (95, 2.94852517545223236084e-02) (96, 2.40557694435119628906e+00) (97, 1.29017627239227294922e+00) (98, -7.27143704891204833984e-01) (99, 2.89540231227874755859e-01) (100, 6.70883953571319580078e-01) (101, 1.75815200805664062500e+00) (102, 9.10205543041229248047e-01) (103, 1.13561439514160156250e+00) (104, 2.74706482887268066406e-01) (0, 1.62915122509002685547e+00) (1, -4.09256726503372192383e-01) (2, -1.69451549649238586426e-01) (3, -7.03454732894897460938e-01) (4, -1.84060439467430114746e-01) (5, -4.71441477537155151367e-01) (6, 2.80012917518615722656e+00) (7, 5.91582536697387695312e-01) (8, -4.46292370557785034180e-01) (9, -2.77519941329956054688e-01) (10, 1.14138317108154296875e+00) (11, 1.20178055763244628906e+00) (12, 2.32435330748558044434e-01) (13, -3.11360478401184082031e+00) (14, 1.49075520038604736328e+00) (15, -6.04171827435493469238e-02) (16, 2.67766445875167846680e-01) (17, 1.18940222263336181641e+00) (18, -5.39678752422332763672e-01) (19, -3.05593788623809814453e-01) (20, -3.97525817155838012695e-01) (21, -1.85681819915771484375e-01) (22, -8.89733970165252685547e-01) (23, 1.44160851836204528809e-01) (24, -1.25787353515625000000e+00) (25, -3.76197576522827148438e-01) (26, -3.45189720392227172852e-01) (27, 9.80873584747314453125e-01) (28, -2.68443644046783447266e-01) (29, -5.67344307899475097656e-01) (30, -5.34102201461791992188e-01) (31, -1.26237228512763977051e-01) (32, 2.66254339367151260376e-02) (33, 1.83089852333068847656e-01) (34, -6.05424880981445312500e-01) (35, 7.06747025251388549805e-02) (36, 6.43337965011596679688e-01) (37, -2.32882991433143615723e-01) (38, 1.57316648960113525391e+00) (39, -4.17530387639999389648e-01) (40, -5.36460757255554199219e-01) (41, 3.39526891708374023438e+00) (42, 1.50145220756530761719e+00) (43, 8.09722393751144409180e-02) (44, -6.43508851528167724609e-01) (45, -6.68072879314422607422e-01) (46, -5.76606869697570800781e-01) (47, 4.45962160825729370117e-01) (48, -8.72948467731475830078e-01) (49, -9.45387244224548339844e-01) (50, -6.08534574508666992188e-01) (51, -6.12358868122100830078e-01) (52, 7.19784200191497802734e-01) (53, 2.48122000694274902344e+00) (54, 1.47863113880157470703e+00) (55, 1.50703656673431396484e+00) (56, -3.68545621633529663086e-01) (57, -8.81454706192016601562e-01) (58, -1.00282108783721923828e+00) (59, -3.80241125822067260742e-01) (60, 1.10075521469116210938e+00) (61, -7.51142323017120361328e-01) (62, -4.69475001096725463867e-01) (63, 1.40952810645103454590e-01) (64, -2.81161338090896606445e-01) (65, -3.47537457942962646484e-01) (66, 2.67279535531997680664e-01) (67, -1.19983708858489990234e+00) (68, -9.23280060291290283203e-01) (69, -7.23604857921600341797e-01) (70, -3.78409653902053833008e-01) (71, -3.84422153234481811523e-01) (72, 1.98430150747299194336e-01) (73, 1.54711973667144775391e+00) (74, 5.05220703780651092529e-02) (75, -6.09536051750183105469e-01) (76, -3.39542061090469360352e-01) (77, -6.22555792331695556641e-01) (78, -1.56811738014221191406e+00) (79, -8.35491776466369628906e-01) (80, -2.54795700311660766602e-01) (81, 9.68069285154342651367e-02) (82, -8.97786259651184082031e-01) (83, 1.11758124828338623047e+00) (84, -1.11609077453613281250e+00) (85, -9.96315956115722656250e-01) (86, -5.20099103450775146484e-01) (87, 9.60137024521827697754e-02) (88, 4.66415882110595703125e-01) (89, -6.41985297203063964844e-01) (90, -2.29562774300575256348e-01) (91, 2.26695108413696289062e+00) (92, -1.34632706642150878906e-01) (93, 9.98334646224975585938e-01) (94, -4.15971696376800537109e-01) (95, 5.45016884803771972656e-01) (96, 1.91914051771163940430e-01) (97, 3.52204114198684692383e-01) (98, -6.29479229450225830078e-01) (99, 1.28889656066894531250e+00) (100, -2.86817252635955810547e-01) (101, -3.86756926774978637695e-01) (102, 2.00969114899635314941e-01) (103, 1.77073502540588378906e+00) (104, 2.30341625213623046875e+00) (0, -1.02752888202667236328e+00) (1, -1.74713596701622009277e-01) (2, -4.90449219942092895508e-01) (3, 4.49580335617065429688e+00) (4, -1.57623183727264404297e+00) (5, -3.05387759208679199219e+00) (6, 1.29086649417877197266e+00) (7, -2.41663289070129394531e+00) (8, -3.72172415256500244141e-01) (9, -6.57935380935668945312e-01) (10, 2.90022468566894531250e+00) (11, -4.08183395862579345703e-01) (12, -5.91662347316741943359e-01) (13, 1.03959012031555175781e+00) (14, -2.12811619043350219727e-01) (15, -2.82572245597839355469e+00) (16, 3.35606789588928222656e+00) (17, 1.48377764225006103516e+00) (18, -3.15240621566772460938e-01) (19, -4.66038333252072334290e-03) (20, 6.65683460235595703125e+00) (21, 4.00038528442382812500e+00) (22, -4.38100576400756835938e+00) (23, -1.85938704013824462891e+00) (24, -1.78426921367645263672e+00) (25, -6.80662155151367187500e-01) (26, 5.41355895996093750000e+00) (27, -1.00289687514305114746e-01) (28, -2.63102531433105468750e+00) (29, 3.89682602882385253906e+00) (30, -3.23523211479187011719e+00) (31, 2.14469504356384277344e+00) (32, 1.65634715557098388672e+00) (33, -2.11416020989418029785e-01) (34, -1.32582664489746093750e+00) (35, 1.86243486404418945312e+00) (36, 3.37083846330642700195e-01) (37, 3.90686243772506713867e-02) (38, 2.36803007125854492188e+00) (39, 6.54886066913604736328e-01) (40, -4.79735553264617919922e-01) (41, -1.62800323963165283203e+00) (42, 1.11979639530181884766e+00) (43, -3.20832681655883789062e+00) (44, 8.71700823307037353516e-01) (45, -1.42197299003601074219e+00) (46, -3.70287656784057617188e+00) (47, -2.05770540237426757812e+00) (48, 2.97665651887655258179e-02) (49, 1.33176171779632568359e+00) (50, 1.66542112827301025391e-01) (51, -2.84085845947265625000e+00) (52, 5.31137764453887939453e-01) (53, 1.24086999893188476562e+00) (54, -1.33106791973114013672e+00) (55, -4.22939717769622802734e-01) (56, -4.60595004260540008545e-02) (57, -1.19739174842834472656e-01) (58, -1.75725376605987548828e+00) (59, 1.12585651874542236328e+00) (60, 1.44920444488525390625e+00) (61, 6.13171935081481933594e-01) (62, -6.30957007408142089844e-01) (63, 3.19228857755661010742e-01) (64, 6.86107933521270751953e-01) (65, -2.81757682561874389648e-01) (66, -1.89826618880033493042e-02) (67, 2.61488461494445800781e+00) (68, -4.26043868064880371094e-02) (69, 1.03538846969604492188e+00) (70, -8.07180404663085937500e-01) (71, -1.23109355568885803223e-01) (72, -1.06862926483154296875e+00) (73, 7.41364419460296630859e-01) (74, 9.64694619178771972656e-01) (75, 4.96410608291625976562e-01) (76, -5.43861448764801025391e-01) (77, 1.00018596649169921875e+00) (78, 1.79684185981750488281e+00) (79, 1.83891415596008300781e+00) (80, 5.34896254539489746094e-01) (81, 1.56318783760070800781e+00) (82, -6.38643503189086914062e-01) (83, -4.46741759777069091797e-01) (84, -1.10709285736083984375e+00) (85, 7.58557617664337158203e-02) (86, -5.97094297409057617188e-01) (87, -6.86894655227661132812e-01) (88, -6.09897553920745849609e-01) (89, 5.83490788936614990234e-01) (90, -6.98379337787628173828e-01) (91, 7.48576045036315917969e-01) (92, -5.11151015758514404297e-01) (93, 2.65173524618148803711e-01) (94, -6.09421491622924804688e-01) (95, -7.75021255016326904297e-01) (96, 9.11103844642639160156e-01) (97, 5.07246434688568115234e-01) (98, -6.75577223300933837891e-01) (99, -7.98284888267517089844e-01) (100, -6.53745532035827636719e-01) (101, 6.45229756832122802734e-01) (102, 3.60713195800781250000e+00) (103, -7.63675093650817871094e-01) (104, 2.36007380485534667969e+00) (0, 2.43663978576660156250e+00) (1, 1.12862694263458251953e+00) (2, -1.51814460754394531250e-01) (3, 1.39116990566253662109e+00) (4, -7.54835903644561767578e-01) (5, -6.33577257394790649414e-02) (6, 8.68272408843040466309e-03) (7, 7.26174637675285339355e-02) (8, 9.74701344966888427734e-01) (9, 1.13871023058891296387e-02) (10, 7.60962545871734619141e-01) (11, -2.63628244400024414062e-01) (12, -1.75229355692863464355e-01) (13, 5.92877149581909179688e-01) (14, -3.22595715522766113281e-01) (15, -7.66190111637115478516e-01) (16, 6.39835476875305175781e-01) (17, 1.00183033943176269531e+00) (18, 9.09204259514808654785e-02) (19, 1.69562245719134807587e-03) (20, 3.80621820688247680664e-01) (21, -2.17055931687355041504e-01) (22, 6.88368856906890869141e-01) (23, 3.90867918729782104492e-01) (24, 1.74736559391021728516e-01) (25, 3.98312360048294067383e-01) (26, -3.90977472066879272461e-01) (27, -6.50842487812042236328e-01) (28, -5.24702370166778564453e-01) (29, -1.00690460205078125000e+00) (30, -1.02844929695129394531e+00) (31, 4.80529181659221649170e-02) (32, -4.86365914344787597656e-01) (33, -1.11505500972270965576e-01) (34, 9.41556930541992187500e-01) (35, 1.13652682304382324219e+00) (36, -5.01284003257751464844e-01) (37, 1.29790627956390380859e+00) (38, -1.27845317125320434570e-01) (39, -1.80676989257335662842e-02) (40, -3.93266290426254272461e-01) (41, -3.36018472909927368164e-01) (42, -7.18208312988281250000e-01) (43, 1.56942084431648254395e-01) (44, 3.11112433671951293945e-01) (45, 2.20963358879089355469e-01) (46, 9.40690994262695312500e-01) (47, -2.92921185493469238281e-01) (48, -7.51905441284179687500e-01) (49, 2.45166450738906860352e-01) (50, -3.45885246992111206055e-01) (51, -3.51051598787307739258e-01) (52, -1.00205230712890625000e+00) (53, -1.24238785356283187866e-02) (54, -3.16168993711471557617e-01) (55, 4.71276223659515380859e-01) (56, -2.86031693220138549805e-01) (57, -1.05752980709075927734e+00) (58, 3.04964572191238403320e-01) (59, -7.32690468430519104004e-02) (60, -8.03828835487365722656e-01) (61, 1.38752472400665283203e+00) (62, -4.28806483745574951172e-01) (63, -6.51500761508941650391e-01) (64, 9.18329432606697082520e-02) (65, -7.94134855270385742188e-01) (66, 5.64556181430816650391e-01) (67, -7.47120440006256103516e-01) (68, -4.67911571264266967773e-01) (69, -5.39393782615661621094e-01) (70, -1.29890246316790580750e-02) (71, -1.66467204689979553223e-01) (72, -5.99493920803070068359e-01) (73, 2.19875752925872802734e-01) (74, 9.38979268074035644531e-01) (75, 7.28538453578948974609e-01) (76, 2.23068165779113769531e+00) (77, -8.15660774707794189453e-01) (78, 3.61477941274642944336e-01) (79, 1.93012952804565429688e+00) (80, -3.41436177492141723633e-01) (81, 3.11385035514831542969e-01) (82, 6.91627383232116699219e-01) (83, -3.02657395601272583008e-01) (84, -4.02435749769210815430e-01) (85, -2.43085071444511413574e-01) (86, -6.79816484451293945312e-01) (87, -5.60582399368286132812e-01) (88, -6.34471714496612548828e-01) (89, -7.44296848773956298828e-01) (90, -9.21451508998870849609e-01) (91, -1.23923850059509277344e+00) (92, 1.24281585216522216797e+00) (93, 2.85780668258666992188e-01) (94, -8.34342062473297119141e-01) (95, 4.14965122938156127930e-01) (96, -6.06122374534606933594e-01) (97, 6.51778757572174072266e-01) (98, 6.24233365058898925781e-01) (99, -6.85060322284698486328e-01) (100, -6.73747599124908447266e-01) (101, -2.63996899127960205078e-01) (102, 7.86921143531799316406e-01) (103, 1.33817422389984130859e+00) (104, 2.65273928642272949219e+00) (0, -1.26793031692504882812e+01) (1, -1.56235694885253906250e+01) (2, 7.99322277307510375977e-02) (3, 1.14319793879985809326e-01) (4, 9.91803780198097229004e-02) (5, -1.80759525299072265625e+01) (6, 8.79307329654693603516e-01) (7, 9.96507227420806884766e-01) (8, 2.04816174507141113281e+00) (9, 9.30676236748695373535e-02) (10, 8.74165713787078857422e-01) (11, 8.09911668300628662109e-01) (12, 5.93663975596427917480e-02) (13, 1.31390047073364257812e+00) (14, -1.12733945846557617188e+01) (15, 7.16678798198699951172e-01) (16, 7.20066249370574951172e-01) (17, 5.29928207397460937500e-01) (18, 6.33191287517547607422e-01) (19, 5.71223676204681396484e-01) (20, 3.15587580204010009766e-01) (21, 4.02910262346267700195e-01) (22, 1.59154748916625976562e+00) (23, 1.90629100799560546875e+00) (24, 1.22834956645965576172e+00) (25, 7.60577738285064697266e-01) (26, 2.13176965713500976562e+00) (27, 1.91434347629547119141e+00) (28, 1.99009799957275390625e+00) (29, -1.79069489240646362305e-02) (30, 8.57561886310577392578e-01) (31, 5.90326488018035888672e-01) (32, 7.73475289344787597656e-01) (33, 6.52999162673950195312e-01) (34, 1.88075792789459228516e+00) (35, 3.75786453485488891602e-01) (36, 6.70148551464080810547e-01) (37, -1.24470162391662597656e+00) (38, 7.54769265651702880859e-01) (39, 4.74537074565887451172e-01) (40, 1.77638396620750427246e-01) (41, 5.98549127578735351562e-01) (42, 4.33157801628112792969e-01) (43, -1.40495312213897705078e+00) (44, 1.03889489173889160156e+00) (45, 5.52807211875915527344e-01) (46, 9.08615171909332275391e-01) (47, -1.53974366188049316406e+00) (48, 8.27105164527893066406e-01) (49, 1.38583406805992126465e-01) (50, 3.48964631557464599609e-01) (51, -1.15297996997833251953e+00) (52, -3.06835353374481201172e-01) (53, 3.63173991441726684570e-01) (54, 1.78618216514587402344e+00) (55, 1.28573215007781982422e+00) (56, 1.08827090263366699219e+00) (57, 6.93609058856964111328e-01) (58, 1.27582418918609619141e+00) (59, 2.13032573461532592773e-01) (60, 6.89732968807220458984e-01) (61, 5.30603468418121337891e-01) (62, 1.02384495735168457031e+00) (63, 1.25478714704513549805e-01) (64, 2.12286281585693359375e+00) (65, 1.41096460819244384766e+00) (66, 1.97275161743164062500e+00) (67, 1.90520465373992919922e+00) (68, 1.88373386859893798828e+00) (69, 2.21875405311584472656e+00) (70, 1.22134685516357421875e-02) (71, 1.16383087635040283203e+00) (72, 2.12887954711914062500e+00) (73, -1.23914802074432373047e+00) (74, 9.99106526374816894531e-01) (75, 2.61362051963806152344e+00) (76, 1.26566565036773681641e+00) (77, 1.39075791835784912109e+00) (78, 1.49718463420867919922e+00) (79, 1.10110807418823242188e+00) (80, 1.24105966091156005859e+00) (81, 1.78463339805603027344e-01) (82, 3.41089367866516113281e-01) (83, 2.22660958766937255859e-01) (84, 1.54340803623199462891e-01) (85, 2.70776343345642089844e+00) (86, 1.55146205425262451172e+00) (87, 1.88575756549835205078e+00) (88, 1.45157647132873535156e+00) (89, 7.58604466915130615234e-01) (90, 9.87733751535415649414e-02) (91, 1.10255181789398193359e-02) (92, -6.81180506944656372070e-02) (93, 8.49564313888549804688e-01) (94, 3.57723310589790344238e-02) (95, -8.82834717631340026855e-02) (96, 1.62558996677398681641e+00) (97, 4.65305671095848083496e-02) (98, 2.70698547363281250000e-01) (99, -4.55844253301620483398e-02) (100, 1.51619255542755126953e+00) (101, 1.20480918884277343750e+00) (102, 8.33620011806488037109e-01) (103, 1.18100535869598388672e+00) (104, 5.09945690631866455078e-01) (0, -1.23758840560913085938e+01) (1, -1.34687347412109375000e+01) (2, 7.62433528900146484375e-01) (3, 2.41446661949157714844e+00) (4, 1.84996032714843750000e+00) (5, 1.38769352436065673828e+00) (6, 3.05297434329986572266e-01) (7, -6.96593403816223144531e-01) (8, 3.51367175579071044922e-01) (9, 6.39110505580902099609e-01) (10, 5.26996612548828125000e-01) (11, 1.71609973907470703125e+00) (12, 1.84937953948974609375e+00) (13, 4.97729825973510742188e+00) (14, 1.98340535163879394531e+00) (15, 7.33311712741851806641e-01) (16, -4.40756130218505859375e+00) (17, 1.37151837348937988281e+00) (18, 1.35440379381179809570e-02) (19, 6.40929043292999267578e-01) (20, -2.87235593795776367188e+00) (21, 1.94498300552368164062e+00) (22, 2.41691708564758300781e+00) (23, 2.12387684732675552368e-02) (24, -7.42592453956604003906e-01) (25, -2.99100017547607421875e+00) (26, 8.59014213085174560547e-01) (27, 2.26189827919006347656e+00) (28, -7.34984934329986572266e-01) (29, 7.52158582210540771484e-01) (30, -7.46673047542572021484e-02) (31, -1.71330881118774414062e+00) (32, -5.15191316604614257812e+00) (33, 2.27295780181884765625e+00) (34, 1.54728877544403076172e+00) (35, -1.27260553836822509766e+00) (36, 1.74643409252166748047e+00) (37, -1.41097307205200195312e-01) (38, -7.22576856613159179688e-01) (39, 9.98884662985801696777e-02) (40, 2.09232971072196960449e-01) (41, 6.05545282363891601562e-01) (42, 3.71859490871429443359e-01) (43, 1.67467212677001953125e+00) (44, -2.52313137054443359375e+00) (45, -2.32474908232688903809e-01) (46, 1.42743742465972900391e+00) (47, 1.02249364852905273438e+01) (48, 3.88243585824966430664e-01) (49, -1.13934051990509033203e+00) (50, 2.76487410068511962891e-01) (51, 2.12861108779907226562e+00) (52, 8.61932694911956787109e-01) (53, -2.41445946693420410156e+00) (54, 1.71780332922935485840e-01) (55, 1.25417983531951904297e+00) (56, 1.87970662117004394531e+00) (57, -1.06681835651397705078e+00) (58, -1.69110774993896484375e+00) (59, 1.07998406887054443359e+00) (60, 2.04128593206405639648e-01) (61, -4.23892080783843994141e-01) (62, 1.83145791292190551758e-01) (63, 7.51559972763061523438e-01) (64, 3.37559059262275695801e-02) (65, 8.31454098224639892578e-01) (66, -3.29268544912338256836e-01) (67, 1.34800478816032409668e-01) (68, -2.24866241216659545898e-01) (69, 4.66501092910766601562e+00) (70, -2.96050190925598144531e-01) (71, 5.39835095405578613281e-02) (72, 7.76879563927650451660e-02) (73, -2.47208762168884277344e+00) (74, -1.38914012908935546875e+00) (75, 3.52445554733276367188e+00) (76, 1.14192700386047363281e+00) (77, 7.68276393413543701172e-01) (78, -8.18599820137023925781e-01) (79, 2.79284715652465820312e+00) (80, 8.73312091827392578125e+00) (81, -1.16577064990997314453e+00) (82, -3.15526270866394042969e+00) (83, -4.05456155538558959961e-01) (84, 2.05296230316162109375e+00) (85, -3.59247773885726928711e-01) (86, -1.02286159992218017578e+00) (87, 1.77106964588165283203e+00) (88, -1.54021990299224853516e+00) (89, -1.93573713302612304688e-01) (90, 1.09883248805999755859e-01) (91, -1.79318690299987792969e+00) (92, 1.87198185920715332031e+00) (93, 1.74585545063018798828e+00) (94, 4.70177948474884033203e-01) (95, -6.66553306579589843750e+00) (96, 2.08328634500503540039e-01) (97, 5.03703474998474121094e-01) (98, 2.01152229309082031250e+00) (99, -6.83187127113342285156e-01) (100, 1.93555772304534912109e+00) (101, 9.94118213653564453125e-01) (102, -4.02118921279907226562e-01) (103, 2.78952527046203613281e+00) (104, -2.00793854892253875732e-02) (0, 1.82454681396484375000e+01) (1, -2.19975509643554687500e+01) (2, 7.76519298553466796875e-01) (3, 4.96737480163574218750e-01) (4, 1.49411439895629882812e+00) (5, -2.52598628997802734375e+01) (6, 1.28001964092254638672e+00) (7, 2.89758701324462890625e+01) (8, 8.06790888309478759766e-01) (9, 1.53590953350067138672e+00) (10, 6.67262852191925048828e-01) (11, 1.00469827651977539062e+00) (12, 1.63160586357116699219e+00) (13, 9.88139092922210693359e-01) (14, -4.28293151855468750000e+01) (15, 1.53215813636779785156e+00) (16, 1.17993569374084472656e+00) (17, 1.86886894702911376953e+00) (18, 1.81030237674713134766e+00) (19, 1.90642833709716796875e+00) (20, 2.17948150634765625000e+00) (21, 2.24502301216125488281e+00) (22, 2.04402494430541992188e+00) (23, 2.53147745132446289062e+00) (24, 1.38946783542633056641e+00) (25, 1.92010068893432617188e+00) (26, 1.79070532321929931641e+00) (27, 1.94801902770996093750e+00) (28, 1.81910371780395507812e+00) (29, 2.67228096723556518555e-01) (30, 3.24538558721542358398e-01) (31, 1.53182649612426757812e+00) (32, 1.52160799503326416016e+00) (33, 1.59614813327789306641e+00) (34, 1.81930053234100341797e+00) (35, 1.00675952434539794922e+00) (36, 1.52855527400970458984e+00) (37, 9.71634089946746826172e-02) (38, 1.46089994907379150391e+00) (39, 8.84003221988677978516e-01) (40, 1.55483579635620117188e+00) (41, 1.86253130435943603516e+00) (42, 2.05118703842163085938e+00) (43, 1.01615118980407714844e+00) (44, 1.78328979015350341797e+00) (45, 2.26752281188964843750e+00) (46, 1.44301533699035644531e+00) (47, 5.80785751342773437500e-01) (48, 1.46035718917846679688e+00) (49, 8.29721927642822265625e-01) (50, 1.57974004745483398438e+00) (51, 1.35986256599426269531e+00) (52, 1.89099824428558349609e+00) (53, 1.66072690486907958984e+00) (54, 2.33341431617736816406e+00) (55, 1.55033683776855468750e+00) (56, 1.79104077816009521484e+00) (57, 1.63273584842681884766e+00) (58, 1.34262156486511230469e+00) (59, 1.02372014522552490234e+00) (60, 1.41231274604797363281e+00) (61, 1.48147034645080566406e+00) (62, 1.86744809150695800781e+00) (63, -2.40955933928489685059e-01) (64, 1.90952658653259277344e+00) (65, 1.20549952983856201172e+00) (66, 2.02063083648681640625e+00) (67, 2.24160742759704589844e+00) (68, 2.15877509117126464844e+00) (69, 1.95205998420715332031e+00) (70, 6.19651079177856445312e-01) (71, 6.74132764339447021484e-01) (72, 1.85831725597381591797e+00) (73, 2.00152492523193359375e+00) (74, 1.49060273170471191406e+00) (75, 1.66424095630645751953e+00) (76, 1.37185871601104736328e+00) (77, 1.21734881401062011719e+00) (78, 1.70597684383392333984e+00) (79, 9.84947443008422851562e-01) (80, 1.35218763351440429688e+00) (81, 8.86891067028045654297e-01) (82, 1.08757019042968750000e+00) (83, 1.32628369331359863281e+00) (84, 9.57795619964599609375e-01) (85, 1.19448351860046386719e+00) (86, 6.53061926364898681641e-01) (87, 1.74578523635864257812e+00) (88, 1.18845129013061523438e+00) (89, 5.09634375572204589844e-01) (90, 2.75146573781967163086e-01) (91, 2.81336814165115356445e-01) (92, 5.61689138412475585938e-01) (93, 4.82073783874511718750e-01) (94, -1.56951665878295898438e-01) (95, 1.54402226209640502930e-01) (96, 2.46602225303649902344e+00) (97, 1.39332735538482666016e+00) (98, -1.24983392655849456787e-01) (99, 2.48476713895797729492e-01) (100, 5.61802923679351806641e-01) (101, 1.74834120273590087891e+00) (102, 8.24494183063507080078e-01) (103, 1.11993396282196044922e+00) (104, 2.94009596109390258789e-01) (0, -5.27597784996032714844e-01) (1, 5.54803431034088134766e-01) (2, 1.68241545557975769043e-01) (3, 1.15562772750854492188e+00) (4, -5.20367085933685302734e-01) (5, 3.29065918922424316406e-02) (6, 7.09764882922172546387e-02) (7, -5.41837930679321289062e-01) (8, -7.13215544819831848145e-02) (9, -7.07562923431396484375e-01) (10, -2.62671858072280883789e-02) (11, -3.83200079202651977539e-01) (12, -5.95449030399322509766e-01) (13, 1.13854694366455078125e+00) (14, -4.81025040149688720703e-01) (15, -5.32831728458404541016e-01) (16, -5.06659865379333496094e-01) (17, 1.05069160461425781250e+00) (18, 9.57127392292022705078e-01) (19, 9.21032786369323730469e-01) (20, -1.62826925516128540039e-01) (21, -7.16161072254180908203e-01) (22, 1.42646837234497070312e+00) (23, 1.62751483917236328125e+00) (24, 1.08484566211700439453e+00) (25, 1.24419331550598144531e+00) (26, 5.72328150272369384766e-01) (27, 4.90684956312179565430e-01) (28, -3.18127125501632690430e-01) (29, 7.05350423231720924377e-04) (30, 8.52171778678894042969e-01) (31, -4.27750125527381896973e-02) (32, -6.98123514652252197266e-01) (33, -3.15365403890609741211e-01) (34, 4.81766879558563232422e-01) (35, -3.47345173358917236328e-01) (36, 6.46522402763366699219e-01) (37, -2.77412742376327514648e-01) (38, 1.62641918659210205078e+00) (39, 1.44450426101684570312e-01) (40, -5.11729717254638671875e-01) (41, -9.52709197998046875000e-01) (42, -6.39461517333984375000e-01) (43, 4.88007999956607818604e-02) (44, 3.44375908374786376953e-01) (45, -8.22742283344268798828e-02) (46, 4.54872190952301025391e-01) (47, 1.16475367546081542969e+00) (48, -2.36038327217102050781e-01) (49, 4.83676902949810028076e-02) (50, -3.29813547432422637939e-02) (51, -2.54203379154205322266e-01) (52, 4.49147194623947143555e-01) (53, -3.48419576883316040039e-01) (54, -5.71463331580162048340e-02) (55, 3.27021814882755279541e-02) (56, -6.45661801099777221680e-02) (57, 1.09249007701873779297e+00) (58, 6.30289971828460693359e-01) (59, 2.34882637858390808105e-01) (60, -5.08797645568847656250e-01) (61, 5.72568535804748535156e-01) (62, -8.56017470359802246094e-01) (63, -1.77016675472259521484e-01) (64, 6.51593446731567382812e-01) (65, -5.50604015588760375977e-02) (66, -7.12932586669921875000e-01) (67, -1.02223432064056396484e+00) (68, -3.18451255559921264648e-01) (69, -7.30573177337646484375e-01) (70, -2.26429715752601623535e-01) (71, -7.61781394481658935547e-01) (72, -6.41283988952636718750e-01) (73, -2.64179396629333496094e+00) (74, 3.52708041667938232422e-01) (75, -2.89979249238967895508e-01) (76, -3.46988737583160400391e-01) (77, -9.16552245616912841797e-02) (78, -9.01927649974822998047e-01) (79, -1.82874575257301330566e-01) (80, -4.12373691797256469727e-01) (81, 4.23329412937164306641e-01) (82, -3.53448599576950073242e-01) (83, 8.43493461608886718750e-01) (84, 8.41506063938140869141e-01) (85, -4.74384844303131103516e-01) (86, 3.28673094511032104492e-01) (87, -6.45835101604461669922e-01) (88, -2.44860529899597167969e-01) (89, -7.90466219186782836914e-02) (90, 7.23223686218261718750e-01) (91, 1.83335375785827636719e+00) (92, -1.20893597602844238281e+00) (93, -7.70262554287910461426e-02) (94, -6.58371984958648681641e-01) (95, 7.08902239799499511719e-01) (96, -8.60824644565582275391e-01) (97, 6.43279194831848144531e-01) (98, 1.49212348461151123047e+00) (99, 7.97157824039459228516e-01) (100, -2.12193712592124938965e-01) (101, 2.69099354743957519531e-01) (102, 1.08144888654351234436e-02) (103, 1.97033262252807617188e+00) (104, 2.57039976119995117188e+00) (0, -1.13523759841918945312e+01) (1, -1.97548019886016845703e+00) (2, -4.73932206630706787109e-01) (3, -5.68166673183441162109e-01) (4, -3.61630856990814208984e-01) (5, -3.53990763425827026367e-01) (6, -1.21786415576934814453e-01) (7, -1.74720597267150878906e+00) (8, -2.09000334143638610840e-01) (9, -3.35275471210479736328e-01) (10, 2.26135778427124023438e+00) (11, -1.47141486406326293945e-01) (12, -5.90155422687530517578e-01) (13, -8.93784701824188232422e-01) (14, -1.00359058380126953125e+00) (15, 1.44054305553436279297e+00) (16, 1.90618360042572021484e+00) (17, 1.32132029533386230469e+00) (18, 7.64584839344024658203e-01) (19, 5.49782454967498779297e-01) (20, 1.06085270643234252930e-01) (21, 1.50807237625122070312e+00) (22, -2.90461707115173339844e+00) (23, -3.34096407890319824219e+00) (24, 2.77496576309204101562e-01) (25, -7.37518072128295898438e-01) (26, 1.40105223655700683594e+00) (27, 4.65425670146942138672e-01) (28, -2.17368617653846740723e-01) (29, -8.04938524961471557617e-02) (30, -9.83553290367126464844e-01) (31, 1.07308268547058105469e+00) (32, 1.67213714122772216797e+00) (33, 1.30036604404449462891e+00) (34, -7.84244954586029052734e-01) (35, 1.82735359668731689453e+00) (36, 2.92383122444152832031e+00) (37, 1.94617652893066406250e+00) (38, 6.71547234058380126953e-01) (39, 1.27932751178741455078e+00) (40, 1.63901555538177490234e+00) (41, 3.22514921426773071289e-01) (42, -2.48091876506805419922e-01) (43, 1.61239802837371826172e+00) (44, -6.90681219100952148438e-01) (45, 5.69625735282897949219e-01) (46, -9.75056838989257812500e+00) (47, -7.79859483242034912109e-01) (48, 1.92809736728668212891e+00) (49, 1.49407649040222167969e+00) (50, 4.71929877996444702148e-01) (51, -1.81249856948852539062e-01) (52, 1.28836357593536376953e+00) (53, 2.73959785699844360352e-01) (54, 1.61827814579010009766e+00) (55, -4.31876629590988159180e-02) (56, -5.46288728713989257812e-01) (57, -1.22892510890960693359e+00) (58, -4.17399883270263671875e+00) (59, -1.44580388069152832031e+00) (60, 8.08492898941040039062e-02) (61, -7.84422457218170166016e-01) (62, 1.03384327888488769531e+00) (63, 1.37688994407653808594e+00) (64, 2.66848951578140258789e-01) (65, -3.86728227138519287109e-01) (66, 3.22071838378906250000e+00) (67, -1.31987705826759338379e-01) (68, -2.00037479400634765625e-01) (69, 1.42033016681671142578e+00) (70, -8.32424521446228027344e-01) (71, 7.50123500823974609375e-01) (72, 1.57867038249969482422e+00) (73, 1.37256121635437011719e+00) (74, 1.37381052970886230469e+00) (75, 5.30431628227233886719e-01) (76, 1.44888186454772949219e+00) (77, -2.31674879789352416992e-01) (78, 4.91644233465194702148e-01) (79, 2.75890564918518066406e+00) (80, 3.30165952444076538086e-01) (81, 7.11656093597412109375e-01) (82, 6.93131208419799804688e-01) (83, 1.27462208271026611328e-01) (84, 1.67569562792778015137e-01) (85, -2.41062656044960021973e-01) (86, 6.91886395215988159180e-02) (87, -9.29145794361829757690e-03) (88, 1.40353250503540039062e+00) (89, 1.93560153245925903320e-01) (90, -8.71647223830223083496e-02) (91, 2.47364938259124755859e-01) (92, 1.53569674491882324219e+00) (93, 1.07032370567321777344e+00) (94, -1.16187557578086853027e-01) (95, -4.00657922029495239258e-01) (96, -3.13824266195297241211e-01) (97, -2.00477033853530883789e-01) (98, -3.45787495374679565430e-01) (99, 9.96219813823699951172e-01) (100, 1.23475265502929687500e+00) (101, -5.57059288024902343750e-01) (102, 5.06432414054870605469e-01) (103, 1.39657390117645263672e+00) (104, 2.31532382965087890625e+00) (0, 1.51767406463623046875e+01) (1, -2.20085296630859375000e+01) (2, 5.91026127338409423828e-01) (3, 4.32701945304870605469e-01) (4, 4.93610858917236328125e-01) (5, -3.37839279174804687500e+01) (6, 1.24504804611206054688e+00) (7, 1.14700078964233398438e+00) (8, 1.12232780456542968750e+00) (9, 5.18721282482147216797e-01) (10, 6.22752726078033447266e-01) (11, 9.20144140720367431641e-01) (12, 5.69676578044891357422e-01) (13, 7.37483561038970947266e-01) (14, -1.35962944030761718750e+01) (15, 4.98059511184692382812e-01) (16, 1.13166129589080810547e+00) (17, 1.64919328689575195312e+00) (18, 4.89477992057800292969e-01) (19, 7.48868763446807861328e-01) (20, 2.00969767570495605469e+00) (21, 2.06373572349548339844e+00) (22, 1.98710870742797851562e+00) (23, 2.16184067726135253906e+00) (24, 2.31528431177139282227e-01) (25, 6.03202104568481445312e-01) (26, 1.72632122039794921875e+00) (27, 1.91889429092407226562e+00) (28, 1.71921586990356445312e+00) (29, -1.28128081560134887695e-01) (30, 1.30912989377975463867e-01) (31, 1.50738501548767089844e+00) (32, 4.36348617076873779297e-01) (33, 4.77964222431182861328e-01) (34, 1.83410918712615966797e+00) (35, 3.55068564414978027344e-01) (36, 3.68719637393951416016e-01) (37, 7.60228455066680908203e-01) (38, 2.33648121356964111328e-01) (39, 1.91970854997634887695e-01) (40, 2.86710679531097412109e-01) (41, 1.98973274230957031250e+00) (42, 8.24024498462677001953e-01) (43, 3.37275385856628417969e-01) (44, 1.83964741230010986328e+00) (45, 1.02113163471221923828e+00) (46, 3.27534317970275878906e-01) (47, 3.16533967852592468262e-02) (48, 3.18982183933258056641e-01) (49, -2.92137056589126586914e-01) (50, 1.72617280483245849609e+00) (51, 1.37454330921173095703e+00) (52, 1.40879046916961669922e+00) (53, 5.17295658588409423828e-01) (54, 1.92562723159790039062e+00) (55, 3.62076878547668457031e-01) (56, 1.26822721958160400391e+00) (57, 5.49937725067138671875e-01) (58, 1.83676689863204956055e-01) (59, 9.98565316200256347656e-01) (60, 3.28554809093475341797e-01) (61, 3.14341247081756591797e-01) (62, 1.85877656936645507812e+00) (63, -1.30938246846199035645e-01) (64, 1.93375325202941894531e+00) (65, 1.19375848770141601562e+00) (66, 2.01934671401977539062e+00) (67, 2.26481246948242187500e+00) (68, 2.19618105888366699219e+00) (69, 1.81210732460021972656e+00) (70, 5.50512373447418212891e-01) (71, 1.80207455158233642578e+00) (72, 1.67225718498229980469e+00) (73, 1.98367977142333984375e+00) (74, 1.42043280601501464844e+00) (75, 5.77886521816253662109e-01) (76, 1.23272955417633056641e+00) (77, 8.63657057285308837891e-01) (78, 1.36154639720916748047e+00) (79, 1.08690774440765380859e+00) (80, 1.43046104907989501953e+00) (81, -2.24065199494361877441e-01) (82, 1.07540786266326904297e+00) (83, 1.34972727298736572266e+00) (84, -2.70883172750473022461e-01) (85, 5.79802393913269042969e-01) (86, 4.86135959625244140625e-01) (87, 1.59512102603912353516e+00) (88, 1.09640073776245117188e+00) (89, 5.16190588474273681641e-01) (90, -2.70171195268630981445e-01) (91, -3.16934555768966674805e-01) (92, -5.47007322311401367188e-02) (93, 4.60653245449066162109e-01) (94, -2.15862601995468139648e-01) (95, -3.25027942657470703125e-01) (96, 2.38376164436340332031e+00) (97, 6.60767108201980590820e-02) (98, -4.70430910587310791016e-01) (99, -2.33966901898384094238e-01) (100, 5.48199594020843505859e-01) (101, 1.25244712829589843750e+00) (102, 3.63585114479064941406e-01) (103, 1.78350472450256347656e+00) (104, 3.15202891826629638672e-01) (0, -1.14085569381713867188e+01) (1, -3.45172733068466186523e-02) (2, 7.76096761226654052734e-01) (3, -1.32369399070739746094e+00) (4, 2.89268642663955688477e-01) (5, -1.57118797302246093750e-01) (6, 9.73407745361328125000e-01) (7, -2.30241522192955017090e-01) (8, 3.47599387168884277344e-01) (9, 1.96751013398170471191e-01) (10, -4.06842470169067382812e-01) (11, -1.81192457675933837891e-01) (12, -3.25457423925399780273e-01) (13, -1.16074967384338378906e+00) (14, 4.88846927881240844727e-01) (15, -1.14899009466171264648e-01) (16, 1.63146877288818359375e+00) (17, 1.48081886768341064453e+00) (18, 1.45468652248382568359e+00) (19, 2.86840319633483886719e-01) (20, 2.82827951014041900635e-02) (21, -6.94774484634399414062e+00) (22, 1.19265878200531005859e+00) (23, 9.35552895069122314453e-01) (24, 1.86232519149780273438e+00) (25, 2.88612186908721923828e-01) (26, 9.96004819869995117188e-01) (27, 1.16776812076568603516e+00) (28, 1.18025004863739013672e+00) (29, -5.37093997001647949219e-01) (30, -2.49184203147888183594e+00) (31, -1.88690257072448730469e+00) (32, -4.25408214330673217773e-01) (33, 2.12217020988464355469e+00) (34, 3.33420932292938232422e-01) (35, 1.04967176914215087891e+00) (36, 1.49526786804199218750e+00) (37, 6.61220252513885498047e-01) (38, 1.59624123573303222656e+00) (39, 1.36307287216186523438e+00) (40, 5.27597784996032714844e-01) (41, -7.15665042400360107422e-01) (42, -2.03430846333503723145e-01) (43, 6.79791510105133056641e-01) (44, 1.19895182549953460693e-01) (45, -2.55072772502899169922e-01) (46, 1.54030776023864746094e+00) (47, -1.84252631664276123047e+00) (48, 2.60699272155761718750e-01) (49, -1.24801814556121826172e-01) (50, -8.85235607624053955078e-01) (51, -3.97131145000457763672e-01) (52, 8.88290628790855407715e-02) (53, 2.35560536384582519531e-01) (54, -1.48929715156555175781e-01) (55, 1.59701570868492126465e-01) (56, 7.26252555847167968750e-01) (57, 1.51037693023681640625e+00) (58, -4.04713362455368041992e-01) (59, -1.70155867934226989746e-01) (60, 1.19836890697479248047e+00) (61, 2.42996811866760253906e-01) (62, 7.94728815555572509766e-01) (63, -1.68209388852119445801e-01) (64, 4.81668472290039062500e-01) (65, 7.43594169616699218750e-01) (66, -2.41894513368606567383e-01) (67, 1.00284636020660400391e+00) (68, 1.11896061897277832031e+00) (69, 2.71845534443855285645e-02) (70, -4.61838692426681518555e-01) (71, 7.47608602046966552734e-01) (72, -6.20592720806598663330e-02) (73, -1.10276556015014648438e+00) (74, 5.97526967525482177734e-01) (75, -3.30484062433242797852e-02) (76, 2.30829730629920959473e-01) (77, 9.96999859809875488281e-01) (78, 1.02767336368560791016e+00) (79, 1.09437561035156250000e+00) (80, 1.14089965820312500000e-01) (81, 5.51944553852081298828e-01) (82, 1.35403156280517578125e-01) (83, -1.16395868360996246338e-01) (84, 3.41675162315368652344e-01) (85, 8.40061187744140625000e-01) (86, 4.91555392742156982422e-01) (87, 3.89696806669235229492e-01) (88, -8.51024746894836425781e-01) (89, 6.90931156277656555176e-02) (90, 1.08977961540222167969e+00) (91, 9.77218523621559143066e-02) (92, -1.79105579853057861328e+00) (93, -3.31203639507293701172e-01) (94, -5.78899793326854705811e-02) (95, -1.57293939590454101562e+00) (96, 1.02286601066589355469e+00) (97, 1.08454120159149169922e+00) (98, -2.19062137603759765625e+00) (99, -2.59284555912017822266e-01) (100, 4.52435493469238281250e-01) (101, -5.07247805595397949219e-01) (102, 4.73620653152465820312e-01) (103, 1.45829534530639648438e+00) (104, 1.05601620674133300781e+00) (0, 1.37296891212463378906e+00) (1, 1.18843960762023925781e+00) (2, 1.40087091922760009766e+00) (3, -3.32534343004226684570e-01) (4, 5.98038256168365478516e-01) (5, 1.59951043128967285156e+00) (6, -3.06606143712997436523e-01) (7, 1.03790283203125000000e+00) (8, 5.75232625007629394531e-01) (9, 1.92079365253448486328e-01) (10, -4.77917909622192382812e-01) (11, 5.45918762683868408203e-01) (12, -7.70294845104217529297e-01) (13, 7.87238061428070068359e-01) (14, 2.88331866264343261719e-01) (15, -4.58589076995849609375e-01) (16, -2.61368509382009506226e-02) (17, -4.27605807781219482422e-01) (18, -3.15300315618515014648e-01) (19, -4.40506219863891601562e-01) (20, -6.96061253547668457031e-01) (21, 4.92665320634841918945e-02) (22, -1.16734540462493896484e+00) (23, -5.44196479022502899170e-02) (24, -3.59901338815689086914e-01) (25, -6.07101202011108398438e-01) (26, -6.07955038547515869141e-01) (27, -4.84987556934356689453e-01) (28, -4.98592019081115722656e-01) (29, 7.74931430816650390625e-01) (30, 2.98675894737243652344e-01) (31, -6.56530976295471191406e-01) (32, 1.68158221244812011719e+00) (33, -2.16699048876762390137e-01) (34, 3.68309879302978515625e+00) (35, -2.63854950666427612305e-01) (36, -4.39355313777923583984e-01) (37, -4.76349562406539916992e-01) (38, -3.64603012800216674805e-01) (39, -4.41985726356506347656e-01) (40, -5.80071330070495605469e-01) (41, 2.80383396148681640625e+00) (42, -8.16705822944641113281e-01) (43, -5.56886136531829833984e-01) (44, 4.06024426221847534180e-01) (45, -5.07810652256011962891e-01) (46, -3.87264937162399291992e-01) (47, 1.65913224220275878906e+00) (48, -8.91794025897979736328e-01) (49, -6.34128987789154052734e-01) (50, -8.35693061351776123047e-01) (51, 4.68649491667747497559e-02) (52, -8.20462584495544433594e-01) (53, 1.08512210845947265625e+00) (54, -1.11119914054870605469e+00) (55, -8.16505730152130126953e-01) (56, -4.52457576990127563477e-01) (57, -2.76332885026931762695e-01) (58, -4.15931880474090576172e-01) (59, 6.41965627670288085938e-01) (60, 8.89214515686035156250e-01) (61, -1.29862666130065917969e-01) (62, -6.87992870807647705078e-01) (63, 1.23363614082336425781e+00) (64, -8.44242423772811889648e-02) (65, -3.42095702886581420898e-01) (66, 1.74516960978507995605e-01) (67, 1.21349382400512695312e+00) (68, -4.29139316082000732422e-01) (69, 1.51789844036102294922e+00) (70, 7.80866563320159912109e-01) (71, -6.51096761226654052734e-01) (72, 8.47272634506225585938e-01) (73, 1.66714596748352050781e+00) (74, -1.21047154068946838379e-01) (75, -3.76446038484573364258e-01) (76, 1.03718960285186767578e+00) (77, -8.50767940282821655273e-02) (78, -6.30777418613433837891e-01) (79, -4.01574164628982543945e-01) (80, 6.77928149700164794922e-01) (81, -6.38673067092895507812e-01) (82, -7.42918431758880615234e-01) (83, -3.14173907041549682617e-01) (84, 1.19187819957733154297e+00) (85, -4.29166138172149658203e-01) (86, -3.23889344930648803711e-01) (87, -7.46735990047454833984e-01) (88, 1.11972308158874511719e+00) (89, -6.27033114433288574219e-01) (90, -1.48686161264777183533e-02) (91, -6.33951425552368164062e-01) (92, 2.53011018037796020508e-01) (93, -2.00873896479606628418e-01) (94, 8.03681910037994384766e-01) (95, -3.82314652204513549805e-01) (96, -9.91771697998046875000e-01) (97, -4.70252037048339843750e-01) (98, -7.17678010463714599609e-01) (99, -8.38002376258373260498e-03) (100, -1.07660211622714996338e-01) (101, -9.76487278938293457031e-01) (102, 2.16226503252983093262e-02) (103, 2.08275890350341796875e+00) (104, 2.27958178520202636719e+00) (0, -1.32789497375488281250e+01) (1, -1.55427522659301757812e+01) (2, 1.24711804091930389404e-01) (3, 2.21927851438522338867e-01) (4, 1.86433708667755126953e+00) (5, 7.97082364559173583984e-01) (6, 1.25230252742767333984e-01) (7, -2.84434151649475097656e+00) (8, -3.08048129081726074219e-01) (9, -2.64742434024810791016e-01) (10, -6.61334574222564697266e-01) (11, 3.16566276550292968750e+00) (12, 1.33257940411567687988e-01) (13, 4.17898416519165039062e+00) (14, 2.10317587852478027344e+00) (15, 7.17030584812164306641e-01) (16, 1.01419830322265625000e+00) (17, 7.27887213230133056641e-01) (18, 3.14579643309116363525e-02) (19, 1.11954607069492340088e-01) (20, -1.55016314983367919922e+00) (21, 5.95751166343688964844e-01) (22, 2.21985363960266113281e+00) (23, -2.80731296539306640625e+00) (24, -6.57989025115966796875e-01) (25, -3.13234615325927734375e+00) (26, 2.13654398918151855469e+00) (27, 8.79770696163177490234e-01) (28, 1.19166159629821777344e+00) (29, -2.31608033180236816406e+00) (30, 6.23265457153320312500e+00) (31, 2.45565056800842285156e+00) (32, -6.74648165702819824219e-01) (33, -1.68135488033294677734e+00) (34, 5.76288223266601562500e+00) (35, -1.97499585151672363281e+00) (36, -2.07856252789497375488e-01) (37, -2.76451516151428222656e+00) (38, 6.27397298812866210938e-02) (39, -8.83550345897674560547e-01) (40, 2.01477885246276855469e+00) (41, -2.70733618736267089844e+00) (42, 1.03374469280242919922e+00) (43, 1.18922686576843261719e+00) (44, 7.09749221801757812500e-01) (45, 6.65566921234130859375e-01) (46, 2.86350399255752563477e-01) (47, 6.54518842697143554688e-01) (48, -1.05082333087921142578e+00) (49, -1.29483249038457870483e-02) (50, 1.22825765609741210938e+00) (51, -3.52236688137054443359e-01) (52, 6.18023872375488281250e-01) (53, -1.27580678462982177734e+00) (54, -2.87445168942213058472e-02) (55, -4.57438647747039794922e-01) (56, -2.07028537988662719727e-01) (57, -3.63656234741210937500e+00) (58, -1.60289919376373291016e+00) (59, 5.28149604797363281250e+00) (60, 4.41863387823104858398e-01) (61, -3.39587593078613281250e+00) (62, -5.97335577011108398438e-01) (63, 1.25123187899589538574e-01) (64, 8.53854000568389892578e-01) (65, 5.00187814235687255859e-01) (66, 5.15298366546630859375e-01) (67, -1.15409381687641143799e-02) (68, 2.19827532768249511719e-01) (69, 2.23825287818908691406e+00) (70, -2.98505038022994995117e-01) (71, 1.87162637710571289062e+00) (72, 2.02191472053527832031e+00) (73, -4.63354349136352539062e+00) (74, 1.30843830108642578125e+00) (75, 6.58895850181579589844e-01) (76, 4.53268021345138549805e-01) (77, 1.21744823455810546875e+00) (78, -4.13197159767150878906e-01) (79, -2.41529107093811035156e+00) (80, 2.32841461896896362305e-01) (81, 1.76701021194458007812e+00) (82, 8.56393575668334960938e-01) (83, 1.93105769157409667969e+00) (84, 1.13600182533264160156e+00) (85, 5.02309679985046386719e-01) (86, 4.42448467016220092773e-01) (87, 3.30360919237136840820e-01) (88, 1.29123616218566894531e+00) (89, 1.77151840180158615112e-02) (90, 1.48841321468353271484e+00) (91, 1.71395802497863769531e+00) (92, 1.49758839607238769531e+00) (93, -7.91376709938049316406e-01) (94, 5.34782946109771728516e-01) (95, 1.32599639892578125000e+00) (96, 4.46251660585403442383e-01) (97, 1.02600836753845214844e+00) (98, 2.25248646736145019531e+00) (99, -1.21104739606380462646e-01) (100, 4.73784923553466796875e-01) (101, 1.85033273696899414062e+00) (102, 1.52067577838897705078e+00) (103, 5.94866156578063964844e-01) (104, 1.23374354839324951172e+00) (0, -1.19916906356811523438e+01) (1, -1.39438962936401367188e+01) (2, 1.98446512222290039062e-01) (3, 5.78885227441787719727e-02) (4, 1.26209527254104614258e-01) (5, -1.64938125610351562500e+01) (6, 1.03960669040679931641e+00) (7, 3.67629127502441406250e+01) (8, 2.19735693931579589844e+00) (9, -6.37653917074203491211e-02) (10, 8.04609358310699462891e-01) (11, 6.90461218357086181641e-01) (12, 1.58047825098037719727e-01) (13, 1.20162141323089599609e+00) (14, -1.24715614318847656250e+01) (15, 7.40028440952301025391e-01) (16, 6.62862837314605712891e-01) (17, 7.37487375736236572266e-01) (18, 7.15094327926635742188e-01) (19, 5.63229143619537353516e-01) (20, 3.65230947732925415039e-01) (21, 5.24102866649627685547e-01) (22, 3.63841444253921508789e-01) (23, 2.04205417633056640625e+00) (24, 8.30315887928009033203e-01) (25, 6.82471990585327148438e-01) (26, 1.93313479423522949219e+00) (27, 1.92822122573852539062e+00) (28, 2.12159681320190429688e+00) (29, -4.23454618453979492188e+00) (30, 4.19890612363815307617e-01) (31, 4.54482853412628173828e-01) (32, 6.06409370899200439453e-01) (33, 5.71274459362030029297e-01) (34, 2.05255293846130371094e+00) (35, 3.36006313562393188477e-01) (36, 5.77011227607727050781e-01) (37, -6.39374792575836181641e-01) (38, 8.09724986553192138672e-01) (39, 6.52412116527557373047e-01) (40, 5.70918977260589599609e-01) (41, 9.67693090438842773438e-01) (42, 3.13994377851486206055e-01) (43, -2.16820502281188964844e+00) (44, 1.92917811870574951172e+00) (45, 6.68803989887237548828e-01) (46, 8.44267666339874267578e-01) (47, -1.39744412899017333984e+00) (48, 4.83318388462066650391e-01) (49, 2.02000420540571212769e-02) (50, 1.34844148159027099609e+00) (51, 1.34601974487304687500e+00) (52, 1.98365092277526855469e+00) (53, 5.62184512615203857422e-01) (54, 1.76469886302947998047e+00) (55, 8.88334810733795166016e-01) (56, 1.22170233726501464844e+00) (57, 8.08465421199798583984e-01) (58, 1.41747844219207763672e+00) (59, -9.42988321185111999512e-02) (60, 6.38407409191131591797e-01) (61, 4.60716724395751953125e-01) (62, 1.06163787841796875000e+00) (63, 7.23723545670509338379e-02) (64, 2.13404226303100585938e+00) (65, 1.45850384235382080078e+00) (66, 1.90484082698822021484e+00) (67, 1.95222830772399902344e+00) (68, 1.70528233051300048828e+00) (69, 2.37063980102539062500e+00) (70, -1.00355623289942741394e-02) (71, 1.23792278766632080078e+00) (72, 2.11532974243164062500e+00) (73, 1.72529888153076171875e+00) (74, 1.17581808567047119141e+00) (75, 1.95041656494140625000e+00) (76, 1.25042235851287841797e+00) (77, 1.31516623497009277344e+00) (78, 1.40561318397521972656e+00) (79, 1.53547167778015136719e+00) (80, 1.33049738407135009766e+00) (81, -1.97618678212165832520e-02) (82, 3.07043880224227905273e-01) (83, 1.38273322582244873047e+00) (84, 1.71800423413515090942e-02) (85, 1.44783556461334228516e+00) (86, 1.41631948947906494141e+00) (87, 1.85156464576721191406e+00) (88, 1.33656036853790283203e+00) (89, 9.32340919971466064453e-01) (90, -2.41910349577665328979e-02) (91, 1.49732679128646850586e-02) (92, -1.85968369245529174805e-01) (93, 1.34063124656677246094e+00) (94, 7.96658843755722045898e-02) (95, -5.77841065824031829834e-02) (96, 1.70920419692993164062e+00) (97, -1.30007356405258178711e-01) (98, -1.26190096139907836914e-01) (99, 9.92321372032165527344e-02) (100, 1.35270988941192626953e+00) (101, 1.08548915386199951172e+00) (102, 6.23091161251068115234e-01) (103, 1.52770781517028808594e+00) (104, 4.84478533267974853516e-01) (0, 1.83099613189697265625e+01) (1, -2.19906444549560546875e+01) (2, 6.75303697586059570312e-01) (3, 3.27109456062316894531e-01) (4, 1.48568964004516601562e+00) (5, -2.52544384002685546875e+01) (6, 1.46387386322021484375e+00) (7, 2.89983768463134765625e+01) (8, 6.66247785091400146484e-01) (9, 1.53708815574645996094e+00) (10, 6.76751196384429931641e-01) (11, 9.25810873508453369141e-01) (12, 1.64153695106506347656e+00) (13, 8.86115968227386474609e-01) (14, -4.48146743774414062500e+01) (15, 1.56473457813262939453e+00) (16, 1.09001982212066650391e+00) (17, 1.76756131649017333984e+00) (18, 1.76693272590637207031e+00) (19, 1.99346542358398437500e+00) (20, 2.10836386680603027344e+00) (21, 2.17093968391418457031e+00) (22, 2.14377856254577636719e+00) (23, 2.39558696746826171875e+00) (24, 1.36355972290039062500e+00) (25, 1.86249864101409912109e+00) (26, 1.83321833610534667969e+00) (27, 1.80409133434295654297e+00) (28, 1.79128408432006835938e+00) (29, 3.92832845449447631836e-01) (30, 2.81687349081039428711e-01) (31, 1.53985452651977539062e+00) (32, 1.44880807399749755859e+00) (33, 1.60800480842590332031e+00) (34, 1.89770948886871337891e+00) (35, 9.57189321517944335938e-01) (36, 1.57874417304992675781e+00) (37, 5.08576452732086181641e-01) (38, 1.40104079246520996094e+00) (39, 9.24880564212799072266e-01) (40, 1.54579663276672363281e+00) (41, 1.85133266448974609375e+00) (42, 2.05986928939819335938e+00) (43, 9.36440527439117431641e-01) (44, 1.97151088714599609375e+00) (45, 2.26666784286499023438e+00) (46, 1.47288262844085693359e+00) (47, 5.58074116706848144531e-01) (48, 1.58077752590179443359e+00) (49, 9.41948592662811279297e-01) (50, 1.58497762680053710938e+00) (51, 1.38798260688781738281e+00) (52, 1.85254240036010742188e+00) (53, 1.74192535877227783203e+00) (54, 2.38290023803710937500e+00) (55, 1.66045916080474853516e+00) (56, 1.75362551212310791016e+00) (57, 1.59415042400360107422e+00) (58, 1.21179246902465820312e+00) (59, 9.70052838325500488281e-01) (60, 1.37399721145629882812e+00) (61, 1.53969848155975341797e+00) (62, 1.80534446239471435547e+00) (63, 9.45240497589111328125e-01) (64, 1.96180462837219238281e+00) (65, 1.21029770374298095703e+00) (66, 2.15867114067077636719e+00) (67, 2.11459708213806152344e+00) (68, 2.09663200378417968750e+00) (69, 1.91451728343963623047e+00) (70, 1.62846326828002929688e+00) (71, 1.73668539524078369141e+00) (72, 1.72222256660461425781e+00) (73, 2.01665687561035156250e+00) (74, 1.42130935192108154297e+00) (75, 1.81304359436035156250e+00) (76, 1.25530660152435302734e+00) (77, 1.33453738689422607422e+00) (78, 1.79760420322418212891e+00) (79, 9.65484857559204101562e-01) (80, 1.39611279964447021484e+00) (81, 9.13010537624359130859e-01) (82, 1.15743565559387207031e+00) (83, 1.27143442630767822266e+00) (84, 9.70135450363159179688e-01) (85, 1.10430800914764404297e+00) (86, 6.56041324138641357422e-01) (87, 2.16205215454101562500e+00) (88, 1.05234754085540771484e+00) (89, 1.10975110530853271484e+00) (90, 2.91469067335128784180e-01) (91, 2.73396015167236328125e-01) (92, 6.65442049503326416016e-01) (93, 6.15260541439056396484e-01) (94, 8.87840211391448974609e-01) (95, 1.78756594657897949219e-01) (96, 2.46735477447509765625e+00) (97, 1.38705563545227050781e+00) (98, -8.95092248916625976562e-01) (99, 3.78178894519805908203e-01) (100, 6.80627822875976562500e-01) (101, 1.78043329715728759766e+00) (102, 7.92210757732391357422e-01) (103, 1.19294428825378417969e+00) (104, 2.78136044740676879883e-01) (0, 5.86422538757324218750e+00) (1, 5.44885158538818359375e-01) (2, -5.94116866588592529297e-01) (3, 1.91596651077270507812e+00) (4, 7.18156695365905761719e-01) (5, -3.36480426788330078125e+00) (6, 6.95578336715698242188e-01) (7, 1.09204995632171630859e+00) (8, 5.71771860122680664062e-01) (9, 3.66193443536758422852e-01) (10, 1.72629582881927490234e+00) (11, 4.60535109043121337891e-01) (12, 1.52393174171447753906e+00) (13, 9.92520391941070556641e-01) (14, 1.52573907375335693359e+00) (15, -4.04706656932830810547e-01) (16, 1.62793672084808349609e+00) (17, 9.59286570549011230469e-01) (18, -1.17223322391510009766e+00) (19, -3.84295791387557983398e-01) (20, -8.45583379268646240234e-01) (21, -8.47980618476867675781e-01) (22, -7.98684298992156982422e-01) (23, 1.29733753204345703125e+00) (24, -2.81173586845397949219e+00) (25, -2.43865624070167541504e-01) (26, 1.12657570838928222656e+00) (27, -8.64742815494537353516e-01) (28, 1.91627430915832519531e+00) (29, 1.94554281234741210938e+00) (30, 1.12236523628234863281e+00) (31, 4.66564059257507324219e-01) (32, -8.41257095336914062500e-01) (33, -1.15177407860755920410e-01) (34, 3.31282943487167358398e-01) (35, -8.35295855998992919922e-01) (36, -3.01598280668258666992e-01) (37, 1.36360442638397216797e+00) (38, 1.79833221435546875000e+00) (39, 4.97330725193023681641e-01) (40, -4.53004032373428344727e-01) (41, 3.13199698925018310547e-01) (42, -4.49977368116378784180e-01) (43, 2.26096153259277343750e+00) (44, 2.00169467926025390625e+00) (45, 1.11903417110443115234e+00) (46, 8.33699822425842285156e-01) (47, -1.84811425209045410156e+00) (48, -8.71234118938446044922e-01) (49, 2.08759203553199768066e-01) (50, 1.84056925773620605469e+00) (51, 1.24964678287506103516e+00) (52, 1.69087386131286621094e+00) (53, -1.37298747897148132324e-01) (54, -9.39585983753204345703e-01) (55, 1.38948023319244384766e-01) (56, -1.19555974006652832031e+00) (57, 3.77493686974048614502e-02) (58, 5.92516124248504638672e-01) (59, 1.24898302555084228516e+00) (60, 2.65770524740219116211e-01) (61, 5.08126437664031982422e-01) (62, -1.26493322849273681641e+00) (63, 3.69236283004283905029e-02) (64, -6.68465375900268554688e-01) (65, -7.34611332416534423828e-01) (66, 2.26143658161163330078e-01) (67, -6.75000727176666259766e-01) (68, -6.79733157157897949219e-01) (69, -5.76567292213439941406e-01) (70, 3.16183835268020629883e-01) (71, 1.36671090126037597656e+00) (72, 4.42912489175796508789e-01) (73, -4.75111782550811767578e-01) (74, -1.48257851600646972656e+00) (75, -5.33571600914001464844e-01) (76, -1.16518408060073852539e-01) (77, -2.36843600869178771973e-01) (78, -6.03343993425369262695e-02) (79, -4.37662810087203979492e-01) (80, 6.25005736947059631348e-02) (81, -2.65711605548858642578e-01) (82, -2.57181435823440551758e-01) (83, -7.48110294342041015625e-01) (84, 4.95093524456024169922e-01) (85, -4.56898778676986694336e-01) (86, -6.48864209651947021484e-01) (87, -4.55973267555236816406e-01) (88, -5.80079078674316406250e-01) (89, -3.40564250946044921875e-01) (90, 2.11006984114646911621e-01) (91, -6.12382948398590087891e-01) (92, 6.75927042961120605469e-01) (93, -4.11371082067489624023e-01) (94, -3.87883871793746948242e-01) (95, 1.80525112152099609375e+00) (96, -7.53376305103302001953e-01) (97, -6.31672501564025878906e-01) (98, -4.79970842599868774414e-01) (99, -5.81783175468444824219e-01) (100, -1.19531810283660888672e-01) (101, -6.12131178379058837891e-01) (102, 4.02903604507446289062e+00) (103, -1.18906831741333007812e+00) (104, 2.54498457908630371094e+00) (0, -1.17013139724731445312e+01) (1, -1.42032842636108398438e+01) (2, 1.26197397708892822266e+00) (3, 1.44696331024169921875e+00) (4, 1.23985576629638671875e+00) (5, -7.41078090667724609375e+00) (6, 7.10546195507049560547e-01) (7, -2.80555868148803710938e+00) (8, 7.35082805156707763672e-01) (9, 8.42360079288482666016e-01) (10, 7.42589712142944335938e-01) (11, -4.38835024833679199219e-01) (12, 1.01658795028924942017e-02) (13, -1.72205913066864013672e+00) (14, 4.08714085817337036133e-01) (15, 1.89215946197509765625e+00) (16, -2.90755480527877807617e-02) (17, 5.89407801628112792969e-01) (18, -4.54615306854248046875e+00) (19, 6.55543208122253417969e-01) (20, 1.91801756620407104492e-01) (21, 1.47300863265991210938e+00) (22, 1.39292681217193603516e+00) (23, 1.45503544807434082031e+00) (24, -1.85760939121246337891e+00) (25, 5.82162380218505859375e-01) (26, 1.82648515701293945312e+00) (27, 1.65531086921691894531e+00) (28, 1.74199271202087402344e+00) (29, 4.48255091905593872070e-02) (30, 1.14294171333312988281e+00) (31, 3.42702007293701171875e+00) (32, -2.55485820770263671875e+00) (33, 9.75527524948120117188e-01) (34, 7.58207321166992187500e-01) (35, -2.26782250404357910156e+00) (36, 2.14630436897277832031e+00) (37, -2.66459345817565917969e+00) (38, 2.07218813896179199219e+00) (39, 7.16565787792205810547e-01) (40, 5.55218279361724853516e-01) (41, -7.84065544605255126953e-01) (42, 1.41608023643493652344e+00) (43, 4.93483841419219970703e-01) (44, -2.37692141532897949219e+00) (45, 8.76970589160919189453e-02) (46, -2.75747132301330566406e+00) (47, 5.35914421081542968750e-01) (48, 2.00997042655944824219e+00) (49, 1.46942913532257080078e+00) (50, -1.02932602167129516602e-01) (51, -2.04919025301933288574e-01) (52, 5.69528400897979736328e-01) (53, -6.55759423971176147461e-02) (54, 3.82953912019729614258e-01) (55, -6.17312097549438476562e+00) (56, 1.08581602573394775391e+00) (57, 8.18977117538452148438e-01) (58, 2.49739384651184082031e+00) (59, -1.29674446582794189453e+00) (60, 1.74145317077636718750e+00) (61, 4.47160065174102783203e-01) (62, 9.38686072826385498047e-01) (63, 1.43375682830810546875e+00) (64, 2.13495206832885742188e+00) (65, 1.35054552555084228516e+00) (66, 4.95509207248687744141e-02) (67, -1.74027729034423828125e+00) (68, 2.27057719230651855469e+00) (69, 3.26887428760528564453e-01) (70, 1.04865550994873046875e+00) (71, 1.12426364421844482422e+00) (72, 2.10106158256530761719e+00) (73, -1.40170705318450927734e+00) (74, 7.15210556983947753906e-01) (75, 1.50339686870574951172e+00) (76, -7.07791090011596679688e-01) (77, 1.28772270679473876953e+00) (78, 3.34516572952270507812e+00) (79, 2.21010521054267883301e-01) (80, 1.68988406658172607422e+00) (81, -3.91966521739959716797e-01) (82, -2.44168376922607421875e+00) (83, 1.84452325105667114258e-01) (84, 3.37385177612304687500e-01) (85, -2.54762887954711914062e-01) (86, 1.40406334400177001953e+00) (87, 1.71705090999603271484e+00) (88, -1.52225017547607421875e+00) (89, 8.90716671943664550781e-01) (90, -5.36705434322357177734e-01) (91, 1.36828339099884033203e+00) (92, 3.08531284332275390625e-01) (93, 1.39809355139732360840e-01) (94, 1.52116763591766357422e+00) (95, 1.29406464099884033203e+00) (96, 1.65634632110595703125e+00) (97, 1.54784962534904479980e-01) (98, 1.14732646942138671875e+00) (99, 1.54177710413932800293e-01) (100, 1.36012077331542968750e+00) (101, 5.74116334319114685059e-02) (102, 2.38768786191940307617e-01) (103, 1.66473364830017089844e+00) (104, 5.32529771327972412109e-01) (105, 3.17031335830688476562e+00) (106, 4.01549845933914184570e-01) (107, 9.97849106788635253906e-01) (108, 2.46257185935974121094e+00) (109, 2.66026854515075683594e+00) (110, -2.42395401000976562500e+00) (111, -2.93996953964233398438e+00) (112, 2.15325522422790527344e+00) (113, 1.02683603763580322266e+00) (114, 4.01777076721191406250e+00) (115, 3.79506158828735351562e+00) (116, 4.91103219985961914062e+00) (117, 5.46518921852111816406e-01) (118, 2.68358349800109863281e+00) (119, 9.73736405372619628906e-01) (120, -2.62596964836120605469e+00) (121, -2.34252953529357910156e+00) (122, 1.02345669269561767578e+00) (123, 1.27075195312500000000e+00) (124, -1.25185406208038330078e+00) (125, 1.76429665088653564453e+00) (126, 5.55352687835693359375e-01) (127, 1.03654968738555908203e+00) (128, -3.88259363174438476562e+00) (129, 1.23138666152954101562e+00) (130, 1.25360178947448730469e+00) 
