FANN_FLO_2.1
num_layers=3
learning_rate=0.700000
connection_rate=1.000000
network_type=0
learning_momentum=0.000000
training_algorithm=2
train_error_function=1
train_stop_function=0
cascade_output_change_fraction=0.010000
quickprop_decay=-0.000100
quickprop_mu=1.750000
rprop_increase_factor=1.200000
rprop_decrease_factor=0.500000
rprop_delta_min=0.000000
rprop_delta_max=50.000000
rprop_delta_zero=0.100000
cascade_output_stagnation_epochs=12
cascade_candidate_change_fraction=0.010000
cascade_candidate_stagnation_epochs=12
cascade_max_out_epochs=150
cascade_max_cand_epochs=150
cascade_num_candidate_groups=2
bit_fail_limit=3.49999994039535522461e-01
cascade_candidate_limit=1.00000000000000000000e+03
cascade_weight_multiplier=4.00000005960464477539e-01
cascade_activation_functions_count=10
cascade_activation_functions=3 5 7 8 10 11 14 15 16 17 
cascade_activation_steepnesses_count=4
cascade_activation_steepnesses=2.50000000000000000000e-01 5.00000000000000000000e-01 7.50000000000000000000e-01 1.00000000000000000000e+00 
layer_sizes=105 26 2 
scale_included=0
neurons (num_inputs, activation_function, activation_steepness)=(0, 0, 0.00000000000000000000e+00) (0, 0, 0.00000000000000000000e+00) (0, 0, 0.00000000000000000000e+00) (0, 0, 0.00000000000000000000e+00) (0, 0, 0.00000000000000000000e+00) (0, 0, 0.00000000000000000000e+00) (0, 0, 0.00000000000000000000e+00) (0, 0, 0.00000000000000000000e+00) (0, 0, 0.00000000000000000000e+00) (0, 0, 0.00000000000000000000e+00) (0, 0, 0.00000000000000000000e+00) (0, 0, 0.00000000000000000000e+00) (0, 0, 0.00000000000000000000e+00) (0, 0, 0.00000000000000000000e+00) (0, 0, 0.00000000000000000000e+00) (0, 0, 0.00000000000000000000e+00) (0, 0, 0.00000000000000000000e+00) (0, 0, 0.00000000000000000000e+00) (0, 0, 0.00000000000000000000e+00) (0, 0, 0.00000000000000000000e+00) (0, 0, 0.00000000000000000000e+00) (0, 0, 0.00000000000000000000e+00) (0, 0, 0.00000000000000000000e+00) (0, 0, 0.00000000000000000000e+00) (0, 0, 0.00000000000000000000e+00) (0, 0, 0.00000000000000000000e+00) (0, 0, 0.00000000000000000000e+00) (0, 0, 0.00000000000000000000e+00) (0, 0, 0.00000000000000000000e+00) (0, 0, 0.00000000000000000000e+00) (0, 0, 0.00000000000000000000e+00) (0, 0, 0.00000000000000000000e+00) (0, 0, 0.00000000000000000000e+00) (0, 0, 0.00000000000000000000e+00) (0, 0, 0.00000000000000000000e+00) (0, 0, 0.00000000000000000000e+00) (0, 0, 0.00000000000000000000e+00) (0, 0, 0.00000000000000000000e+00) (0, 0, 0.00000000000000000000e+00) (0, 0, 0.00000000000000000000e+00) (0, 0, 0.00000000000000000000e+00) (0, 0, 0.00000000000000000000e+00) (0, 0, 0.00000000000000000000e+00) (0, 0, 0.00000000000000000000e+00) (0, 0, 0.00000000000000000000e+00) (0, 0, 0.00000000000000000000e+00) (0, 0, 0.00000000000000000000e+00) (0, 0, 0.00000000000000000000e+00) (0, 0, 0.00000000000000000000e+00) (0, 0, 0.00000000000000000000e+00) (0, 0, 0.00000000000000000000e+00) (0, 0, 0.00000000000000000000e+00) (0, 0, 0.00000000000000000000e+00) (0, 0, 0.00000000000000000000e+00) (0, 0, 0.00000000000000000000e+00) (0, 0, 0.00000000000000000000e+00) (0, 0, 0.00000000000000000000e+00) (0, 0, 0.00000000000000000000e+00) (0, 0, 0.00000000000000000000e+00) (0, 0, 0.00000000000000000000e+00) (0, 0, 0.00000000000000000000e+00) (0, 0, 0.00000000000000000000e+00) (0, 0, 0.00000000000000000000e+00) (0, 0, 0.00000000000000000000e+00) (0, 0, 0.00000000000000000000e+00) (0, 0, 0.00000000000000000000e+00) (0, 0, 0.00000000000000000000e+00) (0, 0, 0.00000000000000000000e+00) (0, 0, 0.00000000000000000000e+00) (0, 0, 0.00000000000000000000e+00) (0, 0, 0.00000000000000000000e+00) (0, 0, 0.00000000000000000000e+00) (0, 0, 0.00000000000000000000e+00) (0, 0, 0.00000000000000000000e+00) (0, 0, 0.00000000000000000000e+00) (0, 0, 0.00000000000000000000e+00) (0, 0, 0.00000000000000000000e+00) (0, 0, 0.00000000000000000000e+00) (0, 0, 0.00000000000000000000e+00) (0, 0, 0.00000000000000000000e+00) (0, 0, 0.00000000000000000000e+00) (0, 0, 0.00000000000000000000e+00) (0, 0, 0.00000000000000000000e+00) (0, 0, 0.00000000000000000000e+00) (0, 0, 0.00000000000000000000e+00) (0, 0, 0.00000000000000000000e+00) (0, 0, 0.00000000000000000000e+00) (0, 0, 0.00000000000000000000e+00) (0, 0, 0.00000000000000000000e+00) (0, 0, 0.00000000000000000000e+00) (0, 0, 0.00000000000000000000e+00) (0, 0, 0.00000000000000000000e+00) (0, 0, 0.00000000000000000000e+00) (0, 0, 0.00000000000000000000e+00) (0, 0, 0.00000000000000000000e+00) (0, 0, 0.00000000000000000000e+00) (0, 0, 0.00000000000000000000e+00) (0, 0, 0.00000000000000000000e+00) (0, 0, 0.00000000000000000000e+00) (0, 0, 0.00000000000000000000e+00) (0, 0, 0.00000000000000000000e+00) (0, 0, 0.00000000000000000000e+00) (0, 0, 0.00000000000000000000e+00) (0, 0, 0.00000000000000000000e+00) (0, 0, 0.00000000000000000000e+00) (105, 5, 5.00000000000000000000e-01) (105, 5, 5.00000000000000000000e-01) (105, 5, 5.00000000000000000000e-01) (105, 5, 5.00000000000000000000e-01) (105, 5, 5.00000000000000000000e-01) (105, 5, 5.00000000000000000000e-01) (105, 5, 5.00000000000000000000e-01) (105, 5, 5.00000000000000000000e-01) (105, 5, 5.00000000000000000000e-01) (105, 5, 5.00000000000000000000e-01) (105, 5, 5.00000000000000000000e-01) (105, 5, 5.00000000000000000000e-01) (105, 5, 5.00000000000000000000e-01) (105, 5, 5.00000000000000000000e-01) (105, 5, 5.00000000000000000000e-01) (105, 5, 5.00000000000000000000e-01) (105, 5, 5.00000000000000000000e-01) (105, 5, 5.00000000000000000000e-01) (105, 5, 5.00000000000000000000e-01) (105, 5, 5.00000000000000000000e-01) (105, 5, 5.00000000000000000000e-01) (105, 5, 5.00000000000000000000e-01) (105, 5, 5.00000000000000000000e-01) (105, 5, 5.00000000000000000000e-01) (105, 5, 5.00000000000000000000e-01) (0, 5, 0.00000000000000000000e+00) (26, 5, 5.00000000000000000000e-01) (0, 5, 0.00000000000000000000e+00) 
connections (connected_to_neuron, weight)=(0, -8.99084854125976562500e+00) (1, -1.73991274833679199219e+00) (2, -5.51211237907409667969e-01) (3, -7.23569512367248535156e-01) (4, 1.02062261104583740234e+00) (5, 8.69767189025878906250e-01) (6, 1.09928286075592041016e+00) (7, -2.08829927444458007812e+00) (8, -1.55135703086853027344e+00) (9, -6.09738230705261230469e-01) (10, 9.80314314365386962891e-01) (11, 9.20213282108306884766e-01) (12, 9.73494231700897216797e-01) (13, -1.40050482749938964844e+00) (14, -6.70301973819732666016e-01) (15, 9.14993703365325927734e-01) (16, 1.00399649143218994141e+00) (17, 1.06770515441894531250e+00) (18, -1.65954485535621643066e-01) (19, 1.54281079769134521484e+00) (20, 8.68713200092315673828e-01) (21, -4.92825452238321304321e-03) (22, 9.92001473903656005859e-01) (23, 8.37149798870086669922e-01) (24, 6.20829463005065917969e-01) (25, 1.46994960308074951172e+00) (26, 1.07359099388122558594e+00) (27, 1.11638522148132324219e+00) (28, 1.40893948078155517578e+00) (29, 1.18647277355194091797e+00) (30, 9.62489306926727294922e-01) (31, 9.76822316646575927734e-01) (32, 1.08875119686126708984e+00) (33, 9.75594580173492431641e-01) (34, 2.23805442452430725098e-01) (35, 1.52038693428039550781e+00) (36, 1.10354876518249511719e+00) (37, 1.56414258480072021484e+00) (38, -1.10008478164672851562e-01) (39, 1.09090745449066162109e+00) (40, -5.77201306819915771484e-01) (41, -6.99355459213256835938e+00) (42, 2.29601812362670898438e+00) (43, -4.83112148940563201904e-02) (44, -5.52206039428710937500e-01) (45, -2.02699065208435058594e-01) (46, -2.40386843681335449219e-01) (47, -6.62752389907836914062e-01) (48, 1.16684806346893310547e+00) (49, 1.02752327919006347656e+00) (50, -6.81844353675842285156e-01) (51, 1.10821926593780517578e+00) (52, -1.68502628803253173828e-01) (53, -7.18853592872619628906e-01) (54, -2.45627358555793762207e-01) (55, 5.70146322250366210938e-01) (56, -9.82841923832893371582e-02) (57, 1.73233962059020996094e+00) (58, -6.63220071792602539062e+00) (59, -1.79133546352386474609e+00) (60, 3.85958582162857055664e-01) (61, 5.26340365409851074219e-01) (62, -6.16279184818267822266e-01) (63, 1.82582557201385498047e+00) (64, 5.21996140480041503906e-01) (65, -9.29556712508201599121e-02) (66, -2.17063426971435546875e-01) (67, -1.51796376705169677734e+00) (68, -6.07962906360626220703e-01) (69, -3.90661597251892089844e+00) (70, 9.52436447143554687500e-01) (71, 4.92488116025924682617e-01) (72, -1.48850977420806884766e-01) (73, -7.48971581459045410156e-01) (74, 1.71141469478607177734e+00) (75, -8.58426094055175781250e-01) (76, -2.14419245719909667969e-01) (77, 5.43054163455963134766e-01) (78, -1.24134473502635955811e-01) (79, 4.13840800523757934570e-01) (80, -3.08102631568908691406e+00) (81, 2.28526949882507324219e+00) (82, 5.56136488914489746094e-01) (83, -6.10977935791015625000e+00) (84, 3.86053848266601562500e+01) (85, -7.99253761768341064453e-01) (86, -6.96028620004653930664e-02) (87, -1.09537035226821899414e-01) (88, 1.22921538352966308594e+00) (89, 6.16776049137115478516e-01) (90, 1.68002724647521972656e+00) (91, -1.39268204569816589355e-01) (92, -4.00831174850463867188e+00) (93, -6.13046884536743164062e-01) (94, 9.55990016460418701172e-01) (95, 2.12760519981384277344e+00) (96, 4.93469029664993286133e-01) (97, 1.83081984519958496094e+00) (98, 2.27255249023437500000e+00) (99, 2.85842943191528320312e+00) (100, 3.85345429182052612305e-01) (101, -1.03360939025878906250e+00) (102, 2.35552144050598144531e+00) (103, -4.01739105582237243652e-02) (104, 1.26301944255828857422e+00) (0, -5.30384635925292968750e+00) (1, -8.65480709075927734375e+00) (2, 1.29759931564331054688e+00) (3, 5.83653509616851806641e-01) (4, 1.11223649978637695312e+00) (5, 1.52125978469848632812e+00) (6, 7.70328193902969360352e-02) (7, 1.26951491832733154297e+00) (8, -5.23259687423706054688e+00) (9, 9.46627199649810791016e-01) (10, 1.81784319877624511719e+00) (11, 1.39698815345764160156e+00) (12, 1.73461842536926269531e+00) (13, -3.01621365547180175781e+00) (14, 1.29652786254882812500e+00) (15, 1.90766143798828125000e+00) (16, 1.36272084712982177734e+00) (17, 1.72791731357574462891e+00) (18, 1.48710680007934570312e+00) (19, 1.76250088214874267578e+00) (20, 1.28028881549835205078e+00) (21, 1.77317440509796142578e+00) (22, 3.22584003210067749023e-01) (23, 7.55837440490722656250e-01) (24, 1.04637742042541503906e+00) (25, -5.91846862792968750000e+02) (26, 1.82735657691955566406e+00) (27, 1.78981268405914306641e+00) (28, 6.18154048919677734375e-01) (29, 1.89872837066650390625e+00) (30, 6.56247680664062500000e+02) (31, 1.34893608093261718750e+00) (32, 5.89378058910369873047e-01) (33, 4.81455266475677490234e-01) (34, 4.66335386037826538086e-01) (35, 3.56217346191406250000e+02) (36, 7.13833212852478027344e-01) (37, 5.13005104064941406250e+01) (38, 1.56885957717895507812e+00) (39, -5.77231872558593750000e+02) (40, 1.47752583026885986328e+00) (41, -5.44626760482788085938e+00) (42, 2.55669832229614257812e+00) (43, 1.10623061656951904297e-01) (44, 1.67053520679473876953e-01) (45, 6.81766867637634277344e-01) (46, 6.08708618164062500000e+02) (47, 8.33284378051757812500e+00) (48, 1.18527717590332031250e+01) (49, 3.61623358726501464844e+00) (50, 1.09434032440185546875e+00) (51, 6.49084150791168212891e-01) (52, 4.93488645553588867188e+00) (53, 1.14780151844024658203e+00) (54, 2.27588519454002380371e-01) (55, 1.34637804031372070312e+01) (56, 1.93648946285247802734e+00) (57, 7.06608653068542480469e-01) (58, -4.08266220092773437500e+01) (59, 3.09694707393646240234e-01) (60, 1.49077379703521728516e+00) (61, 1.51738882064819335938e+00) (62, 2.28885203599929809570e-01) (63, 1.59662449359893798828e+00) (64, 1.54029798507690429688e+00) (65, 2.28673529624938964844e+00) (66, 1.06193494796752929688e+00) (67, 7.41795492172241210938e+00) (68, 1.00930786132812500000e+00) (69, 2.75805264711380004883e-01) (70, 1.66836762428283691406e+00) (71, 2.22838950157165527344e+00) (72, 1.64711070060729980469e+00) (73, 4.88490343093872070312e-01) (74, 1.75184476375579833984e+00) (75, 1.54289495944976806641e+00) (76, 1.82948255538940429688e+00) (77, 2.99929189682006835938e+00) (78, 1.50293791294097900391e+00) (79, 1.13022673130035400391e+00) (80, 1.54578316211700439453e+00) (81, 9.84892427921295166016e-01) (82, 1.53005826473236083984e+00) (83, 9.95628893375396728516e-01) (84, -1.74565806984901428223e-01) (85, 1.07945144176483154297e+00) (86, 2.88400411605834960938e+00) (87, 1.52118897438049316406e+00) (88, 2.69544690847396850586e-01) (89, 1.78124606609344482422e+00) (90, 1.59900867938995361328e+00) (91, 1.81871688365936279297e+00) (92, 2.13905066251754760742e-01) (93, 1.62991988658905029297e+00) (94, 1.68661832809448242188e+00) (95, 9.85681593418121337891e-01) (96, 1.26241350173950195312e+00) (97, 2.03932896256446838379e-01) (98, 5.69896578788757324219e-01) (99, 9.45129752159118652344e-01) (100, 1.67099452018737792969e+00) (101, 2.04618096351623535156e-01) (102, -9.06489968299865722656e-01) (103, 3.54324507713317871094e+00) (104, 2.44871854782104492188e-01) (0, 4.50130045413970947266e-01) (1, 1.62394273281097412109e+00) (2, 1.79582762718200683594e+00) (3, 3.54827189445495605469e+00) (4, 2.33726687729358673096e-02) (5, 5.27563750743865966797e-01) (6, 1.32269906997680664062e+00) (7, 7.20638215541839599609e-01) (8, -5.54432332515716552734e-01) (9, -4.26189512014389038086e-01) (10, -6.36774480342864990234e-01) (11, 3.50618988275527954102e-01) (12, -2.47188234329223632812e+00) (13, 6.94154679775238037109e-01) (14, -5.69707155227661132812e-01) (15, -9.11499619483947753906e-01) (16, 1.37919688224792480469e+00) (17, 3.54713022708892822266e-01) (18, -8.25993061065673828125e-01) (19, 1.04749655723571777344e+00) (20, 1.00544297695159912109e+00) (21, -2.54226422309875488281e+00) (22, 1.66868782043457031250e+00) (23, 2.26448988914489746094e+00) (24, -4.26996767520904541016e-01) (25, 8.99206578731536865234e-01) (26, 5.24047493934631347656e-01) (27, -5.44959723949432373047e-01) (28, -4.52943667769432067871e-02) (29, -2.35952392220497131348e-01) (30, 3.25969517230987548828e-01) (31, 1.68405389785766601562e+00) (32, -5.19144296646118164062e-01) (33, 5.46047091484069824219e-01) (34, -1.27627098560333251953e+00) (35, 1.89140582084655761719e+00) (36, 3.86780351400375366211e-01) (37, 5.01810610294342041016e-01) (38, 4.20215129852294921875e-01) (39, 7.06204175949096679688e-01) (40, 4.26333248615264892578e-01) (41, 8.87585163116455078125e-01) (42, 1.67107760906219482422e+00) (43, -2.00420928001403808594e+00) (44, 1.56391024589538574219e+00) (45, -2.15946853160858154297e-01) (46, 3.82780343294143676758e-01) (47, 2.58571696281433105469e+00) (48, 9.05110165476799011230e-02) (49, 2.04697775840759277344e+00) (50, -1.48095980286598205566e-01) (51, 1.66031157970428466797e+00) (52, 1.63256537914276123047e+00) (53, -7.02287912368774414062e-01) (54, 8.55000793933868408203e-01) (55, 1.72254061698913574219e+00) (56, -1.31264597177505493164e-01) (57, 4.93103325366973876953e-01) (58, 8.80210816860198974609e-01) (59, -4.15841311216354370117e-01) (60, -6.60144507884979248047e-01) (61, -3.36245894432067871094e-02) (62, -6.54434338212013244629e-02) (63, 3.71919959783554077148e-01) (64, 8.56870412826538085938e-01) (65, -7.80038595199584960938e-01) (66, 3.39469790458679199219e-01) (67, 1.15449810028076171875e+00) (68, -8.16662073135375976562e-01) (69, 5.37196695804595947266e-01) (70, -5.11462152004241943359e-01) (71, -1.03613662719726562500e+00) (72, 1.39983212947845458984e+00) (73, -1.49662077426910400391e+00) (74, -3.48683148622512817383e-01) (75, -2.11737319827079772949e-01) (76, -1.05879247188568115234e+00) (77, 5.84079384803771972656e-01) (78, 6.29502713680267333984e-01) (79, -9.27293181419372558594e-01) (80, -8.23094129562377929688e-01) (81, -4.17281180620193481445e-01) (82, -1.93866133689880371094e-01) (83, 3.88397336006164550781e-01) (84, -1.87850102782249450684e-01) (85, -3.01245659589767456055e-01) (86, -8.32115054130554199219e-01) (87, 1.46451890468597412109e-01) (88, 1.15013055503368377686e-01) (89, -7.80348479747772216797e-01) (90, -1.04353857040405273438e+00) (91, 4.73097935318946838379e-02) (92, -8.67456719279289245605e-02) (93, -5.36100924015045166016e-01) (94, -6.72473907470703125000e-01) (95, -4.25901502370834350586e-01) (96, -5.03313660621643066406e-01) (97, 1.07522618770599365234e+00) (98, -2.07954049110412597656e+00) (99, -4.42412883043289184570e-01) (100, -4.09621238708496093750e-01) (101, 8.71977865695953369141e-01) (102, -3.34103393554687500000e+00) (103, 6.08181285858154296875e+00) (104, 2.34820103645324707031e+00) (0, 4.48711299896240234375e+00) (1, -7.36096501350402832031e-01) (2, -2.32104882597923278809e-01) (3, -1.04258203506469726562e+00) (4, -3.21517378091812133789e-01) (5, -8.42339873313903808594e-01) (6, 2.24278783798217773438e+00) (7, 6.86891078948974609375e-01) (8, -1.26503133773803710938e+00) (9, -2.47082874178886413574e-01) (10, -2.09899395704269409180e-01) (11, -2.39726796746253967285e-01) (12, 2.29024600982666015625e+00) (13, 1.73946428298950195312e+00) (14, 2.15722393989562988281e+00) (15, -3.78768593072891235352e-01) (16, -3.22755724191665649414e-01) (17, -6.70789659023284912109e-01) (18, -3.03716629743576049805e-01) (19, -6.64671838283538818359e-01) (20, -6.12206518650054931641e-01) (21, -1.81143343448638916016e+00) (22, 2.12342333793640136719e+00) (23, 1.54285693168640136719e+00) (24, 2.75882948189973831177e-02) (25, -6.87133073806762695312e-01) (26, -3.56649428606033325195e-01) (27, 1.18901252746582031250e+00) (28, 1.16206204891204833984e+00) (29, -7.57227480411529541016e-01) (30, -4.08271819353103637695e-01) (31, -2.10988849401473999023e-01) (32, -7.33352541923522949219e-01) (33, 1.65937089920043945312e+00) (34, 1.40070819854736328125e+00) (35, -1.60479891300201416016e+00) (36, 8.29794347286224365234e-01) (37, 1.02201059460639953613e-01) (38, -8.10992360115051269531e-01) (39, -4.78248262405395507812e+00) (40, 1.54369950294494628906e+00) (41, 1.28584241867065429688e+00) (42, 9.59592223167419433594e-01) (43, 1.74180221557617187500e+00) (44, 1.58907842636108398438e+00) (45, 1.67495763301849365234e+00) (46, -8.92695069313049316406e-01) (47, 9.17489886283874511719e-01) (48, 5.18773198127746582031e-01) (49, 1.08659696578979492188e+00) (50, -8.16792130470275878906e-01) (51, 1.12738919258117675781e+00) (52, -7.36952424049377441406e-01) (53, 1.18817639350891113281e+00) (54, 1.25791728496551513672e+00) (55, -2.25883245468139648438e+00) (56, 1.08196985721588134766e+00) (57, -4.74598705768585205078e-02) (58, -2.72926539182662963867e-01) (59, 6.18931651115417480469e-01) (60, -3.11742722988128662109e-01) (61, -2.98029452562332153320e-01) (62, 1.20490920543670654297e+00) (63, -8.49082052707672119141e-01) (64, -6.50990843772888183594e-01) (65, -6.91452264785766601562e-01) (66, 1.04343271255493164062e+00) (67, -5.53001940250396728516e-01) (68, -7.84176066517829895020e-02) (69, 2.13316202163696289062e+00) (70, -6.06987655162811279297e-01) (71, -7.44511246681213378906e-01) (72, -7.78827607631683349609e-01) (73, 1.66483044624328613281e+00) (74, -6.56894147396087646484e-01) (75, -7.92366981506347656250e-01) (76, -7.18376457691192626953e-01) (77, -6.61110341548919677734e-01) (78, 1.73417258262634277344e+00) (79, -8.19212973117828369141e-01) (80, -6.60203754901885986328e-01) (81, -8.74065101146697998047e-01) (82, -3.46014052629470825195e-01) (83, -7.25238621234893798828e-01) (84, -7.01865315437316894531e-01) (85, -6.64784610271453857422e-01) (86, -6.93172693252563476562e-01) (87, 1.69891333580017089844e+00) (88, -5.73838531970977783203e-01) (89, -1.79984700679779052734e+00) (90, -6.58510863780975341797e-01) (91, 1.24200773239135742188e+00) (92, 2.13698744773864746094e+00) (93, 6.45584344863891601562e-01) (94, -3.53263586759567260742e-01) (95, -7.91028499603271484375e-01) (96, 1.45925414562225341797e+00) (97, -2.34284088015556335449e-01) (98, -6.34404420852661132812e-01) (99, -7.14450478553771972656e-01) (100, -7.82334566116333007812e-01) (101, 1.31138348579406738281e+00) (102, -1.96134114265441894531e+00) (103, 4.45829391479492187500e+00) (104, 2.10177779197692871094e+00) (0, 3.27516341209411621094e+00) (1, -1.28892111778259277344e+00) (2, -7.29582011699676513672e-01) (3, -6.86369478702545166016e-01) (4, -2.77031958103179931641e-01) (5, -8.11484873294830322266e-01) (6, -2.12830647826194763184e-01) (7, 2.39732846617698669434e-01) (8, -1.44178974628448486328e+00) (9, 2.19831132888793945312e+00) (10, -3.65602284669876098633e-01) (11, -3.24925988912582397461e-01) (12, 1.65731036663055419922e+00) (13, 1.72562181949615478516e+00) (14, 4.97015416622161865234e-01) (15, -8.26124787330627441406e-01) (16, -4.26540702581405639648e-01) (17, -6.56940639019012451172e-01) (18, 1.74323284626007080078e+00) (19, -3.59189778566360473633e-01) (20, -3.97386342287063598633e-01) (21, -1.08321458101272583008e-01) (22, 6.05621099472045898438e-01) (23, 8.90221148729324340820e-02) (24, 2.07829713821411132812e+00) (25, -1.33032524585723876953e+00) (26, -6.96692228317260742188e-01) (27, -6.85692429542541503906e-01) (28, 1.77333056926727294922e+00) (29, -1.14445769786834716797e+00) (30, 5.70428788661956787109e-01) (31, -2.92246192693710327148e-01) (32, -7.65669345855712890625e-01) (33, 5.75245022773742675781e-01) (34, -1.15539252758026123047e-01) (35, -6.17508471012115478516e-01) (36, -1.05688560009002685547e+00) (37, -4.72775369882583618164e-01) (38, -6.61786973476409912109e-01) (39, -6.68855488300323486328e-01) (40, -6.81295692920684814453e-01) (41, -6.70723915100097656250e-01) (42, 1.76182126998901367188e+00) (43, -4.44923818111419677734e-01) (44, -4.24455761909484863281e-01) (45, 1.68221151828765869141e+00) (46, 2.64617729187011718750e+00) (47, -6.96267366409301757812e-01) (48, 6.65080010890960693359e-01) (49, -6.54007852077484130859e-01) (50, 2.16175317764282226562e+00) (51, 6.36285006999969482422e-01) (52, 3.63235682249069213867e-01) (53, -7.78745353221893310547e-01) (54, 5.37339925765991210938e-01) (55, 3.84749984741210937500e+00) (56, 6.38244330883026123047e-01) (57, -5.81467688083648681641e-01) (58, 5.65738081932067871094e-01) (59, 2.48067688941955566406e+00) (60, -7.64017701148986816406e-01) (61, 1.31565344333648681641e+00) (62, 2.30549430847167968750e+00) (63, -6.76400303840637207031e-01) (64, -5.45155167579650878906e-01) (65, -7.71332204341888427734e-01) (66, -6.81378126144409179688e-01) (67, 8.71026337146759033203e-01) (68, -1.89174741506576538086e-01) (69, 2.28159475326538085938e+00) (70, -8.03075134754180908203e-01) (71, -6.67782485485076904297e-01) (72, -6.87637090682983398438e-01) (73, -7.33074024319648742676e-02) (74, -7.66196966171264648438e-01) (75, -5.28501033782958984375e-01) (76, -7.51296162605285644531e-01) (77, -6.36462926864624023438e-01) (78, -5.41968047618865966797e-01) (79, -7.75911271572113037109e-01) (80, -7.68462479114532470703e-01) (81, -6.78131401538848876953e-01) (82, -6.88703238964080810547e-01) (83, 1.54808032512664794922e+00) (84, -7.37340450286865234375e-01) (85, -3.23460459709167480469e-01) (86, -7.25741624832153320312e-01) (87, 1.66783308982849121094e+00) (88, -6.56191527843475341797e-01) (89, -6.86593830585479736328e-01) (90, -8.76632630825042724609e-01) (91, 6.29548728466033935547e-01) (92, 1.83466851711273193359e+00) (93, -8.93309533596038818359e-01) (94, -7.13399469852447509766e-01) (95, 1.71070218086242675781e+00) (96, 1.66705954074859619141e+00) (97, -7.22340464591979980469e-01) (98, -6.55569970607757568359e-01) (99, 1.69934785366058349609e+00) (100, -8.15476477146148681641e-01) (101, 1.73711097240447998047e+00) (102, 3.92861485481262207031e-01) (103, 1.58807981014251708984e+00) (104, 2.23327323794364929199e-01) (0, -3.14368098974227905273e-01) (1, -7.74802207946777343750e-01) (2, -3.39701801538467407227e-01) (3, -2.83196777105331420898e-01) (4, -2.91553616523742675781e-01) (5, -1.02888488769531250000e+00) (6, 1.32429516315460205078e+00) (7, -3.96065622568130493164e-01) (8, -8.37920308113098144531e-01) (9, -7.15073645114898681641e-01) (10, 4.22813415527343750000e-01) (11, -3.87346267700195312500e-01) (12, -7.27587103843688964844e-01) (13, 3.55965733528137207031e-01) (14, -2.12498649954795837402e-01) (15, -6.98694646358489990234e-01) (16, -7.35996723175048828125e-01) (17, 1.86307454109191894531e+00) (18, -8.51872384548187255859e-01) (19, -7.10267424583435058594e-01) (20, -7.73110091686248779297e-01) (21, -6.48788690567016601562e-01) (22, 8.00822913646697998047e-01) (23, 4.26639914512634277344e-01) (24, 1.23935186862945556641e+00) (25, -7.72644221782684326172e-01) (26, -6.68727815151214599609e-01) (27, -5.94985902309417724609e-01) (28, 1.62703382968902587891e+00) (29, -7.20675170421600341797e-01) (30, -7.85781979560852050781e-01) (31, -7.15252459049224853516e-01) (32, 1.03783440589904785156e+00) (33, 5.22848784923553466797e-01) (34, -3.38462710380554199219e+00) (35, -7.27241456508636474609e-01) (36, -6.87159240245819091797e-01) (37, -5.78687071800231933594e-01) (38, -7.54199743270874023438e-01) (39, 1.55165445804595947266e+00) (40, -2.24331781268119812012e-01) (41, -1.01125502586364746094e+00) (42, 3.67697507143020629883e-01) (43, 1.65238940715789794922e+00) (44, 1.79745924472808837891e+00) (45, 1.73343551158905029297e+00) (46, -9.49880003929138183594e-01) (47, 2.17679572105407714844e+00) (48, 2.22065135836601257324e-01) (49, 1.72708547115325927734e+00) (50, -2.38659277558326721191e-01) (51, 1.76844918727874755859e+00) (52, -8.13091158866882324219e-01) (53, -2.13238522410392761230e-01) (54, 1.02711701393127441406e+00) (55, 3.14430654048919677734e-01) (56, -1.31261065602302551270e-01) (57, 1.09502279758453369141e+00) (58, -3.52824628353118896484e-01) (59, -3.35207134485244750977e-02) (60, -3.91017407178878784180e-01) (61, 2.57112646102905273438e+00) (62, 1.80622208118438720703e+00) (63, -7.57232427597045898438e-01) (64, -7.31545448303222656250e-01) (65, -6.96560740470886230469e-01) (66, -1.98177301883697509766e+00) (67, -5.83829820156097412109e-01) (68, -7.51788198947906494141e-01) (69, -1.06993103027343750000e+00) (70, 1.75376713275909423828e+00) (71, -7.51875042915344238281e-01) (72, -7.89569258689880371094e-01) (73, 2.44200602173805236816e-01) (74, 1.00292801856994628906e+00) (75, 9.05133247375488281250e-01) (76, -1.09939002990722656250e+00) (77, 1.03111021220684051514e-01) (78, 7.66122937202453613281e-01) (79, -9.33843925595283508301e-02) (80, -3.27988362312316894531e+00) (81, -6.84081912040710449219e-01) (82, -8.63619625568389892578e-01) (83, 4.84199047088623046875e-01) (84, -5.59535920619964599609e-01) (85, 1.67754983901977539062e+00) (86, -8.24841678142547607422e-01) (87, 1.71285676956176757812e+00) (88, 1.50410747528076171875e+00) (89, 1.20349317789077758789e-01) (90, 2.48915061354637145996e-01) (91, 1.82280492782592773438e+00) (92, 2.30759835243225097656e+00) (93, -8.47849488258361816406e-01) (94, -3.18673521280288696289e-01) (95, 7.32464790344238281250e-01) (96, 1.02596354484558105469e+00) (97, 2.16307234764099121094e+00) (98, 2.06811642646789550781e+00) (99, 2.99599077552556991577e-02) (100, -8.24939787387847900391e-01) (101, 1.79433751106262207031e+00) (102, -7.61120915412902832031e-01) (103, 2.64261484146118164062e+00) (104, 2.68875002861022949219e+00) (0, 1.98092687129974365234e+00) (1, 1.71904361248016357422e+00) (2, -7.82628178596496582031e-01) (3, -6.36297523975372314453e-01) (4, -6.64311885833740234375e-01) (5, 2.51012372970581054688e+00) (6, 2.27340006828308105469e+00) (7, -7.87189483642578125000e-01) (8, -1.89076590538024902344e+00) (9, -6.76561295986175537109e-01) (10, -7.71712005138397216797e-01) (11, -7.23475933074951171875e-01) (12, 1.82524621486663818359e+00) (13, -2.33220458030700683594e+00) (14, -7.97141373157501220703e-01) (15, -2.10548296570777893066e-01) (16, -8.24593007564544677734e-01) (17, 1.81830573081970214844e+00) (18, -7.80329227447509765625e-01) (19, -8.41130495071411132812e-01) (20, -9.03558909893035888672e-01) (21, -4.85648304224014282227e-01) (22, 8.78657758235931396484e-01) (23, 2.38313481211662292480e-01) (24, -2.92979383468627929688e+00) (25, 5.14467060565948486328e-01) (26, -4.67659644782543182373e-02) (27, 2.18337440490722656250e+00) (28, 5.29241301119327545166e-02) (29, 1.30574274063110351562e+00) (30, -1.22677028179168701172e+00) (31, 1.22052764892578125000e+00) (32, 1.95107376575469970703e+00) (33, 8.77563416957855224609e-01) (34, -1.30047595500946044922e+00) (35, -1.80876813828945159912e-02) (36, 1.23889446258544921875e+00) (37, 4.27910178899765014648e-01) (38, 2.29253754019737243652e-01) (39, 1.84832060337066650391e+00) (40, -8.94680917263031005859e-01) (41, 2.96659564971923828125e+00) (42, -1.89616650342941284180e-01) (43, -3.89876663684844970703e-01) (44, -1.00611317157745361328e+00) (45, -6.80204927921295166016e-01) (46, -1.51443803310394287109e+00) (47, 6.95484399795532226562e-01) (48, 4.66090142726898193359e-02) (49, -3.01120102405548095703e-01) (50, -7.22568869590759277344e-01) (51, 1.33721446990966796875e+00) (52, -2.51108407974243164062e-01) (53, 5.97261071205139160156e-01) (54, 1.34872639179229736328e+00) (55, 2.75440168380737304688e+00) (56, -2.73382604122161865234e-01) (57, 1.26925289630889892578e+00) (58, -2.06273531913757324219e+00) (59, 2.49724006652832031250e+00) (60, 2.15927767753601074219e+00) (61, -2.19289088249206542969e+00) (62, -3.19229930639266967773e-01) (63, 2.48576903343200683594e+00) (64, -2.74281501770019531250e-01) (65, -2.31939312070608139038e-02) (66, -7.17689931392669677734e-01) (67, 1.75224709510803222656e+00) (68, -2.12367701530456542969e+00) (69, 1.31499564647674560547e+00) (70, -7.32875347137451171875e-01) (71, -3.39350402355194091797e-01) (72, -6.48928523063659667969e-01) (73, 2.92161989212036132812e+00) (74, -7.64922499656677246094e-01) (75, -7.40771412849426269531e-01) (76, -1.20372307300567626953e+00) (77, -7.18579232692718505859e-01) (78, -2.58404284715652465820e-01) (79, -1.11109185218811035156e+00) (80, 6.88003361225128173828e-01) (81, -2.47061920166015625000e+00) (82, -1.17926549911499023438e+00) (83, 4.63935077190399169922e-01) (84, -9.88530397415161132812e-01) (85, -2.85425686836242675781e+00) (86, -4.50452595949172973633e-01) (87, -1.22677765786647796631e-01) (88, 2.47532415390014648438e+00) (89, -9.02070701122283935547e-01) (90, 9.43777784705162048340e-02) (91, 7.89487409591674804688e+00) (92, -6.89590811729431152344e-01) (93, -5.94708085060119628906e-01) (94, -1.07908092439174652100e-01) (95, 3.48409086465835571289e-01) (96, -7.00617671012878417969e-01) (97, 2.92018246650695800781e+00) (98, -4.51387673616409301758e-01) (99, -3.25328260660171508789e-01) (100, -6.24130845069885253906e-01) (101, -1.86189401149749755859e+00) (102, 5.25654971599578857422e-01) (103, 1.86672055721282958984e+00) (104, 2.16366171836853027344e+00) (0, 1.42071688175201416016e+00) (1, 7.09558188915252685547e-01) (2, 1.63266563415527343750e+00) (3, -9.04611170291900634766e-01) (4, 9.83471035957336425781e-01) (5, 1.92670738697052001953e+00) (6, -5.80827742815017700195e-02) (7, -3.27146500349044799805e-01) (8, 1.70769661664962768555e-01) (9, -2.86490410566329956055e-01) (10, -2.10577416419982910156e+00) (11, -4.32522654533386230469e-01) (12, -1.19598567485809326172e+00) (13, 1.50488042831420898438e+00) (14, -1.20794236660003662109e+00) (15, 6.78707063198089599609e-01) (16, 4.90892976522445678711e-01) (17, -2.38636827468872070312e+00) (18, -1.00164163112640380859e+00) (19, -3.62137317657470703125e-01) (20, -7.89606198668479919434e-02) (21, 8.50884377956390380859e-01) (22, -1.14056599140167236328e+00) (23, -1.10567414760589599609e+00) (24, 2.77266502380371093750e+00) (25, 7.00000599026679992676e-02) (26, 4.26554322242736816406e-01) (27, 1.92361474037170410156e+00) (28, 1.69652676582336425781e+00) (29, -6.66578173637390136719e-01) (30, -7.84973442554473876953e-01) (31, -4.04467582702636718750e-01) (32, 1.68986761569976806641e+00) (33, -2.02947154641151428223e-01) (34, -1.20163194835186004639e-01) (35, -2.34362244606018066406e-01) (36, 9.55737233161926269531e-01) (37, 3.38963776826858520508e-01) (38, 5.88510692119598388672e-01) (39, -3.18907350301742553711e-01) (40, 1.81253111362457275391e+00) (41, -5.19842326641082763672e-01) (42, 6.09830841422080993652e-02) (43, 4.41620767116546630859e-01) (44, -4.86330419778823852539e-01) (45, 1.46961152553558349609e-01) (46, -9.51055467128753662109e-01) (47, 1.87059044837951660156e+00) (48, 1.70982646942138671875e+00) (49, 1.42027586698532104492e-01) (50, -1.64535975456237792969e+00) (51, 1.46451324224472045898e-01) (52, -8.72595608234405517578e-01) (53, 2.50876128673553466797e-01) (54, 7.33342349529266357422e-01) (55, 1.39315474033355712891e+00) (56, 1.02388739585876464844e+00) (57, 5.89598953723907470703e-01) (58, -8.13843727111816406250e-01) (59, 5.96454739570617675781e-01) (60, 2.19782084226608276367e-01) (61, -8.13373029232025146484e-01) (62, 1.52066659927368164062e+00) (63, -8.21615219116210937500e-01) (64, -7.97297298908233642578e-01) (65, -1.98040559887886047363e-01) (66, 9.28199768066406250000e-01) (67, 3.83214443922042846680e-01) (68, 2.24136978387832641602e-01) (69, -7.08576798439025878906e-01) (70, -5.40952146053314208984e-01) (71, 3.09390872716903686523e-01) (72, 4.63061511516571044922e-01) (73, 2.90309697389602661133e-01) (74, -6.25226616859436035156e-01) (75, 1.56693369150161743164e-01) (76, -7.49781653285026550293e-02) (77, -7.00362384319305419922e-01) (78, -6.69690608978271484375e-01) (79, -7.98853278160095214844e-01) (80, 7.25905239582061767578e-01) (81, 1.24947197735309600830e-01) (82, -2.96310037374496459961e-01) (83, -7.81700849533081054688e-01) (84, -8.31847429275512695312e-01) (85, -7.86046147346496582031e-01) (86, -7.29525566101074218750e-01) (87, -8.35029661655426025391e-01) (88, 2.21466994285583496094e+00) (89, -3.60110074281692504883e-01) (90, -2.57820099592208862305e-01) (91, 1.05176067352294921875e+00) (92, 5.31862735748291015625e-01) (93, -2.71964311599731445312e-01) (94, -7.65056490898132324219e-01) (95, -8.11039268970489501953e-01) (96, 1.03939366340637207031e+00) (97, 5.71172952651977539062e-01) (98, -6.59996151924133300781e-01) (99, -8.05818259716033935547e-01) (100, -7.12560951709747314453e-01) (101, 5.90384662151336669922e-01) (102, -4.24644279479980468750e+00) (103, 7.21200370788574218750e+00) (104, 2.65768575668334960938e+00) (0, -1.52042210102081298828e+00) (1, 3.65676015615463256836e-01) (2, -8.15212130546569824219e-01) (3, 3.33698630332946777344e+00) (4, -6.20725214481353759766e-01) (5, 2.06179432570934295654e-02) (6, -2.10365366935729980469e+00) (7, 2.83904284238815307617e-01) (8, -9.86782371997833251953e-01) (9, 1.86740922927856445312e+00) (10, -3.91688287258148193359e-01) (11, 1.18018221855163574219e+00) (12, 3.28822992742061614990e-02) (13, 1.71496832370758056641e+00) (14, 1.41343009471893310547e+00) (15, -1.05423712730407714844e+00) (16, -1.31361472606658935547e+00) (17, 1.72003090381622314453e+00) (18, 1.00488770008087158203e+00) (19, 1.06290578842163085938e+00) (20, 9.64952588081359863281e-01) (21, -1.80176281929016113281e+00) (22, -1.62597787380218505859e+00) (23, 2.68903255462646484375e+00) (24, 2.23041772842407226562e+00) (25, 9.36070859432220458984e-01) (26, -4.45652365684509277344e-01) (27, -3.61246943473815917969e-01) (28, 6.70663475990295410156e-01) (29, -1.59060314297676086426e-01) (30, -1.33468255400657653809e-01) (31, 2.82790160179138183594e+00) (32, -2.89660692214965820312e-01) (33, 1.58976566791534423828e+00) (34, 1.32182717323303222656e+00) (35, 1.44907641410827636719e+00) (36, -1.57345622777938842773e-01) (37, 3.50606799125671386719e-01) (38, -4.60755109786987304688e-01) (39, -2.55802333354949951172e-01) (40, 4.80211637914180755615e-02) (41, -1.29779453277587890625e+01) (42, 3.31962943077087402344e-01) (43, 4.50626790523529052734e-01) (44, -5.89809179306030273438e-01) (45, 3.56467336416244506836e-01) (46, 1.83883154392242431641e+00) (47, -8.77195060253143310547e-01) (48, -4.70481932163238525391e-01) (49, 6.92466020584106445312e-01) (50, -1.15797305107116699219e+00) (51, -2.01190635561943054199e-01) (52, -9.43302810192108154297e-01) (53, -5.16186356544494628906e-01) (54, 2.60303020477294921875e-01) (55, -4.49813222885131835938e+00) (56, -4.55265194177627563477e-01) (57, 6.40088319778442382812e+00) (58, 6.75514280796051025391e-01) (59, 1.99463951587677001953e+00) (60, 1.23952239751815795898e-01) (61, 8.67831826210021972656e-01) (62, 4.22681063413619995117e-01) (63, 3.44994552433490753174e-02) (64, -7.43208289146423339844e-01) (65, 1.62345677614212036133e-01) (66, -1.69544470310211181641e+00) (67, 1.10842740535736083984e+00) (68, 3.30840897560119628906e+00) (69, 1.43029820919036865234e+00) (70, -5.67727625370025634766e-01) (71, -3.00034701824188232422e-01) (72, -3.82427692413330078125e-01) (73, 8.99501681327819824219e-01) (74, -3.61324250698089599609e-01) (75, -6.48876845836639404297e-01) (76, -8.67486596107482910156e-01) (77, -3.06722847744822502136e-03) (78, 1.64106881618499755859e+00) (79, 1.85342633724212646484e+00) (80, -2.34487342834472656250e+00) (81, -1.87155580520629882812e+00) (82, 2.90635299682617187500e+00) (83, -1.39666154980659484863e-01) (84, 3.30831694602966308594e+00) (85, 5.40385961532592773438e-01) (86, -4.22321818768978118896e-03) (87, -1.97255998849868774414e-01) (88, -9.35155391693115234375e-01) (89, 6.91469371318817138672e-01) (90, 1.29704093933105468750e+00) (91, -2.63073921203613281250e+00) (92, 1.57122939825057983398e-01) (93, 2.36048065125942230225e-02) (94, -1.96580335497856140137e-01) (95, -2.17564630508422851562e+00) (96, -1.48864155635237693787e-02) (97, 5.52805066108703613281e-01) (98, 2.91696369647979736328e-01) (99, 1.89930927753448486328e+00) (100, -2.86218583583831787109e-01) (101, -1.36575818061828613281e-01) (102, 3.25344353914260864258e-02) (103, 1.75373625755310058594e+00) (104, 2.15316963195800781250e+00) (0, -3.82405102252960205078e-01) (1, -3.52600812911987304688e-01) (2, 1.74526548385620117188e+00) (3, -3.85282993316650390625e-01) (4, 7.44289979338645935059e-02) (5, -1.27530884742736816406e+00) (6, -5.74281156063079833984e-01) (7, 7.65628874301910400391e-01) (8, 1.19734898209571838379e-01) (9, 1.78138184547424316406e+00) (10, -9.86670792102813720703e-01) (11, 3.46455156803131103516e-01) (12, 1.66457903385162353516e+00) (13, 2.94718551635742187500e+00) (14, -6.54481202363967895508e-02) (15, 2.69387871026992797852e-01) (16, -2.82566809654235839844e+00) (17, -1.58160221576690673828e+00) (18, -1.13899385929107666016e+00) (19, 9.03509259223937988281e-02) (20, -7.70998895168304443359e-01) (21, -4.08756923675537109375e+00) (22, 1.62037983536720275879e-01) (23, 2.49797081947326660156e+00) (24, 4.80648070573806762695e-01) (25, -3.99465024471282958984e-01) (26, -8.28552901744842529297e-01) (27, -7.14954435825347900391e-01) (28, 3.26655411720275878906e+00) (29, -1.02937674522399902344e+00) (30, -1.18363536894321441650e-01) (31, 1.27430045604705810547e+00) (32, 1.86977908015251159668e-01) (33, 1.41444101929664611816e-01) (34, 5.39429225027561187744e-02) (35, -3.76555275917053222656e+00) (36, 8.55570137500762939453e-02) (37, 3.43067407608032226562e-01) (38, 7.99230515956878662109e-01) (39, 4.44981426000595092773e-01) (40, 6.30060303956270217896e-03) (41, 1.21441793441772460938e+00) (42, -7.05699682235717773438e-01) (43, 4.07942008972167968750e+00) (44, 2.35811591148376464844e-01) (45, 1.06868433952331542969e+00) (46, 1.27018117904663085938e+00) (47, 1.19270074367523193359e+00) (48, -1.36343419551849365234e-01) (49, -7.46456265449523925781e-01) (50, -7.82643437385559082031e-01) (51, 5.60119688510894775391e-01) (52, 1.94972336292266845703e+00) (53, -1.17100381851196289062e+00) (54, 4.84277456998825073242e-01) (55, 1.14154767990112304688e+00) (56, -6.65493965148925781250e-01) (57, -3.22828620672225952148e-01) (58, 6.88589334487915039062e-01) (59, 5.57381868362426757812e-01) (60, -6.63172483444213867188e-01) (61, -7.92934119701385498047e-01) (62, 1.24591541290283203125e+00) (63, -7.71903753280639648438e-01) (64, 8.10158848762512207031e-02) (65, -2.26979255676269531250e-01) (66, -2.75354087352752685547e-01) (67, -3.20972979068756103516e-01) (68, -8.00683379173278808594e-01) (69, -2.88777470588684082031e-01) (70, -8.38850855827331542969e-01) (71, -7.73607134819030761719e-01) (72, -9.48894619941711425781e-01) (73, -3.55168342590332031250e-01) (74, -1.36996817588806152344e+00) (75, -7.72524535655975341797e-01) (76, 5.19746541976928710938e-01) (77, -3.28249782323837280273e-01) (78, -2.76548266410827636719e-01) (79, -7.60077118873596191406e-01) (80, 9.32802140712738037109e-01) (81, -7.44245111942291259766e-01) (82, 1.44781664013862609863e-01) (83, -8.08448374271392822266e-01) (84, 1.75207006931304931641e+00) (85, 1.13969075679779052734e+00) (86, 5.08069515228271484375e-01) (87, -6.99072480201721191406e-01) (88, 2.62098997831344604492e-01) (89, 1.73209261894226074219e+00) (90, 2.29161366820335388184e-01) (91, -5.97816169261932373047e-01) (92, 1.77583897113800048828e+00) (93, 5.09420573711395263672e-01) (94, -6.39352321624755859375e-01) (95, 1.88745987415313720703e+00) (96, 4.12738174200057983398e-01) (97, -7.87374138832092285156e-01) (98, -6.55058503150939941406e-01) (99, 1.95525541901588439941e-01) (100, -6.93765580654144287109e-01) (101, -6.93793594837188720703e-01) (102, -3.28786659240722656250e+00) (103, 6.71753597259521484375e+00) (104, 2.70266008377075195312e+00) (0, 4.15832614898681640625e+00) (1, -2.93119978904724121094e+00) (2, 2.18568897247314453125e+00) (3, -1.28746736049652099609e+00) (4, -1.25873684883117675781e+00) (5, -8.57509374618530273438e-01) (6, -1.55259564518928527832e-01) (7, -5.67203760147094726562e+00) (8, -4.14762735366821289062e-01) (9, 1.28007006645202636719e+00) (10, -5.19098472595214843750e+00) (11, -1.77614235877990722656e+00) (12, -8.48601043224334716797e-01) (13, -3.79678606986999511719e+00) (14, -1.97571372985839843750e+00) (15, 2.63489031791687011719e+00) (16, 4.66951751708984375000e+00) (17, -4.64459732174873352051e-02) (18, -2.15730428695678710938e+00) (19, 2.58623540401458740234e-01) (20, -1.65147533416748046875e+01) (21, 4.43233203887939453125e+00) (22, -5.17544698715209960938e+00) (23, 3.33583092689514160156e+00) (24, 5.35845458507537841797e-01) (25, 4.41935509443283081055e-01) (26, -5.89387035369873046875e+00) (27, -3.58272790908813476562e+00) (28, -1.60766661167144775391e+00) (29, -1.85815849304199218750e+01) (30, 4.14473676681518554688e+00) (31, -6.63072347640991210938e-01) (32, 2.90603399276733398438e+00) (33, -1.56420981884002685547e+00) (34, 4.70630556344985961914e-01) (35, -1.45304346084594726562e+00) (36, -6.12857341766357421875e-01) (37, 2.34581995010375976562e+00) (38, -2.21196460723876953125e+00) (39, -2.33676075935363769531e+00) (40, -8.24932515621185302734e-01) (41, 6.46820127964019775391e-01) (42, -8.67964029312133789062e-01) (43, 3.48212814331054687500e+00) (44, -3.42674195766448974609e-01) (45, 2.13087216019630432129e-01) (46, 2.58534830063581466675e-02) (47, -1.62431967258453369141e+00) (48, 1.65955805778503417969e+00) (49, -4.74850535392761230469e-02) (50, -5.99178671836853027344e-01) (51, 5.89848089218139648438e+00) (52, 4.11925703287124633789e-01) (53, -1.75603997707366943359e+00) (54, 2.13818192481994628906e+00) (55, -5.14532852172851562500e+00) (56, -2.86010533571243286133e-01) (57, 5.29245853424072265625e-01) (58, 1.77718615531921386719e+00) (59, -3.10328722000122070312e+00) (60, -1.00441610813140869141e+00) (61, -1.52414214611053466797e+00) (62, 2.59345746040344238281e+00) (63, 1.45219251513481140137e-01) (64, 1.16414415836334228516e+00) (65, 2.33594846725463867188e+00) (66, 2.18242645263671875000e+00) (67, 1.41096973419189453125e+00) (68, -8.14031958580017089844e-01) (69, 8.08957517147064208984e-01) (70, -1.62199711799621582031e+00) (71, 1.50726401805877685547e+00) (72, 4.20944118499755859375e+00) (73, 3.77498656511306762695e-01) (74, 8.89622271060943603516e-01) (75, -6.17834985256195068359e-01) (76, -1.52110886573791503906e+00) (77, 8.55726659297943115234e-01) (78, -5.42222619056701660156e-01) (79, -2.53474068641662597656e+00) (80, -1.63059580326080322266e+00) (81, -7.09696471691131591797e-01) (82, 3.56469452381134033203e-01) (83, -5.89363515377044677734e-01) (84, -4.16035652160644531250e-02) (85, -1.16323105990886688232e-01) (86, 8.42406809329986572266e-01) (87, 3.95859330892562866211e-01) (88, 8.59761714935302734375e-01) (89, -3.08169335126876831055e-01) (90, 1.70528221130371093750e+00) (91, 8.62040698528289794922e-01) (92, 2.74874091148376464844e-01) (93, 3.82152765989303588867e-01) (94, 5.29905021190643310547e-01) (95, -6.20770901441574096680e-02) (96, -4.27333056926727294922e-01) (97, 5.37798583507537841797e-01) (98, 9.63459372520446777344e-01) (99, -9.77475475519895553589e-03) (100, 4.39647704362869262695e-01) (101, 8.74693810939788818359e-01) (102, -6.02964997291564941406e-01) (103, 3.11780381202697753906e+00) (104, 1.36789488792419433594e+00) (0, -1.97901022434234619141e+00) (1, -8.04343521595001220703e-01) (2, -7.06504344940185546875e-01) (3, 7.53150105476379394531e-01) (4, 4.04177129268646240234e-01) (5, -9.30754363536834716797e-01) (6, -6.83824002742767333984e-01) (7, -7.16299355030059814453e-01) (8, -2.91184163093566894531e+00) (9, -7.68487632274627685547e-01) (10, 4.46053266525268554688e-01) (11, -8.22614014148712158203e-01) (12, -4.91722553968429565430e-01) (13, 1.28769266605377197266e+00) (14, -2.06927701830863952637e-01) (15, -5.28342902660369873047e-01) (16, 1.08983552455902099609e+00) (17, 5.25990843772888183594e-01) (18, -8.14585030078887939453e-01) (19, 1.78822982311248779297e+00) (20, -7.74558365345001220703e-01) (21, -6.44343435764312744141e-01) (22, 1.79103207588195800781e+00) (23, -6.26118719577789306641e-01) (24, 3.19966733455657958984e-01) (25, -2.18529701232910156250e-01) (26, -7.50705063343048095703e-01) (27, -6.32817447185516357422e-01) (28, 1.78668010234832763672e+00) (29, -7.17378199100494384766e-01) (30, 1.33655333518981933594e+00) (31, -3.43563228845596313477e-01) (32, 1.02054071426391601562e+00) (33, 2.31247472763061523438e+00) (34, 9.74455356597900390625e-01) (35, 1.08737742900848388672e+00) (36, 1.49419963359832763672e+00) (37, 5.58371365070343017578e-01) (38, -7.77355372905731201172e-01) (39, -6.16368830204010009766e-01) (40, 4.79430556297302246094e-01) (41, -7.17071294784545898438e-01) (42, 5.74007689952850341797e-01) (43, -4.97027069330215454102e-01) (44, -7.25093126296997070312e-01) (45, -9.80984747409820556641e-01) (46, 4.41415596008300781250e+00) (47, -2.12614890187978744507e-02) (48, 7.73513734340667724609e-01) (49, -6.47521197795867919922e-01) (50, 6.29401147365570068359e-01) (51, -1.21155810356140136719e+00) (52, 1.15847110748291015625e+00) (53, -9.13929343223571777344e-01) (54, 5.84850072860717773438e-01) (55, 1.55560040473937988281e+00) (56, 1.07204616069793701172e+00) (57, 2.30683827400207519531e+00) (58, -5.57068467140197753906e-01) (59, 7.77838647365570068359e-01) (60, 4.94184136390686035156e-01) (61, -7.07542419433593750000e-01) (62, -8.76277208328247070312e-01) (63, -8.25300693511962890625e-01) (64, -1.82530194520950317383e-01) (65, -8.10789287090301513672e-01) (66, 8.08474481105804443359e-01) (67, 2.10982036590576171875e+00) (68, 2.83898329734802246094e+00) (69, -5.62204241752624511719e-01) (70, -6.46521449089050292969e-01) (71, -6.63036227226257324219e-01) (72, 4.10151481628417968750e-01) (73, 3.82834613323211669922e-01) (74, -6.96701169013977050781e-01) (75, 7.04897046089172363281e-01) (76, 6.16752147674560546875e-01) (77, -6.58480107784271240234e-01) (78, -7.00185477733612060547e-01) (79, -6.78149819374084472656e-01) (80, 1.90235900878906250000e+00) (81, -1.65746107697486877441e-01) (82, 1.47593688964843750000e+00) (83, 4.25469912588596343994e-02) (84, 2.12197756767272949219e+00) (85, 7.78900563716888427734e-01) (86, -7.89420306682586669922e-01) (87, 5.59171915054321289062e-01) (88, -1.12343919277191162109e+00) (89, -2.25526273250579833984e-01) (90, -3.22653263807296752930e-01) (91, 5.45187652111053466797e-01) (92, -4.29105073213577270508e-01) (93, 4.09223556518554687500e-01) (94, -5.45690774917602539062e-01) (95, 1.95309400558471679688e+00) (96, -5.35836338996887207031e-01) (97, -1.52947854995727539062e+00) (98, -6.41270756721496582031e-01) (99, -4.23752188682556152344e-01) (100, 4.88660097122192382812e-01) (101, -5.44110119342803955078e-01) (102, -4.08404827117919921875e-01) (103, 2.37436556816101074219e+00) (104, 2.47498655319213867188e+00) (0, 7.28136241436004638672e-01) (1, -1.21695256233215332031e+00) (2, 3.73078823089599609375e-01) (3, 2.46244385838508605957e-01) (4, -8.11642587184906005859e-01) (5, 5.16954004764556884766e-01) (6, 3.30581933259963989258e-01) (7, -4.23558503389358520508e-01) (8, 9.12775248289108276367e-02) (9, -8.22940468788146972656e-01) (10, 6.57166913151741027832e-02) (11, 1.28718817234039306641e+00) (12, -8.67627799510955810547e-01) (13, 5.25725841522216796875e-01) (14, 4.57120746374130249023e-01) (15, -8.41935753822326660156e-01) (16, 1.87889575958251953125e+00) (17, -3.22925448417663574219e-01) (18, -8.78442764282226562500e-01) (19, -6.72451972961425781250e-01) (20, 1.62307929992675781250e+00) (21, -5.36388337612152099609e-01) (22, 1.55117523670196533203e+00) (23, -8.40224206447601318359e-01) (24, -2.09239453077316284180e-01) (25, -1.32323354482650756836e-01) (26, 1.69589722156524658203e+00) (27, -7.99347579479217529297e-01) (28, -8.32938075065612792969e-01) (29, 9.39917743206024169922e-01) (30, -7.19765126705169677734e-01) (31, -8.97908806800842285156e-01) (32, -8.25597405433654785156e-01) (33, -7.06075608730316162109e-01) (34, 6.67470836639404296875e+00) (35, -8.04786682128906250000e-01) (36, 1.54737842082977294922e+00) (37, -7.91340529918670654297e-01) (38, 1.84845054149627685547e+00) (39, -7.68261492252349853516e-01) (40, -6.25403702259063720703e-01) (41, -4.15001541376113891602e-01) (42, 5.67544996738433837891e-01) (43, -8.23779642581939697266e-01) (44, -7.04262971878051757812e-01) (45, -5.95653593540191650391e-01) (46, 1.45576405525207519531e+00) (47, 1.67598676681518554688e+00) (48, -1.40005825087428092957e-02) (49, 1.68798184394836425781e+00) (50, -1.10907721519470214844e+00) (51, -8.80485534667968750000e-01) (52, 1.67456018924713134766e+00) (53, 1.69176661968231201172e+00) (54, -8.12798619270324707031e-01) (55, 1.10927808284759521484e+00) (56, 2.48844400048255920410e-01) (57, -1.45540869235992431641e+00) (58, -3.88776332139968872070e-01) (59, 8.90119746327400207520e-03) (60, -7.20714688301086425781e-01) (61, -4.49165701866149902344e-01) (62, -7.90601372718811035156e-01) (63, -8.17852675914764404297e-01) (64, -8.14620137214660644531e-01) (65, -6.93717420101165771484e-01) (66, 8.44572365283966064453e-01) (67, -8.19290637969970703125e-01) (68, -8.95027935504913330078e-01) (69, -8.91809761524200439453e-01) (70, -8.72412025928497314453e-01) (71, -7.92278051376342773438e-01) (72, -7.92379021644592285156e-01) (73, -8.96220326423645019531e-01) (74, -8.55584084987640380859e-01) (75, 2.13485047221183776855e-01) (76, 4.01987761259078979492e-01) (77, 9.45420712232589721680e-02) (78, 4.38138931989669799805e-01) (79, 5.20716905593872070312e-01) (80, 1.68525242805480957031e+00) (81, -3.73339116573333740234e-01) (82, -8.09504151344299316406e-01) (83, 2.00769591331481933594e+00) (84, 1.74161183834075927734e+00) (85, -6.07363641262054443359e-01) (86, -7.52233803272247314453e-01) (87, -8.09525012969970703125e-01) (88, 1.65045142173767089844e+00) (89, 2.04592871665954589844e+00) (90, 1.92699158191680908203e+00) (91, 1.86426527798175811768e-02) (92, -7.98447728157043457031e-01) (93, -8.20356607437133789062e-01) (94, -7.71723449230194091797e-01) (95, 2.68000930547714233398e-01) (96, -7.39288628101348876953e-01) (97, -7.47090578079223632812e-01) (98, 6.39299005270004272461e-02) (99, -7.43088841438293457031e-01) (100, -8.35059940814971923828e-01) (101, -8.76562833786010742188e-01) (102, 9.02374327182769775391e-01) (103, 9.01952981948852539062e-01) (104, 2.54939174652099609375e+00) (0, 1.22726070880889892578e+00) (1, 2.36704111099243164062e+00) (2, 4.55829232931137084961e-01) (3, -5.14986038208007812500e-01) (4, 1.05865550041198730469e+00) (5, 9.78924393653869628906e-01) (6, 1.77425312995910644531e+00) (7, 5.25988519191741943359e-01) (8, 1.61838722229003906250e+00) (9, 8.70908796787261962891e-01) (10, -7.38145351409912109375e-01) (11, 5.23807227611541748047e-01) (12, 2.11922025680541992188e+00) (13, 1.17469358444213867188e+00) (14, -8.43359410762786865234e-01) (15, 1.74872577190399169922e+00) (16, 7.84430921077728271484e-01) (17, -9.15484964847564697266e-01) (18, -6.95680141448974609375e-01) (19, -1.29082000255584716797e+00) (20, -3.36897826194763183594e+00) (21, 1.77811041474342346191e-01) (22, 3.69282484054565429688e-01) (23, -8.32920491695404052734e-01) (24, 1.16535258293151855469e+00) (25, -1.01896691322326660156e+00) (26, -6.70502007007598876953e-01) (27, -8.82700741291046142578e-01) (28, 8.42758238315582275391e-01) (29, 3.14503312110900878906e-01) (30, 1.69654929637908935547e+00) (31, 1.75551128387451171875e+00) (32, -1.27469289302825927734e+00) (33, 4.84954684972763061523e-01) (34, -9.71758425235748291016e-01) (35, -7.73581743240356445312e-01) (36, -7.47529387474060058594e-01) (37, -8.13090384006500244141e-01) (38, 1.79160058498382568359e+00) (39, -7.43470013141632080078e-01) (40, -8.15927326679229736328e-01) (41, -2.76827812194824218750e+00) (42, -3.93590360879898071289e-01) (43, -9.20534193515777587891e-01) (44, -3.10569345951080322266e-01) (45, -6.75058722496032714844e-01) (46, 7.28306829929351806641e-01) (47, -6.34466826915740966797e-01) (48, -6.06401920318603515625e-01) (49, 8.26640903949737548828e-01) (50, 9.99334156513214111328e-01) (51, 8.21719229221343994141e-01) (52, -3.50194364786148071289e-01) (53, -1.27375924587249755859e+00) (54, -1.00804269313812255859e+00) (55, -1.03632187843322753906e+00) (56, -9.06168162822723388672e-01) (57, 4.50937598943710327148e-01) (58, 4.10916852951049804688e+00) (59, -9.45504426956176757812e-01) (60, -1.17855441570281982422e+00) (61, -3.54772984981536865234e-01) (62, -6.11336767673492431641e-01) (63, -2.12688580155372619629e-01) (64, -1.60181379318237304688e+00) (65, -3.64811003208160400391e-01) (66, -2.46239948272705078125e+00) (67, -1.32207345962524414062e+00) (68, -9.69385385513305664062e-01) (69, 3.34286019206047058105e-02) (70, 5.30881762504577636719e-01) (71, 1.07221877574920654297e+00) (72, 3.25037240982055664062e-01) (73, -8.04614365100860595703e-01) (74, -1.13347876071929931641e+00) (75, 3.31352740526199340820e-01) (76, 1.54710233211517333984e+00) (77, -3.07023257017135620117e-01) (78, 1.00150930881500244141e+00) (79, 4.85267549753189086914e-01) (80, 4.64915335178375244141e-01) (81, -3.11735093593597412109e-01) (82, -6.81896865367889404297e-01) (83, -6.98913335800170898438e-01) (84, -5.98671138286590576172e-01) (85, -2.02457952499389648438e+00) (86, -2.32673123478889465332e-01) (87, -6.85531854629516601562e-01) (88, 5.90079069137573242188e-01) (89, 9.89782989025115966797e-01) (90, 2.36004307866096496582e-01) (91, 6.94179177284240722656e-01) (92, 6.17913842201232910156e-01) (93, 5.85350573062896728516e-01) (94, -6.23782873153686523438e-01) (95, 4.78205823898315429688e+00) (96, -3.38795185089111328125e-01) (97, -3.32728177309036254883e-01) (98, -7.83781111240386962891e-01) (99, 6.68303072452545166016e-01) (100, 5.85872530937194824219e-01) (101, 4.10858839750289916992e-01) (102, -1.16992914676666259766e+00) (103, 3.18318462371826171875e+00) (104, 1.21144735813140869141e+00) (0, -2.74514615535736083984e-01) (1, 5.62761723995208740234e-01) (2, -2.44631469249725341797e-01) (3, -5.07051907479763031006e-02) (4, -1.27951905131340026855e-01) (5, -4.26642179489135742188e-01) (6, -1.98879837989807128906e-01) (7, -8.12729656696319580078e-01) (8, 1.64030268788337707520e-01) (9, -4.05431389808654785156e-01) (10, -7.67958819866180419922e-01) (11, 1.75017189979553222656e+00) (12, -2.32952296733856201172e-01) (13, 2.13091802597045898438e+00) (14, -8.40415120124816894531e-01) (15, -7.08272933959960937500e-01) (16, 9.95442941784858703613e-02) (17, -2.99172878265380859375e-01) (18, -2.71892458200454711914e-01) (19, -6.37288570404052734375e-01) (20, -8.27694594860076904297e-01) (21, 1.42757785320281982422e+00) (22, 1.64507544040679931641e+00) (23, -5.41523277759552001953e-01) (24, 2.97919243574142456055e-01) (25, -6.57762229442596435547e-01) (26, 1.75512683391571044922e+00) (27, -6.54593825340270996094e-01) (28, -7.19808518886566162109e-01) (29, 1.65944766998291015625e+00) (30, 1.33462142944335937500e+00) (31, -7.11873114109039306641e-01) (32, -6.51777088642120361328e-01) (33, 1.62236428260803222656e+00) (34, 4.58409488201141357422e-02) (35, -6.52631878852844238281e-01) (36, 1.94099080562591552734e+00) (37, 8.70523810386657714844e-01) (38, 3.28432172536849975586e-01) (39, 5.81698834896087646484e-01) (40, -1.03010281920433044434e-01) (41, -3.52165311574935913086e-01) (42, -9.28988099098205566406e-01) (43, -9.40684437751770019531e-01) (44, -9.86630082130432128906e-01) (45, -5.36183416843414306641e-01) (46, 2.71618032455444335938e+00) (47, 3.43876433372497558594e+00) (48, 1.30247020721435546875e+00) (49, 1.08431927859783172607e-01) (50, 4.31328386068344116211e-01) (51, -9.83183741569519042969e-01) (52, 4.25555914640426635742e-01) (53, -1.01400029659271240234e+00) (54, -1.73960626125335693359e+00) (55, 1.58108782768249511719e+00) (56, -9.90036606788635253906e-01) (57, -1.63470536470413208008e-01) (58, -8.95801126956939697266e-01) (59, -3.98703366518020629883e-01) (60, -5.23968338966369628906e-01) (61, 5.69325387477874755859e-01) (62, -9.92816984653472900391e-01) (63, -5.46417415142059326172e-01) (64, 1.82335329055786132812e+00) (65, -1.00151471793651580811e-01) (66, 1.23345935344696044922e+00) (67, 2.09940981864929199219e+00) (68, 1.83054542541503906250e+00) (69, 1.18110466003417968750e+00) (70, -9.70439016819000244141e-01) (71, 7.22678154706954956055e-02) (72, 1.76279640197753906250e+00) (73, 2.25841879844665527344e+00) (74, -1.15983629226684570312e+00) (75, 3.80453020334243774414e-01) (76, 5.06928980350494384766e-01) (77, -4.52419131994247436523e-01) (78, 5.20562380552291870117e-02) (79, 5.84550499916076660156e-01) (80, -1.83202755451202392578e+00) (81, -1.11093334853649139404e-01) (82, -9.30331289768218994141e-01) (83, 1.31259834766387939453e+00) (84, 1.93847611546516418457e-01) (85, 1.90309727191925048828e+00) (86, -9.87814553081989288330e-03) (87, -1.32545262575149536133e-01) (88, -1.14273619651794433594e+00) (89, -6.85733199119567871094e-01) (90, -8.51460814476013183594e-01) (91, 5.37629961967468261719e-01) (92, -1.00661551952362060547e+00) (93, -1.04575026035308837891e+00) (94, -5.58458924293518066406e-01) (95, -2.89033293724060058594e-01) (96, -5.10209858417510986328e-01) (97, -6.36798679828643798828e-01) (98, 4.30572897195816040039e-01) (99, -6.73427700996398925781e-01) (100, -6.63345634937286376953e-01) (101, -5.00419735908508300781e-01) (102, 5.84821462631225585938e-01) (103, 1.78801596164703369141e+00) (104, 2.16937637329101562500e+00) (0, -6.38915729522705078125e+00) (1, 1.03959476947784423828e+00) (2, 1.00212059915065765381e-01) (3, 2.37178540229797363281e+00) (4, 7.73310959339141845703e-02) (5, 9.89665538072586059570e-02) (6, 1.87565290927886962891e+00) (7, 1.22780597209930419922e+00) (8, 3.43551158905029296875e+00) (9, 2.79379844665527343750e-01) (10, 1.12145268917083740234e+00) (11, 4.52684760093688964844e-01) (12, 1.96891680359840393066e-01) (13, 2.22252297401428222656e+00) (14, 4.90948706865310668945e-01) (15, 9.06770676374435424805e-02) (16, 1.13493251800537109375e+00) (17, 1.41981884837150573730e-01) (18, 1.00955331325531005859e+00) (19, 2.27934971451759338379e-01) (20, 1.25355258584022521973e-01) (21, 2.83804118633270263672e-01) (22, 1.47554278373718261719e+00) (23, 1.48419582843780517578e+00) (24, -2.70319879055023193359e-01) (25, -4.28218901157379150391e-01) (26, -3.75335156917572021484e-01) (27, -2.18123123049736022949e-01) (28, 9.00982975959777832031e-01) (29, -2.26428225636482238770e-01) (30, -3.95103603601455688477e-01) (31, 1.94138154387474060059e-01) (32, 1.48353028297424316406e+00) (33, 9.68392968177795410156e-01) (34, 2.28555965423583984375e+00) (35, -1.22301111221313476562e+01) (36, 9.94804382324218750000e-01) (37, 8.93678665161132812500e-01) (38, -2.85132318735122680664e-01) (39, 1.44434535503387451172e+00) (40, 2.33270764350891113281e-01) (41, 1.55743074417114257812e+01) (42, 1.08145308494567871094e+00) (43, 1.49396789073944091797e+00) (44, 1.16086339950561523438e+00) (45, 8.57821047306060791016e-01) (46, 2.09632709622383117676e-01) (47, 1.38545465469360351562e+00) (48, -2.60190427303314208984e-01) (49, 9.27379012107849121094e-01) (50, 2.51991659402847290039e-01) (51, 1.05080854892730712891e+00) (52, -2.65699297189712524414e-01) (53, 3.22356730699539184570e-01) (54, 1.63121938705444335938e+00) (55, 1.19562141597270965576e-01) (56, -3.56973588466644287109e-01) (57, -1.47055840492248535156e+00) (58, 1.08215126037597656250e+02) (59, 1.10887145996093750000e+00) (60, -2.93428152799606323242e-01) (61, 9.53459978103637695312e-01) (62, 1.11056137084960937500e+00) (63, -2.43302494287490844727e-01) (64, -3.52562099695205688477e-01) (65, -3.03243339061737060547e-01) (66, 1.34928405284881591797e+00) (67, -3.89776706695556640625e-01) (68, 1.86177110671997070312e+00) (69, 2.64003062248229980469e+00) (70, -3.46859008073806762695e-01) (71, 2.06288829445838928223e-01) (72, -4.07179623842239379883e-01) (73, 2.27295804023742675781e+00) (74, -1.98709860444068908691e-01) (75, -3.44994574785232543945e-01) (76, -2.59080141782760620117e-01) (77, -2.99258947372436523438e-01) (78, 8.05409848690032958984e-01) (79, 1.47140577435493469238e-01) (80, 2.54795521497726440430e-01) (81, 1.02511310577392578125e+00) (82, 2.21106246113777160645e-01) (83, 2.52075821161270141602e-01) (84, 1.41682934761047363281e+00) (85, 1.03720331192016601562e+00) (86, -3.32043647766113281250e-01) (87, 1.44183650612831115723e-01) (88, 1.39437735080718994141e+00) (89, 1.89670652151107788086e-01) (90, 1.14960826933383941650e-01) (91, 9.56854104995727539062e-01) (92, 1.01262831687927246094e+00) (93, -3.46690148115158081055e-01) (94, -3.22573184967041015625e-01) (95, 1.86453461647033691406e-01) (96, 1.08539938926696777344e+00) (97, 1.45996999740600585938e+00) (98, 9.01377081871032714844e-01) (99, 1.43469274044036865234e+00) (100, -3.46875995397567749023e-01) (101, 1.01557791233062744141e+00) (102, 1.31180322170257568359e+00) (103, 6.44369602203369140625e-01) (104, 2.08449244499206542969e+00) (0, 1.94069623947143554688e+00) (1, 2.38215017318725585938e+00) (2, 6.94201707839965820312e-01) (3, 1.95160579681396484375e+00) (4, 6.81917965412139892578e-01) (5, 6.79785370826721191406e-01) (6, 2.02114558219909667969e+00) (7, 1.30973553657531738281e+00) (8, 3.36583328247070312500e+00) (9, 9.76868987083435058594e-01) (10, 7.12285578250885009766e-01) (11, 6.38894200325012207031e-01) (12, 5.87856531143188476562e-01) (13, 4.57367229461669921875e+00) (14, 1.03023529052734375000e+00) (15, 6.65672540664672851562e-01) (16, 1.22624647617340087891e+00) (17, 6.82044565677642822266e-01) (18, 6.84550285339355468750e-01) (19, 5.43705105781555175781e-01) (20, 1.50404393672943115234e-01) (21, 6.54667139053344726562e-01) (22, 1.89904069900512695312e+00) (23, 1.06339645385742187500e+00) (24, -3.18730026483535766602e-01) (25, -1.21811521053314208984e+00) (26, 1.38783991336822509766e-01) (27, 1.64328485727310180664e-01) (28, 9.68897223472595214844e-01) (29, 2.20911234617233276367e-01) (30, -3.71918231248855590820e-01) (31, 6.52243852615356445312e-01) (32, 1.94343590736389160156e+00) (33, 1.00494956970214843750e+00) (34, 1.82995629310607910156e+00) (35, -1.91621074676513671875e+01) (36, 8.51074755191802978516e-01) (37, 4.18528258800506591797e-01) (38, -2.22744703292846679688e-01) (39, -1.22918128967285156250e+01) (40, 7.06781148910522460938e-01) (41, 1.45319995880126953125e+01) (42, 1.05145835876464843750e+00) (43, 1.49187278747558593750e+00) (44, 1.64309668540954589844e+00) (45, 1.85368621349334716797e+00) (46, -5.66800022125244140625e+00) (47, 9.82483863830566406250e-01) (48, -2.94456809759140014648e-01) (49, 9.75280284881591796875e-01) (50, 8.12281191349029541016e-01) (51, 1.07866358757019042969e+00) (52, -6.31027162075042724609e-01) (53, 7.25790917873382568359e-01) (54, 1.32669305801391601562e+00) (55, 5.24271070957183837891e-01) (56, -2.50376224517822265625e-01) (57, -1.48671369552612304688e+01) (58, 1.08310066223144531250e+02) (59, 1.30253183841705322266e+00) (60, 9.37464118003845214844e-01) (61, 8.60750734806060791016e-01) (62, 1.53056609630584716797e+00) (63, 2.36748605966567993164e-01) (64, -1.71927437186241149902e-02) (65, -5.92369399964809417725e-02) (66, 1.06677794456481933594e+00) (67, -2.75930461883544921875e+01) (68, 1.48311865329742431641e+00) (69, 2.15443587303161621094e+00) (70, 1.77265465259552001953e-01) (71, 2.30195015668869018555e-01) (72, 9.35023546218872070312e-01) (73, 2.25828552246093750000e+00) (74, 2.31407195329666137695e-01) (75, 6.21094107627868652344e-01) (76, 6.69569373130798339844e-01) (77, -1.33798375725746154785e-01) (78, 8.78521502017974853516e-01) (79, 9.08577561378479003906e-01) (80, 5.84911108016967773438e-01) (81, 9.03569698333740234375e-01) (82, 5.86853206157684326172e-01) (83, 1.45703995227813720703e+00) (84, 1.89134693145751953125e+00) (85, 1.13029742240905761719e+00) (86, -2.78633296489715576172e-01) (87, 6.79193258285522460938e-01) (88, 1.86898100376129150391e+00) (89, 6.56378269195556640625e-01) (90, 9.81784582138061523438e-01) (91, 1.03759312629699707031e+00) (92, 2.24596595764160156250e+00) (93, 3.36104094982147216797e-01) (94, 6.39086365699768066406e-01) (95, 1.04199969768524169922e+00) (96, 1.13302898406982421875e+00) (97, 1.89521551132202148438e+00) (98, 1.86055803298950195312e+00) (99, 1.33900260925292968750e+00) (100, 4.93628680706024169922e-01) (101, 1.92336511611938476562e+00) (102, 7.91897177696228027344e-01) (103, 1.00494146347045898438e+00) (104, 1.23468303680419921875e+00) (0, -2.07875013351440429688e-01) (1, 5.53072690963745117188e-02) (2, -9.23000156879425048828e-01) (3, -8.79929423332214355469e-01) (4, -3.41445565223693847656e-01) (5, -4.75723981857299804688e+00) (6, 2.03736871480941772461e-01) (7, -1.95651090145111083984e+00) (8, -7.10506975650787353516e-01) (9, 5.36976158618927001953e-01) (10, 6.48980438709259033203e-01) (11, 5.21160781383514404297e-01) (12, 1.77022039890289306641e+00) (13, 9.68896210193634033203e-01) (14, -1.11406400799751281738e-01) (15, 6.66606366634368896484e-01) (16, -7.11931526660919189453e-01) (17, 2.46103811264038085938e+00) (18, -5.33572554588317871094e-01) (19, -1.33329415321350097656e+00) (20, -7.49325275421142578125e+00) (21, 1.96511363983154296875e+00) (22, -3.95186138153076171875e+00) (23, 7.26813524961471557617e-02) (24, 2.00326848030090332031e+00) (25, -7.74537697434425354004e-02) (26, -1.20524740219116210938e+00) (27, -1.87850371003150939941e-01) (28, -4.10264015197753906250e+00) (29, -1.07282650470733642578e+00) (30, 6.71187117695808410645e-02) (31, 2.25220370292663574219e+00) (32, 1.80138313770294189453e+00) (33, 2.45346873998641967773e-01) (34, 1.90274894237518310547e-01) (35, -1.84653127193450927734e+00) (36, -1.56804037094116210938e+00) (37, -3.44747996330261230469e+00) (38, -7.47554957866668701172e-01) (39, 2.64684724807739257812e+00) (40, 5.29605507850646972656e-01) (41, 6.81474199518561363220e-03) (42, 7.00904309749603271484e-01) (43, -3.48320215940475463867e-01) (44, -1.79763957858085632324e-01) (45, -1.89735186100006103516e+00) (46, -8.74345719814300537109e-01) (47, -8.44637274742126464844e-01) (48, 1.33175969123840332031e+00) (49, -2.23309183120727539062e+00) (50, -7.14334130287170410156e-01) (51, -1.03560304641723632812e+00) (52, 1.31342411041259765625e+00) (53, -5.71067810058593750000e-01) (54, -1.59104776382446289062e+00) (55, -9.37943875789642333984e-01) (56, -6.44862055778503417969e-01) (57, -1.62501707673072814941e-01) (58, -1.37158576399087905884e-02) (59, -3.51159006357192993164e-01) (60, 5.64968995749950408936e-02) (61, -7.52599656581878662109e-01) (62, 7.58416950702667236328e-02) (63, 9.88088130950927734375e-01) (64, 4.28327798843383789062e+00) (65, 9.63424682617187500000e-01) (66, -8.79572331905364990234e-01) (67, 2.35048532485961914062e+00) (68, 6.28229916095733642578e-01) (69, -9.21126902103424072266e-01) (70, -7.05466210842132568359e-01) (71, -1.52494519948959350586e-01) (72, -5.68632304668426513672e-01) (73, 9.90007042884826660156e-01) (74, -8.27069342136383056641e-01) (75, -2.12001539766788482666e-02) (76, -1.03722226619720458984e+00) (77, 1.86358487606048583984e+00) (78, 5.24662673473358154297e-01) (79, 7.83674240112304687500e-01) (80, -1.04437685012817382812e+00) (81, 5.06253480911254882812e-01) (82, 9.61318731307983398438e-01) (83, -3.43045145273208618164e-01) (84, -1.24145364761352539062e+00) (85, 1.35764288902282714844e+00) (86, 1.60753011703491210938e+00) (87, 4.17090058326721191406e-01) (88, 7.91358277201652526855e-02) (89, -4.26789879798889160156e-01) (90, -8.05971801280975341797e-01) (91, 2.22299456596374511719e+00) (92, 4.01586771011352539062e-01) (93, 9.14848208427429199219e-01) (94, 8.46060037612915039062e-01) (95, 8.74221146106719970703e-01) (96, 2.35681921243667602539e-01) (97, -7.11677253246307373047e-01) (98, -9.33863162994384765625e-01) (99, 6.29091858863830566406e-01) (100, -7.94040024280548095703e-01) (101, -7.83580303192138671875e-01) (102, -2.58775234222412109375e+00) (103, 5.10291194915771484375e+00) (104, 1.20163369178771972656e+00) (0, 2.87718325853347778320e-01) (1, -9.49167683720588684082e-02) (2, -6.75653576850891113281e-01) (3, -9.91227269172668457031e-01) (4, -8.32703292369842529297e-01) (5, -1.18896198272705078125e+00) (6, -6.41841411590576171875e-01) (7, 1.12746572494506835938e+00) (8, 1.18052065372467041016e-01) (9, 1.82506179809570312500e+00) (10, -5.75656294822692871094e-01) (11, 1.51166379451751708984e+00) (12, 1.92046046257019042969e+00) (13, 3.30438703298568725586e-01) (14, 2.03231573104858398438e+00) (15, 1.47363543510437011719e+00) (16, -8.79335682839155197144e-03) (17, -3.23152333498001098633e-01) (18, -6.85586929321289062500e-01) (19, -4.14318352937698364258e-01) (20, -5.63857853412628173828e-01) (21, 2.10146546363830566406e+00) (22, -1.44153928756713867188e+00) (23, -3.61427277326583862305e-01) (24, -2.89866733551025390625e+00) (25, 1.58634030818939208984e+00) (26, -8.25876176357269287109e-01) (27, -7.30793297290802001953e-01) (28, 4.32541640475392341614e-03) (29, 1.75929629802703857422e+00) (30, 1.73142206668853759766e+00) (31, -2.28660866618156433105e-01) (32, -7.50286340713500976562e-01) (33, -9.54063713550567626953e-01) (34, 2.81204953789710998535e-02) (35, -8.37950289249420166016e-01) (36, -9.15241241455078125000e-01) (37, -6.45553946495056152344e-01) (38, 1.38937985897064208984e+00) (39, -1.11541056632995605469e+00) (40, -4.14215564727783203125e-01) (41, 6.14012241363525390625e-01) (42, -7.62240350246429443359e-01) (43, 1.18811392784118652344e+00) (44, 1.11599361896514892578e+00) (45, -1.01317679882049560547e+00) (46, 9.24900829792022705078e-01) (47, -6.64748013019561767578e-01) (48, -5.43456614017486572266e-01) (49, -1.14140176773071289062e+00) (50, 1.15377083420753479004e-01) (51, -8.41545999050140380859e-01) (52, 2.17740058898925781250e+00) (53, 4.74057972431182861328e-01) (54, 3.85340571403503417969e+00) (55, -4.05729889869689941406e-01) (56, -1.13678753376007080078e+00) (57, -4.02748852968215942383e-01) (58, 2.72407084703445434570e-01) (59, -4.74274724721908569336e-01) (60, -9.63558793067932128906e-01) (61, -5.20557045936584472656e-01) (62, -5.36481082439422607422e-01) (63, -1.07794904708862304688e+00) (64, 5.49839079380035400391e-01) (65, -7.65840291976928710938e-01) (66, -7.95292794704437255859e-01) (67, 1.73395073413848876953e+00) (68, -9.55869019031524658203e-01) (69, -1.07809865474700927734e+00) (70, -7.32981920242309570312e-01) (71, 1.66768097877502441406e+00) (72, -9.47286725044250488281e-01) (73, -1.02430415153503417969e+00) (74, -6.39402687549591064453e-01) (75, -9.41246032714843750000e-01) (76, 2.65876030921936035156e+00) (77, -1.03345680236816406250e+00) (78, 3.12535613775253295898e-01) (79, 1.44381868839263916016e+00) (80, 5.80082833766937255859e-01) (81, 1.21230387687683105469e+00) (82, -4.66307044029235839844e-01) (83, 2.26728105545043945312e+00) (84, 1.47295808792114257812e+00) (85, 5.81053078174591064453e-01) (86, -9.77334678173065185547e-01) (87, 1.53436112403869628906e+00) (88, -1.62950709462165832520e-01) (89, -8.52501749992370605469e-01) (90, -1.01019775867462158203e+00) (91, -5.58382034301757812500e-01) (92, 1.94683581590652465820e-01) (93, -2.33400136232376098633e-01) (94, -8.82396280765533447266e-01) (95, 1.64398407936096191406e+00) (96, 1.57799589633941650391e+00) (97, -2.47868955135345458984e-01) (98, -3.80962342023849487305e-01) (99, -5.69440662860870361328e-01) (100, -9.75416421890258789062e-01) (101, -3.45320075750350952148e-01) (102, 1.12517595291137695312e+00) (103, 1.65473484992980957031e+00) (104, 3.10289978981018066406e+00) (0, 1.91283434629440307617e-01) (1, 1.71361827850341796875e+00) (2, -6.43777668476104736328e-01) (3, -8.67942571640014648438e-01) (4, -4.19053494930267333984e-01) (5, -6.53340995311737060547e-01) (6, 1.97316122055053710938e+00) (7, 3.51471781730651855469e-01) (8, 1.47811388969421386719e+00) (9, 5.42932093143463134766e-01) (10, -2.87229627370834350586e-01) (11, -1.12044262886047363281e+00) (12, -5.65481364727020263672e-01) (13, -8.12245547771453857422e-01) (14, -6.89728379249572753906e-01) (15, 2.11289310455322265625e+00) (16, -1.95160567760467529297e-01) (17, -2.92800694704055786133e-01) (18, 9.98079180717468261719e-01) (19, -2.49281287193298339844e-01) (20, -4.20874059200286865234e-02) (21, 1.14486306905746459961e-01) (22, -1.39328628778457641602e-01) (23, 4.26882535219192504883e-01) (24, 1.03341877460479736328e+00) (25, -3.55105876922607421875e-01) (26, 2.23451638221740722656e+00) (27, 9.67814445495605468750e-01) (28, -8.25203657150268554688e-01) (29, 1.18294692039489746094e+00) (30, -1.73664700984954833984e+00) (31, 9.29206609725952148438e-01) (32, 6.96076333522796630859e-01) (33, -2.56222218275070190430e-01) (34, -1.06168605387210845947e-01) (35, 1.00971925258636474609e+00) (36, -3.91355514526367187500e-01) (37, -2.51103043556213378906e-01) (38, 1.84788870811462402344e+00) (39, -8.46808195114135742188e-01) (40, -1.20280122756958007812e+00) (41, 1.81310987472534179688e+00) (42, -2.78186887502670288086e-01) (43, -3.88557940721511840820e-01) (44, -6.35017991065979003906e-01) (45, -3.87024760246276855469e-01) (46, 3.67758655548095703125e+00) (47, 1.61089646816253662109e+00) (48, -2.01247382164001464844e+00) (49, 1.01746189594268798828e+00) (50, -8.70166957378387451172e-01) (51, -8.23196768760681152344e-01) (52, -3.21906387805938720703e-01) (53, 1.72947657108306884766e+00) (54, -1.14846217632293701172e+00) (55, 1.00678217411041259766e+00) (56, -2.44936689734458923340e-01) (57, 1.14029094576835632324e-01) (58, -4.59708070755004882812e+00) (59, -4.44596672058105468750e+00) (60, 5.22572994232177734375e-01) (61, -2.47152298688888549805e-01) (62, -7.67886102199554443359e-01) (63, 7.18880712985992431641e-01) (64, -7.52573430538177490234e-01) (65, -2.19017505645751953125e-01) (66, 3.11368036270141601562e+00) (67, -5.30435323715209960938e-01) (68, 2.55230474472045898438e+00) (69, -1.45020723342895507812e-01) (70, 2.09186863899230957031e+00) (71, -3.28303962945938110352e-01) (72, -4.38176572322845458984e-01) (73, -2.06719398498535156250e+00) (74, 8.95262360572814941406e-01) (75, -6.75277948379516601562e-01) (76, -3.35999536514282226562e+00) (77, -7.82751441001892089844e-01) (78, 7.91863560676574707031e-01) (79, -7.81471312046051025391e-01) (80, -1.08836328983306884766e+00) (81, 2.73673677444458007812e+00) (82, 2.48997735977172851562e+00) (83, -1.44096338748931884766e+00) (84, 1.55825066566467285156e+00) (85, 4.71017456054687500000e+00) (86, 9.94795322418212890625e-01) (87, 9.41042244434356689453e-01) (88, -3.64895075559616088867e-01) (89, -2.89847755432128906250e+00) (90, -2.19637227058410644531e+00) (91, -2.34536886215209960938e+00) (92, 8.98037910461425781250e-01) (93, -5.00189125537872314453e-01) (94, 4.16305631399154663086e-01) (95, 3.65439915657043457031e+00) (96, -7.14178860187530517578e-01) (97, 1.77589726448059082031e+00) (98, 8.92270565032958984375e-01) (99, -1.04736173152923583984e+00) (100, 7.65253543853759765625e-01) (101, 2.66772389411926269531e-01) (102, -5.27070343494415283203e-01) (103, 2.44015383720397949219e+00) (104, 1.72715747356414794922e+00) (0, -7.67163515090942382812e-01) (1, 5.54128527641296386719e-01) (2, 5.38493454456329345703e-01) (3, 2.33063912391662597656e+00) (4, 5.13287544250488281250e-01) (5, -2.44273853302001953125e+00) (6, 2.92866563796997070312e+00) (7, -1.25100326538085937500e+00) (8, -8.22391152381896972656e-01) (9, -7.55860626697540283203e-01) (10, 4.03436243534088134766e-01) (11, -8.33927392959594726562e-01) (12, 5.91293096542358398438e-01) (13, -2.27712059020996093750e+00) (14, 1.71043229103088378906e+00) (15, -3.88260602951049804688e-01) (16, 1.81355917453765869141e+00) (17, 1.12977981567382812500e+00) (18, -7.42886364459991455078e-01) (19, 1.93155550956726074219e+00) (20, 3.32290410995483398438e+00) (21, 2.51069962978363037109e-01) (22, 2.42003226280212402344e+00) (23, 3.47679615020751953125e+00) (24, -2.99093937873840332031e+00) (25, -7.45226323604583740234e-01) (26, 1.94584393501281738281e+00) (27, 2.25782752037048339844e+00) (28, 9.71090435981750488281e-01) (29, -1.56041622161865234375e+00) (30, -1.89381048083305358887e-01) (31, 1.72865581512451171875e+00) (32, 9.36164796352386474609e-01) (33, -3.61590087413787841797e-01) (34, 7.73727178573608398438e-01) (35, -6.24513089656829833984e-01) (36, 2.87496256828308105469e+00) (37, 8.51111486554145812988e-02) (38, 3.07123064994812011719e+00) (39, 1.00293624401092529297e+00) (40, 1.54756382107734680176e-01) (41, 6.52728557586669921875e-01) (42, -6.78337411954998970032e-03) (43, 2.99670219421386718750e+00) (44, -1.21365201473236083984e+00) (45, -1.11938989162445068359e+00) (46, -6.51791572570800781250e-01) (47, 1.78557491302490234375e+00) (48, -1.62396395206451416016e+00) (49, -6.57420232892036437988e-02) (50, -4.85671579837799072266e-01) (51, 7.10568428039550781250e-02) (52, 3.08512523770332336426e-02) (53, -9.65715110301971435547e-01) (54, -7.56938457489013671875e-01) (55, -6.74327552318572998047e-01) (56, 5.89552633464336395264e-02) (57, -8.95599842071533203125e-01) (58, -1.38270497322082519531e+00) (59, 4.60350029170513153076e-02) (60, -8.14264237880706787109e-01) (61, -6.33064568042755126953e-01) (62, 7.69837126135826110840e-02) (63, -9.01709079742431640625e-01) (64, -8.34837973117828369141e-01) (65, -3.56602042913436889648e-01) (66, -1.02209424972534179688e+00) (67, -8.60023617744445800781e-01) (68, -2.91871339082717895508e-01) (69, 6.13338172435760498047e-01) (70, 1.25333480536937713623e-02) (71, -3.18834692239761352539e-01) (72, 1.02934124879539012909e-03) (73, 2.26757240295410156250e+00) (74, -7.05593526363372802734e-01) (75, -6.57428681850433349609e-01) (76, -7.44002759456634521484e-01) (77, 1.53514242172241210938e+00) (78, 5.03446519374847412109e-01) (79, 1.98439645767211914062e+00) (80, -6.72645390033721923828e-01) (81, 3.92251908779144287109e-01) (82, -7.53343164920806884766e-01) (83, -1.48876219987869262695e-01) (84, -7.65490710735321044922e-01) (85, -3.62883865833282470703e-01) (86, -7.53023862838745117188e-01) (87, 1.77580404281616210938e+00) (88, -7.81596243381500244141e-01) (89, -6.59721136093139648438e-01) (90, -2.44173392653465270996e-01) (91, 8.86172652244567871094e-01) (92, 1.76760387420654296875e+00) (93, -7.48330533504486083984e-01) (94, -8.10528278350830078125e-01) (95, -7.16345548629760742188e-01) (96, 8.46380889415740966797e-01) (97, 1.80372977256774902344e+00) (98, -5.76543152332305908203e-01) (99, 9.06269192695617675781e-01) (100, -8.45794856548309326172e-01) (101, 1.83307826519012451172e+00) (102, -9.59225296974182128906e-01) (103, 2.79527235031127929688e+00) (104, 2.63696074485778808594e+00) (0, -2.83599424362182617188e+00) (1, 2.02421665191650390625e+00) (2, 2.30775332450866699219e+00) (3, -9.35205519199371337891e-01) (4, 1.63764882087707519531e+00) (5, -7.71384620666503906250e+00) (6, 7.71607697010040283203e-01) (7, 7.22236108779907226562e+00) (8, 5.23193025588989257812e+00) (9, 8.29207003116607666016e-01) (10, 7.04552233219146728516e-01) (11, 2.02054858207702636719e+00) (12, 2.26999735832214355469e+00) (13, 1.13573074340820312500e+00) (14, 1.23682105541229248047e+00) (15, 1.22575509548187255859e+00) (16, 8.81396234035491943359e-01) (17, -6.75861120223999023438e+00) (18, 3.21400070190429687500e+00) (19, 1.40143477916717529297e+00) (20, 6.72110319137573242188e+00) (21, 2.00374150276184082031e+00) (22, 3.75769972801208496094e+00) (23, 3.84066200256347656250e+00) (24, 3.17100763320922851562e-01) (25, -3.00454826354980468750e+01) (26, 1.67557561397552490234e+00) (27, 1.32597470283508300781e+00) (28, -5.49576943740248680115e-03) (29, 2.03309822082519531250e+00) (30, 7.57995367050170898438e-01) (31, 1.14889371395111083984e+00) (32, 1.02988851070404052734e+00) (33, -1.10112711787223815918e-01) (34, -1.89785227179527282715e-01) (35, 1.32578027248382568359e+00) (36, 8.82295787334442138672e-01) (37, -7.35015496611595153809e-02) (38, 1.58328342437744140625e+00) (39, 8.40974301099777221680e-02) (40, 1.28450989723205566406e+00) (41, -1.13203105926513671875e+01) (42, -4.27057415246963500977e-01) (43, -4.37943279743194580078e-01) (44, -1.85961985588073730469e+00) (45, 1.60740122199058532715e-01) (46, 1.20553076267242431641e+00) (47, 5.04069291055202484131e-02) (48, 1.70049083232879638672e+00) (49, -1.26430615782737731934e-01) (50, 1.14474868774414062500e+00) (51, -2.38460272550582885742e-01) (52, 1.62731146812438964844e+00) (53, 2.85312080383300781250e+00) (54, 2.02054119110107421875e+00) (55, 6.35954952239990234375e+00) (56, 7.25963771343231201172e-01) (57, 2.08123773336410522461e-01) (58, -4.24268341064453125000e+01) (59, 2.32027077674865722656e+00) (60, 1.54059004783630371094e+00) (61, 1.62592911720275878906e+00) (62, -4.88412082195281982422e-01) (63, 1.14789223670959472656e+00) (64, 2.61470437049865722656e+00) (65, 1.11572253704071044922e+00) (66, 1.16626799106597900391e+00) (67, 1.57650554180145263672e+00) (68, 5.46985566616058349609e-01) (69, 2.57138192653656005859e-01) (70, 3.29903411865234375000e+00) (71, 8.39784085750579833984e-01) (72, 1.32687330245971679688e+00) (73, 1.23194360733032226562e+00) (74, 6.80211877822875976562e+00) (75, 1.24821756035089492798e-02) (76, 9.04623389244079589844e-01) (77, 1.66268622875213623047e+00) (78, 8.94999265670776367188e-01) (79, 1.68441212177276611328e+00) (80, 2.48068189620971679688e+00) (81, 5.22463893890380859375e+00) (82, 1.18364453315734863281e+00) (83, -4.44174003601074218750e+00) (84, -3.10699671506881713867e-01) (85, 2.30465340614318847656e+00) (86, 3.19879412651062011719e+00) (87, 1.44078564643859863281e+00) (88, 1.99955844879150390625e+00) (89, 1.06023085117340087891e+00) (90, 1.98671126365661621094e+00) (91, -6.46645903587341308594e-01) (92, -1.68087363243103027344e+00) (93, 1.02392148971557617188e+00) (94, 9.33000802993774414062e-01) (95, 7.43806660175323486328e-01) (96, -7.89851486682891845703e-01) (97, -2.10710361599922180176e-01) (98, -7.92541623115539550781e-01) (99, -7.04384863376617431641e-01) (100, 1.17118489742279052734e+00) (101, -2.11129799485206604004e-01) (102, -1.76375433802604675293e-01) (103, 2.82721590995788574219e+00) (104, 7.76303768157958984375e-01) (0, 4.42425060272216796875e+00) (1, -6.73522996902465820312e+00) (2, 1.16720318794250488281e+00) (3, -4.52039098739624023438e+00) (4, 7.74066388607025146484e-01) (5, -4.74051654338836669922e-01) (6, 2.23285102844238281250e+00) (7, 4.67840242385864257812e+00) (8, 4.62659835815429687500e+00) (9, 2.60697293281555175781e+00) (10, 1.98723640441894531250e+01) (11, 1.00131320953369140625e+00) (12, 2.04372596740722656250e+00) (13, -3.02835536003112792969e+00) (14, -1.05543403625488281250e+01) (15, 4.90046918392181396484e-01) (16, 2.06509733200073242188e+00) (17, 1.32636117935180664062e+00) (18, 1.23820650577545166016e+00) (19, -2.56548142433166503906e+00) (20, 1.14443778991699218750e+00) (21, 4.18309879302978515625e+00) (22, -3.99523675441741943359e-01) (23, 2.11387395858764648438e-01) (24, -8.68758392333984375000e+00) (25, -8.53038597106933593750e+00) (26, 1.97981214523315429688e+00) (27, 1.31343114376068115234e+00) (28, -9.71996970474720001221e-03) (29, 1.31262505054473876953e+00) (30, 1.26923847198486328125e+00) (31, 1.52402746677398681641e+00) (32, -4.46108669042587280273e-01) (33, -2.69213855266571044922e-01) (34, 4.67845082283020019531e-01) (35, 1.03765559196472167969e+00) (36, -4.92682754993438720703e-01) (37, -4.03477728366851806641e-01) (38, 9.29091930389404296875e-01) (39, 5.45731782913208007812e-02) (40, 8.18834364414215087891e-01) (41, -1.11372451782226562500e+01) (42, -3.75316768884658813477e-01) (43, -8.03874373435974121094e-01) (44, -7.95723199844360351562e-01) (45, -2.32158675789833068848e-01) (46, 1.50259625911712646484e+00) (47, -3.26371133327484130859e-01) (48, 1.87979674339294433594e+00) (49, 7.61653840541839599609e-01) (50, 1.04766607284545898438e+00) (51, -2.73635059595108032227e-01) (52, 5.39801979064941406250e+00) (53, 3.00809597969055175781e+00) (54, 1.01544503122568130493e-02) (55, 1.75433194637298583984e+00) (56, 8.08801710605621337891e-01) (57, 9.72580388188362121582e-02) (58, -4.24539871215820312500e+01) (59, 3.61503028869628906250e+00) (60, 8.47482979297637939453e-01) (61, 2.13087916374206542969e+00) (62, 2.52814978361129760742e-01) (63, 8.86755228042602539062e-01) (64, 2.15771675109863281250e+00) (65, 1.59417736530303955078e+00) (66, 1.45759427547454833984e+00) (67, 1.57028305530548095703e+00) (68, 1.12713456153869628906e+00) (69, 2.84122109413146972656e-01) (70, 9.01484608650207519531e-01) (71, 1.41622376441955566406e+00) (72, 9.85885620117187500000e-01) (73, 9.11048650741577148438e-01) (74, 4.19223213195800781250e+00) (75, 8.54304254055023193359e-01) (76, 8.59186828136444091797e-01) (77, 2.88926267623901367188e+00) (78, 1.53290605545043945312e+00) (79, 1.59230720996856689453e+00) (80, 1.53552889823913574219e+00) (81, 2.01668596267700195312e+00) (82, 1.88158428668975830078e+00) (83, 1.30273461341857910156e+00) (84, 1.59769002348184585571e-02) (85, 2.77707052230834960938e+00) (86, 3.38354778289794921875e+00) (87, 1.47085630893707275391e+00) (88, -7.85810995101928710938e+00) (89, 8.97069931030273437500e-01) (90, 1.91345977783203125000e+00) (91, -3.12862128019332885742e-01) (92, -5.10016620159149169922e-01) (93, 9.35029745101928710938e-01) (94, 1.61790335178375244141e+00) (95, 9.29381251335144042969e-01) (96, -3.91180515289306640625e-01) (97, 2.96876072883605957031e-01) (98, -4.39313083887100219727e-01) (99, -4.24161851406097412109e-01) (100, 1.64264082908630371094e+00) (101, 3.70701283216476440430e-01) (102, 1.06176924705505371094e+00) (103, 6.48363232612609863281e-01) (104, 2.33853578567504882812e-01) (0, -3.43482166528701782227e-01) (1, -7.15320408344268798828e-01) (2, -7.36302614212036132812e-01) (3, 4.00488555431365966797e-01) (4, -8.03289771080017089844e-01) (5, 6.37158095836639404297e-01) (6, 1.70190000534057617188e+00) (7, -1.57217547297477722168e-01) (8, 2.43693327903747558594e+00) (9, -3.32461893558502197266e-01) (10, -8.11034321784973144531e-01) (11, -7.15854048728942871094e-01) (12, -6.83167040348052978516e-01) (13, -2.67043739557266235352e-01) (14, -3.65216910839080810547e-01) (15, -7.64799177646636962891e-01) (16, -8.63225221633911132812e-01) (17, -7.98778951168060302734e-01) (18, 7.71263420581817626953e-01) (19, -7.43387043476104736328e-01) (20, -3.31507831811904907227e-01) (21, -9.46616470813751220703e-01) (22, 1.77484250068664550781e+00) (23, -6.40555679798126220703e-01) (24, 1.11818003654479980469e+00) (25, -6.67065143585205078125e-01) (26, -7.30731785297393798828e-01) (27, -7.17685520648956298828e-01) (28, 1.76797831058502197266e+00) (29, -1.02174830436706542969e+00) (30, -3.80152881145477294922e-01) (31, 9.00431632995605468750e-01) (32, -7.81724154949188232422e-01) (33, 1.74013698101043701172e+00) (34, 7.71439909934997558594e-01) (35, -7.57658779621124267578e-01) (36, 1.74450540542602539062e+00) (37, 1.89505720138549804688e+00) (38, -6.41794204711914062500e-01) (39, -7.69908428192138671875e-01) (40, -8.05563032627105712891e-01) (41, -6.82354092597961425781e-01) (42, 1.65378952026367187500e+00) (43, 2.25418233871459960938e+00) (44, -7.34280049800872802734e-01) (45, -7.56732463836669921875e-01) (46, -8.37617442011833190918e-02) (47, 1.11078929901123046875e+00) (48, 1.81503689289093017578e+00) (49, -6.70880675315856933594e-01) (50, -2.12212473154067993164e-01) (51, 1.74464035034179687500e+00) (52, -6.53989374637603759766e-01) (53, -3.47558736801147460938e-01) (54, 1.61408758163452148438e+00) (55, -1.77597805857658386230e-01) (56, -7.00278222560882568359e-01) (57, -3.71362835168838500977e-01) (58, 9.52008724212646484375e-01) (59, -1.62703469395637512207e-02) (60, -7.17026114463806152344e-01) (61, -6.51581287384033203125e-01) (62, 1.73596155643463134766e+00) (63, -7.48876571655273437500e-01) (64, -7.81897604465484619141e-01) (65, -7.01522588729858398438e-01) (66, -6.33314013481140136719e-01) (67, -1.27232110500335693359e+00) (68, 1.03049814701080322266e+00) (69, 1.74172580242156982422e+00) (70, -7.70879149436950683594e-01) (71, -7.78963267803192138672e-01) (72, -5.66579461097717285156e-01) (73, 1.91239047050476074219e+00) (74, -6.81428730487823486328e-01) (75, -5.07322661578655242920e-02) (76, -7.97773718833923339844e-01) (77, -8.19636702537536621094e-01) (78, 1.62889349460601806641e+00) (79, -3.35434526205062866211e-01) (80, -9.41477894783020019531e-01) (81, -3.21526139974594116211e-01) (82, -6.97345852851867675781e-01) (83, -3.77755850553512573242e-01) (84, 8.47621440887451171875e-01) (85, -6.19513750076293945312e-01) (86, -6.57889127731323242188e-01) (87, 1.84371995925903320312e+00) (88, -6.71477317810058593750e-01) (89, -1.80666431784629821777e-01) (90, 2.29948449134826660156e+00) (91, 2.27717429399490356445e-01) (92, 1.62831163406372070312e+00) (93, -8.61582338809967041016e-01) (94, -7.06635057926177978516e-01) (95, -7.15264260768890380859e-01) (96, 1.75541281700134277344e+00) (97, 1.80045557022094726562e+00) (98, 3.23040157556533813477e-01) (99, -1.94983258843421936035e-01) (100, -7.32545316219329833984e-01) (101, 1.68810069561004638672e+00) (102, -1.08536350727081298828e+00) (103, 3.37484407424926757812e+00) (104, 2.73953199386596679688e+00) (0, -3.36338186264038085938e+00) (1, -2.42469757795333862305e-01) (2, 1.57037329673767089844e+00) (3, 3.97956430912017822266e-01) (4, -5.57425439357757568359e-01) (5, -7.27576136589050292969e-01) (6, -3.27470332384109497070e-01) (7, -1.28759825229644775391e+00) (8, 1.45046973228454589844e+00) (9, -7.28463053703308105469e-01) (10, -7.04832029342651367188e+00) (11, -2.12797552347183227539e-01) (12, -7.26301372051239013672e-01) (13, -5.79721510410308837891e-01) (14, -2.30719971656799316406e+00) (15, -8.22526872158050537109e-01) (16, -6.13087713718414306641e-01) (17, -1.04470670223236083984e+00) (18, -7.14702069759368896484e-01) (19, 1.99230766296386718750e+00) (20, 3.60408735275268554688e+00) (21, -1.04498422145843505859e+00) (22, -1.77656829357147216797e-01) (23, -3.99252474308013916016e-01) (24, 5.46087121963500976562e+00) (25, -4.99089765548706054688e+00) (26, -6.68324351310729980469e-01) (27, -9.18242156505584716797e-01) (28, -3.96278572082519531250e+00) (29, -5.48729610443115234375e+00) (30, -2.43966817855834960938e+00) (31, -2.62781620025634765625e+00) (32, -1.35051584243774414062e+01) (33, 2.33951592445373535156e+00) (34, -2.38711528778076171875e+01) (35, -3.19594454765319824219e+00) (36, 3.62511205673217773438e+00) (37, -6.26059627532958984375e+00) (38, -2.18607115745544433594e+00) (39, -3.23078513145446777344e+00) (40, 5.49131214618682861328e-01) (41, 5.45195519924163818359e-01) (42, -8.02745342254638671875e-01) (43, -2.06052446365356445312e+00) (44, -5.12766420841217041016e-01) (45, -2.16446802020072937012e-01) (46, 7.03559577465057373047e-01) (47, 1.96087610721588134766e+00) (48, -3.11372041702270507812e-01) (49, -5.49949526786804199219e-01) (50, -4.94259670376777648926e-02) (51, -9.41260695457458496094e-01) (52, 7.83521056175231933594e-01) (53, -4.84121370315551757812e+00) (54, 8.74197304248809814453e-01) (55, 2.45656919479370117188e+00) (56, -1.37477290630340576172e+00) (57, -1.10694658756256103516e+00) (58, 1.95744657516479492188e+00) (59, 1.77530419826507568359e+00) (60, -6.42847597599029541016e-01) (61, 3.26652079820632934570e-01) (62, -7.86892235279083251953e-01) (63, -2.14078855514526367188e+00) (64, -7.94540643692016601562e-01) (65, -4.79233562946319580078e-02) (66, -1.78290426731109619141e+00) (67, -9.11173045635223388672e-01) (68, 3.81891056895256042480e-02) (69, -7.99011528491973876953e-01) (70, -8.43076288700103759766e-01) (71, 1.68011176586151123047e+00) (72, 1.78114831447601318359e+00) (73, 2.20711755752563476562e+00) (74, 1.72818815708160400391e+00) (75, 8.87929834425449371338e-03) (76, 2.94035553932189941406e-01) (77, 3.75107586383819580078e-01) (78, 1.59623122215270996094e+00) (79, 2.29746937751770019531e+00) (80, 4.97431993484497070312e-01) (81, 2.23768877983093261719e+00) (82, -1.99094086885452270508e-01) (83, 2.07878565788269042969e+00) (84, 2.01775979995727539062e+00) (85, 9.44481253623962402344e-01) (86, -5.31360983848571777344e-01) (87, 1.58254122734069824219e+00) (88, -7.70204246044158935547e-01) (89, -2.21787065267562866211e-01) (90, -4.13645088672637939453e-01) (91, 1.29247233271598815918e-01) (92, 1.53297960758209228516e+00) (93, -6.88369870185852050781e-01) (94, -6.74251675605773925781e-01) (95, 1.70931732654571533203e+00) (96, 7.51744806766510009766e-01) (97, -2.32114717364311218262e-01) (98, -8.73361945152282714844e-01) (99, -3.20435076951980590820e-01) (100, -6.60403549671173095703e-01) (101, -8.54848325252532958984e-01) (102, -1.30957162380218505859e+00) (103, 3.38850784301757812500e+00) (104, 2.56733179092407226562e+00) (105, -1.03916919231414794922e+00) (106, -3.11945199966430664062e-01) (107, 2.61303377151489257812e+00) (108, 8.51631522178649902344e-01) (109, 2.31946802139282226562e+00) (110, 1.70738565921783447266e+00) (111, -3.75729751586914062500e+00) (112, 2.60549402236938476562e+00) (113, -1.61150145530700683594e+00) (114, -3.16653704643249511719e+00) (115, -2.39602422714233398438e+00) (116, 2.29350018501281738281e+00) (117, -1.12909638881683349609e+00) (118, -1.68686580657958984375e+00) (119, -2.28229904174804687500e+00) (120, 1.73634707927703857422e-01) (121, 1.84831827878952026367e-01) (122, 3.98800659179687500000e+00) (123, 1.77828347682952880859e+00) (124, -2.52083730697631835938e+00) (125, 3.28061556816101074219e+00) (126, 9.07068312168121337891e-01) (127, 9.29017066955566406250e-01) (128, 1.28980958461761474609e+00) (129, 2.74031472206115722656e+00) (130, 1.02107906341552734375e+00) 
