FANN_FLO_2.1
num_layers=3
learning_rate=0.700000
connection_rate=1.000000
network_type=0
learning_momentum=0.000000
training_algorithm=2
train_error_function=1
train_stop_function=0
cascade_output_change_fraction=0.010000
quickprop_decay=-0.000100
quickprop_mu=1.750000
rprop_increase_factor=1.200000
rprop_decrease_factor=0.500000
rprop_delta_min=0.000000
rprop_delta_max=50.000000
rprop_delta_zero=0.100000
cascade_output_stagnation_epochs=12
cascade_candidate_change_fraction=0.010000
cascade_candidate_stagnation_epochs=12
cascade_max_out_epochs=150
cascade_max_cand_epochs=150
cascade_num_candidate_groups=2
bit_fail_limit=3.49999994039535522461e-01
cascade_candidate_limit=1.00000000000000000000e+03
cascade_weight_multiplier=4.00000005960464477539e-01
cascade_activation_functions_count=10
cascade_activation_functions=3 5 7 8 10 11 14 15 16 17 
cascade_activation_steepnesses_count=4
cascade_activation_steepnesses=2.50000000000000000000e-01 5.00000000000000000000e-01 7.50000000000000000000e-01 1.00000000000000000000e+00 
layer_sizes=105 26 2 
scale_included=0
neurons (num_inputs, activation_function, activation_steepness)=(0, 0, 0.00000000000000000000e+00) (0, 0, 0.00000000000000000000e+00) (0, 0, 0.00000000000000000000e+00) (0, 0, 0.00000000000000000000e+00) (0, 0, 0.00000000000000000000e+00) (0, 0, 0.00000000000000000000e+00) (0, 0, 0.00000000000000000000e+00) (0, 0, 0.00000000000000000000e+00) (0, 0, 0.00000000000000000000e+00) (0, 0, 0.00000000000000000000e+00) (0, 0, 0.00000000000000000000e+00) (0, 0, 0.00000000000000000000e+00) (0, 0, 0.00000000000000000000e+00) (0, 0, 0.00000000000000000000e+00) (0, 0, 0.00000000000000000000e+00) (0, 0, 0.00000000000000000000e+00) (0, 0, 0.00000000000000000000e+00) (0, 0, 0.00000000000000000000e+00) (0, 0, 0.00000000000000000000e+00) (0, 0, 0.00000000000000000000e+00) (0, 0, 0.00000000000000000000e+00) (0, 0, 0.00000000000000000000e+00) (0, 0, 0.00000000000000000000e+00) (0, 0, 0.00000000000000000000e+00) (0, 0, 0.00000000000000000000e+00) (0, 0, 0.00000000000000000000e+00) (0, 0, 0.00000000000000000000e+00) (0, 0, 0.00000000000000000000e+00) (0, 0, 0.00000000000000000000e+00) (0, 0, 0.00000000000000000000e+00) (0, 0, 0.00000000000000000000e+00) (0, 0, 0.00000000000000000000e+00) (0, 0, 0.00000000000000000000e+00) (0, 0, 0.00000000000000000000e+00) (0, 0, 0.00000000000000000000e+00) (0, 0, 0.00000000000000000000e+00) (0, 0, 0.00000000000000000000e+00) (0, 0, 0.00000000000000000000e+00) (0, 0, 0.00000000000000000000e+00) (0, 0, 0.00000000000000000000e+00) (0, 0, 0.00000000000000000000e+00) (0, 0, 0.00000000000000000000e+00) (0, 0, 0.00000000000000000000e+00) (0, 0, 0.00000000000000000000e+00) (0, 0, 0.00000000000000000000e+00) (0, 0, 0.00000000000000000000e+00) (0, 0, 0.00000000000000000000e+00) (0, 0, 0.00000000000000000000e+00) (0, 0, 0.00000000000000000000e+00) (0, 0, 0.00000000000000000000e+00) (0, 0, 0.00000000000000000000e+00) (0, 0, 0.00000000000000000000e+00) (0, 0, 0.00000000000000000000e+00) (0, 0, 0.00000000000000000000e+00) (0, 0, 0.00000000000000000000e+00) (0, 0, 0.00000000000000000000e+00) (0, 0, 0.00000000000000000000e+00) (0, 0, 0.00000000000000000000e+00) (0, 0, 0.00000000000000000000e+00) (0, 0, 0.00000000000000000000e+00) (0, 0, 0.00000000000000000000e+00) (0, 0, 0.00000000000000000000e+00) (0, 0, 0.00000000000000000000e+00) (0, 0, 0.00000000000000000000e+00) (0, 0, 0.00000000000000000000e+00) (0, 0, 0.00000000000000000000e+00) (0, 0, 0.00000000000000000000e+00) (0, 0, 0.00000000000000000000e+00) (0, 0, 0.00000000000000000000e+00) (0, 0, 0.00000000000000000000e+00) (0, 0, 0.00000000000000000000e+00) (0, 0, 0.00000000000000000000e+00) (0, 0, 0.00000000000000000000e+00) (0, 0, 0.00000000000000000000e+00) (0, 0, 0.00000000000000000000e+00) (0, 0, 0.00000000000000000000e+00) (0, 0, 0.00000000000000000000e+00) (0, 0, 0.00000000000000000000e+00) (0, 0, 0.00000000000000000000e+00) (0, 0, 0.00000000000000000000e+00) (0, 0, 0.00000000000000000000e+00) (0, 0, 0.00000000000000000000e+00) (0, 0, 0.00000000000000000000e+00) (0, 0, 0.00000000000000000000e+00) (0, 0, 0.00000000000000000000e+00) (0, 0, 0.00000000000000000000e+00) (0, 0, 0.00000000000000000000e+00) (0, 0, 0.00000000000000000000e+00) (0, 0, 0.00000000000000000000e+00) (0, 0, 0.00000000000000000000e+00) (0, 0, 0.00000000000000000000e+00) (0, 0, 0.00000000000000000000e+00) (0, 0, 0.00000000000000000000e+00) (0, 0, 0.00000000000000000000e+00) (0, 0, 0.00000000000000000000e+00) (0, 0, 0.00000000000000000000e+00) (0, 0, 0.00000000000000000000e+00) (0, 0, 0.00000000000000000000e+00) (0, 0, 0.00000000000000000000e+00) (0, 0, 0.00000000000000000000e+00) (0, 0, 0.00000000000000000000e+00) (0, 0, 0.00000000000000000000e+00) (0, 0, 0.00000000000000000000e+00) (0, 0, 0.00000000000000000000e+00) (0, 0, 0.00000000000000000000e+00) (105, 5, 5.00000000000000000000e-01) (105, 5, 5.00000000000000000000e-01) (105, 5, 5.00000000000000000000e-01) (105, 5, 5.00000000000000000000e-01) (105, 5, 5.00000000000000000000e-01) (105, 5, 5.00000000000000000000e-01) (105, 5, 5.00000000000000000000e-01) (105, 5, 5.00000000000000000000e-01) (105, 5, 5.00000000000000000000e-01) (105, 5, 5.00000000000000000000e-01) (105, 5, 5.00000000000000000000e-01) (105, 5, 5.00000000000000000000e-01) (105, 5, 5.00000000000000000000e-01) (105, 5, 5.00000000000000000000e-01) (105, 5, 5.00000000000000000000e-01) (105, 5, 5.00000000000000000000e-01) (105, 5, 5.00000000000000000000e-01) (105, 5, 5.00000000000000000000e-01) (105, 5, 5.00000000000000000000e-01) (105, 5, 5.00000000000000000000e-01) (105, 5, 5.00000000000000000000e-01) (105, 5, 5.00000000000000000000e-01) (105, 5, 5.00000000000000000000e-01) (105, 5, 5.00000000000000000000e-01) (105, 5, 5.00000000000000000000e-01) (0, 5, 0.00000000000000000000e+00) (26, 5, 5.00000000000000000000e-01) (0, 5, 0.00000000000000000000e+00) 
connections (connected_to_neuron, weight)=(0, 4.64715272188186645508e-01) (1, 4.13249284029006958008e-01) (2, 1.25237619876861572266e+00) (3, 1.91570496559143066406e+00) (4, -7.30436742305755615234e-01) (5, 5.20680069923400878906e-01) (6, -1.68022036552429199219e+00) (7, -1.09823629260063171387e-01) (8, 6.54883027076721191406e-01) (9, -7.79752731323242187500e-01) (10, 6.57043755054473876953e-01) (11, -7.70654618740081787109e-01) (12, -1.03748524188995361328e+00) (13, 2.23905181884765625000e+00) (14, -7.02768325805664062500e-01) (15, -9.38258022069931030273e-02) (16, -7.78045415878295898438e-01) (17, -2.14564371854066848755e-02) (18, 3.86559367179870605469e-02) (19, 5.81514596939086914062e-01) (20, 1.39110231399536132812e+00) (21, -6.56455576419830322266e-01) (22, 9.21643316745758056641e-01) (23, -1.54585033655166625977e-01) (24, 1.05061638355255126953e+00) (25, -1.18688642978668212891e-01) (26, -1.49253368377685546875e-01) (27, -9.49141085147857666016e-02) (28, -7.00245559215545654297e-01) (29, -5.24064563214778900146e-02) (30, -8.69498610496520996094e-01) (31, -7.71225929260253906250e-01) (32, -6.18997156620025634766e-01) (33, -7.28967905044555664062e-01) (34, 1.52394640445709228516e+00) (35, -6.36578500270843505859e-01) (36, -7.27005481719970703125e-01) (37, -8.69012892246246337891e-01) (38, -6.33325278759002685547e-01) (39, -9.86530333757400512695e-02) (40, -9.04453843832015991211e-02) (41, -2.87953495979309082031e+00) (42, -7.31915414333343505859e-01) (43, -9.11509752273559570312e-01) (44, -6.99291884899139404297e-01) (45, 5.68239316344261169434e-02) (46, -4.71638858318328857422e-01) (47, -1.58181011676788330078e-01) (48, 1.45244479179382324219e+00) (49, -6.10159397125244140625e-01) (50, -6.59469604492187500000e-01) (51, -7.73173630237579345703e-01) (52, -6.67534708976745605469e-01) (53, -7.91195869445800781250e-01) (54, -6.39017939567565917969e-01) (55, -1.02473807334899902344e+00) (56, -4.08691614866256713867e-01) (57, -5.31142577528953552246e-02) (58, 1.75689375400543212891e+00) (59, -4.61566001176834106445e-01) (60, -1.28540128469467163086e-01) (61, 4.29236590862274169922e-02) (62, -8.51619958877563476562e-01) (63, 5.87743937969207763672e-01) (64, 7.60933518409729003906e-01) (65, -6.89069628715515136719e-01) (66, -4.24111604690551757812e-01) (67, 8.57085943222045898438e-01) (68, 2.71845562383532524109e-03) (69, 1.18584930896759033203e+00) (70, -1.12535454332828521729e-01) (71, -8.71153593063354492188e-01) (72, 6.96720302104949951172e-01) (73, 1.06332981586456298828e+00) (74, -1.41838192939758300781e-01) (75, 8.62791538238525390625e-01) (76, -8.57377886772155761719e-01) (77, -8.00084769725799560547e-01) (78, 8.83042931556701660156e-01) (79, 1.78522086143493652344e+00) (80, -3.73114675283432006836e-01) (81, 8.64543795585632324219e-01) (82, 9.14464175701141357422e-01) (83, 8.53048384189605712891e-01) (84, -6.33577406406402587891e-01) (85, -3.27901579439640045166e-02) (86, 6.09221518039703369141e-01) (87, -7.57042586803436279297e-01) (88, 2.27010130882263183594e+00) (89, 2.13164138793945312500e+00) (90, 5.00393867492675781250e-01) (91, 6.57673656940460205078e-01) (92, -8.65977168083190917969e-01) (93, -8.65063011646270751953e-01) (94, 6.17602169513702392578e-01) (95, 2.10715031623840332031e+00) (96, -8.27825248241424560547e-01) (97, -1.68572485446929931641e-01) (98, 2.12756752967834472656e+00) (99, 5.86394727230072021484e-01) (100, -7.64883160591125488281e-01) (101, -1.25177741050720214844e-01) (102, 4.35775488615036010742e-01) (103, 1.49032437801361083984e+00) (104, 2.65982246398925781250e+00) (0, -1.07450306415557861328e+00) (1, -4.63096499443054199219e-01) (2, 2.15821719169616699219e+00) (3, -3.33082377910614013672e-01) (4, 7.46021270751953125000e-01) (5, -7.70988821983337402344e-01) (6, -6.11569106578826904297e-01) (7, -4.62501227855682373047e-01) (8, 1.52181005477905273438e+00) (9, 5.28007626533508300781e-01) (10, -2.01865315437316894531e+00) (11, -1.40638709068298339844e+00) (12, -8.92678573727607727051e-02) (13, 2.99156188964843750000e-01) (14, -6.91871881484985351562e-01) (15, -5.25810569524765014648e-02) (16, -1.39305806159973144531e+00) (17, 8.39714705944061279297e-01) (18, 1.76630151271820068359e+00) (19, 1.47054541110992431641e+00) (20, 5.14412522315979003906e-01) (21, 6.85244917869567871094e-01) (22, -5.41377902030944824219e-01) (23, -9.29464623332023620605e-02) (24, 2.94235420227050781250e+00) (25, 7.98642992973327636719e-01) (26, -6.62156164646148681641e-01) (27, 8.58982920646667480469e-01) (28, -2.75474637746810913086e-02) (29, -2.69475251436233520508e-01) (30, 1.38919472694396972656e+00) (31, -5.33670067787170410156e-01) (32, -4.94020491838455200195e-01) (33, -4.33999389410018920898e-01) (34, 7.50362798571586608887e-02) (35, -2.93633043766021728516e-01) (36, -7.59819447994232177734e-01) (37, -1.86580911278724670410e-01) (38, -3.85683447122573852539e-01) (39, 2.35828831791877746582e-02) (40, -4.56852018833160400391e-01) (41, -8.56741070747375488281e-01) (42, 1.47688627243041992188e+00) (43, 7.82489895820617675781e-01) (44, 1.69424724578857421875e+00) (45, -1.35240525007247924805e-01) (46, 8.05531069636344909668e-02) (47, -3.57996761798858642578e-01) (48, 2.51833653450012207031e+00) (49, -4.47936505079269409180e-01) (50, 6.10939979553222656250e-01) (51, -8.77440810203552246094e-01) (52, -9.37939524650573730469e-01) (53, -1.14095520973205566406e+00) (54, -9.62436616420745849609e-01) (55, -9.39869105815887451172e-01) (56, -8.88936877250671386719e-01) (57, -1.24779844284057617188e+00) (58, 1.92647606134414672852e-01) (59, -8.24339807033538818359e-01) (60, -2.12143018841743469238e-01) (61, 1.80238914489746093750e+00) (62, 5.58882772922515869141e-01) (63, 6.75500631332397460938e-01) (64, 5.53532600402832031250e-01) (65, -7.78691828250885009766e-01) (66, -4.51851710677146911621e-02) (67, 2.55386114120483398438e+00) (68, 3.78208339214324951172e-01) (69, -1.64269030094146728516e-01) (70, -1.25558808445930480957e-01) (71, -4.55970615148544311523e-02) (72, -7.34259665012359619141e-01) (73, 2.00282239913940429688e+00) (74, 6.89539432525634765625e-01) (75, 2.15075922012329101562e+00) (76, 2.33381748199462890625e+00) (77, -7.26169586181640625000e-01) (78, 3.19028437137603759766e-01) (79, 9.46728706359863281250e-01) (80, -9.49582040309906005859e-01) (81, -8.36514651775360107422e-01) (82, -5.54887712001800537109e-01) (83, 5.10778248310089111328e-01) (84, -1.23704504966735839844e+00) (85, -8.60649645328521728516e-01) (86, -9.12808537483215332031e-01) (87, -8.75771343708038330078e-01) (88, -5.08136570453643798828e-01) (89, -8.94535303115844726562e-01) (90, -9.92990434169769287109e-01) (91, -8.27846646308898925781e-01) (92, 1.24493503570556640625e+00) (93, -4.07203584909439086914e-01) (94, 6.00876033306121826172e-01) (95, -8.14669549465179443359e-01) (96, 3.14888894557952880859e-01) (97, -1.12352228164672851562e+00) (98, 1.68778443336486816406e+00) (99, -8.75634610652923583984e-01) (100, -8.45985412597656250000e-01) (101, 1.01134645938873291016e+00) (102, -5.97015917301177978516e-01) (103, 2.52706575393676757812e+00) (104, 2.69577980041503906250e+00) (0, 2.18435668945312500000e+00) (1, -1.37193989753723144531e+00) (2, 1.72319686412811279297e+00) (3, -6.82836711406707763672e-01) (4, 4.56065803766250610352e-01) (5, 2.22373318672180175781e+00) (6, -1.20723330974578857422e+00) (7, -3.08862179517745971680e-01) (8, 1.03480935096740722656e+00) (9, -6.54924392700195312500e-01) (10, -7.80020833015441894531e-01) (11, -1.11492502689361572266e+00) (12, -4.95238825678825378418e-02) (13, -3.13214635848999023438e+00) (14, -1.03934276103973388672e+00) (15, -8.17758962512016296387e-03) (16, 1.66133999824523925781e+00) (17, 1.27938461303710937500e+00) (18, 1.13732492923736572266e+00) (19, 1.75606608390808105469e+00) (20, 1.33880341053009033203e+00) (21, 1.50914168357849121094e+00) (22, 5.18765270709991455078e-01) (23, 1.17733955383300781250e+00) (24, 1.53150510787963867188e+00) (25, 3.28440809249877929688e+00) (26, -5.94042479991912841797e-01) (27, -7.26602315902709960938e-01) (28, 1.58154761791229248047e+00) (29, -1.09795701503753662109e+00) (30, 1.63045263290405273438e+00) (31, -4.27029460668563842773e-01) (32, 1.54210865497589111328e+00) (33, -2.21915543079376220703e-01) (34, 1.54351186752319335938e+00) (35, -6.77798211574554443359e-01) (36, 2.17850136756896972656e+00) (37, 4.36875015497207641602e-01) (38, -7.81996190547943115234e-01) (39, -7.20402181148529052734e-01) (40, -7.70061850547790527344e-01) (41, 2.25966483354568481445e-01) (42, -1.80294990539550781250e-01) (43, -7.03801214694976806641e-01) (44, -7.33599662780761718750e-01) (45, -1.45558488368988037109e+00) (46, 1.03899037837982177734e+00) (47, -3.84326934814453125000e-01) (48, 1.06206834316253662109e+00) (49, -6.27248704433441162109e-01) (50, -6.92086875438690185547e-01) (51, -5.72909414768218994141e-01) (52, -3.49211597442626953125e+00) (53, -1.04873001575469970703e+00) (54, -7.53862857818603515625e-01) (55, -7.35891640186309814453e-01) (56, -2.92551741003990173340e-02) (57, -7.51634538173675537109e-01) (58, -8.56588304042816162109e-01) (59, -2.19571208953857421875e+00) (60, 4.15457874536514282227e-01) (61, -7.03251123428344726562e-01) (62, -1.77529841661453247070e-01) (63, 6.08527481555938720703e-01) (64, 1.16870796680450439453e+00) (65, -4.35330897569656372070e-01) (66, 1.07035088539123535156e+00) (67, 1.47655856609344482422e+00) (68, -1.21917739510536193848e-01) (69, -1.34861737489700317383e-01) (70, -2.15396329760551452637e-01) (71, -6.56140148639678955078e-02) (72, 3.78908723592758178711e-01) (73, 1.77368497848510742188e+00) (74, -1.85455530881881713867e-01) (75, -1.42590105533599853516e-01) (76, 7.20919609069824218750e-01) (77, -6.61847069859504699707e-02) (78, 5.62194585800170898438e-01) (79, -8.49670767784118652344e-01) (80, 7.31729865074157714844e-01) (81, -1.78284215927124023438e+00) (82, -2.60054755210876464844e+00) (83, 1.65686430409550666809e-03) (84, 1.10399127006530761719e+00) (85, 2.87501186132431030273e-01) (86, -1.26045895740389823914e-02) (87, -6.44471287727355957031e-01) (88, 1.81846714019775390625e+00) (89, 5.56552350521087646484e-01) (90, 1.66415369510650634766e+00) (91, 1.58411002159118652344e+00) (92, 1.29848146438598632812e+00) (93, -1.95231008529663085938e+00) (94, -3.23954969644546508789e-02) (95, -9.33497548103332519531e-01) (96, -4.77039813995361328125e-01) (97, -1.19805866852402687073e-02) (98, 1.80590916424989700317e-02) (99, 7.60496020317077636719e-01) (100, -1.47877067327499389648e-01) (101, 1.40758085250854492188e+00) (102, -5.30277013778686523438e-01) (103, 2.54056358337402343750e+00) (104, 2.10676312446594238281e+00) (0, 1.15177106857299804688e+00) (1, 9.02368314564228057861e-03) (2, -2.47726708650588989258e-01) (3, 2.37626767158508300781e+00) (4, 9.50984597206115722656e-01) (5, -1.29785096645355224609e+00) (6, 1.60792303085327148438e+00) (7, 6.12295232713222503662e-03) (8, -5.27373775839805603027e-02) (9, -2.87445163726806640625e+00) (10, 8.97931933403015136719e-01) (11, 4.54574376344680786133e-01) (12, 6.90745353698730468750e-01) (13, 1.40368223190307617188e+00) (14, 3.53255748748779296875e+00) (15, -7.26370632648468017578e-01) (16, -1.51776254177093505859e-01) (17, 3.42774343490600585938e+00) (18, -1.58571767807006835938e+00) (19, -7.72245168685913085938e-01) (20, -3.62345480918884277344e+00) (21, 1.69684863090515136719e+00) (22, -3.65004003047943115234e-01) (23, -6.90466642379760742188e-01) (24, -8.28309893608093261719e-01) (25, 4.28649139404296875000e+00) (26, 1.91573452949523925781e+00) (27, 1.45322430133819580078e+00) (28, -8.36617827415466308594e-01) (29, -9.20576691627502441406e-01) (30, -2.83919930458068847656e-01) (31, 3.59769988059997558594e+00) (32, -2.66165398061275482178e-02) (33, -6.92635774612426757812e-01) (34, 1.69158136844635009766e+00) (35, -1.71284794807434082031e-01) (36, 2.67673206329345703125e+00) (37, -8.59083890914916992188e-01) (38, 1.12168323993682861328e+00) (39, 1.48242294788360595703e+00) (40, -9.80213582515716552734e-01) (41, -1.21428215503692626953e+00) (42, 1.59843790531158447266e+00) (43, -1.85434079170227050781e+00) (44, 3.76539349555969238281e-01) (45, -1.83015859127044677734e+00) (46, 5.18703758716583251953e-01) (47, -6.24075651168823242188e-01) (48, -2.98397153615951538086e-01) (49, -6.29150211811065673828e-01) (50, -2.17923164367675781250e-01) (51, -3.26481699943542480469e+00) (52, -4.19086754322052001953e-01) (53, 1.07526683807373046875e+00) (54, -5.05215585231781005859e-01) (55, 1.02163553237915039062e+00) (56, -1.95209249854087829590e-01) (57, -1.99446920305490493774e-02) (58, -9.74936664104461669922e-01) (59, -1.23287284374237060547e+00) (60, 1.49186611175537109375e+00) (61, -5.96399962902069091797e-01) (62, -7.79064893722534179688e-01) (63, -8.66669416427612304688e-01) (64, -6.68554842472076416016e-01) (65, -8.05339217185974121094e-01) (66, -1.27312314510345458984e+00) (67, -1.02545249462127685547e+00) (68, 1.16566693782806396484e+00) (69, 1.02049946784973144531e+00) (70, 5.78070342540740966797e-01) (71, -7.70712122321128845215e-02) (72, -2.08243989944458007812e+00) (73, 5.74720919132232666016e-01) (74, 3.49573612213134765625e-01) (75, 2.07754325866699218750e+00) (76, -6.65167152881622314453e-01) (77, -3.31001192331314086914e-01) (78, -6.29267334938049316406e-01) (79, 2.64918303489685058594e+00) (80, 1.01001119613647460938e+00) (81, 7.51912117004394531250e-01) (82, -2.96793043613433837891e-01) (83, 8.15181374549865722656e-01) (84, -7.74758875370025634766e-01) (85, -6.17049485445022583008e-02) (86, -6.12162172794342041016e-01) (87, -2.32578769326210021973e-01) (88, -2.37857773900032043457e-01) (89, 2.02028059959411621094e+00) (90, 1.20095923542976379395e-01) (91, 3.55872869491577148438e-01) (92, -1.79785668849945068359e-01) (93, -4.55352142453193664551e-02) (94, -6.02130651473999023438e-01) (95, -8.55189859867095947266e-01) (96, -3.32510210573673248291e-02) (97, 4.16152596473693847656e-01) (98, 3.91090929508209228516e-01) (99, 7.77496159076690673828e-01) (100, -2.01525256037712097168e-01) (101, -6.56202375888824462891e-01) (102, 2.76921689510345458984e-01) (103, 2.12431526184082031250e+00) (104, 2.69842052459716796875e+00) (0, 6.69656276702880859375e-01) (1, 2.44596338272094726562e+00) (2, -2.72967958450317382812e+00) (3, -4.03469562530517578125e-01) (4, -1.85675814747810363770e-01) (5, 8.56415212154388427734e-01) (6, -1.12408384680747985840e-01) (7, -8.19371604919433593750e+00) (8, 1.71597075462341308594e+00) (9, -1.97644680738449096680e-01) (10, -3.47755718231201171875e+00) (11, 1.00425076484680175781e+00) (12, -7.31605708599090576172e-01) (13, -1.11706495285034179688e+00) (14, 8.21446180343627929688e-01) (15, -1.90012350678443908691e-01) (16, 1.90989542007446289062e+00) (17, -8.71346712112426757812e-01) (18, 3.55642676353454589844e-01) (19, -1.09536552429199218750e+00) (20, 2.52501893043518066406e+00) (21, 2.71952795982360839844e+00) (22, 1.39896070957183837891e+00) (23, -4.90406036376953125000e+00) (24, -5.83764135837554931641e-01) (25, -2.94185072183609008789e-01) (26, -8.13240349292755126953e-01) (27, 8.91355037689208984375e-01) (28, -8.82753252983093261719e-01) (29, 1.39857441186904907227e-01) (30, -6.22691512107849121094e-01) (31, 1.58886420726776123047e+00) (32, 1.75338280200958251953e+00) (33, 1.54785466194152832031e+00) (34, 1.61274456977844238281e+00) (35, 2.96979725360870361328e-01) (36, 1.56946265697479248047e+00) (37, 1.33968496322631835938e+00) (38, 1.32324731349945068359e+00) (39, 8.21117758750915527344e-01) (40, 1.55748951435089111328e+00) (41, 1.62113332748413085938e+00) (42, -1.59910365939140319824e-01) (43, -9.21575605869293212891e-01) (44, -1.43224751949310302734e+00) (45, -7.59597361087799072266e-01) (46, -6.66170179843902587891e-01) (47, -9.87725079059600830078e-01) (48, 2.05006647109985351562e+00) (49, -8.96252989768981933594e-01) (50, -1.99064218997955322266e+00) (51, -7.69808888435363769531e-01) (52, -2.20089450478553771973e-01) (53, 1.66918778419494628906e+00) (54, -4.63983297348022460938e-01) (55, 2.23892673850059509277e-01) (56, -4.24808859825134277344e-02) (57, -4.63664591312408447266e-01) (58, -5.74198544025421142578e-01) (59, -8.57573926448822021484e-01) (60, -8.21901321411132812500e-01) (61, -3.68607831001281738281e+00) (62, -5.03471866250038146973e-02) (63, 1.07293152809143066406e+00) (64, 8.36600363254547119141e-01) (65, 8.82062494754791259766e-01) (66, 1.66160643100738525391e+00) (67, 2.16484522819519042969e+00) (68, 2.23021364212036132812e+00) (69, -5.86960613727569580078e-02) (70, 1.64455497264862060547e+00) (71, 1.14870987832546234131e-01) (72, -9.65656526386737823486e-03) (73, 3.13654184341430664062e-01) (74, 2.24302206188440322876e-02) (75, 2.98038125038146972656e-01) (76, -1.63266456127166748047e+00) (77, 7.99191184341907501221e-03) (78, -6.70833110809326171875e-01) (79, -5.57308122515678405762e-02) (80, -7.08897233009338378906e-01) (81, -7.94683694839477539062e-01) (82, 2.92279064655303955078e-01) (83, 4.09262196626514196396e-04) (84, -9.69571709632873535156e-01) (85, -7.69363641738891601562e-02) (86, -5.03525733947753906250e-01) (87, 4.44757580757141113281e-01) (88, 3.80138158798217773438e-01) (89, -4.70465868711471557617e-01) (90, -1.63640785217285156250e+00) (91, -1.05203591287136077881e-01) (92, 3.09466660022735595703e-01) (93, -1.49530485272407531738e-01) (94, -1.48911520838737487793e-01) (95, -7.38843739032745361328e-01) (96, 2.15675973892211914062e+00) (97, -8.13541650772094726562e-01) (98, -7.64307022094726562500e-01) (99, -2.09155857563018798828e-01) (100, -2.29345023632049560547e-01) (101, -8.73254686594009399414e-02) (102, -2.09530210494995117188e+00) (103, 5.10540390014648437500e+00) (104, 2.07479286193847656250e+00) (0, -1.00267887115478515625e+00) (1, -8.02187561988830566406e-01) (2, -9.37132060527801513672e-01) (3, 4.24975872039794921875e+00) (4, 4.07707333564758300781e-01) (5, -2.95752000808715820312e+00) (6, -1.76483422517776489258e-01) (7, -3.88829231262207031250e+00) (8, 2.76593661308288574219e+00) (9, -5.51345288753509521484e-01) (10, 5.91412901878356933594e-01) (11, -1.45274639129638671875e+00) (12, -1.18191492557525634766e+00) (13, -1.68466961383819580078e+00) (14, -1.79131895303726196289e-01) (15, -3.30931115150451660156e+00) (16, 6.10907125473022460938e+00) (17, 1.33979916572570800781e+00) (18, 2.21407198905944824219e+00) (19, 3.94410228729248046875e+00) (20, 1.18138532638549804688e+01) (21, -5.52740752696990966797e-01) (22, -2.65579998493194580078e-01) (23, -1.70241308212280273438e+00) (24, 2.38508534431457519531e+00) (25, -5.55500888824462890625e+00) (26, -2.42496204376220703125e+00) (27, 1.14797925949096679688e+00) (28, -4.57760524749755859375e+00) (29, 1.12756930291652679443e-01) (30, 2.40795564651489257812e+00) (31, -4.98336172103881835938e+00) (32, -3.31748700141906738281e+00) (33, -8.30885052680969238281e-01) (34, -1.64504551887512207031e+00) (35, 1.57190644741058349609e+00) (36, -3.90378862619400024414e-01) (37, -3.91112565994262695312e+00) (38, -2.25663042068481445312e+00) (39, -2.95418715476989746094e+00) (40, 2.63513135910034179688e+00) (41, -1.86641895771026611328e+00) (42, 1.14932262897491455078e+00) (43, 6.43603503704071044922e-01) (44, -4.75801199674606323242e-01) (45, 1.74077659845352172852e-01) (46, -1.94846302270889282227e-01) (47, 2.30323243141174316406e+00) (48, 1.42835021018981933594e+00) (49, -6.23053193092346191406e-01) (50, 1.39312827587127685547e+00) (51, 2.94037485122680664062e+00) (52, -5.61842978000640869141e-01) (53, -9.72689270973205566406e-01) (54, 3.36553752422332763672e-01) (55, -6.43602073192596435547e-01) (56, 7.65424668788909912109e-01) (57, 8.57896566390991210938e-01) (58, 2.19461464881896972656e+00) (59, -1.68620204925537109375e+00) (60, -1.57250449061393737793e-01) (61, 5.54390907287597656250e-01) (62, 4.94095921516418457031e-01) (63, -6.92925035953521728516e-01) (64, 1.25638842582702636719e+00) (65, 8.20829868316650390625e-01) (66, -2.88043558597564697266e-01) (67, -2.83753252029418945312e+00) (68, 7.25371778011322021484e-01) (69, -7.28839218616485595703e-01) (70, 1.20409600436687469482e-01) (71, 3.24589538574218750000e+00) (72, -7.30165779590606689453e-01) (73, 2.66829299926757812500e+00) (74, 4.33628416061401367188e+00) (75, -7.06829369068145751953e-01) (76, 7.89948225021362304688e-01) (77, -6.62536263465881347656e-01) (78, -1.37446796894073486328e+00) (79, -7.54965484142303466797e-01) (80, -8.58658790588378906250e-01) (81, -8.07090878486633300781e-01) (82, -6.69990837574005126953e-01) (83, -7.13207721710205078125e-01) (84, -8.42016816139221191406e-01) (85, -1.72925189137458801270e-01) (86, -7.29881644248962402344e-01) (87, 3.26788902282714843750e-01) (88, 6.19747281074523925781e-01) (89, -8.73748719692230224609e-01) (90, -7.53992140293121337891e-01) (91, -8.13498377799987792969e-01) (92, -6.93265795707702636719e-01) (93, -6.90193772315979003906e-01) (94, -7.46294677257537841797e-01) (95, -7.48234212398529052734e-01) (96, 3.91728341579437255859e-01) (97, 4.05211150646209716797e-01) (98, -2.18209490180015563965e-01) (99, -7.22518920898437500000e-01) (100, -8.05442869663238525391e-01) (101, -8.04095864295959472656e-01) (102, 3.94586980342864990234e-01) (103, 1.57203459739685058594e+00) (104, 2.59454131126403808594e+00) (0, -1.14992725849151611328e+00) (1, -1.33213746547698974609e+00) (2, -3.95789504051208496094e-01) (3, 1.40870407223701477051e-01) (4, -3.92897158861160278320e-01) (5, 1.67736089229583740234e+00) (6, 2.31504991650581359863e-01) (7, 3.27460741996765136719e+00) (8, 2.20604729652404785156e+00) (9, -1.73936378955841064453e+00) (10, 2.92746734619140625000e+00) (11, 1.40757036209106445312e+00) (12, 1.48858153820037841797e+00) (13, 3.38275599479675292969e+00) (14, 1.94754099845886230469e+00) (15, 1.22242343425750732422e+00) (16, 2.16930842399597167969e+00) (17, 1.93473696708679199219e+00) (18, 4.74737852811813354492e-01) (19, 1.18652307987213134766e+00) (20, 1.21879088878631591797e+00) (21, 2.39365482330322265625e+00) (22, 1.08114016056060791016e+00) (23, -6.09937965869903564453e-01) (24, 1.56935617327690124512e-01) (25, 7.29109168052673339844e-01) (26, 2.68697649240493774414e-01) (27, 1.84927368164062500000e+00) (28, 2.43687844276428222656e+00) (29, -1.49697458744049072266e+00) (30, 6.19702041149139404297e-01) (31, -3.13355207443237304688e-01) (32, 1.07832705974578857422e+00) (33, -1.50556951761245727539e-01) (34, 2.21390771865844726562e+00) (35, 3.65183979272842407227e-01) (36, -1.19412839412689208984e-01) (37, -2.03964635729789733887e-01) (38, -1.79153621196746826172e+00) (39, -9.94172915816307067871e-02) (40, 1.74447011947631835938e+00) (41, 2.00483155250549316406e+00) (42, 5.06681621074676513672e-01) (43, -3.47931921482086181641e-01) (44, 2.22948861122131347656e+00) (45, 1.36732423305511474609e+00) (46, -4.50341790914535522461e-01) (47, -2.20955944061279296875e+00) (48, 2.28377509117126464844e+00) (49, 1.14439094066619873047e+00) (50, 1.37912261486053466797e+00) (51, 1.40892434120178222656e+00) (52, -1.93456602096557617188e+00) (53, 1.63874673843383789062e+00) (54, 3.61123472452163696289e-01) (55, 1.27781045436859130859e+00) (56, 1.06460285186767578125e+00) (57, 2.44723096489906311035e-01) (58, -4.47941362857818603516e-01) (59, 1.31809163093566894531e+00) (60, -3.42944115400314331055e-01) (61, -2.09084436297416687012e-01) (62, -3.43649119138717651367e-01) (63, -3.54317337274551391602e-01) (64, -3.53290498256683349609e-01) (65, -4.03871506452560424805e-01) (66, -5.94873249530792236328e-01) (67, -3.26909661293029785156e-01) (68, -3.21713268756866455078e-01) (69, -3.45483332872390747070e-01) (70, 2.86650985479354858398e-01) (71, 1.05681455135345458984e+00) (72, -3.50771397352218627930e-01) (73, -3.15839499235153198242e-01) (74, 3.58015239238739013672e-01) (75, -2.68654763698577880859e-01) (76, -2.82418370246887207031e-01) (77, -3.77454727888107299805e-01) (78, -3.41645151376724243164e-01) (79, -4.20469582080841064453e-01) (80, -2.51416057348251342773e-01) (81, -4.46180403232574462891e-01) (82, -4.80839431285858154297e-01) (83, -3.36054474115371704102e-01) (84, -4.71749782562255859375e-01) (85, -4.31347131729125976562e-01) (86, 3.70021939277648925781e-01) (87, -3.24694126844406127930e-01) (88, 3.13666790723800659180e-01) (89, -4.43558335304260253906e-01) (90, 2.32220515608787536621e-01) (91, 3.00604790449142456055e-01) (92, -3.04294824600219726562e-01) (93, -3.92326027154922485352e-01) (94, -4.31681632995605468750e-01) (95, -5.00472247600555419922e-01) (96, -1.20096101760864257812e+01) (97, 1.24000251293182373047e+00) (98, 1.99582207202911376953e+00) (99, -4.64745879173278808594e-01) (100, -5.00191152095794677734e-01) (101, 4.14390236139297485352e-01) (102, 3.41313213109970092773e-01) (103, 1.89991426467895507812e+00) (104, 2.45658946037292480469e+00) (0, -5.44726908206939697266e-01) (1, -1.82461097836494445801e-01) (2, -6.38420999050140380859e-01) (3, 1.46370935440063476562e+00) (4, -6.90010607242584228516e-01) (5, -8.61223995685577392578e-01) (6, -1.29365786910057067871e-01) (7, 7.20416545867919921875e-01) (8, -3.93299371004104614258e-01) (9, -6.49681150913238525391e-01) (10, 6.83449149131774902344e-01) (11, 1.96248281002044677734e+00) (12, 1.78539931774139404297e+00) (13, -1.14848947525024414062e+00) (14, -6.12469077110290527344e-01) (15, -7.50465393066406250000e-01) (16, 8.58830690383911132812e-01) (17, -7.83301055431365966797e-01) (18, -6.58146262168884277344e-01) (19, -7.27831959724426269531e-01) (20, -3.77218484878540039062e-01) (21, 1.08911859989166259766e+00) (22, 9.15867626667022705078e-01) (23, 1.51690876483917236328e+00) (24, -8.17134857177734375000e-01) (25, 5.86567521095275878906e-01) (26, -6.07841074466705322266e-01) (27, -6.67790591716766357422e-01) (28, 1.44266569614410400391e+00) (29, 5.06595969200134277344e-02) (30, -7.87213742733001708984e-01) (31, -6.06593966484069824219e-01) (32, 4.30432081222534179688e-01) (33, 9.02675807476043701172e-01) (34, -6.26895487308502197266e-01) (35, 2.21365427970886230469e+00) (36, -6.51120007038116455078e-01) (37, -8.30826982855796813965e-02) (38, -1.63054466247558593750e-02) (39, -4.34614121913909912109e-01) (40, 1.11691927909851074219e+00) (41, -1.01410318166017532349e-02) (42, -9.82760488986968994141e-02) (43, 1.54451727867126464844e+00) (44, 1.58229470252990722656e+00) (45, 1.42290496826171875000e+00) (46, -2.47753933072090148926e-01) (47, -1.60132753849029541016e+00) (48, 8.70197474956512451172e-01) (49, -7.05739796161651611328e-01) (50, -7.17434406280517578125e-01) (51, -8.99298265576362609863e-02) (52, -7.66183063387870788574e-02) (53, -7.26668298244476318359e-01) (54, 2.43909239768981933594e+00) (55, 1.87128579616546630859e+00) (56, 2.25454306602478027344e+00) (57, -6.60460054874420166016e-01) (58, -2.79965121299028396606e-02) (59, -6.35476231575012207031e-01) (60, 1.40534257888793945312e+00) (61, -1.26206621527671813965e-01) (62, -7.05864846706390380859e-01) (63, -8.55807840824127197266e-01) (64, 8.97693857550621032715e-02) (65, -7.22677767276763916016e-01) (66, -9.89239096641540527344e-01) (67, -7.72098675370216369629e-02) (68, -7.91546225547790527344e-01) (69, -9.28234696388244628906e-01) (70, -7.16921985149383544922e-01) (71, -6.13323926925659179688e-01) (72, -5.95004260540008544922e-01) (73, -9.19124901294708251953e-01) (74, 4.93659600615501403809e-02) (75, -4.49782252311706542969e-01) (76, -5.23720741271972656250e-01) (77, -7.58839011192321777344e-01) (78, -2.61287987232208251953e-01) (79, -7.56912767887115478516e-01) (80, -5.48920035362243652344e-01) (81, 3.74234914779663085938e-02) (82, 6.46620154380798339844e-01) (83, 5.75238689780235290527e-02) (84, 1.44260156154632568359e+00) (85, -7.39898800849914550781e-01) (86, -7.47507572174072265625e-01) (87, -4.61192280054092407227e-02) (88, -8.25797796249389648438e-01) (89, 1.54925394058227539062e+00) (90, 1.40634083747863769531e+00) (91, -8.04969787597656250000e-01) (92, 2.24718403816223144531e+00) (93, 4.63987095281481742859e-03) (94, -6.91707432270050048828e-01) (95, 1.50344002246856689453e+00) (96, -1.22687024995684623718e-02) (97, 8.27488005161285400391e-01) (98, 1.37795650959014892578e+00) (99, 1.38999593257904052734e+00) (100, -7.53034889698028564453e-01) (101, 6.98090493679046630859e-02) (102, -4.02510821819305419922e-01) (103, 2.54080843925476074219e+00) (104, 2.63489413261413574219e+00) (0, 2.03233790397644042969e+00) (1, -1.21759446337819099426e-02) (2, 6.22381746768951416016e-01) (3, 1.85311150550842285156e+00) (4, -8.90911146998405456543e-02) (5, 5.40964126586914062500e-01) (6, 9.72697794437408447266e-01) (7, 1.40501439571380615234e+00) (8, -6.91646909713745117188e+00) (9, 3.98955345153808593750e-01) (10, 1.76047277450561523438e+00) (11, 2.05175852775573730469e+00) (12, 1.25701093673706054688e+00) (13, 2.98485040664672851562e-01) (14, 8.12804341316223144531e-01) (15, -2.73329854011535644531e-01) (16, 9.59055218845605850220e-03) (17, -2.91455358266830444336e-01) (18, -3.43454390764236450195e-01) (19, 5.37117838859558105469e-01) (20, 2.02479138970375061035e-01) (21, 2.37482562661170959473e-01) (22, 9.92247909307479858398e-02) (23, 6.23311042785644531250e-01) (24, -3.91304850578308105469e-01) (25, 4.69307005405426025391e-01) (26, -3.19077104330062866211e-01) (27, 7.94060885906219482422e-01) (28, 8.27315077185630798340e-02) (29, 8.83843302726745605469e-01) (30, 1.16876769065856933594e+00) (31, 1.80930197238922119141e+00) (32, 2.14456126093864440918e-01) (33, 1.45750832557678222656e+00) (34, 9.74410724639892578125e+00) (35, -1.57408511638641357422e+00) (36, -6.94167327880859375000e+00) (37, -2.43433594703674316406e-01) (38, 1.37012588977813720703e+00) (39, 7.44389519095420837402e-02) (40, 8.81956517696380615234e-01) (41, 4.13533020019531250000e+00) (42, 7.25611984729766845703e-01) (43, 1.47760677337646484375e+00) (44, 7.80306935310363769531e-01) (45, 7.98999726772308349609e-01) (46, 1.19752943515777587891e+00) (47, 1.00324070453643798828e+00) (48, -4.12906761169433593750e+01) (49, 2.87030577659606933594e-01) (50, -3.19283306598663330078e-02) (51, 1.44732415676116943359e+00) (52, 1.17011189460754394531e-01) (53, -6.82162463665008544922e-01) (54, 1.48273539543151855469e+00) (55, 5.87309122085571289062e-01) (56, -3.24949294328689575195e-01) (57, -3.57595109939575195312e+00) (58, -3.62448453903198242188e-01) (59, -7.33918964862823486328e-01) (60, 2.51694824546575546265e-02) (61, 8.89869749546051025391e-01) (62, 3.01966220140457153320e-01) (63, -1.03016845881938934326e-01) (64, -1.25128492712974548340e-01) (65, -8.19066911935806274414e-02) (66, -8.98289144039154052734e-01) (67, -2.86393690109252929688e+00) (68, 1.71943235397338867188e+00) (69, 1.78279185295104980469e+00) (70, 7.94407784938812255859e-01) (71, -3.30523103475570678711e-01) (72, -3.96158665418624877930e-01) (73, 2.60029172897338867188e+00) (74, -3.09133499860763549805e-01) (75, -1.80777739733457565308e-02) (76, 1.47407817840576171875e+00) (77, -8.61882045865058898926e-02) (78, 2.21678829193115234375e+00) (79, 1.39833569526672363281e+00) (80, 2.12204480171203613281e+00) (81, 2.00545787811279296875e+00) (82, 1.46889269351959228516e+00) (83, -3.88934053480625152588e-02) (84, -9.49843525886535644531e-02) (85, 6.00310564041137695312e+00) (86, 1.71670727431774139404e-02) (87, -2.61602729558944702148e-01) (88, -3.26615631580352783203e-01) (89, 1.64565372467041015625e+00) (90, -4.49440574645996093750e+00) (91, 7.25916206836700439453e-01) (92, 6.92967951297760009766e-01) (93, 3.70223522186279296875e-01) (94, -3.06021459400653839111e-02) (95, -4.21923808753490447998e-02) (96, 1.16833381652832031250e+01) (97, 7.35991418361663818359e-01) (98, -8.58996957540512084961e-02) (99, 1.29208609461784362793e-01) (100, -1.19837094098329544067e-02) (101, 1.48126876354217529297e+00) (102, 1.00431406497955322266e+00) (103, 1.10187399387359619141e+00) (104, 1.86747694015502929688e+00) (0, 1.44889339804649353027e-01) (1, 1.99787306785583496094e+00) (2, 1.89841306209564208984e+00) (3, 8.42320144176483154297e-01) (4, 5.31294941902160644531e-01) (5, 2.70090699195861816406e-01) (6, 3.03648382425308227539e-01) (7, -1.01268661022186279297e+00) (8, -7.73931598663330078125e+00) (9, -3.12513470649719238281e-01) (10, 5.50904572010040283203e-01) (11, 5.52263319492340087891e-01) (12, -2.44112446904182434082e-01) (13, 6.81090176105499267578e-01) (14, 4.56300646066665649414e-01) (15, 4.77459698915481567383e-01) (16, -1.46296098828315734863e-01) (17, 1.28545880317687988281e+00) (18, -1.05062115192413330078e+00) (19, 5.60479640960693359375e-01) (20, 6.81409418582916259766e-01) (21, 5.49535872414708137512e-03) (22, -1.73346132040023803711e-01) (23, -4.10089910030364990234e-01) (24, -2.00939297676086425781e-01) (25, 6.44842028617858886719e-01) (26, 1.12657415866851806641e+00) (27, 1.31298971176147460938e+00) (28, 5.36968231201171875000e-01) (29, 4.41568344831466674805e-01) (30, 6.58762633800506591797e-01) (31, -2.77893513441085815430e-01) (32, 5.60865044593811035156e-01) (33, 6.45121335983276367188e-01) (34, 1.95398330688476562500e+00) (35, 4.75754886865615844727e-01) (36, 3.34888011217117309570e-01) (37, -1.73821717500686645508e-01) (38, 5.66325247287750244141e-01) (39, 1.30589020252227783203e+00) (40, 1.26942229270935058594e+00) (41, 2.35135033726692199707e-01) (42, 4.21047538518905639648e-01) (43, 6.60985469818115234375e-01) (44, 3.35357278585433959961e-01) (45, 2.47809872031211853027e-01) (46, -1.28510147333145141602e-01) (47, 1.83561533689498901367e-01) (48, -9.06097352504730224609e-01) (49, 5.00593245029449462891e-01) (50, 6.18850648403167724609e-01) (51, 6.21384322643280029297e-01) (52, -6.49373829364776611328e-01) (53, -2.24406898021697998047e-01) (54, -5.89570808410644531250e+00) (55, -2.19579291343688964844e+00) (56, -5.06092905998229980469e-01) (57, 3.83922481536865234375e+00) (58, 4.88357686996459960938e+00) (59, -2.34192267060279846191e-01) (60, -3.41190993785858154297e-01) (61, 1.00443804264068603516e+00) (62, -2.72409707307815551758e-01) (63, -4.02840733528137207031e-01) (64, 3.03864407539367675781e+00) (65, -2.72693276405334472656e-01) (66, 5.31911432743072509766e-01) (67, 4.89405918121337890625e+00) (68, -1.44279801845550537109e+00) (69, 8.93915653228759765625e-01) (70, 3.66248279809951782227e-01) (71, 4.60363298654556274414e-01) (72, -1.80036157369613647461e-01) (73, -1.67807340621948242188e+00) (74, 4.35914486646652221680e-01) (75, 7.58844435214996337891e-01) (76, -2.37176465988159179688e+00) (77, 5.57599127292633056641e-01) (78, 2.43864202499389648438e+00) (79, -8.40638041496276855469e-01) (80, -3.37284755706787109375e+00) (81, -1.28538787364959716797e+00) (82, -7.81252980232238769531e-01) (83, -6.23748242855072021484e-01) (84, -8.81232976913452148438e-01) (85, 4.71786469221115112305e-01) (86, 6.04926288127899169922e-01) (87, -3.59415471553802490234e-01) (88, 2.88923883438110351562e+00) (89, 6.51190459728240966797e-01) (90, 1.38977360725402832031e+00) (91, 1.24651515483856201172e+00) (92, -3.54830265045166015625e-01) (93, -3.75237196683883666992e-01) (94, -4.22305196523666381836e-01) (95, -3.86145055294036865234e-01) (96, -7.28502988815307617188e+00) (97, 5.81083774566650390625e-01) (98, 1.96986150741577148438e+00) (99, -3.06082636117935180664e-01) (100, -2.59454399347305297852e-01) (101, 1.15656232833862304688e+00) (102, -2.06274271011352539062e-01) (103, 2.02499675750732421875e+00) (104, 2.22965741157531738281e+00) (0, -5.82795143127441406250e-01) (1, -2.16607356071472167969e+00) (2, 1.47986137866973876953e+00) (3, 9.32824015617370605469e-01) (4, 5.61270177364349365234e-01) (5, 7.06757783889770507812e-01) (6, -1.59560456871986389160e-01) (7, -7.55715906620025634766e-01) (8, -1.37261712551116943359e+00) (9, 2.30816984176635742188e+00) (10, -6.79574549198150634766e-01) (11, 1.19297766685485839844e+00) (12, -1.18237531185150146484e+00) (13, -3.54292877018451690674e-02) (14, 2.45759621262550354004e-01) (15, 1.47760534286499023438e+00) (16, 1.63670063018798828125e+00) (17, -2.47958168387413024902e-01) (18, 1.55444729328155517578e+00) (19, 1.20183837413787841797e+00) (20, -1.07140755653381347656e+00) (21, -6.01166784763336181641e-01) (22, 5.77933974564075469971e-02) (23, -6.66354596614837646484e-01) (24, -3.41895669698715209961e-01) (25, -1.24199914932250976562e+00) (26, 2.09532544016838073730e-01) (27, -2.67013847827911376953e-01) (28, -5.60539662837982177734e-01) (29, -6.53214395046234130859e-01) (30, 8.70326906442642211914e-02) (31, -7.15769588947296142578e-01) (32, 2.68676996231079101562e-01) (33, 1.46809089183807373047e+00) (34, 2.36930704116821289062e+00) (35, -4.58987385034561157227e-01) (36, -9.58607316017150878906e-01) (37, 8.11833620071411132812e-01) (38, -2.07485720515251159668e-01) (39, 3.41676026582717895508e-02) (40, 2.22540736198425292969e-01) (41, 2.10881423950195312500e+00) (42, -6.60637244582176208496e-02) (43, 1.95086979866027832031e+00) (44, 1.00961260497570037842e-01) (45, -8.31057310104370117188e-01) (46, 8.44494760036468505859e-01) (47, -1.28620231151580810547e+00) (48, -8.38498473167419433594e-02) (49, -8.27561736106872558594e-01) (50, -3.27626824378967285156e-01) (51, 2.27035713195800781250e+00) (52, 1.62073838710784912109e+00) (53, -1.01144158840179443359e+00) (54, 8.60124379396438598633e-02) (55, -3.62006455659866333008e-01) (56, 1.50877451896667480469e+00) (57, -1.39953827857971191406e+00) (58, 3.81396442651748657227e-01) (59, 7.14793384075164794922e-01) (60, 1.12818622589111328125e+00) (61, -1.10432469844818115234e+00) (62, 2.16218900680541992188e+00) (63, -8.06681931018829345703e-01) (64, 1.17820250988006591797e+00) (65, -6.65682792663574218750e-01) (66, 5.15248060226440429688e-01) (67, 6.87913477420806884766e-01) (68, 9.93299484252929687500e-01) (69, 3.46802651882171630859e-01) (70, 2.93636858463287353516e-01) (71, -8.95958662033081054688e-01) (72, 3.22837941348552703857e-02) (73, 4.18743014335632324219e-01) (74, -5.75827777385711669922e-01) (75, -6.59678637981414794922e-01) (76, 1.89478695392608642578e+00) (77, -6.05951309204101562500e-01) (78, -3.53693783283233642578e-01) (79, -1.15456354618072509766e+00) (80, 2.60347723960876464844e+00) (81, 1.62723338603973388672e+00) (82, 9.36454758048057556152e-02) (83, -4.34549808502197265625e-01) (84, 2.68405586481094360352e-01) (85, -3.24645668268203735352e-01) (86, -8.25563311576843261719e-01) (87, -5.23433238267898559570e-02) (88, -2.91450411081314086914e-01) (89, 1.45564526319503784180e-01) (90, 3.25834572315216064453e-01) (91, 7.88247823715209960938e-01) (92, 1.70936197042465209961e-01) (93, -5.17197906970977783203e-01) (94, -9.17175829410552978516e-01) (95, -5.27541875839233398438e-01) (96, 1.41171813011169433594e-01) (97, -5.99872887134552001953e-01) (98, -6.83088243007659912109e-01) (99, -8.14438104629516601562e-01) (100, -8.64084720611572265625e-01) (101, -4.02079582214355468750e-01) (102, -3.65581691265106201172e-01) (103, 2.35122871398925781250e+00) (104, 2.54768490791320800781e+00) (0, 1.91257572174072265625e+00) (1, 1.43862080574035644531e+00) (2, 1.53518784046173095703e+00) (3, -1.74012199044227600098e-01) (4, -7.42460191249847412109e-01) (5, 6.12375549972057342529e-02) (6, 1.02321863174438476562e+00) (7, 1.07642042636871337891e+00) (8, 2.38071203231811523438e-01) (9, -7.04922080039978027344e-01) (10, -1.03626646101474761963e-01) (11, -5.85866808891296386719e-01) (12, -8.09990644454956054688e-01) (13, -8.15684556961059570312e-01) (14, -7.85834252834320068359e-01) (15, -1.01577329635620117188e+00) (16, -6.77693247795104980469e-01) (17, -7.03561127185821533203e-01) (18, -4.43649649620056152344e-01) (19, -7.73241400718688964844e-01) (20, -6.69650852680206298828e-01) (21, 5.75444519519805908203e-01) (22, -8.98274958133697509766e-01) (23, -1.70489370822906494141e-01) (24, 4.08436387777328491211e-01) (25, -1.84840872883796691895e-01) (26, -7.52408981323242187500e-01) (27, -6.46353304386138916016e-01) (28, -6.78683400154113769531e-01) (29, -5.65874934196472167969e-01) (30, 3.37547361850738525391e-01) (31, -2.64503687620162963867e-01) (32, 2.72181332111358642578e-01) (33, 1.83127284049987792969e-01) (34, -8.61967921257019042969e-01) (35, -7.79433608055114746094e-01) (36, -9.48901355266571044922e-01) (37, -8.02454233169555664062e-01) (38, 7.78119504451751708984e-01) (39, -8.45796048641204833984e-01) (40, 4.25206497311592102051e-02) (41, 9.17367041110992431641e-01) (42, -1.06071874499320983887e-01) (43, 1.53902113437652587891e+00) (44, -6.74910843372344970703e-01) (45, 1.02104708552360534668e-01) (46, 1.82554066181182861328e-01) (47, 1.08756192028522491455e-01) (48, -5.60414910316467285156e-01) (49, -8.14003348350524902344e-01) (50, -9.39671874046325683594e-01) (51, -3.79793673753738403320e-01) (52, 2.01268649101257324219e+00) (53, 3.61786961555480957031e-01) (54, 1.94252669811248779297e+00) (55, -4.11513596773147583008e-01) (56, -7.67167627811431884766e-01) (57, -1.92638598382472991943e-02) (58, 1.63238549232482910156e+00) (59, 2.42873477935791015625e+00) (60, -1.47847592830657958984e-01) (61, 1.92845892906188964844e+00) (62, 5.40697932243347167969e-01) (63, -8.14456045627593994141e-01) (64, 1.63169931620359420776e-02) (65, -8.01927149295806884766e-01) (66, -8.36738884449005126953e-01) (67, 5.92911243438720703125e-01) (68, -4.66154441237449645996e-02) (69, 4.25216630101203918457e-02) (70, -7.88044929504394531250e-01) (71, 1.46070182323455810547e+00) (72, 1.37338912487030029297e+00) (73, 7.58094370365142822266e-01) (74, 1.48660683631896972656e+00) (75, 9.21470880508422851562e-01) (76, -6.99535071849822998047e-01) (77, -5.51445260643959045410e-02) (78, 7.81323492527008056641e-01) (79, -7.85979926586151123047e-01) (80, -7.93095707893371582031e-01) (81, -8.47897887229919433594e-01) (82, -8.64241063594818115234e-01) (83, -7.74373114109039306641e-01) (84, 8.51175427436828613281e-01) (85, -7.79261529445648193359e-01) (86, -8.48777353763580322266e-01) (87, -1.53731629252433776855e-01) (88, -2.41677463054656982422e-01) (89, -4.34972763061523437500e-01) (90, 2.11970353126525878906e+00) (91, 2.22231984138488769531e+00) (92, -1.07138745486736297607e-01) (93, -8.10156106948852539062e-01) (94, 8.67636919021606445312e-01) (95, -7.68605589866638183594e-01) (96, 1.57098937034606933594e+00) (97, 7.07234680652618408203e-01) (98, -1.92599087953567504883e-01) (99, -7.21272766590118408203e-01) (100, -8.46680939197540283203e-01) (101, 1.53348636627197265625e+00) (102, -1.96999609470367431641e-01) (103, 2.16563963890075683594e+00) (104, 2.65109968185424804688e+00) (0, 1.81229066848754882812e+00) (1, 1.58112913370132446289e-01) (2, 1.01709818840026855469e+00) (3, 4.92212325334548950195e-01) (4, 2.55974292755126953125e-01) (5, 6.04050099849700927734e-01) (6, 1.34055638313293457031e+00) (7, 1.34389519691467285156e+00) (8, 8.13964188098907470703e-01) (9, 7.80534505844116210938e-01) (10, 1.97210848331451416016e+00) (11, 1.91393899917602539062e+00) (12, 1.29347145557403564453e+00) (13, 5.19255101680755615234e-01) (14, 1.30270826816558837891e+00) (15, -3.37888151407241821289e-01) (16, 7.12169632315635681152e-02) (17, -2.58046239614486694336e-01) (18, -3.05806607007980346680e-01) (19, 1.05204567313194274902e-01) (20, 8.84076505899429321289e-02) (21, 2.79532879590988159180e-01) (22, 1.57341465353965759277e-01) (23, 7.09701597690582275391e-01) (24, -3.88351470232009887695e-01) (25, 9.75418239831924438477e-02) (26, -4.17014896869659423828e-01) (27, 7.12757885456085205078e-01) (28, 2.37349435687065124512e-01) (29, 7.62900531291961669922e-01) (30, 7.96712815761566162109e-01) (31, 1.36674952507019042969e+00) (32, 1.17920801043510437012e-01) (33, 1.50051617622375488281e+00) (34, 6.46028161048889160156e-01) (35, -1.90174281597137451172e-01) (36, -1.96993157267570495605e-01) (37, 1.09291315078735351562e+00) (38, 1.38680994510650634766e+00) (39, 7.60678946971893310547e-01) (40, 8.42088639736175537109e-01) (41, 1.42971706390380859375e+00) (42, 8.12324583530426025391e-01) (43, 1.47131240367889404297e+00) (44, 8.76586139202117919922e-01) (45, 8.58564794063568115234e-01) (46, 1.05925083160400390625e+00) (47, 1.34196245670318603516e+00) (48, -4.41722679138183593750e+01) (49, 7.38857567310333251953e-01) (50, 1.76677316427230834961e-01) (51, 1.45183086395263671875e+00) (52, 1.71283230185508728027e-01) (53, 2.14311882853507995605e-01) (54, 1.49771153926849365234e+00) (55, 7.32358038425445556641e-01) (56, -2.98456043004989624023e-01) (57, 1.41000533103942871094e+00) (58, -2.77848452329635620117e-01) (59, 2.73425149917602539062e+00) (60, 1.86287626624107360840e-01) (61, 1.38185715675354003906e+00) (62, 2.91725844144821166992e-01) (63, 2.75982856750488281250e-01) (64, -2.46821478009223937988e-01) (65, 3.34984660148620605469e-01) (66, 2.31434717774391174316e-01) (67, 1.37062811851501464844e+00) (68, 3.39408189058303833008e-01) (69, 1.99755144119262695312e+00) (70, 8.08690369129180908203e-01) (71, -2.45359554886817932129e-01) (72, -3.07166516780853271484e-01) (73, 1.87488722801208496094e+00) (74, -3.78357082605361938477e-01) (75, -4.48001813888549804688e+00) (76, 2.12992095947265625000e+00) (77, 2.70708739757537841797e-01) (78, 1.68334197998046875000e+00) (79, 1.46968317031860351562e+00) (80, 1.80551230907440185547e+00) (81, 1.30495882034301757812e+00) (82, 1.39878737926483154297e+00) (83, 2.39911973476409912109e-01) (84, 1.84765025973320007324e-01) (85, 6.00436568260192871094e-01) (86, 3.11946630477905273438e-01) (87, -2.24565178155899047852e-01) (88, 1.43745422363281250000e-01) (89, 2.32390552759170532227e-01) (90, 1.86718195676803588867e-01) (91, 6.87350451946258544922e-01) (92, 2.08837151527404785156e+00) (93, 1.83336123824119567871e-01) (94, 3.20540964603424072266e-01) (95, 2.27324426174163818359e-01) (96, 1.19420909881591796875e+01) (97, 3.00947815179824829102e-01) (98, 2.86809235811233520508e-01) (99, 2.04080447554588317871e-01) (100, 2.27132722735404968262e-01) (101, 1.51032149791717529297e+00) (102, 1.56033289432525634766e+00) (103, 2.57017403841018676758e-01) (104, 1.59748756885528564453e+00) (0, -5.81602513790130615234e-01) (1, -3.58757600188255310059e-02) (2, 1.37087726593017578125e+00) (3, 2.16155505180358886719e+00) (4, 3.89658927917480468750e-01) (5, 1.65957772731781005859e+00) (6, 8.16424071788787841797e-01) (7, 5.24880290031433105469e-01) (8, -2.25033068656921386719e+00) (9, 4.21309232711791992188e-01) (10, 3.20496129989624023438e+00) (11, 4.20262426137924194336e-01) (12, 4.05216068029403686523e-01) (13, 5.44424653053283691406e-01) (14, 1.18089354038238525391e+00) (15, -1.76663309335708618164e-01) (16, 4.65437054634094238281e-01) (17, 1.53831100463867187500e+00) (18, -7.42630362510681152344e-02) (19, 7.09914922714233398438e-01) (20, 1.82937696576118469238e-01) (21, -1.24236948788166046143e-01) (22, -4.95719134807586669922e-01) (23, -5.51945328712463378906e-01) (24, 3.75822558999061584473e-02) (25, 4.94284540414810180664e-01) (26, -1.81558251380920410156e+00) (27, 5.72778403759002685547e-01) (28, -1.25851616263389587402e-01) (29, -4.98158670961856842041e-02) (30, -2.91286945343017578125e-01) (31, -9.07945558428764343262e-02) (32, -1.53514575958251953125e+00) (33, -1.56646192073822021484e-01) (34, 1.34641695022583007812e+00) (35, 1.37755143642425537109e+00) (36, -8.57877209782600402832e-02) (37, -2.07214966416358947754e-01) (38, -1.90773233771324157715e-01) (39, 3.66388410329818725586e-01) (40, 4.48362141847610473633e-01) (41, -4.53979760408401489258e-01) (42, 5.12535393238067626953e-01) (43, 1.38721212744712829590e-01) (44, 1.68055340647697448730e-01) (45, 4.11998629570007324219e-01) (46, -4.23598229885101318359e-01) (47, -1.39755785465240478516e-01) (48, -4.37297880649566650391e-01) (49, -3.22922080755233764648e-01) (50, -1.82516857981681823730e-01) (51, -2.61409610509872436523e-01) (52, 4.91341829299926757812e-01) (53, 4.10613179206848144531e-01) (54, 6.22925043106079101562e-01) (55, 1.45233440399169921875e+00) (56, -1.82878106832504272461e-01) (57, 5.17877712845802307129e-02) (58, 2.85320377349853515625e+00) (59, -5.26242434978485107422e-01) (60, -2.59279996156692504883e-01) (61, 2.74277538061141967773e-01) (62, 9.59141179919242858887e-03) (63, -3.98821651935577392578e-01) (64, 1.90883481502532958984e+00) (65, -3.82118105888366699219e-01) (66, -1.43108403682708740234e+00) (67, -1.26574456691741943359e+00) (68, 3.08303618431091308594e+00) (69, -3.06084543466567993164e-01) (70, 3.58621269464492797852e-01) (71, -3.27561438083648681641e-01) (72, -8.20008814334869384766e-01) (73, -4.50882285833358764648e-01) (74, -3.63380908966064453125e-01) (75, 1.80314803123474121094e+00) (76, -1.61668145656585693359e+00) (77, -2.61121541261672973633e-01) (78, 1.73548102378845214844e+00) (79, 2.78808414936065673828e-01) (80, -2.50807255506515502930e-01) (81, -3.09747636318206787109e-01) (82, 3.80984514951705932617e-01) (83, -2.01065635681152343750e+00) (84, 1.11686813831329345703e+00) (85, -1.58081836998462677002e-02) (86, 4.34755831956863403320e-02) (87, -2.05445419996976852417e-02) (88, 7.32460141181945800781e-01) (89, 7.31224715709686279297e-01) (90, 1.92932367324829101562e+00) (91, 3.91997009515762329102e-01) (92, -3.02185714244842529297e-01) (93, -9.96374189853668212891e-01) (94, -2.30783894658088684082e-01) (95, -3.25138509273529052734e-01) (96, -7.33772563934326171875e+00) (97, 2.29632392525672912598e-01) (98, 5.46589851379394531250e-01) (99, -2.30046123266220092773e-01) (100, -3.30719560384750366211e-01) (101, 3.55529338121414184570e-01) (102, 6.10241770744323730469e-01) (103, 1.55155098438262939453e+00) (104, 2.25277137756347656250e+00) (0, 3.23933148384094238281e+00) (1, -5.23582983016967773438e+00) (2, 2.69124150276184082031e-01) (3, -9.23259258270263671875e-01) (4, -1.04242825508117675781e+00) (5, 1.23095357418060302734e+00) (6, -2.32273578643798828125e+00) (7, 1.43666458129882812500e+00) (8, 1.47965669631958007812e+00) (9, -6.60439133644104003906e-01) (10, 1.79248390197753906250e+01) (11, 4.33620996773242950439e-02) (12, -2.37427502870559692383e-01) (13, -2.59125411510467529297e-01) (14, -2.17888832092285156250e-01) (15, 1.22661387920379638672e+00) (16, 7.15430200099945068359e-01) (17, 1.45175254344940185547e+00) (18, 1.00286948680877685547e+00) (19, 3.21611404418945312500e+00) (20, 1.19151639938354492188e+01) (21, 9.56188201904296875000e-01) (22, -2.65855932235717773438e+00) (23, 2.49775552749633789062e+00) (24, -5.91544091701507568359e-01) (25, 3.06201249361038208008e-01) (26, 3.22737336158752441406e+00) (27, -5.19153177738189697266e-01) (28, -1.02753667160868644714e-02) (29, 1.67647755146026611328e+00) (30, -6.52140319347381591797e-01) (31, -6.54749870300292968750e+00) (32, -1.78251326084136962891e-01) (33, -4.17622625827789306641e-01) (34, -1.50010120868682861328e+00) (35, -7.40066111087799072266e-01) (36, -2.58999633789062500000e+00) (37, -9.14469510316848754883e-02) (38, 1.53283607959747314453e+00) (39, 1.57400417327880859375e+00) (40, -7.28894412517547607422e-01) (41, -1.03759050369262695312e+00) (42, -6.35315597057342529297e-01) (43, 1.13900855183601379395e-01) (44, 3.76910381019115447998e-02) (45, 5.65108299255371093750e-01) (46, -7.65568494796752929688e-01) (47, 8.82552504539489746094e-01) (48, 1.94646507501602172852e-01) (49, 2.03285459429025650024e-02) (50, -1.39763176441192626953e-01) (51, 2.07509040832519531250e+00) (52, 2.28289580345153808594e+00) (53, 1.85277700424194335938e+00) (54, -1.44197511672973632812e+00) (55, -8.85302305221557617188e-01) (56, 2.99765646457672119141e-01) (57, -6.44993901252746582031e-01) (58, -9.60659205913543701172e-01) (59, -2.69083261489868164062e-01) (60, -1.11004978418350219727e-01) (61, -1.29376041889190673828e+00) (62, 7.11808443069458007812e-01) (63, -9.53538343310356140137e-02) (64, 4.57186222076416015625e-01) (65, 2.75077491998672485352e-01) (66, 8.60670685768127441406e-01) (67, -6.17503702640533447266e-01) (68, -7.15652346611022949219e-01) (69, -7.50654876232147216797e-01) (70, 8.40538620948791503906e-01) (71, -7.52383053302764892578e-01) (72, -2.79795080423355102539e-01) (73, -1.49479293823242187500e+00) (74, 1.26884543895721435547e+00) (75, -1.17434954643249511719e+00) (76, 1.64137557148933410645e-01) (77, -7.11350798606872558594e-01) (78, -1.43434917926788330078e+00) (79, 3.86624000966548919678e-02) (80, -5.36672890186309814453e-01) (81, -6.36020660400390625000e-01) (82, 6.26618504524230957031e-01) (83, -2.54929155111312866211e-01) (84, -2.00324821472167968750e+00) (85, 3.56496125459671020508e-02) (86, 9.82561111450195312500e-01) (87, 4.59882199764251708984e-01) (88, 8.36541175842285156250e-01) (89, -5.40752887725830078125e-01) (90, -3.57250601053237915039e-01) (91, 8.52437496185302734375e-01) (92, -1.37686640024185180664e-01) (93, -1.22746169567108154297e-01) (94, 3.27898442745208740234e-01) (95, 3.31384897232055664062e-01) (96, 1.50610148906707763672e+00) (97, 4.35874983668327331543e-02) (98, -1.11563034355640411377e-01) (99, 2.31430101394653320312e+00) (100, 3.40176641941070556641e-01) (101, -6.69148266315460205078e-01) (102, -2.13532000780105590820e-01) (103, 2.35225272178649902344e+00) (104, 2.14006471633911132812e+00) (0, -8.37180554866790771484e-01) (1, 2.32281994819641113281e+00) (2, 2.49485537409782409668e-01) (3, -3.72529655694961547852e-01) (4, -7.53763139247894287109e-01) (5, 4.52035278081893920898e-01) (6, 9.34303179383277893066e-02) (7, -8.17424058914184570312e-02) (8, 1.18208622932434082031e+00) (9, -8.16114485263824462891e-01) (10, -5.20001411437988281250e-01) (11, 3.44459861516952514648e-01) (12, -6.65372788906097412109e-01) (13, -5.51236987113952636719e-01) (14, -6.90250933170318603516e-01) (15, 1.08864700794219970703e+00) (16, 4.90537196397781372070e-01) (17, 4.91729646921157836914e-01) (18, -4.92807030677795410156e-01) (19, -6.47315263748168945312e-01) (20, 8.94301950931549072266e-01) (21, -5.34509897232055664062e-01) (22, -5.02793908119201660156e-01) (23, -3.91986787319183349609e-01) (24, -1.43363893032073974609e-01) (25, -4.57021147012710571289e-01) (26, 1.04703617095947265625e+00) (27, 7.91204512119293212891e-01) (28, -4.68923777341842651367e-01) (29, 5.42283952236175537109e-02) (30, 8.63984823226928710938e-01) (31, -3.93275797367095947266e-01) (32, -4.53178554773330688477e-01) (33, -5.59759080410003662109e-01) (34, 1.83150780200958251953e+00) (35, 1.70986747741699218750e+00) (36, 8.03990304470062255859e-01) (37, 9.82978999614715576172e-01) (38, 8.06833446025848388672e-01) (39, 2.41831517219543457031e+00) (40, 4.50376480817794799805e-01) (41, 4.26191657781600952148e-01) (42, -6.91867709159851074219e-01) (43, -8.10849189758300781250e-01) (44, 1.68281793594360351562e+00) (45, -4.23804104328155517578e-01) (46, -1.54233694076538085938e+00) (47, -3.25388848781585693359e-01) (48, 8.30541968345642089844e-01) (49, -6.84995293617248535156e-01) (50, -6.52921378612518310547e-01) (51, 8.10174942016601562500e-01) (52, -7.75427877902984619141e-01) (53, -5.62948882579803466797e-01) (54, 5.31835675239562988281e-01) (55, 3.47520500421524047852e-01) (56, 9.28775310516357421875e-01) (57, -8.20014774799346923828e-01) (58, -2.86109733581542968750e+00) (59, 3.30076873302459716797e-01) (60, 8.51139724254608154297e-01) (61, 4.22386378049850463867e-01) (62, 8.57468247413635253906e-01) (63, 8.41289818286895751953e-01) (64, 9.70233619213104248047e-01) (65, 7.81229257583618164062e-01) (66, 9.60446968674659729004e-02) (67, 4.34759646654129028320e-01) (68, 2.01101207733154296875e+00) (69, 8.22229608893394470215e-02) (70, -1.66518092155456542969e+00) (71, -7.40158140659332275391e-01) (72, -8.49442124366760253906e-01) (73, 1.22224402427673339844e+00) (74, -9.12715017795562744141e-01) (75, -7.20699965953826904297e-01) (76, 3.60984653234481811523e-01) (77, -7.63194024562835693359e-01) (78, -8.51107656955718994141e-01) (79, 2.33281469345092773438e+00) (80, 7.28553056716918945312e-01) (81, -1.33184134960174560547e-01) (82, -3.37904065847396850586e-01) (83, -4.14146006107330322266e-01) (84, -1.14723265171051025391e+00) (85, -7.20488429069519042969e-01) (86, -7.75893986225128173828e-01) (87, 8.82025539875030517578e-01) (88, -1.09339976310729980469e+00) (89, -1.18128335475921630859e+00) (90, -3.16926166415214538574e-02) (91, -1.87358096241950988770e-01) (92, -1.16460084915161132812e+00) (93, -1.32759058475494384766e+00) (94, 1.94555267691612243652e-01) (95, -1.22259080410003662109e+00) (96, -9.14311408996582031250e-01) (97, 1.52368322014808654785e-01) (98, -6.79383873939514160156e-01) (99, -3.11495274305343627930e-01) (100, 1.48512589931488037109e+00) (101, -8.38397324085235595703e-01) (102, 7.73574948310852050781e-01) (103, 1.31779503822326660156e+00) (104, 2.86808848381042480469e+00) (0, 1.66085600852966308594e+00) (1, 2.90915369987487792969e-01) (2, 9.46471452713012695312e-01) (3, 5.35475730895996093750e-01) (4, 2.17780366539955139160e-01) (5, 7.30757296085357666016e-01) (6, 1.30909276008605957031e+00) (7, 1.40359592437744140625e+00) (8, 8.75938296318054199219e-01) (9, 8.17827343940734863281e-01) (10, 2.02324986457824707031e+00) (11, 2.00692653656005859375e+00) (12, 1.33325803279876708984e+00) (13, 5.17876029014587402344e-01) (14, 1.41139197349548339844e+00) (15, -3.61204445362091064453e-01) (16, 1.98355659842491149902e-01) (17, -3.86545062065124511719e-01) (18, -3.83996635675430297852e-01) (19, 1.69021531939506530762e-01) (20, 1.03996105492115020752e-01) (21, 2.61281639337539672852e-01) (22, 9.61484834551811218262e-02) (23, 8.52173149585723876953e-01) (24, -2.93264359235763549805e-01) (25, 1.18275456130504608154e-01) (26, -3.07428658008575439453e-01) (27, 7.29044377803802490234e-01) (28, 1.16111300885677337646e-01) (29, 8.51950705051422119141e-01) (30, 7.64144718647003173828e-01) (31, 1.40813910961151123047e+00) (32, 1.59920349717140197754e-01) (33, 1.35830998420715332031e+00) (34, 6.62660956382751464844e-01) (35, 1.37381958961486816406e+00) (36, -1.85781228542327880859e+00) (37, 1.52601718902587890625e+00) (38, 1.40269339084625244141e+00) (39, 7.20209538936614990234e-01) (40, 7.28763163089752197266e-01) (41, 1.38853859901428222656e+00) (42, 7.33196556568145751953e-01) (43, 1.52738320827484130859e+00) (44, 8.64828169345855712891e-01) (45, 8.56031715869903564453e-01) (46, 1.00609803199768066406e+00) (47, 1.41757643222808837891e+00) (48, -4.32964706420898437500e+01) (49, 6.41842961311340332031e-01) (50, 1.01327419281005859375e-01) (51, 1.48466515541076660156e+00) (52, 2.23164632916450500488e-01) (53, 1.07321299612522125244e-01) (54, 1.47357487678527832031e+00) (55, 6.74359440803527832031e-01) (56, -2.64216721057891845703e-01) (57, 1.46475112438201904297e+00) (58, -3.90112698078155517578e-01) (59, 3.27862477302551269531e+00) (60, 2.73525118827819824219e-01) (61, 1.37205290794372558594e+00) (62, 2.49757051467895507812e-01) (63, 1.54253527522087097168e-01) (64, -2.04870715737342834473e-01) (65, -3.98159563541412353516e-01) (66, 2.26713433861732482910e-01) (67, 1.37639939785003662109e+00) (68, 3.39136153459548950195e-01) (69, 1.94431602954864501953e+00) (70, 8.55924308300018310547e-01) (71, -3.22153687477111816406e-01) (72, -4.24290001392364501953e-01) (73, 1.98635101318359375000e+00) (74, -4.03378665447235107422e-01) (75, -3.01863861083984375000e+00) (76, 1.60137677192687988281e+00) (77, 3.41919124126434326172e-01) (78, 1.59048438072204589844e+00) (79, 1.42688059806823730469e+00) (80, 1.64246904850006103516e+00) (81, 1.29981362819671630859e+00) (82, 8.87314498424530029297e-01) (83, 2.39278584718704223633e-01) (84, 1.06131382286548614502e-01) (85, 5.08744537830352783203e-01) (86, 2.23684504628181457520e-01) (87, -3.08179020881652832031e-01) (88, 1.95786327123641967773e-01) (89, 3.21908652782440185547e-01) (90, 2.37228199839591979980e-01) (91, 7.99155354499816894531e-01) (92, 2.05708169937133789062e+00) (93, 2.95718848705291748047e-01) (94, 2.62441217899322509766e-01) (95, 3.21944087743759155273e-01) (96, 1.19140558242797851562e+01) (97, 1.52645990252494812012e-01) (98, 3.21071714162826538086e-01) (99, 2.74841874837875366211e-01) (100, 3.05561304092407226562e-01) (101, 1.48734748363494873047e+00) (102, 1.62750208377838134766e+00) (103, 3.41073602437973022461e-01) (104, 1.72647118568420410156e+00) (0, 1.20942485332489013672e+00) (1, -1.46949827671051025391e+00) (2, 2.42486143112182617188e+00) (3, -7.18152463436126708984e-01) (4, -9.46601927280426025391e-01) (5, 7.28640854358673095703e-01) (6, 2.57311969995498657227e-01) (7, 1.05309748649597167969e+00) (8, 1.23929846286773681641e+00) (9, -8.50517451763153076172e-01) (10, -1.40360251069068908691e-01) (11, 3.73592793941497802734e-01) (12, -7.40214765071868896484e-01) (13, 2.69070959091186523438e+00) (14, -1.08591234683990478516e+00) (15, 1.59802532196044921875e+00) (16, -1.86567887663841247559e-01) (17, -8.44494163990020751953e-01) (18, -1.69436082243919372559e-01) (19, 1.49012660980224609375e+00) (20, -6.47547602653503417969e-01) (21, 2.45822572708129882812e+00) (22, -3.53341907262802124023e-01) (23, -9.17369484901428222656e-01) (24, 2.77839469909667968750e+00) (25, 1.03927910327911376953e+00) (26, -6.72611355781555175781e-01) (27, 2.24871850013732910156e+00) (28, 4.14331316947937011719e-01) (29, 9.26165342330932617188e-01) (30, -1.96500316262245178223e-01) (31, -4.95530307292938232422e-01) (32, -6.13893344998359680176e-02) (33, -3.52404624223709106445e-01) (34, 5.62862694263458251953e-01) (35, -3.46129626035690307617e-01) (36, -1.99135050177574157715e-01) (37, -1.03764486312866210938e+00) (38, -9.15656030178070068359e-01) (39, 2.13394546508789062500e+00) (40, 2.30938148498535156250e+00) (41, -3.21031498908996582031e+00) (42, -6.29876926541328430176e-02) (43, -7.39802002906799316406e-01) (44, -2.12926968932151794434e-01) (45, -9.14520084857940673828e-01) (46, -1.08334410190582275391e+00) (47, 1.05193185806274414062e+00) (48, 3.56182050704956054688e+00) (49, 1.48093366622924804688e+00) (50, -8.24054777622222900391e-01) (51, -7.61991977691650390625e-01) (52, -8.85641753673553466797e-01) (53, -5.68022012710571289062e-01) (54, 8.11478495597839355469e-01) (55, -1.64777100086212158203e+00) (56, 2.09590345621109008789e-02) (57, 2.83996129035949707031e+00) (58, -1.38427659869194030762e-01) (59, 3.66342127323150634766e-01) (60, -8.21284830570220947266e-01) (61, -9.73951995372772216797e-01) (62, -6.19692981243133544922e-01) (63, -7.55118250846862792969e-01) (64, 3.69635105133056640625e-01) (65, -7.65380680561065673828e-01) (66, -4.02268022298812866211e-01) (67, 1.96013307571411132812e+00) (68, 1.65213239192962646484e+00) (69, 1.36510741710662841797e+00) (70, -8.58287394046783447266e-01) (71, -8.54094982147216796875e-01) (72, -5.33836483955383300781e-02) (73, -7.22481966018676757812e-01) (74, -6.49455606937408447266e-01) (75, -1.11053831875324249268e-01) (76, 1.48362839221954345703e+00) (77, 9.31564450263977050781e-01) (78, -3.17374736070632934570e-01) (79, -1.90792351961135864258e-01) (80, -7.62594342231750488281e-01) (81, -7.34575927257537841797e-01) (82, -2.82476931810379028320e-01) (83, 1.57485258579254150391e+00) (84, -8.93545627593994140625e-01) (85, 1.01907444000244140625e+00) (86, 1.29356086254119873047e+00) (87, -2.56908416748046875000e-01) (88, -6.94403469562530517578e-01) (89, -3.63383561372756958008e-01) (90, 1.21147167682647705078e+00) (91, -5.87066113948822021484e-01) (92, -4.16939169168472290039e-01) (93, -4.94802415370941162109e-01) (94, -7.66743719577789306641e-01) (95, -8.46782445907592773438e-01) (96, 1.58790087699890136719e+00) (97, -7.88717806339263916016e-01) (98, -6.80106103420257568359e-01) (99, -6.99419021606445312500e-01) (100, -8.53480279445648193359e-01) (101, -5.79121947288513183594e-01) (102, -2.79193663597106933594e+00) (103, 5.51091957092285156250e+00) (104, 2.63747406005859375000e+00) (0, 3.19549776613712310791e-02) (1, -3.37870776653289794922e-01) (2, -5.80174505710601806641e-01) (3, -9.66425314545631408691e-02) (4, 8.58684182167053222656e-01) (5, 1.15732955932617187500e+00) (6, -2.75563299655914306641e-01) (7, 2.19854497909545898438e+00) (8, 3.65378499031066894531e-01) (9, 6.60292744636535644531e-01) (10, -5.73163509368896484375e-01) (11, 7.87546396255493164062e-01) (12, 6.77137851715087890625e-01) (13, 8.97637426853179931641e-01) (14, -4.42743003368377685547e-01) (15, 4.09337937831878662109e-01) (16, 8.71838688850402832031e-01) (17, -5.01494824886322021484e-01) (18, -1.87906801700592041016e-01) (19, 1.27250206470489501953e+00) (20, 1.53214418888092041016e+00) (21, 1.70195913314819335938e+00) (22, 1.77012562751770019531e+00) (23, 3.06079089641571044922e-01) (24, 7.38368257880210876465e-02) (25, 1.21198058128356933594e+00) (26, -9.07662212848663330078e-01) (27, -7.55215585231781005859e-01) (28, 4.57075536251068115234e-01) (29, -6.02107644081115722656e-01) (30, 3.58988493680953979492e-02) (31, -1.55589640140533447266e-01) (32, -5.11228621006011962891e-01) (33, 8.21657657623291015625e-01) (34, 1.42244577407836914062e+00) (35, -6.78407371044158935547e-01) (36, 7.74750173091888427734e-01) (37, 1.83862566947937011719e+00) (38, -7.93568670749664306641e-01) (39, -8.24442744255065917969e-01) (40, -2.65199363231658935547e-01) (41, 6.90487325191497802734e-01) (42, -5.54123103618621826172e-01) (43, 5.83896636962890625000e-01) (44, 1.58391624689102172852e-01) (45, 7.33137011528015136719e-01) (46, -9.81648862361907958984e-01) (47, -3.59469890594482421875e-01) (48, -6.87506437301635742188e-01) (49, -5.39406836032867431641e-01) (50, 1.69157230854034423828e+00) (51, -2.22501337528228759766e-01) (52, -6.71704947948455810547e-01) (53, -4.56847012042999267578e-01) (54, 6.33973628282546997070e-04) (55, -4.23346668481826782227e-01) (56, -8.25307846069335937500e-01) (57, 9.39652502536773681641e-01) (58, -2.57508009672164916992e-01) (59, -4.60950940847396850586e-01) (60, -6.84022426605224609375e-01) (61, 3.51158082485198974609e-01) (62, -1.08175076544284820557e-01) (63, -8.42450439929962158203e-01) (64, -7.93633460998535156250e-01) (65, -6.25729203224182128906e-01) (66, -8.98908019065856933594e-01) (67, -1.01393544673919677734e+00) (68, -7.33279824256896972656e-01) (69, 6.40734791755676269531e-01) (70, -4.80213642120361328125e-01) (71, 3.45193371176719665527e-02) (72, -7.96615302562713623047e-01) (73, 5.45718610286712646484e-01) (74, -5.27108550071716308594e-01) (75, -6.09138906002044677734e-01) (76, -7.62720048427581787109e-01) (77, -7.32485115528106689453e-01) (78, 1.30814778804779052734e+00) (79, 1.52844810485839843750e+00) (80, 1.01875603199005126953e-01) (81, -7.56555259227752685547e-01) (82, 7.25275948643684387207e-02) (83, -4.77885395288467407227e-01) (84, -3.45308721065521240234e-01) (85, 4.40933167934417724609e-01) (86, -6.74364745616912841797e-01) (87, 5.11624991893768310547e-01) (88, 6.38266861438751220703e-01) (89, -9.41862106323242187500e-01) (90, -7.58851766586303710938e-01) (91, -6.40216886997222900391e-01) (92, -7.76886045932769775391e-01) (93, -4.88620251417160034180e-01) (94, -5.24826169013977050781e-01) (95, -3.86978909373283386230e-02) (96, -5.62951862812042236328e-01) (97, 1.56460773944854736328e+00) (98, -2.85754352807998657227e-01) (99, 2.14635804295539855957e-02) (100, -8.02851080894470214844e-01) (101, 2.26558113098144531250e+00) (102, 1.19319581985473632812e+00) (103, 9.44784522056579589844e-01) (104, 2.38693928718566894531e+00) (0, -2.78785896301269531250e+00) (1, -2.12212026119232177734e-01) (2, -3.19982081651687622070e-01) (3, 3.50594788789749145508e-01) (4, 1.36823639273643493652e-01) (5, -3.67353931069374084473e-02) (6, 1.43350958824157714844e+00) (7, 1.21246911585330963135e-01) (8, -1.04421889781951904297e+00) (9, -1.08271455764770507812e+00) (10, -6.69838249683380126953e-01) (11, -7.61704146862030029297e-02) (12, -1.75259649753570556641e-01) (13, 2.68215030431747436523e-01) (14, 5.52337706089019775391e-01) (15, -1.17265284061431884766e+00) (16, -3.70554089546203613281e-01) (17, 4.47447031736373901367e-01) (18, -1.30510747432708740234e+00) (19, -2.17298008501529693604e-02) (20, 1.17291140556335449219e+00) (21, -3.38143765926361083984e-01) (22, 1.38975217938423156738e-01) (23, -3.22575300931930541992e-01) (24, -8.06935310363769531250e-01) (25, 8.87478291988372802734e-01) (26, 9.60827022790908813477e-02) (27, -4.18730020523071289062e-01) (28, -5.17374217510223388672e-01) (29, -5.31716823577880859375e-01) (30, 1.56955465674400329590e-01) (31, 2.04190325736999511719e+00) (32, -7.40814805030822753906e-01) (33, 1.63961887359619140625e+00) (34, -5.00620663166046142578e-01) (35, -5.78173518180847167969e-01) (36, 3.55945259332656860352e-01) (37, -3.95273327827453613281e-01) (38, 1.16482007503509521484e+00) (39, 2.15135622024536132812e+00) (40, 1.89184680581092834473e-01) (41, 2.34820556640625000000e+00) (42, 1.81823119521141052246e-01) (43, 2.69413137435913085938e+00) (44, 4.68417376279830932617e-01) (45, 1.38150608539581298828e+00) (46, -6.78206443786621093750e-01) (47, -8.83764326572418212891e-01) (48, -1.26971781253814697266e+00) (49, -1.44109964370727539062e-01) (50, 1.45439708232879638672e+00) (51, -2.65271687507629394531e+00) (52, 1.52377712726593017578e+00) (53, -7.84299075603485107422e-01) (54, 1.56558707356452941895e-01) (55, -1.00255823135375976562e+00) (56, 1.61915516853332519531e+00) (57, -4.61077749729156494141e-01) (58, 1.62809622287750244141e+00) (59, -7.89539337158203125000e-01) (60, -6.33505880832672119141e-01) (61, -4.07819122076034545898e-01) (62, 1.01591396331787109375e+00) (63, -4.85082417726516723633e-01) (64, 1.28044509887695312500e+00) (65, -6.51274085044860839844e-01) (66, -1.73466467857360839844e+00) (67, -3.99137437343597412109e-01) (68, -4.00861144065856933594e-01) (69, 1.12787926197052001953e+00) (70, -3.15873831510543823242e-01) (71, -7.70830750465393066406e-01) (72, -4.99847352504730224609e-01) (73, 1.40678548812866210938e+00) (74, 1.00316059589385986328e+00) (75, 3.72779637575149536133e-01) (76, 1.30849301815032958984e+00) (77, -6.59828364849090576172e-01) (78, 2.65146642923355102539e-01) (79, -6.58756792545318603516e-01) (80, -7.72989571094512939453e-01) (81, -5.59203565120697021484e-01) (82, -5.20456552505493164062e-01) (83, -4.39007461071014404297e-01) (84, -1.03215420246124267578e+00) (85, 9.79215264320373535156e-01) (86, -6.45660817623138427734e-01) (87, -4.55036401748657226562e-01) (88, -1.31112051010131835938e+00) (89, 1.00526893138885498047e+00) (90, -6.42655193805694580078e-01) (91, -5.16345739364624023438e-01) (92, 1.23758471012115478516e+00) (93, -5.86466670036315917969e-01) (94, -6.11873388290405273438e-01) (95, -4.95961576700210571289e-01) (96, -4.33489650487899780273e-01) (97, 1.48317968845367431641e+00) (98, 1.08330595493316650391e+00) (99, -6.06416463851928710938e-01) (100, -6.06187462806701660156e-01) (101, -3.76877814531326293945e-01) (102, 2.86293298006057739258e-01) (103, 2.33407402038574218750e+00) (104, 2.53261995315551757812e+00) (0, -3.09091418981552124023e-01) (1, -2.09843015670776367188e+00) (2, 1.37470674514770507812e+00) (3, 1.61110961437225341797e+00) (4, -4.84790354967117309570e-01) (5, 1.34806501865386962891e+00) (6, 2.05299392342567443848e-01) (7, 4.13580799102783203125e+00) (8, 1.49495899677276611328e+00) (9, -6.54272985458374023438e+00) (10, -3.20153445005416870117e-01) (11, -1.99797004461288452148e-01) (12, -4.31243121623992919922e-01) (13, 2.23574280738830566406e+00) (14, -2.07971692085266113281e+00) (15, 1.54130503535270690918e-01) (16, -3.28852117061614990234e-01) (17, 4.79128986597061157227e-01) (18, 2.57148772478103637695e-01) (19, 4.48658049106597900391e-01) (20, 6.05661511421203613281e-01) (21, 1.55727136135101318359e+00) (22, -7.19206333160400390625e-01) (23, -7.51805484294891357422e-01) (24, 1.10677790641784667969e+00) (25, 8.11238586902618408203e-02) (26, 5.64726531505584716797e-01) (27, 1.17808413505554199219e+00) (28, -3.75207662582397460938e-01) (29, 5.42429625988006591797e-01) (30, -2.24755644798278808594e+00) (31, -2.15958619117736816406e+00) (32, -4.04042541980743408203e-01) (33, -3.76834559440612792969e+00) (34, 1.94200968742370605469e+00) (35, -1.88187271356582641602e-01) (36, -1.84711441397666931152e-01) (37, -6.19135260581970214844e-01) (38, -1.44881948828697204590e-01) (39, 7.36276924610137939453e-01) (40, 1.93195021152496337891e+00) (41, 6.37220561504364013672e-01) (42, 5.04237890243530273438e-01) (43, -6.82412013411521911621e-02) (44, 1.95761871337890625000e+00) (45, 1.41042125225067138672e+00) (46, 1.14301609992980957031e+00) (47, -8.06437849998474121094e-01) (48, 1.06200411915779113770e-01) (49, -5.99153935909271240234e-01) (50, 2.28888049721717834473e-01) (51, 5.58958649635314941406e-01) (52, -2.92160600423812866211e-01) (53, 5.44656634330749511719e-01) (54, 5.65268874168395996094e-01) (55, 1.44830942153930664062e+00) (56, -3.22744965553283691406e+00) (57, 1.18058264255523681641e+00) (58, -5.82589685916900634766e-01) (59, 1.22737419605255126953e+00) (60, 2.66594707965850830078e-01) (61, 1.52900099754333496094e-01) (62, -8.36298644542694091797e-01) (63, -3.86161506175994873047e-01) (64, -1.54180273413658142090e-01) (65, -5.62683820724487304688e-01) (66, -4.60547268390655517578e-01) (67, -3.36528003215789794922e-01) (68, 1.08390712738037109375e+00) (69, 6.10144913196563720703e-01) (70, 9.35689032077789306641e-01) (71, 1.09825992584228515625e+00) (72, -1.10272872447967529297e+00) (73, 6.98406934738159179688e-01) (74, 2.86616623401641845703e-01) (75, 5.47793984413146972656e-01) (76, 1.20019853115081787109e+00) (77, 1.97381868958473205566e-01) (78, -2.60017991065979003906e-01) (79, 1.11512517929077148438e+00) (80, 5.17787396907806396484e-01) (81, 9.67064619064331054688e-01) (82, -3.01729857921600341797e-01) (83, 1.51099041104316711426e-01) (84, 1.24162578582763671875e+00) (85, -4.31387543678283691406e-01) (86, -4.79707479476928710938e-01) (87, 1.76438733935356140137e-01) (88, 1.09918522834777832031e+00) (89, 1.83036729693412780762e-01) (90, 1.35890150070190429688e+00) (91, 2.70390897989273071289e-01) (92, 1.50525078177452087402e-01) (93, 2.69537508487701416016e-01) (94, -5.06189942359924316406e-01) (95, 1.68869808316230773926e-01) (96, -7.28531694412231445312e+00) (97, 9.53132450580596923828e-01) (98, 7.00465857982635498047e-01) (99, -6.22477352619171142578e-01) (100, 2.68109768629074096680e-01) (101, 3.91211301088333129883e-01) (102, 5.65374910831451416016e-01) (103, 1.46225237846374511719e+00) (104, 2.25022101402282714844e+00) (0, -8.53695988655090332031e-01) (1, 3.66482257843017578125e-01) (2, 9.28240537643432617188e-01) (3, 5.54853498935699462891e-01) (4, 2.42026224732398986816e-01) (5, 6.92825198173522949219e-01) (6, 1.32724666595458984375e+00) (7, 1.52223920822143554688e+00) (8, 8.87197196483612060547e-01) (9, 7.84967243671417236328e-01) (10, 1.96403491497039794922e+00) (11, 1.92026793956756591797e+00) (12, 1.44314706325531005859e+00) (13, 4.16924774646759033203e-01) (14, 1.29248631000518798828e+00) (15, 2.37604349851608276367e-01) (16, 1.51526704430580139160e-01) (17, 1.16831824183464050293e-01) (18, -3.03450167179107666016e-01) (19, 6.14329755306243896484e-01) (20, 4.11555320024490356445e-02) (21, 1.55816957354545593262e-01) (22, 1.09638534486293792725e-01) (23, 7.35446751117706298828e-01) (24, -2.65090644359588623047e-01) (25, 1.99536994099617004395e-01) (26, -4.54257100820541381836e-01) (27, 7.32688963413238525391e-01) (28, 1.54452836140990257263e-02) (29, 8.54176342487335205078e-01) (30, 6.50697290897369384766e-01) (31, 1.34846889972686767578e+00) (32, 7.65350610017776489258e-02) (33, 1.31506431102752685547e+00) (34, 4.81534272432327270508e-01) (35, 1.18298387527465820312e+00) (36, 9.09135878086090087891e-01) (37, 1.05760800838470458984e+00) (38, 1.45723223686218261719e+00) (39, 6.80898666381835937500e-01) (40, 7.69353449344635009766e-01) (41, 1.46941864490509033203e+00) (42, 1.36333787441253662109e+00) (43, 1.35328447818756103516e+00) (44, 7.12442934513092041016e-01) (45, 7.50473201274871826172e-01) (46, 9.26288962364196777344e-01) (47, 1.47279262542724609375e+00) (48, -4.96119041442871093750e+01) (49, 8.08127045631408691406e-01) (50, 1.19797572493553161621e-01) (51, 1.50677287578582763672e+00) (52, 1.11997030675411224365e-01) (53, 1.94521918892860412598e-01) (54, 1.39111185073852539062e+00) (55, 6.42365157604217529297e-01) (56, 2.13167399168014526367e-01) (57, 1.42957854270935058594e+00) (58, 1.94125637412071228027e-01) (59, 1.52666485309600830078e+00) (60, 3.33472520112991333008e-01) (61, 1.48539745807647705078e+00) (62, 1.87155783176422119141e-01) (63, 3.94242376089096069336e-01) (64, 2.56723314523696899414e-01) (65, 2.42691323161125183105e-01) (66, 2.15246975421905517578e-01) (67, 1.40727484226226806641e+00) (68, 5.13637244701385498047e-01) (69, 1.94318211078643798828e+00) (70, 1.31657457351684570312e+00) (71, 2.74091064929962158203e-01) (72, 2.77320533990859985352e-01) (73, 1.99061048030853271484e+00) (74, 2.91060149669647216797e-01) (75, -3.72618484497070312500e+00) (76, 2.02366137504577636719e+00) (77, 3.34527641534805297852e-01) (78, 1.78683280944824218750e+00) (79, 1.43194162845611572266e+00) (80, 1.75842761993408203125e+00) (81, 1.34820377826690673828e+00) (82, 1.35346698760986328125e+00) (83, 3.81985336542129516602e-01) (84, 2.18405365943908691406e-01) (85, 5.27173101902008056641e-01) (86, 3.19835335016250610352e-01) (87, 3.01913857460021972656e-01) (88, 2.72359132766723632812e-01) (89, 2.47647106647491455078e-01) (90, 3.86845827102661132812e-01) (91, 6.00985825061798095703e-01) (92, 2.07335138320922851562e+00) (93, 3.32150191068649291992e-01) (94, 3.08775186538696289062e-01) (95, 3.46090823411941528320e-01) (96, 1.18450250625610351562e+01) (97, 3.06690961122512817383e-01) (98, 2.11968019604682922363e-01) (99, 1.72981366515159606934e-01) (100, 3.39967876672744750977e-01) (101, 1.42503643035888671875e+00) (102, 1.61622953414916992188e+00) (103, 3.18516194820404052734e-01) (104, 1.52178978919982910156e+00) (0, 5.48857021331787109375e+00) (1, -1.49028837680816650391e+00) (2, -1.54875785112380981445e-01) (3, -2.05853637307882308960e-02) (4, -1.43718734383583068848e-01) (5, -2.52334415912628173828e-01) (6, -4.65896010398864746094e-01) (7, -8.32517027854919433594e-01) (8, 3.50406074523925781250e+00) (9, 1.87974083423614501953e+00) (10, 1.58382964134216308594e+00) (11, 9.34836566448211669922e-01) (12, 1.47485339641571044922e+00) (13, -2.74062246084213256836e-01) (14, -4.77775603532791137695e-01) (15, 1.56400489807128906250e+00) (16, -8.33735108375549316406e-01) (17, 1.59912931919097900391e+00) (18, 2.36009931564331054688e+00) (19, 3.75959798693656921387e-02) (20, 1.77339839935302734375e+00) (21, 1.05152618885040283203e+00) (22, -1.37844234704971313477e-01) (23, -2.94420003890991210938e-01) (24, 2.36431860923767089844e+00) (25, 2.25641280412673950195e-02) (26, 4.36913043260574340820e-01) (27, 1.05306997895240783691e-01) (28, -5.01920819282531738281e-01) (29, -1.08269524574279785156e+00) (30, -1.88480877876281738281e+00) (31, -7.84118890762329101562e-01) (32, -4.83352467417716979980e-02) (33, 3.71431291103363037109e-01) (34, 2.06903052330017089844e+00) (35, -6.25441372394561767578e-01) (36, 6.45100399851799011230e-02) (37, 1.12083449959754943848e-01) (38, 1.20768654346466064453e+00) (39, -6.31014466285705566406e-01) (40, 6.84919357299804687500e-01) (41, -6.23490452766418457031e-01) (42, -8.20491969585418701172e-01) (43, 5.28136156499385833740e-02) (44, 9.64388132095336914062e-01) (45, 5.04092574119567871094e-01) (46, 1.14143061637878417969e+00) (47, -5.14366865158081054688e-01) (48, -2.93275386095046997070e-01) (49, 1.21316206455230712891e+00) (50, 1.13037776947021484375e+00) (51, -5.07872700691223144531e-01) (52, -7.93025791645050048828e-01) (53, 9.68224465847015380859e-01) (54, -7.78792679309844970703e-01) (55, -3.88296306133270263672e-01) (56, -6.10674977302551269531e-01) (57, -7.62237191200256347656e-01) (58, -4.55254390835762023926e-02) (59, -6.02655947208404541016e-01) (60, -1.92079022526741027832e-01) (61, -8.14547419548034667969e-01) (62, -1.03462564945220947266e+00) (63, -5.01972854137420654297e-01) (64, -3.22641968727111816406e+00) (65, -5.50556004047393798828e-01) (66, -6.62867546081542968750e-01) (67, -6.84827327728271484375e-01) (68, -7.92364239692687988281e-01) (69, 2.04520747065544128418e-01) (70, -1.40081107616424560547e+00) (71, 1.22678172588348388672e+00) (72, 8.86530220508575439453e-01) (73, 1.52364718914031982422e+00) (74, 7.42454707622528076172e-01) (75, -4.73256021738052368164e-01) (76, 1.30655968189239501953e+00) (77, -1.29926645755767822266e+00) (78, -1.65481775999069213867e-01) (79, -7.90714085102081298828e-01) (80, -6.62968978285789489746e-02) (81, -6.05502665042877197266e-01) (82, -4.92575764656066894531e-01) (83, 1.26267537474632263184e-01) (84, 9.27069962024688720703e-01) (85, -4.42076981067657470703e-01) (86, -5.43014347553253173828e-01) (87, -5.42929828166961669922e-01) (88, -1.29687857627868652344e+00) (89, 2.36799702048301696777e-01) (90, -6.65109753608703613281e-01) (91, -5.32697737216949462891e-01) (92, 1.73184737563133239746e-01) (93, -4.89207595586776733398e-01) (94, 1.18066549301147460938e-01) (95, 7.77675688266754150391e-01) (96, -7.08876788616180419922e-01) (97, 1.76037609577178955078e+00) (98, 2.24880647659301757812e+00) (99, -2.92279541492462158203e-01) (100, 1.50651907920837402344e+00) (101, -1.04475043714046478271e-01) (102, 8.69798243045806884766e-01) (103, 1.54462015628814697266e+00) (104, 2.48404192924499511719e+00) (0, -4.84401750564575195312e+00) (1, 2.07558679580688476562e+00) (2, 1.07745285034179687500e+01) (3, -1.07544684410095214844e+00) (4, 8.41329395771026611328e-01) (5, -5.69205331802368164062e+00) (6, -3.59428668022155761719e+00) (7, -7.15663681030273437500e+01) (8, -2.65386295318603515625e+00) (9, -7.98215270042419433594e-01) (10, 3.28345966339111328125e+00) (11, -7.73496866226196289062e+00) (12, -8.26518476009368896484e-01) (13, 3.04071998596191406250e+00) (14, -8.08356583118438720703e-01) (15, -7.32666373252868652344e-01) (16, -5.51683716475963592529e-02) (17, 2.13509511947631835938e+00) (18, -2.75659710168838500977e-02) (19, 2.25483202934265136719e+00) (20, 8.19157183170318603516e-01) (21, 3.20195555686950683594e+00) (22, -6.63956820964813232422e-01) (23, -1.55583113431930541992e-01) (24, 2.17963442206382751465e-01) (25, -1.43194472789764404297e+00) (26, -4.15371090173721313477e-01) (27, -8.03252518177032470703e-01) (28, -7.27397441864013671875e-01) (29, 1.51785099506378173828e+00) (30, -5.43854892253875732422e-01) (31, -7.59382605552673339844e-01) (32, 1.28140711784362792969e+00) (33, -7.77680993080139160156e-01) (34, 1.53847408294677734375e+00) (35, -7.45563387870788574219e-01) (36, -1.64483368396759033203e-01) (37, 1.87256300449371337891e+00) (38, -6.40970468521118164062e-01) (39, -3.05707663297653198242e-01) (40, -5.40881872177124023438e-01) (41, -7.11778044700622558594e-01) (42, -7.38891661167144775391e-01) (43, 3.17651271820068359375e-01) (44, -4.14351850748062133789e-01) (45, -4.96562197804450988770e-02) (46, 2.12687158584594726562e+00) (47, 8.58496222645044326782e-03) (48, -5.98403811454772949219e-01) (49, 1.60633325576782226562e+00) (50, 1.39608371257781982422e+00) (51, 1.21361684799194335938e+00) (52, -6.90910339355468750000e-01) (53, 1.86612486839294433594e+00) (54, 3.21941107511520385742e-01) (55, 2.47283373028039932251e-02) (56, -6.34293317794799804688e-01) (57, 2.67664146423339843750e+00) (58, -3.36222231388092041016e-01) (59, -8.11270058155059814453e-01) (60, -7.77631163597106933594e-01) (61, -3.78924459218978881836e-01) (62, -8.35803985595703125000e-01) (63, -8.07995915412902832031e-01) (64, 8.63453567028045654297e-01) (65, -8.55773210525512695312e-01) (66, 1.42357587814331054688e+00) (67, 1.45590710639953613281e+00) (68, 1.40189862251281738281e+00) (69, 2.63498711585998535156e+00) (70, -6.34613454341888427734e-01) (71, 1.43626916408538818359e+00) (72, 6.44590795040130615234e-01) (73, 7.49293982982635498047e-01) (74, -1.37814950942993164062e+00) (75, 2.45916223526000976562e+00) (76, -3.05681169033050537109e-01) (77, -1.10837352275848388672e+00) (78, 3.03938299417495727539e-01) (79, -8.02928805351257324219e-01) (80, -4.85526680946350097656e-01) (81, 9.48644697666168212891e-01) (82, -7.67924606800079345703e-01) (83, 7.50810980796813964844e-01) (84, -6.90672934055328369141e-01) (85, -5.72542488574981689453e-01) (86, -8.45010399818420410156e-01) (87, -7.24461793899536132812e-01) (88, -5.88340103626251220703e-01) (89, 5.93155063688755035400e-02) (90, -4.57260906696319580078e-01) (91, -7.08287954330444335938e-01) (92, -7.41223514080047607422e-01) (93, -7.56038248538970947266e-01) (94, -7.81546056270599365234e-01) (95, -1.49164408445358276367e-01) (96, -9.25425946712493896484e-01) (97, -5.89509546756744384766e-01) (98, 9.09073710441589355469e-01) (99, -7.58218526840209960938e-01) (100, -8.26588392257690429688e-01) (101, -8.90143334865570068359e-01) (102, -9.41893041133880615234e-01) (103, 2.83623337745666503906e+00) (104, 2.71101140975952148438e+00) (0, 1.56763315200805664062e+00) (1, -2.92557626962661743164e-01) (2, 3.05695801973342895508e-01) (3, 5.73487699031829833984e-01) (4, 1.57149627804756164551e-01) (5, -1.51625812053680419922e+00) (6, -1.43961882591247558594e+00) (7, -2.91507649421691894531e+00) (8, 3.42561793327331542969e+00) (9, 1.52360463142395019531e+00) (10, 3.02854061126708984375e+00) (11, -4.58894670009613037109e-01) (12, 1.72816884517669677734e+00) (13, 7.09557056427001953125e-01) (14, 2.96925497055053710938e+00) (15, 1.33694934844970703125e+00) (16, 2.31665745377540588379e-01) (17, -3.06509494781494140625e+00) (18, -2.13842049241065979004e-01) (19, -3.40087354183197021484e-01) (20, -6.24351215362548828125e+00) (21, 2.09419655799865722656e+00) (22, 8.57988834381103515625e-01) (23, -1.06472790241241455078e+00) (24, 2.52702641487121582031e+00) (25, 5.13614034652709960938e+00) (26, 1.23166926205158233643e-01) (27, 3.87666374444961547852e-01) (28, 8.67390096187591552734e-01) (29, -1.69424307346343994141e+00) (30, 3.77892613410949707031e+00) (31, -7.35249444842338562012e-02) (32, 1.52653372287750244141e+00) (33, 4.01203840970993041992e-01) (34, 8.80764663219451904297e-01) (35, 1.46549725532531738281e+00) (36, -2.05490365624427795410e-01) (37, -3.51076692342758178711e-01) (38, -4.00900173187255859375e+00) (39, -1.37974870204925537109e+00) (40, -1.25846803188323974609e+00) (41, -2.57970428466796875000e+00) (42, -7.10297286510467529297e-01) (43, 7.49984681606292724609e-01) (44, -9.56581652164459228516e-01) (45, -2.72029340267181396484e-01) (46, 3.75491094589233398438e+00) (47, 1.73701608180999755859e+00) (48, 2.36993718147277832031e+00) (49, -9.26121711730957031250e-01) (50, -1.45143556594848632812e+00) (51, -8.55620026588439941406e-01) (52, 1.85394287109375000000e+00) (53, 2.80274689197540283203e-01) (54, -1.70742362737655639648e-01) (55, -7.04463183879852294922e-01) (56, -1.19891190528869628906e+00) (57, -6.54314160346984863281e-01) (58, 5.33943355083465576172e-01) (59, -1.38918364048004150391e+00) (60, 5.81350401043891906738e-02) (61, -1.88941448926925659180e-01) (62, 1.27255737781524658203e+00) (63, 1.45908975601196289062e+00) (64, -7.82999455928802490234e-01) (65, 1.53772437572479248047e+00) (66, -7.35397994518280029297e-01) (67, 1.98646450042724609375e+00) (68, -7.31404542922973632812e-01) (69, -6.61694109439849853516e-01) (70, -8.64923775196075439453e-01) (71, -8.15090239048004150391e-01) (72, -5.27019441127777099609e-01) (73, -5.72203457355499267578e-01) (74, -7.55287647247314453125e-01) (75, -6.14425182342529296875e-01) (76, 6.80194437503814697266e-01) (77, 5.71797549724578857422e-01) (78, 2.49694302678108215332e-01) (79, -2.05633975565433502197e-02) (80, -6.91538095474243164062e-01) (81, -5.32104074954986572266e-01) (82, -5.65871953964233398438e-01) (83, -3.68457764387130737305e-01) (84, -7.56875276565551757812e-02) (85, -5.70636272430419921875e-01) (86, -6.38966500759124755859e-01) (87, 9.39018189907073974609e-01) (88, -6.43799424171447753906e-01) (89, 7.45082050561904907227e-02) (90, -5.74829936027526855469e-01) (91, -4.79411005973815917969e-01) (92, -6.89148724079132080078e-01) (93, -6.80337905883789062500e-01) (94, -5.03281593322753906250e-01) (95, 1.64452850818634033203e+00) (96, -5.79786479473114013672e-01) (97, 1.15967094898223876953e+00) (98, 1.64126479625701904297e+00) (99, 1.09850192070007324219e+00) (100, 1.03996860980987548828e+00) (101, -6.58907651901245117188e-01) (102, 1.16185688972473144531e+00) (103, 1.05547940731048583984e+00) (104, 1.01231074333190917969e+00) (105, -1.50407290458679199219e+00) (106, 2.41284584999084472656e+00) (107, -1.69540178775787353516e+00) (108, 4.13873147964477539062e+00) (109, 1.83463919162750244141e+00) (110, 3.62570238113403320312e+00) (111, -1.06455779075622558594e+00) (112, 1.62052190303802490234e+00) (113, -4.19754952192306518555e-01) (114, -7.37608492374420166016e-01) (115, 3.69193696975708007812e+00) (116, 1.16876590251922607422e+00) (117, -2.90887027978897094727e-01) (118, -7.25828707218170166016e-01) (119, 2.17979836463928222656e+00) (120, -2.38081860542297363281e+00) (121, -2.89869129657745361328e-01) (122, 1.62901794910430908203e+00) (123, 2.09463739395141601562e+00) (124, -4.59300470352172851562e+00) (125, -8.21603894233703613281e-01) (126, -3.03528279066085815430e-01) (127, -1.75348496437072753906e+00) (128, -1.43059909343719482422e+00) (129, -1.98826301097869873047e+00) (130, 2.16722083091735839844e+00) 
