FANN_FLO_2.1
num_layers=3
learning_rate=0.700000
connection_rate=1.000000
network_type=0
learning_momentum=0.000000
training_algorithm=2
train_error_function=1
train_stop_function=0
cascade_output_change_fraction=0.010000
quickprop_decay=-0.000100
quickprop_mu=1.750000
rprop_increase_factor=1.200000
rprop_decrease_factor=0.500000
rprop_delta_min=0.000000
rprop_delta_max=50.000000
rprop_delta_zero=0.100000
cascade_output_stagnation_epochs=12
cascade_candidate_change_fraction=0.010000
cascade_candidate_stagnation_epochs=12
cascade_max_out_epochs=150
cascade_max_cand_epochs=150
cascade_num_candidate_groups=2
bit_fail_limit=3.49999994039535522461e-01
cascade_candidate_limit=1.00000000000000000000e+03
cascade_weight_multiplier=4.00000005960464477539e-01
cascade_activation_functions_count=10
cascade_activation_functions=3 5 7 8 10 11 14 15 16 17 
cascade_activation_steepnesses_count=4
cascade_activation_steepnesses=2.50000000000000000000e-01 5.00000000000000000000e-01 7.50000000000000000000e-01 1.00000000000000000000e+00 
layer_sizes=105 26 2 
scale_included=0
neurons (num_inputs, activation_function, activation_steepness)=(0, 0, 0.00000000000000000000e+00) (0, 0, 0.00000000000000000000e+00) (0, 0, 0.00000000000000000000e+00) (0, 0, 0.00000000000000000000e+00) (0, 0, 0.00000000000000000000e+00) (0, 0, 0.00000000000000000000e+00) (0, 0, 0.00000000000000000000e+00) (0, 0, 0.00000000000000000000e+00) (0, 0, 0.00000000000000000000e+00) (0, 0, 0.00000000000000000000e+00) (0, 0, 0.00000000000000000000e+00) (0, 0, 0.00000000000000000000e+00) (0, 0, 0.00000000000000000000e+00) (0, 0, 0.00000000000000000000e+00) (0, 0, 0.00000000000000000000e+00) (0, 0, 0.00000000000000000000e+00) (0, 0, 0.00000000000000000000e+00) (0, 0, 0.00000000000000000000e+00) (0, 0, 0.00000000000000000000e+00) (0, 0, 0.00000000000000000000e+00) (0, 0, 0.00000000000000000000e+00) (0, 0, 0.00000000000000000000e+00) (0, 0, 0.00000000000000000000e+00) (0, 0, 0.00000000000000000000e+00) (0, 0, 0.00000000000000000000e+00) (0, 0, 0.00000000000000000000e+00) (0, 0, 0.00000000000000000000e+00) (0, 0, 0.00000000000000000000e+00) (0, 0, 0.00000000000000000000e+00) (0, 0, 0.00000000000000000000e+00) (0, 0, 0.00000000000000000000e+00) (0, 0, 0.00000000000000000000e+00) (0, 0, 0.00000000000000000000e+00) (0, 0, 0.00000000000000000000e+00) (0, 0, 0.00000000000000000000e+00) (0, 0, 0.00000000000000000000e+00) (0, 0, 0.00000000000000000000e+00) (0, 0, 0.00000000000000000000e+00) (0, 0, 0.00000000000000000000e+00) (0, 0, 0.00000000000000000000e+00) (0, 0, 0.00000000000000000000e+00) (0, 0, 0.00000000000000000000e+00) (0, 0, 0.00000000000000000000e+00) (0, 0, 0.00000000000000000000e+00) (0, 0, 0.00000000000000000000e+00) (0, 0, 0.00000000000000000000e+00) (0, 0, 0.00000000000000000000e+00) (0, 0, 0.00000000000000000000e+00) (0, 0, 0.00000000000000000000e+00) (0, 0, 0.00000000000000000000e+00) (0, 0, 0.00000000000000000000e+00) (0, 0, 0.00000000000000000000e+00) (0, 0, 0.00000000000000000000e+00) (0, 0, 0.00000000000000000000e+00) (0, 0, 0.00000000000000000000e+00) (0, 0, 0.00000000000000000000e+00) (0, 0, 0.00000000000000000000e+00) (0, 0, 0.00000000000000000000e+00) (0, 0, 0.00000000000000000000e+00) (0, 0, 0.00000000000000000000e+00) (0, 0, 0.00000000000000000000e+00) (0, 0, 0.00000000000000000000e+00) (0, 0, 0.00000000000000000000e+00) (0, 0, 0.00000000000000000000e+00) (0, 0, 0.00000000000000000000e+00) (0, 0, 0.00000000000000000000e+00) (0, 0, 0.00000000000000000000e+00) (0, 0, 0.00000000000000000000e+00) (0, 0, 0.00000000000000000000e+00) (0, 0, 0.00000000000000000000e+00) (0, 0, 0.00000000000000000000e+00) (0, 0, 0.00000000000000000000e+00) (0, 0, 0.00000000000000000000e+00) (0, 0, 0.00000000000000000000e+00) (0, 0, 0.00000000000000000000e+00) (0, 0, 0.00000000000000000000e+00) (0, 0, 0.00000000000000000000e+00) (0, 0, 0.00000000000000000000e+00) (0, 0, 0.00000000000000000000e+00) (0, 0, 0.00000000000000000000e+00) (0, 0, 0.00000000000000000000e+00) (0, 0, 0.00000000000000000000e+00) (0, 0, 0.00000000000000000000e+00) (0, 0, 0.00000000000000000000e+00) (0, 0, 0.00000000000000000000e+00) (0, 0, 0.00000000000000000000e+00) (0, 0, 0.00000000000000000000e+00) (0, 0, 0.00000000000000000000e+00) (0, 0, 0.00000000000000000000e+00) (0, 0, 0.00000000000000000000e+00) (0, 0, 0.00000000000000000000e+00) (0, 0, 0.00000000000000000000e+00) (0, 0, 0.00000000000000000000e+00) (0, 0, 0.00000000000000000000e+00) (0, 0, 0.00000000000000000000e+00) (0, 0, 0.00000000000000000000e+00) (0, 0, 0.00000000000000000000e+00) (0, 0, 0.00000000000000000000e+00) (0, 0, 0.00000000000000000000e+00) (0, 0, 0.00000000000000000000e+00) (0, 0, 0.00000000000000000000e+00) (0, 0, 0.00000000000000000000e+00) (0, 0, 0.00000000000000000000e+00) (0, 0, 0.00000000000000000000e+00) (0, 0, 0.00000000000000000000e+00) (105, 5, 5.00000000000000000000e-01) (105, 5, 5.00000000000000000000e-01) (105, 5, 5.00000000000000000000e-01) (105, 5, 5.00000000000000000000e-01) (105, 5, 5.00000000000000000000e-01) (105, 5, 5.00000000000000000000e-01) (105, 5, 5.00000000000000000000e-01) (105, 5, 5.00000000000000000000e-01) (105, 5, 5.00000000000000000000e-01) (105, 5, 5.00000000000000000000e-01) (105, 5, 5.00000000000000000000e-01) (105, 5, 5.00000000000000000000e-01) (105, 5, 5.00000000000000000000e-01) (105, 5, 5.00000000000000000000e-01) (105, 5, 5.00000000000000000000e-01) (105, 5, 5.00000000000000000000e-01) (105, 5, 5.00000000000000000000e-01) (105, 5, 5.00000000000000000000e-01) (105, 5, 5.00000000000000000000e-01) (105, 5, 5.00000000000000000000e-01) (105, 5, 5.00000000000000000000e-01) (105, 5, 5.00000000000000000000e-01) (105, 5, 5.00000000000000000000e-01) (105, 5, 5.00000000000000000000e-01) (105, 5, 5.00000000000000000000e-01) (0, 5, 0.00000000000000000000e+00) (26, 5, 5.00000000000000000000e-01) (0, 5, 0.00000000000000000000e+00) 
connections (connected_to_neuron, weight)=(0, 1.50000000000000000000e+03) (1, 1.50000000000000000000e+03) (2, -1.49998010253906250000e+03) (3, -2.30070877075195312500e+02) (4, -1.50000000000000000000e+03) (5, -1.49997814941406250000e+03) (6, 1.50000000000000000000e+03) (7, 1.50000000000000000000e+03) (8, 1.50000000000000000000e+03) (9, -1.50000000000000000000e+03) (10, -1.50000000000000000000e+03) (11, -1.50000000000000000000e+03) (12, -1.50000000000000000000e+03) (13, -1.50000000000000000000e+03) (14, -1.50000000000000000000e+03) (15, -1.50000000000000000000e+03) (16, -1.50000000000000000000e+03) (17, -1.50000000000000000000e+03) (18, -1.50000000000000000000e+03) (19, -1.50000000000000000000e+03) (20, -1.50000000000000000000e+03) (21, -1.50000000000000000000e+03) (22, -1.49996972656250000000e+03) (23, -1.50000000000000000000e+03) (24, -1.50000000000000000000e+03) (25, -1.50000000000000000000e+03) (26, -1.50000000000000000000e+03) (27, -1.50000000000000000000e+03) (28, -1.50000000000000000000e+03) (29, -1.50000000000000000000e+03) (30, -1.50000000000000000000e+03) (31, -1.50000000000000000000e+03) (32, -1.50000000000000000000e+03) (33, -1.50000000000000000000e+03) (34, -1.50000000000000000000e+03) (35, -1.50000000000000000000e+03) (36, -1.50000000000000000000e+03) (37, -1.50000000000000000000e+03) (38, -1.50000000000000000000e+03) (39, -1.50000000000000000000e+03) (40, -1.50000000000000000000e+03) (41, -1.50000000000000000000e+03) (42, -1.50000000000000000000e+03) (43, -1.50000000000000000000e+03) (44, -1.50000000000000000000e+03) (45, -1.50000000000000000000e+03) (46, -1.50000000000000000000e+03) (47, -1.50000000000000000000e+03) (48, -1.50000000000000000000e+03) (49, -1.50000000000000000000e+03) (50, -1.50000000000000000000e+03) (51, -1.50000000000000000000e+03) (52, -1.50000000000000000000e+03) (53, -1.50000000000000000000e+03) (54, -1.50000000000000000000e+03) (55, -1.50000000000000000000e+03) (56, -1.50000000000000000000e+03) (57, -1.50000000000000000000e+03) (58, -1.50000000000000000000e+03) (59, -1.50000000000000000000e+03) (60, -1.50000000000000000000e+03) (61, -1.50000000000000000000e+03) (62, -1.50000000000000000000e+03) (63, -1.50000000000000000000e+03) (64, -1.50000000000000000000e+03) (65, -1.50000000000000000000e+03) (66, -1.50000000000000000000e+03) (67, -1.50000000000000000000e+03) (68, -1.50000000000000000000e+03) (69, -1.50000000000000000000e+03) (70, -1.50000000000000000000e+03) (71, -1.50000000000000000000e+03) (72, -1.50000000000000000000e+03) (73, -1.50000000000000000000e+03) (74, -1.50000000000000000000e+03) (75, -1.50000000000000000000e+03) (76, -1.50000000000000000000e+03) (77, -1.50000000000000000000e+03) (78, -1.50000000000000000000e+03) (79, -1.50000000000000000000e+03) (80, -1.50000000000000000000e+03) (81, -1.50000000000000000000e+03) (82, -1.50000000000000000000e+03) (83, -1.50000000000000000000e+03) (84, -1.50000000000000000000e+03) (85, -1.50000000000000000000e+03) (86, -1.50000000000000000000e+03) (87, -1.66821038722991943359e+00) (88, -1.50000000000000000000e+03) (89, -1.50000000000000000000e+03) (90, -1.50000000000000000000e+03) (91, -1.50000000000000000000e+03) (92, -1.41859102249145507812e+00) (93, -1.50000000000000000000e+03) (94, -1.50000000000000000000e+03) (95, -1.50000000000000000000e+03) (96, -1.36742568016052246094e+00) (97, -1.50000000000000000000e+03) (98, -1.50000000000000000000e+03) (99, -1.50000000000000000000e+03) (100, -1.50000000000000000000e+03) (101, -1.50000000000000000000e+03) (102, -1.50000000000000000000e+03) (103, 1.50000000000000000000e+03) (104, 3.70264482498168945312e+00) (0, 2.31546139717102050781e+00) (1, -9.25270318984985351562e-01) (2, 2.06946468353271484375e+00) (3, -3.96622866392135620117e-01) (4, 5.40950655937194824219e-01) (5, -8.60153293609619140625e+00) (6, 9.88156604766845703125e+00) (7, -6.40951728820800781250e+00) (8, -1.33442655205726623535e-01) (9, 2.27854514122009277344e+00) (10, 1.03357591629028320312e+01) (11, 2.47021555900573730469e+00) (12, 2.50273585319519042969e-01) (13, -1.62666833400726318359e+00) (14, -1.22528266906738281250e+00) (15, 1.70914471149444580078e+00) (16, 1.96723961830139160156e+00) (17, -2.30026268959045410156e+00) (18, -5.51908493041992187500e+00) (19, 2.14696860313415527344e+00) (20, 9.71394538879394531250e+00) (21, 1.05140316486358642578e+00) (22, -1.45983982086181640625e+00) (23, -8.81016731262207031250e-01) (24, -1.04689681529998779297e+00) (25, -3.74627113342285156250e+00) (26, 8.43398213386535644531e-01) (27, 3.03762221336364746094e+00) (28, 4.36214065551757812500e+00) (29, 5.74752473831176757812e+00) (30, 1.91574084758758544922e+00) (31, -4.33818101882934570312e-01) (32, 3.12183737754821777344e+00) (33, 1.75204825401306152344e+00) (34, -5.47309303283691406250e+00) (35, 3.17269504070281982422e-01) (36, 8.70908069610595703125e+00) (37, 1.09784770011901855469e+00) (38, 3.89214444160461425781e+00) (39, -3.01688760519027709961e-01) (40, -5.56945204734802246094e-01) (41, -5.49724400043487548828e-01) (42, 2.16922903060913085938e+00) (43, 7.55429267883300781250e-01) (44, -3.80920231342315673828e-01) (45, -4.63178300857543945312e+00) (46, -2.32967996597290039062e+00) (47, -4.59549999237060546875e+00) (48, -1.26656389236450195312e+00) (49, 2.08854675292968750000e+00) (50, 3.92560911178588867188e+00) (51, 1.31740319728851318359e+00) (52, 1.11230039596557617188e+00) (53, 8.38105976581573486328e-01) (54, -4.17981594800949096680e-01) (55, 2.22554969787597656250e+00) (56, 5.32142162322998046875e-01) (57, 2.09018588066101074219e+00) (58, -2.08732652664184570312e+00) (59, 2.97685146331787109375e+00) (60, -1.56939744949340820312e+00) (61, -1.18637871742248535156e+00) (62, 7.61145412921905517578e-01) (63, -1.25154161453247070312e+00) (64, -2.73163127899169921875e+00) (65, -2.09971928596496582031e+00) (66, -1.33483684062957763672e+00) (67, -1.01939523220062255859e+00) (68, 2.47678470611572265625e+00) (69, -5.74931144714355468750e-01) (70, 4.09938287734985351562e+00) (71, -8.43477725982666015625e-01) (72, 3.34640216827392578125e+00) (73, -1.33387982845306396484e-01) (74, 5.57694435119628906250e-01) (75, -2.59698331356048583984e-01) (76, -2.11912274360656738281e+00) (77, -7.71203637123107910156e-01) (78, -5.96959888935089111328e-01) (79, -7.26782441139221191406e-01) (80, -8.14476251602172851562e-01) (81, -8.37730050086975097656e-01) (82, -6.38081789016723632812e-01) (83, -7.36196994781494140625e-01) (84, -3.49393105506896972656e+00) (85, -1.14599943161010742188e+00) (86, -7.30929255485534667969e-01) (87, -8.45792651176452636719e-01) (88, -8.67470204830169677734e-01) (89, -9.47435200214385986328e-01) (90, -9.50932145118713378906e-01) (91, -7.97185540199279785156e-01) (92, -8.19928407669067382812e-01) (93, -9.43243980407714843750e-01) (94, -6.96499645709991455078e-01) (95, -8.05167555809020996094e-01) (96, 1.99837279319763183594e+00) (97, -7.34452188014984130859e-01) (98, -8.92853379249572753906e-01) (99, -7.62494146823883056641e-01) (100, 1.78891253471374511719e+00) (101, -8.15780997276306152344e-01) (102, -2.57618695497512817383e-01) (103, 2.41425919532775878906e+00) (104, -1.65768265724182128906e-01) (0, 4.11271953582763671875e+00) (1, 2.51174807548522949219e+00) (2, 1.88532209396362304688e+00) (3, -8.16474378108978271484e-01) (4, 4.10859942436218261719e-01) (5, -1.28345417976379394531e+00) (6, -5.11994302272796630859e-01) (7, -4.37127321958541870117e-01) (8, -2.64521527290344238281e+00) (9, -2.73814368993043899536e-02) (10, 7.16530531644821166992e-02) (11, 1.25305211544036865234e+00) (12, -3.88954788446426391602e-01) (13, -7.13676452636718750000e-01) (14, -2.90969657897949218750e+00) (15, 3.70174109935760498047e-01) (16, 1.52128458023071289062e+00) (17, -8.90741050243377685547e-01) (18, -8.42827618122100830078e-01) (19, -8.07289063930511474609e-01) (20, 6.68702879920601844788e-03) (21, 2.67506980895996093750e+00) (22, -8.22281911969184875488e-02) (23, -1.68362129479646682739e-02) (24, -6.26917779445648193359e-01) (25, -9.27939832210540771484e-01) (26, -6.39535129070281982422e-01) (27, -7.40480542182922363281e-01) (28, 6.54170942306518554688e+00) (29, -2.00528073310852050781e+00) (30, -7.76088178157806396484e-01) (31, -7.85740971565246582031e-01) (32, 1.66211605072021484375e+00) (33, -2.01736521720886230469e+00) (34, -4.57433080673217773438e+00) (35, -7.62644410133361816406e-01) (36, -3.45951259136199951172e-01) (37, -1.01452469825744628906e+00) (38, -3.56871455907821655273e-01) (39, -9.55108582973480224609e-01) (40, -1.18146014213562011719e+00) (41, 2.10292267799377441406e+00) (42, -3.64493429660797119141e-01) (43, -1.18893265724182128906e-01) (44, -1.42634391784667968750e+00) (45, 5.74530220031738281250e+00) (46, 1.73094666004180908203e+00) (47, -8.61631482839584350586e-02) (48, -3.86406809091567993164e-01) (49, 1.32920658588409423828e+00) (50, -1.12828314304351806641e+00) (51, 5.10545206069946289062e+00) (52, -9.00154650211334228516e-01) (53, -1.15758752822875976562e+00) (54, -4.28111284971237182617e-01) (55, -2.16591864824295043945e-01) (56, 4.95832979679107666016e-01) (57, 1.23255074024200439453e+00) (58, -1.77129828929901123047e+00) (59, 1.50021612644195556641e+00) (60, -2.08566591143608093262e-01) (61, -1.58165276050567626953e+00) (62, 1.30318319797515869141e+00) (63, 3.81227195262908935547e-01) (64, 1.26789462566375732422e+00) (65, 4.07298147678375244141e-01) (66, 3.59339833259582519531e+00) (67, -1.44452095031738281250e+00) (68, 1.74771642684936523438e+00) (69, -1.43435919284820556641e+00) (70, 1.33543431758880615234e+00) (71, 4.87196743488311767578e-01) (72, 2.19140505790710449219e+00) (73, 6.17582368850708007812e+00) (74, -4.49248135089874267578e-01) (75, -1.40195016860961914062e+01) (76, 2.84476137161254882812e+00) (77, 4.62325632572174072266e-01) (78, 1.29964876174926757812e+00) (79, -5.63743352890014648438e+00) (80, 3.41599956154823303223e-02) (81, 1.22234737873077392578e+00) (82, 2.03722548484802246094e+00) (83, -1.04296237230300903320e-01) (84, -1.21665239334106445312e+00) (85, 5.28901433944702148438e+00) (86, -4.17492479085922241211e-01) (87, 3.15998673439025878906e-01) (88, 3.15646409988403320312e-01) (89, -4.19894599914550781250e+00) (90, -2.36152753233909606934e-01) (91, 1.41758096218109130859e+00) (92, 3.14495921134948730469e+00) (93, -1.99357956647872924805e-01) (94, 6.83882951736450195312e-01) (95, -1.28116205334663391113e-01) (96, 1.56849694252014160156e+00) (97, -1.38714361190795898438e+00) (98, -3.56319046020507812500e+00) (99, 4.68691527843475341797e-01) (100, 7.20216751098632812500e-01) (101, 7.40033626556396484375e-01) (102, 1.63830900192260742188e+00) (103, 7.14795112609863281250e-01) (104, 3.79557460546493530273e-01) (0, -9.43469166755676269531e-01) (1, -1.26788163185119628906e+00) (2, 2.41775512695312500000e+00) (3, 7.37618327140808105469e-01) (4, -9.03104126453399658203e-01) (5, 3.16444784402847290039e-01) (6, 1.86993563175201416016e+00) (7, -4.65973901748657226562e+00) (8, 9.50936734676361083984e-01) (9, 2.29317617416381835938e+00) (10, 1.23078918457031250000e+00) (11, -2.00092363357543945312e+00) (12, -7.96803653240203857422e-01) (13, 3.22223687171936035156e+00) (14, -1.01149857044219970703e+00) (15, -3.26962798833847045898e-01) (16, 1.68820357322692871094e+00) (17, -6.72628581523895263672e-01) (18, -2.16351342201232910156e+00) (19, -5.93034267425537109375e-01) (20, 5.13981485366821289062e+00) (21, -1.31617891788482666016e+00) (22, 1.43179094791412353516e+00) (23, -8.45890045166015625000e-01) (24, 3.07364076375961303711e-01) (25, -5.04140186309814453125e+00) (26, -1.52851920574903488159e-02) (27, 5.53306818008422851562e-01) (28, 3.94746136665344238281e+00) (29, -2.74340510368347167969e+00) (30, 1.32874536514282226562e+00) (31, 5.11382341384887695312e-01) (32, -9.15732800960540771484e-01) (33, 1.39890182018280029297e+00) (34, 7.36365556716918945312e-01) (35, 6.22078061103820800781e-01) (36, 1.57945239543914794922e+00) (37, 2.83722966909408569336e-01) (38, 7.89571940898895263672e-01) (39, 1.26565086841583251953e+00) (40, -1.69937765598297119141e+00) (41, 3.97129282355308532715e-02) (42, -1.33459806442260742188e+00) (43, 8.29203069210052490234e-01) (44, -3.08143615722656250000e-01) (45, 3.35028886795043945312e+00) (46, 1.28366839885711669922e+00) (47, 4.24298810958862304688e+00) (48, -8.68527710437774658203e-01) (49, 5.48822104930877685547e-01) (50, 2.65252828598022460938e+00) (51, 1.68070173263549804688e+00) (52, 4.21235233545303344727e-01) (53, -2.94890493154525756836e-01) (54, -1.44710958003997802734e-01) (55, 1.23018658161163330078e+00) (56, -2.38202261924743652344e+00) (57, 1.25407373905181884766e+00) (58, -6.96288406848907470703e-01) (59, 1.04024839401245117188e+00) (60, 2.14167404174804687500e+00) (61, -2.13694591075181961060e-02) (62, -8.35663795471191406250e-01) (63, -7.49359488487243652344e-01) (64, 3.37558716535568237305e-01) (65, -1.00836670398712158203e+00) (66, 1.10736024379730224609e+00) (67, -2.03411841392517089844e+00) (68, -8.42117667198181152344e-01) (69, -8.92313957214355468750e-01) (70, -1.22697806358337402344e+00) (71, 3.16562861204147338867e-01) (72, 3.53901052474975585938e+00) (73, 5.77424168586730957031e-01) (74, 2.19220533967018127441e-01) (75, -9.52461183071136474609e-01) (76, -7.98792600631713867188e-01) (77, -1.18237018585205078125e+00) (78, 4.36727672815322875977e-01) (79, -1.34408676624298095703e+00) (80, -8.24120283126831054688e-01) (81, -9.76899027824401855469e-01) (82, 1.88519406318664550781e+00) (83, -1.05612087249755859375e+00) (84, -5.25893032550811767578e-01) (85, -6.44260704517364501953e-01) (86, -1.06617176532745361328e+00) (87, 2.43169999122619628906e+00) (88, 1.91335463523864746094e+00) (89, 2.65756487846374511719e-01) (90, -1.75309643149375915527e-01) (91, -8.90907168388366699219e-01) (92, -9.81795132160186767578e-01) (93, -1.03372883796691894531e+00) (94, -8.94381582736968994141e-01) (95, -7.51615405082702636719e-01) (96, -1.41355788707733154297e+00) (97, 1.94641315937042236328e+00) (98, 9.13431107997894287109e-01) (99, -9.56934154033660888672e-01) (100, -8.84262979030609130859e-01) (101, -5.12618780136108398438e-01) (102, -2.68744528293609619141e-02) (103, 3.00973463058471679688e+00) (104, 2.66862916946411132812e+00) (0, -1.50000000000000000000e+03) (1, -1.50000000000000000000e+03) (2, 1.49998083496093750000e+03) (3, 5.44477294921875000000e+02) (4, 1.50000000000000000000e+03) (5, 1.49997961425781250000e+03) (6, -1.50000000000000000000e+03) (7, -1.50000000000000000000e+03) (8, -1.50000000000000000000e+03) (9, 1.50000000000000000000e+03) (10, 1.50000000000000000000e+03) (11, 1.50000000000000000000e+03) (12, 1.50000000000000000000e+03) (13, 1.50000000000000000000e+03) (14, 1.50000000000000000000e+03) (15, 1.50000000000000000000e+03) (16, 1.50000000000000000000e+03) (17, 1.50000000000000000000e+03) (18, 1.50000000000000000000e+03) (19, 1.50000000000000000000e+03) (20, 1.50000000000000000000e+03) (21, 1.50000000000000000000e+03) (22, 1.49997363281250000000e+03) (23, 1.50000000000000000000e+03) (24, 1.50000000000000000000e+03) (25, 1.50000000000000000000e+03) (26, 1.50000000000000000000e+03) (27, 1.50000000000000000000e+03) (28, 1.50000000000000000000e+03) (29, 1.50000000000000000000e+03) (30, 1.50000000000000000000e+03) (31, 1.50000000000000000000e+03) (32, 1.50000000000000000000e+03) (33, 1.50000000000000000000e+03) (34, 1.50000000000000000000e+03) (35, 1.50000000000000000000e+03) (36, 1.50000000000000000000e+03) (37, 1.50000000000000000000e+03) (38, 1.50000000000000000000e+03) (39, 1.50000000000000000000e+03) (40, 1.50000000000000000000e+03) (41, 1.50000000000000000000e+03) (42, 1.50000000000000000000e+03) (43, 1.50000000000000000000e+03) (44, 1.50000000000000000000e+03) (45, 1.50000000000000000000e+03) (46, 1.50000000000000000000e+03) (47, 1.50000000000000000000e+03) (48, 1.50000000000000000000e+03) (49, 1.50000000000000000000e+03) (50, 1.50000000000000000000e+03) (51, 1.50000000000000000000e+03) (52, 1.50000000000000000000e+03) (53, 1.50000000000000000000e+03) (54, 1.50000000000000000000e+03) (55, 1.50000000000000000000e+03) (56, 1.50000000000000000000e+03) (57, 1.50000000000000000000e+03) (58, 1.50000000000000000000e+03) (59, 1.50000000000000000000e+03) (60, 1.50000000000000000000e+03) (61, 1.50000000000000000000e+03) (62, 1.50000000000000000000e+03) (63, 1.50000000000000000000e+03) (64, 1.50000000000000000000e+03) (65, 1.50000000000000000000e+03) (66, 1.50000000000000000000e+03) (67, 1.50000000000000000000e+03) (68, 1.50000000000000000000e+03) (69, 1.50000000000000000000e+03) (70, 1.50000000000000000000e+03) (71, 1.50000000000000000000e+03) (72, 1.50000000000000000000e+03) (73, 1.50000000000000000000e+03) (74, 1.50000000000000000000e+03) (75, 1.50000000000000000000e+03) (76, 1.50000000000000000000e+03) (77, 1.50000000000000000000e+03) (78, 1.50000000000000000000e+03) (79, 1.50000000000000000000e+03) (80, 1.50000000000000000000e+03) (81, 1.50000000000000000000e+03) (82, 1.50000000000000000000e+03) (83, 1.50000000000000000000e+03) (84, 1.50000000000000000000e+03) (85, 1.50000000000000000000e+03) (86, 1.50000000000000000000e+03) (87, 3.31026864051818847656e+00) (88, 1.50000000000000000000e+03) (89, 1.50000000000000000000e+03) (90, 1.50000000000000000000e+03) (91, 1.50000000000000000000e+03) (92, 3.42630076408386230469e+00) (93, 1.50000000000000000000e+03) (94, 1.50000000000000000000e+03) (95, 1.50000000000000000000e+03) (96, 3.09532856941223144531e+00) (97, 1.50000000000000000000e+03) (98, 1.50000000000000000000e+03) (99, 1.50000000000000000000e+03) (100, 1.50000000000000000000e+03) (101, 1.50000000000000000000e+03) (102, 1.50000000000000000000e+03) (103, -1.50000000000000000000e+03) (104, -1.57543647289276123047e+00) (0, 2.08447284698486328125e+01) (1, 1.35198955535888671875e+01) (2, 3.56493186950683593750e+00) (3, 1.67869639396667480469e+00) (4, -4.14867475628852844238e-02) (5, -1.10260426998138427734e-01) (6, -1.90587496757507324219e+00) (7, -1.18319959640502929688e+01) (8, 1.18569736480712890625e+01) (9, 2.22063392400741577148e-01) (10, -4.41924476623535156250e+00) (11, 4.53661203384399414062e+00) (12, 2.93864464759826660156e+00) (13, -1.88437385559082031250e+01) (14, -6.50936412811279296875e+00) (15, 2.01112318038940429688e+00) (16, 6.83520853519439697266e-01) (17, 1.11827754974365234375e+00) (18, -1.18497085571289062500e+00) (19, -1.54440200328826904297e+00) (20, 3.69179725646972656250e-01) (21, 5.78626966476440429688e+00) (22, 3.40355366468429565430e-01) (23, 1.63028156757354736328e+00) (24, 1.66699409484863281250e+00) (25, -1.16702198982238769531e+00) (26, -1.16353106498718261719e+00) (27, -9.89997446537017822266e-01) (28, -9.28794801235198974609e-01) (29, -9.71105456352233886719e-01) (30, -1.22276067733764648438e+00) (31, -1.15251767635345458984e+00) (32, -1.01484870910644531250e+00) (33, -1.25320243835449218750e+00) (34, -6.76131844520568847656e-01) (35, -1.21195435523986816406e+00) (36, -1.22474646568298339844e+00) (37, -1.09512102603912353516e+00) (38, -1.09675621986389160156e+00) (39, -1.32089006900787353516e+00) (40, -1.26086103916168212891e+00) (41, -1.02387535572052001953e+00) (42, -2.06318229436874389648e-01) (43, -1.11526548862457275391e+00) (44, -1.15243399143218994141e+00) (45, 1.53035485744476318359e+00) (46, -1.15492343902587890625e+00) (47, 1.78588902950286865234e+00) (48, 1.68884277343750000000e+00) (49, -1.26067554950714111328e+00) (50, -1.02211260795593261719e+00) (51, -4.10840243101119995117e-01) (52, -1.40489542484283447266e+00) (53, -1.30294299125671386719e+00) (54, -5.40086865425109863281e-01) (55, -1.59946167469024658203e+00) (56, 2.37205767631530761719e+00) (57, -3.00630182027816772461e-01) (58, -3.94066184759140014648e-01) (59, 6.38507127761840820312e-01) (60, -3.17722290754318237305e-01) (61, 2.62745332717895507812e+00) (62, -2.23289474844932556152e-01) (63, -2.60703504085540771484e-01) (64, -3.96213024854660034180e-01) (65, -3.00005257129669189453e-01) (66, -4.84033972024917602539e-01) (67, 2.52073502540588378906e+00) (68, 1.19396790862083435059e-01) (69, 2.49425435066223144531e+00) (70, -2.67507255077362060547e-01) (71, 1.12342089414596557617e-03) (72, -1.78535267710685729980e-01) (73, 1.73089742660522460938e+00) (74, -1.63070157170295715332e-01) (75, -3.41205924749374389648e-01) (76, -5.30883431434631347656e-01) (77, -3.10383677482604980469e-01) (78, -4.00650203227996826172e-01) (79, 1.71980798244476318359e-01) (80, -3.67016166448593139648e-01) (81, 3.42054367065429687500e-01) (82, 2.46798205375671386719e+00) (83, 1.66580438613891601562e-01) (84, -2.80932813882827758789e-01) (85, 2.51582813262939453125e+00) (86, 2.58985686302185058594e+00) (87, -9.71256867051124572754e-02) (88, 2.52473568916320800781e+00) (89, -1.85750737786293029785e-01) (90, -3.11343669891357421875e-01) (91, -1.78981050848960876465e-01) (92, 2.45360279083251953125e+00) (93, 2.50621008872985839844e+00) (94, -3.99280697107315063477e-01) (95, -1.06377832591533660889e-01) (96, 2.75449538230895996094e+00) (97, -3.37517857551574707031e-01) (98, -2.07109674811363220215e-01) (99, 2.60929489135742187500e+00) (100, 2.54046416282653808594e+00) (101, 2.50569081306457519531e+00) (102, 8.20558452606201171875e+00) (103, -4.11406040191650390625e+00) (104, -6.96516811847686767578e-01) (0, -3.14888978004455566406e+00) (1, -1.58303868770599365234e+00) (2, -5.62639057636260986328e-01) (3, -2.84115910530090332031e-01) (4, -6.04874312877655029297e-01) (5, -2.19845223426818847656e+00) (6, -2.88429647684097290039e-01) (7, -1.93332719802856445312e+00) (8, 1.00642986595630645752e-01) (9, -1.13578550517559051514e-01) (10, -3.97337168455123901367e-01) (11, -1.02767658233642578125e+00) (12, 2.82845211029052734375e+00) (13, -2.64546370506286621094e+00) (14, 1.92865085601806640625e+00) (15, -2.74141669273376464844e-01) (16, -1.13263583183288574219e+00) (17, -1.14755645394325256348e-01) (18, -7.24188566207885742188e-01) (19, -2.75331556797027587891e-01) (20, 1.94773769378662109375e+00) (21, -3.48267227411270141602e-01) (22, -2.07025274634361267090e-01) (23, -2.59735852479934692383e-01) (24, -8.59553039073944091797e-01) (25, -1.02717384696006774902e-01) (26, -1.20146214962005615234e+00) (27, -1.05724287033081054688e+00) (28, 3.28174352645874023438e+00) (29, -9.12484049797058105469e-01) (30, -7.38603234291076660156e-01) (31, 2.17099356651306152344e+00) (32, -7.84825801849365234375e-01) (33, 2.05093121528625488281e+00) (34, -6.11577868461608886719e-01) (35, -8.37681472301483154297e-01) (36, -1.00570535659790039062e+00) (37, -5.94711780548095703125e-01) (38, -1.01282429695129394531e+00) (39, -1.06713438034057617188e+00) (40, -1.11784613132476806641e+00) (41, -2.21328997611999511719e+00) (42, -2.97126889228820800781e-01) (43, 2.68489289283752441406e+00) (44, -2.10899457335472106934e-01) (45, 1.73025774955749511719e+00) (46, 9.26411509513854980469e-01) (47, -1.49323916435241699219e+00) (48, -9.25815761089324951172e-01) (49, -1.03365111351013183594e+00) (50, 2.38580536842346191406e+00) (51, 3.14120841026306152344e+00) (52, 6.00670754909515380859e-01) (53, -1.11069595813751220703e+00) (54, -2.82723456621170043945e-01) (55, 1.69408452510833740234e+00) (56, -4.14680302143096923828e-01) (57, 3.57246661186218261719e+00) (58, -2.06119656562805175781e+00) (59, 2.48950421810150146484e-01) (60, -4.70909804105758666992e-01) (61, 1.08283531665802001953e+00) (62, -9.53517258167266845703e-02) (63, -5.79322934150695800781e-01) (64, 2.14073538780212402344e+00) (65, -5.34339368343353271484e-01) (66, -3.56298357248306274414e-01) (67, 2.70215010643005371094e+00) (68, 7.08078086376190185547e-01) (69, -7.01631188392639160156e-01) (70, -1.64845630526542663574e-01) (71, 2.62994527816772460938e+00) (72, -3.84954273700714111328e-01) (73, -3.99497784674167633057e-02) (74, 1.85736149549484252930e-01) (75, 1.96452692151069641113e-01) (76, -1.63546299934387207031e+00) (77, -4.70741719007492065430e-01) (78, 6.82409465312957763672e-01) (79, 4.27580475807189941406e-01) (80, 8.15891027450561523438e-01) (81, -1.03186583518981933594e+00) (82, -1.17627426981925964355e-01) (83, -2.66920995712280273438e+00) (84, 1.91227197647094726562e+00) (85, -3.87265652418136596680e-01) (86, -3.91134560108184814453e-01) (87, 2.68905711174011230469e+00) (88, -1.48179388046264648438e+00) (89, 2.29958415031433105469e+00) (90, 1.49075055122375488281e+00) (91, -5.98031580448150634766e-01) (92, 2.82458281517028808594e+00) (93, -5.52178919315338134766e-01) (94, -4.53050523996353149414e-01) (95, 2.58891916275024414062e+00) (96, 3.05618286132812500000e+00) (97, -1.08752787113189697266e-01) (98, -4.22278344631195068359e-01) (99, 3.98575961589813232422e-02) (100, -3.72027188539505004883e-01) (101, -1.78703680634498596191e-01) (102, -6.16106927394866943359e-01) (103, 2.82856369018554687500e+00) (104, -8.04673373699188232422e-01) (0, -1.50000000000000000000e+03) (1, -1.50000000000000000000e+03) (2, 1.49998083496093750000e+03) (3, 5.44477294921875000000e+02) (4, 1.50000000000000000000e+03) (5, 1.49997961425781250000e+03) (6, -1.50000000000000000000e+03) (7, -1.50000000000000000000e+03) (8, -1.50000000000000000000e+03) (9, 1.50000000000000000000e+03) (10, 1.50000000000000000000e+03) (11, 1.50000000000000000000e+03) (12, 1.50000000000000000000e+03) (13, 1.50000000000000000000e+03) (14, 1.50000000000000000000e+03) (15, 1.50000000000000000000e+03) (16, 1.50000000000000000000e+03) (17, 1.50000000000000000000e+03) (18, 1.50000000000000000000e+03) (19, 1.50000000000000000000e+03) (20, 1.50000000000000000000e+03) (21, 1.50000000000000000000e+03) (22, 1.49997363281250000000e+03) (23, 1.50000000000000000000e+03) (24, 1.50000000000000000000e+03) (25, 1.50000000000000000000e+03) (26, 1.50000000000000000000e+03) (27, 1.50000000000000000000e+03) (28, 1.50000000000000000000e+03) (29, 1.50000000000000000000e+03) (30, 1.50000000000000000000e+03) (31, 1.50000000000000000000e+03) (32, 1.50000000000000000000e+03) (33, 1.50000000000000000000e+03) (34, 1.50000000000000000000e+03) (35, 1.50000000000000000000e+03) (36, 1.50000000000000000000e+03) (37, 1.50000000000000000000e+03) (38, 1.50000000000000000000e+03) (39, 1.50000000000000000000e+03) (40, 1.50000000000000000000e+03) (41, 1.50000000000000000000e+03) (42, 1.50000000000000000000e+03) (43, 1.50000000000000000000e+03) (44, 1.50000000000000000000e+03) (45, 1.50000000000000000000e+03) (46, 1.50000000000000000000e+03) (47, 1.50000000000000000000e+03) (48, 1.50000000000000000000e+03) (49, 1.50000000000000000000e+03) (50, 1.50000000000000000000e+03) (51, 1.50000000000000000000e+03) (52, 1.50000000000000000000e+03) (53, 1.50000000000000000000e+03) (54, 1.50000000000000000000e+03) (55, 1.50000000000000000000e+03) (56, 1.50000000000000000000e+03) (57, 1.50000000000000000000e+03) (58, 1.50000000000000000000e+03) (59, 1.50000000000000000000e+03) (60, 1.50000000000000000000e+03) (61, 1.50000000000000000000e+03) (62, 1.50000000000000000000e+03) (63, 1.50000000000000000000e+03) (64, 1.50000000000000000000e+03) (65, 1.50000000000000000000e+03) (66, 1.50000000000000000000e+03) (67, 1.50000000000000000000e+03) (68, 1.50000000000000000000e+03) (69, 1.50000000000000000000e+03) (70, 1.50000000000000000000e+03) (71, 1.50000000000000000000e+03) (72, 1.50000000000000000000e+03) (73, 1.50000000000000000000e+03) (74, 1.50000000000000000000e+03) (75, 1.50000000000000000000e+03) (76, 1.50000000000000000000e+03) (77, 1.50000000000000000000e+03) (78, 1.50000000000000000000e+03) (79, 1.50000000000000000000e+03) (80, 1.50000000000000000000e+03) (81, 1.50000000000000000000e+03) (82, 1.50000000000000000000e+03) (83, 1.50000000000000000000e+03) (84, 1.50000000000000000000e+03) (85, 1.50000000000000000000e+03) (86, 1.50000000000000000000e+03) (87, 3.30980777740478515625e+00) (88, 1.50000000000000000000e+03) (89, 1.50000000000000000000e+03) (90, 1.50000000000000000000e+03) (91, 1.50000000000000000000e+03) (92, 3.34611034393310546875e+00) (93, 1.50000000000000000000e+03) (94, 1.50000000000000000000e+03) (95, 1.50000000000000000000e+03) (96, 3.08843088150024414062e+00) (97, 1.50000000000000000000e+03) (98, 1.50000000000000000000e+03) (99, 1.50000000000000000000e+03) (100, 1.50000000000000000000e+03) (101, 1.50000000000000000000e+03) (102, 1.50000000000000000000e+03) (103, -1.50000000000000000000e+03) (104, -1.54393804073333740234e+00) (0, 2.85366225242614746094e+00) (1, -4.34451341629028320312e-01) (2, -5.37757813930511474609e-01) (3, 1.18669927120208740234e+00) (4, -3.73277932405471801758e-01) (5, 2.40296125411987304688e+00) (6, -4.60374712944030761719e-01) (7, -6.44932389259338378906e-01) (8, 1.54728555679321289062e+00) (9, -4.53584134578704833984e-01) (10, -3.63972663879394531250e-01) (11, -9.53048527240753173828e-01) (12, -5.05452275276184082031e-01) (13, -3.58429193496704101562e+00) (14, -4.53371852636337280273e-01) (15, -1.00197350978851318359e+00) (16, -9.69289898872375488281e-01) (17, -1.20425570011138916016e+00) (18, 1.94719898700714111328e+00) (19, -1.16234242916107177734e+00) (20, -1.00041544437408447266e+00) (21, -9.30493831634521484375e-01) (22, 1.97656977176666259766e+00) (23, -4.15093749761581420898e-01) (24, 1.87647187709808349609e+00) (25, -1.53726828098297119141e+00) (26, -8.39493691921234130859e-01) (27, -1.09018480777740478516e+00) (28, -8.42774748802185058594e-01) (29, -1.89314448833465576172e+00) (30, 1.86548221111297607422e+00) (31, -1.16492247581481933594e+00) (32, -1.11167299747467041016e+00) (33, -1.48350751399993896484e+00) (34, 8.52501106262207031250e+00) (35, -1.81460583209991455078e+00) (36, -3.14097428321838378906e+00) (37, 1.78771007061004638672e+00) (38, 1.77404165267944335938e+00) (39, -1.97359764575958251953e+00) (40, 1.78793501853942871094e+00) (41, -2.24269628524780273438e+00) (42, 2.21735858917236328125e+00) (43, 1.72838735580444335938e+00) (44, 1.45647501945495605469e+00) (45, 1.30941295623779296875e+00) (46, 9.40960764884948730469e-01) (47, 1.84675359725952148438e+00) (48, -1.22218656539916992188e+00) (49, -8.11353588104248046875e+00) (50, -1.78612613677978515625e+00) (51, -5.05149006843566894531e-01) (52, -1.10647845268249511719e+00) (53, -1.79154860973358154297e+00) (54, -1.19113981723785400391e+00) (55, -4.29476881027221679688e+00) (56, 2.35199832916259765625e+00) (57, -4.23244714736938476562e+00) (58, 2.70797133445739746094e+00) (59, 7.12249946594238281250e+00) (60, -4.98361229896545410156e-01) (61, -3.18206977844238281250e+00) (62, -9.03791904449462890625e-01) (63, 2.24276328086853027344e+00) (64, -7.93074488639831542969e-01) (65, -3.18106055259704589844e-01) (66, 1.33657693862915039062e+00) (67, 1.51628005504608154297e+00) (68, -8.79406213760375976562e-01) (69, -5.85916101932525634766e-01) (70, -3.60217362642288208008e-01) (71, 2.58101820945739746094e+00) (72, -3.76195341348648071289e-01) (73, -2.38034367561340332031e+00) (74, -4.07663375139236450195e-01) (75, -7.23292291164398193359e-01) (76, 2.44210696220397949219e+00) (77, -5.04006683826446533203e-01) (78, 1.67537438869476318359e+00) (79, -2.82509493827819824219e+00) (80, 7.41660213470458984375e+00) (81, 2.23493695259094238281e+00) (82, -2.95405220985412597656e+00) (83, 4.55814552307128906250e+00) (84, 1.64642691612243652344e+00) (85, -3.75759458541870117188e+00) (86, 2.31550717353820800781e+00) (87, 2.45680022239685058594e+00) (88, 3.55601167678833007812e+00) (89, 1.07450842857360839844e+00) (90, 1.78426051139831542969e+00) (91, -3.21964651346206665039e-01) (92, -5.17469525337219238281e-01) (93, -5.97851118072867393494e-03) (94, 2.13229107856750488281e+00) (95, -6.27154529094696044922e-01) (96, 2.34674358367919921875e+00) (97, -1.52437007427215576172e+00) (98, 2.63142132759094238281e+00) (99, -2.73375773429870605469e+00) (100, 2.49687814712524414062e+00) (101, 1.41801154613494873047e+00) (102, -5.85445702075958251953e-01) (103, 2.29329252243041992188e+00) (104, -5.63429892063140869141e-01) (0, 1.50000000000000000000e+03) (1, 1.50000000000000000000e+03) (2, -1.49998010253906250000e+03) (3, -2.30070877075195312500e+02) (4, -1.50000000000000000000e+03) (5, -1.49997814941406250000e+03) (6, 1.50000000000000000000e+03) (7, 1.50000000000000000000e+03) (8, 1.50000000000000000000e+03) (9, -1.50000000000000000000e+03) (10, -1.50000000000000000000e+03) (11, -1.50000000000000000000e+03) (12, -1.50000000000000000000e+03) (13, -1.50000000000000000000e+03) (14, -1.50000000000000000000e+03) (15, -1.50000000000000000000e+03) (16, -1.50000000000000000000e+03) (17, -1.50000000000000000000e+03) (18, -1.50000000000000000000e+03) (19, -1.50000000000000000000e+03) (20, -1.50000000000000000000e+03) (21, -1.50000000000000000000e+03) (22, -1.49996972656250000000e+03) (23, -1.50000000000000000000e+03) (24, -1.50000000000000000000e+03) (25, -1.50000000000000000000e+03) (26, -1.50000000000000000000e+03) (27, -1.50000000000000000000e+03) (28, -1.50000000000000000000e+03) (29, -1.50000000000000000000e+03) (30, -1.50000000000000000000e+03) (31, -1.50000000000000000000e+03) (32, -1.50000000000000000000e+03) (33, -1.50000000000000000000e+03) (34, -1.50000000000000000000e+03) (35, -1.50000000000000000000e+03) (36, -1.50000000000000000000e+03) (37, -1.50000000000000000000e+03) (38, -1.50000000000000000000e+03) (39, -1.50000000000000000000e+03) (40, -1.50000000000000000000e+03) (41, -1.50000000000000000000e+03) (42, -1.50000000000000000000e+03) (43, -1.50000000000000000000e+03) (44, -1.50000000000000000000e+03) (45, -1.50000000000000000000e+03) (46, -1.50000000000000000000e+03) (47, -1.50000000000000000000e+03) (48, -1.50000000000000000000e+03) (49, -1.50000000000000000000e+03) (50, -1.50000000000000000000e+03) (51, -1.50000000000000000000e+03) (52, -1.50000000000000000000e+03) (53, -1.50000000000000000000e+03) (54, -1.50000000000000000000e+03) (55, -1.50000000000000000000e+03) (56, -1.50000000000000000000e+03) (57, -1.50000000000000000000e+03) (58, -1.50000000000000000000e+03) (59, -1.50000000000000000000e+03) (60, -1.50000000000000000000e+03) (61, -1.50000000000000000000e+03) (62, -1.50000000000000000000e+03) (63, -1.50000000000000000000e+03) (64, -1.50000000000000000000e+03) (65, -1.50000000000000000000e+03) (66, -1.50000000000000000000e+03) (67, -1.50000000000000000000e+03) (68, -1.50000000000000000000e+03) (69, -1.50000000000000000000e+03) (70, -1.50000000000000000000e+03) (71, -1.50000000000000000000e+03) (72, -1.50000000000000000000e+03) (73, -1.50000000000000000000e+03) (74, -1.50000000000000000000e+03) (75, -1.50000000000000000000e+03) (76, -1.50000000000000000000e+03) (77, -1.50000000000000000000e+03) (78, -1.50000000000000000000e+03) (79, -1.50000000000000000000e+03) (80, -1.50000000000000000000e+03) (81, -1.50000000000000000000e+03) (82, -1.50000000000000000000e+03) (83, -1.50000000000000000000e+03) (84, -1.50000000000000000000e+03) (85, -1.50000000000000000000e+03) (86, -1.50000000000000000000e+03) (87, -1.51693427562713623047e+00) (88, -1.50000000000000000000e+03) (89, -1.50000000000000000000e+03) (90, -1.50000000000000000000e+03) (91, -1.50000000000000000000e+03) (92, -1.47648322582244873047e+00) (93, -1.50000000000000000000e+03) (94, -1.50000000000000000000e+03) (95, -1.50000000000000000000e+03) (96, -1.48778700828552246094e+00) (97, -1.50000000000000000000e+03) (98, -1.50000000000000000000e+03) (99, -1.50000000000000000000e+03) (100, -1.50000000000000000000e+03) (101, -1.50000000000000000000e+03) (102, -1.50000000000000000000e+03) (103, 1.50000000000000000000e+03) (104, 3.76869988441467285156e+00) (0, -1.50000000000000000000e+03) (1, -1.50000000000000000000e+03) (2, 1.49998083496093750000e+03) (3, 5.44477294921875000000e+02) (4, 1.50000000000000000000e+03) (5, 1.49997961425781250000e+03) (6, -1.50000000000000000000e+03) (7, -1.50000000000000000000e+03) (8, -1.50000000000000000000e+03) (9, 1.50000000000000000000e+03) (10, 1.50000000000000000000e+03) (11, 1.50000000000000000000e+03) (12, 1.50000000000000000000e+03) (13, 1.50000000000000000000e+03) (14, 1.50000000000000000000e+03) (15, 1.50000000000000000000e+03) (16, 1.50000000000000000000e+03) (17, 1.50000000000000000000e+03) (18, 1.50000000000000000000e+03) (19, 1.50000000000000000000e+03) (20, 1.50000000000000000000e+03) (21, 1.50000000000000000000e+03) (22, 1.49997363281250000000e+03) (23, 1.50000000000000000000e+03) (24, 1.50000000000000000000e+03) (25, 1.50000000000000000000e+03) (26, 1.50000000000000000000e+03) (27, 1.50000000000000000000e+03) (28, 1.50000000000000000000e+03) (29, 1.50000000000000000000e+03) (30, 1.50000000000000000000e+03) (31, 1.50000000000000000000e+03) (32, 1.50000000000000000000e+03) (33, 1.50000000000000000000e+03) (34, 1.50000000000000000000e+03) (35, 1.50000000000000000000e+03) (36, 1.50000000000000000000e+03) (37, 1.50000000000000000000e+03) (38, 1.50000000000000000000e+03) (39, 1.50000000000000000000e+03) (40, 1.50000000000000000000e+03) (41, 1.50000000000000000000e+03) (42, 1.50000000000000000000e+03) (43, 1.50000000000000000000e+03) (44, 1.50000000000000000000e+03) (45, 1.50000000000000000000e+03) (46, 1.50000000000000000000e+03) (47, 1.50000000000000000000e+03) (48, 1.50000000000000000000e+03) (49, 1.50000000000000000000e+03) (50, 1.50000000000000000000e+03) (51, 1.50000000000000000000e+03) (52, 1.50000000000000000000e+03) (53, 1.50000000000000000000e+03) (54, 1.50000000000000000000e+03) (55, 1.50000000000000000000e+03) (56, 1.50000000000000000000e+03) (57, 1.50000000000000000000e+03) (58, 1.50000000000000000000e+03) (59, 1.50000000000000000000e+03) (60, 1.50000000000000000000e+03) (61, 1.50000000000000000000e+03) (62, 1.50000000000000000000e+03) (63, 1.50000000000000000000e+03) (64, 1.50000000000000000000e+03) (65, 1.50000000000000000000e+03) (66, 1.50000000000000000000e+03) (67, 1.50000000000000000000e+03) (68, 1.50000000000000000000e+03) (69, 1.50000000000000000000e+03) (70, 1.50000000000000000000e+03) (71, 1.50000000000000000000e+03) (72, 1.50000000000000000000e+03) (73, 1.50000000000000000000e+03) (74, 1.50000000000000000000e+03) (75, 1.50000000000000000000e+03) (76, 1.50000000000000000000e+03) (77, 1.50000000000000000000e+03) (78, 1.50000000000000000000e+03) (79, 1.50000000000000000000e+03) (80, 1.50000000000000000000e+03) (81, 1.50000000000000000000e+03) (82, 1.50000000000000000000e+03) (83, 1.50000000000000000000e+03) (84, 1.50000000000000000000e+03) (85, 1.50000000000000000000e+03) (86, 1.50000000000000000000e+03) (87, 3.27445888519287109375e+00) (88, 1.50000000000000000000e+03) (89, 1.50000000000000000000e+03) (90, 1.50000000000000000000e+03) (91, 1.50000000000000000000e+03) (92, 3.34071421623229980469e+00) (93, 1.50000000000000000000e+03) (94, 1.50000000000000000000e+03) (95, 1.50000000000000000000e+03) (96, 3.13213515281677246094e+00) (97, 1.50000000000000000000e+03) (98, 1.50000000000000000000e+03) (99, 1.50000000000000000000e+03) (100, 1.50000000000000000000e+03) (101, 1.50000000000000000000e+03) (102, 1.50000000000000000000e+03) (103, -1.50000000000000000000e+03) (104, -1.53603351116180419922e+00) (0, 1.50000000000000000000e+03) (1, 1.50000000000000000000e+03) (2, -1.49998010253906250000e+03) (3, -2.30070877075195312500e+02) (4, -1.50000000000000000000e+03) (5, -1.49997814941406250000e+03) (6, 1.50000000000000000000e+03) (7, 1.50000000000000000000e+03) (8, 1.50000000000000000000e+03) (9, -1.50000000000000000000e+03) (10, -1.50000000000000000000e+03) (11, -1.50000000000000000000e+03) (12, -1.50000000000000000000e+03) (13, -1.50000000000000000000e+03) (14, -1.50000000000000000000e+03) (15, -1.50000000000000000000e+03) (16, -1.50000000000000000000e+03) (17, -1.50000000000000000000e+03) (18, -1.50000000000000000000e+03) (19, -1.50000000000000000000e+03) (20, -1.50000000000000000000e+03) (21, -1.50000000000000000000e+03) (22, -1.49996972656250000000e+03) (23, -1.50000000000000000000e+03) (24, -1.50000000000000000000e+03) (25, -1.50000000000000000000e+03) (26, -1.50000000000000000000e+03) (27, -1.50000000000000000000e+03) (28, -1.50000000000000000000e+03) (29, -1.50000000000000000000e+03) (30, -1.50000000000000000000e+03) (31, -1.50000000000000000000e+03) (32, -1.50000000000000000000e+03) (33, -1.50000000000000000000e+03) (34, -1.50000000000000000000e+03) (35, -1.50000000000000000000e+03) (36, -1.50000000000000000000e+03) (37, -1.50000000000000000000e+03) (38, -1.50000000000000000000e+03) (39, -1.50000000000000000000e+03) (40, -1.50000000000000000000e+03) (41, -1.50000000000000000000e+03) (42, -1.50000000000000000000e+03) (43, -1.50000000000000000000e+03) (44, -1.50000000000000000000e+03) (45, -1.50000000000000000000e+03) (46, -1.50000000000000000000e+03) (47, -1.50000000000000000000e+03) (48, -1.50000000000000000000e+03) (49, -1.50000000000000000000e+03) (50, -1.50000000000000000000e+03) (51, -1.50000000000000000000e+03) (52, -1.50000000000000000000e+03) (53, -1.50000000000000000000e+03) (54, -1.50000000000000000000e+03) (55, -1.50000000000000000000e+03) (56, -1.50000000000000000000e+03) (57, -1.50000000000000000000e+03) (58, -1.50000000000000000000e+03) (59, -1.50000000000000000000e+03) (60, -1.50000000000000000000e+03) (61, -1.50000000000000000000e+03) (62, -1.50000000000000000000e+03) (63, -1.50000000000000000000e+03) (64, -1.50000000000000000000e+03) (65, -1.50000000000000000000e+03) (66, -1.50000000000000000000e+03) (67, -1.50000000000000000000e+03) (68, -1.50000000000000000000e+03) (69, -1.50000000000000000000e+03) (70, -1.50000000000000000000e+03) (71, -1.50000000000000000000e+03) (72, -1.50000000000000000000e+03) (73, -1.50000000000000000000e+03) (74, -1.50000000000000000000e+03) (75, -1.50000000000000000000e+03) (76, -1.50000000000000000000e+03) (77, -1.50000000000000000000e+03) (78, -1.50000000000000000000e+03) (79, -1.50000000000000000000e+03) (80, -1.50000000000000000000e+03) (81, -1.50000000000000000000e+03) (82, -1.50000000000000000000e+03) (83, -1.50000000000000000000e+03) (84, -1.50000000000000000000e+03) (85, -1.50000000000000000000e+03) (86, -1.50000000000000000000e+03) (87, -1.69658076763153076172e+00) (88, -1.50000000000000000000e+03) (89, -1.50000000000000000000e+03) (90, -1.50000000000000000000e+03) (91, -1.50000000000000000000e+03) (92, -1.46188724040985107422e+00) (93, -1.50000000000000000000e+03) (94, -1.50000000000000000000e+03) (95, -1.50000000000000000000e+03) (96, -1.40507030487060546875e+00) (97, -1.50000000000000000000e+03) (98, -1.50000000000000000000e+03) (99, -1.50000000000000000000e+03) (100, -1.50000000000000000000e+03) (101, -1.50000000000000000000e+03) (102, -1.50000000000000000000e+03) (103, 1.50000000000000000000e+03) (104, 3.88478589057922363281e+00) (0, 3.76650381088256835938e+00) (1, -3.93505549430847167969e+00) (2, 4.43361234664916992188e+00) (3, 1.14582407474517822266e+00) (4, 2.06862783432006835938e+00) (5, -6.58741414546966552734e-01) (6, -1.64476418495178222656e+00) (7, -6.70975303649902343750e+00) (8, 2.54526615142822265625e+00) (9, -1.08199405670166015625e+00) (10, 2.80492329597473144531e+00) (11, -3.75513672828674316406e+00) (12, -5.51421582698822021484e-01) (13, -2.66376924514770507812e+00) (14, -9.78805482387542724609e-01) (15, -1.19089686870574951172e+00) (16, 3.85128974914550781250e+00) (17, 2.95676255226135253906e+00) (18, 5.44327592849731445312e+00) (19, -2.63846468925476074219e+00) (20, 9.64940929412841796875e+00) (21, 1.81718177795410156250e+01) (22, -2.04451847076416015625e+00) (23, 6.95334434509277343750e-01) (24, -1.06635398864746093750e+01) (25, -6.19700479507446289062e+00) (26, 4.07893657684326171875e+00) (27, 4.12668991088867187500e+00) (28, -7.72481727600097656250e+00) (29, -4.96106117963790893555e-01) (30, -6.32118082046508789062e+00) (31, -6.42681837081909179688e-01) (32, -1.05088114738464355469e+00) (33, -4.06242609024047851562e-01) (34, 9.03660964965820312500e+00) (35, -5.46672165393829345703e-01) (36, 4.38311433792114257812e+00) (37, 1.88226926326751708984e+00) (38, 6.93810701370239257812e-01) (39, -6.28292560577392578125e+00) (40, -4.16753387451171875000e+00) (41, 2.41824388504028320312e+00) (42, 2.87772822380065917969e+00) (43, 3.15158915519714355469e+00) (44, 2.95040512084960937500e+00) (45, 2.48714780807495117188e+00) (46, -4.03850793838500976562e+00) (47, 1.02004299163818359375e+01) (48, 2.28274011611938476562e+00) (49, -1.34077394008636474609e+00) (50, 4.74432706832885742188e+00) (51, 3.81628060340881347656e+00) (52, -2.29980778694152832031e+00) (53, -2.84283781051635742188e+00) (54, -4.74128961563110351562e+00) (55, 2.89735555648803710938e+00) (56, 1.77314114570617675781e+00) (57, -1.29702091217041015625e+00) (58, -5.01382112503051757812e+00) (59, -2.23694014549255371094e+00) (60, -1.49778270721435546875e+00) (61, -1.33125305175781250000e+00) (62, 2.10105180740356445312e+00) (63, -8.71075570583343505859e-01) (64, 9.94125723838806152344e-01) (65, -6.44832730293273925781e-01) (66, -7.17676639556884765625e+00) (67, 4.67754650115966796875e+00) (68, -1.45499408245086669922e+00) (69, 2.04206466674804687500e+00) (70, -7.01975047588348388672e-01) (71, -7.12909400463104248047e-01) (72, -8.65949809551239013672e-01) (73, -6.59742712974548339844e-01) (74, -4.21907615661621093750e+00) (75, -1.72541153430938720703e+00) (76, -1.43855857849121093750e+00) (77, -1.48484933376312255859e+00) (78, -6.22436821460723876953e-01) (79, -7.85104155540466308594e-01) (80, -9.32044744491577148438e-01) (81, 2.22556066513061523438e+00) (82, -6.94469809532165527344e-01) (83, -7.80916690826416015625e-01) (84, -7.47193455696105957031e-01) (85, 2.35432744026184082031e-01) (86, -2.03124865889549255371e-01) (87, 2.23638558387756347656e+00) (88, -2.31402702629566192627e-02) (89, -2.01071158051490783691e-01) (90, -5.99341154098510742188e-01) (91, -1.66247889399528503418e-01) (92, 2.22904157638549804688e+00) (93, -2.98516780138015747070e-01) (94, 2.29931426048278808594e+00) (95, -7.22134649753570556641e-01) (96, 4.64511013031005859375e+00) (97, 2.08391237258911132812e+00) (98, -8.33420395851135253906e-01) (99, 3.02038252353668212891e-01) (100, 2.12444281578063964844e+00) (101, 2.18036699295043945312e+00) (102, -1.18778049945831298828e+00) (103, 3.75300073623657226562e+00) (104, -4.06794369220733642578e-01) (0, 2.06642580032348632812e+00) (1, 1.75946807861328125000e+00) (2, 2.44822359085083007812e+00) (3, 1.51990234851837158203e+00) (4, -4.08874183893203735352e-01) (5, 2.15402150154113769531e+00) (6, -3.33509087562561035156e-01) (7, -4.52766895294189453125e-01) (8, -3.69818377494812011719e+00) (9, -3.83631557226181030273e-01) (10, 2.46255040168762207031e+00) (11, -9.73181128501892089844e-01) (12, -3.06231141090393066406e-01) (13, 1.61138355731964111328e+00) (14, -3.26879501342773437500e-01) (15, -8.30465018749237060547e-01) (16, 1.96442937850952148438e+00) (17, -7.86377847194671630859e-01) (18, -8.42305660247802734375e-01) (19, -9.47808921337127685547e-01) (20, 1.41517078876495361328e+00) (21, -5.71991980075836181641e-01) (22, -9.53948736190795898438e-01) (23, -1.00960814952850341797e+00) (24, -8.00929486751556396484e-01) (25, -9.75407123565673828125e-01) (26, -1.05723822116851806641e+00) (27, -9.65489566326141357422e-01) (28, -7.39009320735931396484e-01) (29, -9.92809832096099853516e-01) (30, -9.94971334934234619141e-01) (31, -9.33593869209289550781e-01) (32, -9.45841968059539794922e-01) (33, -1.01301300525665283203e+00) (34, -2.15379524230957031250e+00) (35, -1.17083346843719482422e+00) (36, -9.15755689144134521484e-01) (37, -1.11734557151794433594e+00) (38, -1.02349781990051269531e+00) (39, -1.07034838199615478516e+00) (40, -1.13066208362579345703e+00) (41, -3.31478285789489746094e+00) (42, 2.58086872100830078125e+00) (43, -9.40197765827178955078e-01) (44, -7.55814850330352783203e-01) (45, 1.90509951114654541016e+00) (46, -8.32017481327056884766e-01) (47, 1.43213963508605957031e+00) (48, -1.07939887046813964844e+00) (49, -1.06636369228363037109e+00) (50, -1.14466667175292968750e+00) (51, -5.53348898887634277344e-01) (52, -1.00340163707733154297e+00) (53, -1.11128544807434082031e+00) (54, -5.64051270484924316406e-01) (55, -8.45788669586181640625e+00) (56, 2.49280643463134765625e+00) (57, -5.82217502593994140625e+00) (58, 2.73313832283020019531e+00) (59, 4.58986401557922363281e-01) (60, -2.55501151084899902344e-01) (61, 2.80436635017395019531e+00) (62, -1.32897302508354187012e-01) (63, -2.64053732156753540039e-01) (64, 2.69012641906738281250e+00) (65, -1.14468298852443695068e-01) (66, -4.34596586227416992188e+00) (67, 4.15594100952148437500e+00) (68, 5.89475750923156738281e-01) (69, 1.23650038242340087891e+00) (70, -2.29866728186607360840e-01) (71, -1.33923038840293884277e-01) (72, -1.86033442616462707520e-01) (73, 3.39368939399719238281e+00) (74, 8.49278450012207031250e-01) (75, 1.28501093387603759766e+00) (76, 8.43482732772827148438e-01) (77, -2.47178807854652404785e-01) (78, -4.96116733551025390625e+00) (79, 6.66503238677978515625e+00) (80, -3.46867966651916503906e+00) (81, 1.54382348060607910156e+00) (82, 1.80942201614379882812e+00) (83, -8.87665867805480957031e-01) (84, 1.94104576110839843750e+00) (85, -8.99618387222290039062e-01) (86, 2.74072194099426269531e+00) (87, 2.74637484550476074219e+00) (88, 3.34957933425903320312e+00) (89, 4.82176017761230468750e+00) (90, 5.99448084831237792969e-01) (91, 1.00201439857482910156e+00) (92, -2.42292046546936035156e+00) (93, 7.04574361443519592285e-02) (94, 2.68634843826293945312e+00) (95, 4.53026866912841796875e+00) (96, 3.02404880523681640625e+00) (97, -1.33790791034698486328e+00) (98, 5.04947280883789062500e+00) (99, -6.21469545364379882812e+00) (100, 2.30472540855407714844e+00) (101, 1.65931892395019531250e+00) (102, -1.97796002030372619629e-01) (103, 1.95998966693878173828e+00) (104, -7.68198788166046142578e-01) (0, -1.50000000000000000000e+03) (1, -1.50000000000000000000e+03) (2, 1.49998083496093750000e+03) (3, 5.44477294921875000000e+02) (4, 1.50000000000000000000e+03) (5, 1.49997961425781250000e+03) (6, -1.50000000000000000000e+03) (7, -1.50000000000000000000e+03) (8, -1.50000000000000000000e+03) (9, 1.50000000000000000000e+03) (10, 1.50000000000000000000e+03) (11, 1.50000000000000000000e+03) (12, 1.50000000000000000000e+03) (13, 1.50000000000000000000e+03) (14, 1.50000000000000000000e+03) (15, 1.50000000000000000000e+03) (16, 1.50000000000000000000e+03) (17, 1.50000000000000000000e+03) (18, 1.50000000000000000000e+03) (19, 1.50000000000000000000e+03) (20, 1.50000000000000000000e+03) (21, 1.50000000000000000000e+03) (22, 1.49997363281250000000e+03) (23, 1.50000000000000000000e+03) (24, 1.50000000000000000000e+03) (25, 1.50000000000000000000e+03) (26, 1.50000000000000000000e+03) (27, 1.50000000000000000000e+03) (28, 1.50000000000000000000e+03) (29, 1.50000000000000000000e+03) (30, 1.50000000000000000000e+03) (31, 1.50000000000000000000e+03) (32, 1.50000000000000000000e+03) (33, 1.50000000000000000000e+03) (34, 1.50000000000000000000e+03) (35, 1.50000000000000000000e+03) (36, 1.50000000000000000000e+03) (37, 1.50000000000000000000e+03) (38, 1.50000000000000000000e+03) (39, 1.50000000000000000000e+03) (40, 1.50000000000000000000e+03) (41, 1.50000000000000000000e+03) (42, 1.50000000000000000000e+03) (43, 1.50000000000000000000e+03) (44, 1.50000000000000000000e+03) (45, 1.50000000000000000000e+03) (46, 1.50000000000000000000e+03) (47, 1.50000000000000000000e+03) (48, 1.50000000000000000000e+03) (49, 1.50000000000000000000e+03) (50, 1.50000000000000000000e+03) (51, 1.50000000000000000000e+03) (52, 1.50000000000000000000e+03) (53, 1.50000000000000000000e+03) (54, 1.50000000000000000000e+03) (55, 1.50000000000000000000e+03) (56, 1.50000000000000000000e+03) (57, 1.50000000000000000000e+03) (58, 1.50000000000000000000e+03) (59, 1.50000000000000000000e+03) (60, 1.50000000000000000000e+03) (61, 1.50000000000000000000e+03) (62, 1.50000000000000000000e+03) (63, 1.50000000000000000000e+03) (64, 1.50000000000000000000e+03) (65, 1.50000000000000000000e+03) (66, 1.50000000000000000000e+03) (67, 1.50000000000000000000e+03) (68, 1.50000000000000000000e+03) (69, 1.50000000000000000000e+03) (70, 1.50000000000000000000e+03) (71, 1.50000000000000000000e+03) (72, 1.50000000000000000000e+03) (73, 1.50000000000000000000e+03) (74, 1.50000000000000000000e+03) (75, 1.50000000000000000000e+03) (76, 1.50000000000000000000e+03) (77, 1.50000000000000000000e+03) (78, 1.50000000000000000000e+03) (79, 1.50000000000000000000e+03) (80, 1.50000000000000000000e+03) (81, 1.50000000000000000000e+03) (82, 1.50000000000000000000e+03) (83, 1.50000000000000000000e+03) (84, 1.50000000000000000000e+03) (85, 1.50000000000000000000e+03) (86, 1.50000000000000000000e+03) (87, 3.23791480064392089844e+00) (88, 1.50000000000000000000e+03) (89, 1.50000000000000000000e+03) (90, 1.50000000000000000000e+03) (91, 1.50000000000000000000e+03) (92, 3.39711594581604003906e+00) (93, 1.50000000000000000000e+03) (94, 1.50000000000000000000e+03) (95, 1.50000000000000000000e+03) (96, 3.02740216255187988281e+00) (97, 1.50000000000000000000e+03) (98, 1.50000000000000000000e+03) (99, 1.50000000000000000000e+03) (100, 1.50000000000000000000e+03) (101, 1.50000000000000000000e+03) (102, 1.50000000000000000000e+03) (103, -1.50000000000000000000e+03) (104, -1.54395127296447753906e+00) (0, -1.94263100624084472656e+00) (1, -8.24041187763214111328e-01) (2, -5.18000498414039611816e-02) (3, 7.13005399703979492188e+00) (4, 2.63056373596191406250e+00) (5, -1.01179718971252441406e+00) (6, -9.13455963134765625000e-01) (7, -1.01835870742797851562e+00) (8, -8.01433980464935302734e-01) (9, -6.90148353576660156250e-01) (10, -6.86562240123748779297e-01) (11, -1.33073341846466064453e+00) (12, -2.10370942950248718262e-01) (13, 1.41485631465911865234e-01) (14, -4.60563302040100097656e-01) (15, -2.84173905849456787109e-01) (16, -8.95948588848114013672e-01) (17, -1.04696607589721679688e+00) (18, 1.86355924606323242188e+00) (19, -1.07414245605468750000e+00) (20, -8.56867253780364990234e-01) (21, -7.12614417076110839844e-01) (22, -9.57394123077392578125e-01) (23, -1.66736829280853271484e+00) (24, -9.81269001960754394531e-01) (25, -1.06773114204406738281e+00) (26, -1.03177011013031005859e+00) (27, -9.69033658504486083984e-01) (28, -7.61255860328674316406e-01) (29, -9.59310114383697509766e-01) (30, -1.03648483753204345703e+00) (31, 2.02391099929809570312e+00) (32, -6.92804634571075439453e-01) (33, -9.23070251941680908203e-01) (34, -2.51122379302978515625e+00) (35, -9.93268013000488281250e-01) (36, -1.21343183517456054688e+00) (37, -1.00200879573822021484e+00) (38, 1.95150053501129150391e+00) (39, -1.04102289676666259766e+00) (40, -1.30213415622711181641e+00) (41, -1.70392975211143493652e-01) (42, -9.61860492825508117676e-02) (43, -1.13046944141387939453e+00) (44, -9.94187891483306884766e-01) (45, -1.00392830371856689453e+00) (46, -1.67267453670501708984e+00) (47, 1.46091461181640625000e+00) (48, -7.87122726440429687500e-01) (49, -1.25085699558258056641e+00) (50, -7.43931293487548828125e-01) (51, -1.07881397008895874023e-01) (52, 2.05305790901184082031e+00) (53, -3.10923552513122558594e+00) (54, -2.12932989001274108887e-01) (55, -6.34819126129150390625e+00) (56, 1.62183141708374023438e+00) (57, 4.72213077545166015625e+00) (58, -2.61847329139709472656e+00) (59, 1.08782865107059478760e-01) (60, -9.22384187579154968262e-02) (61, 2.68070650100708007812e+00) (62, 2.74271535873413085938e+00) (63, -2.54249304533004760742e-01) (64, -4.07308369874954223633e-01) (65, 2.68575739860534667969e+00) (66, -4.69688862562179565430e-01) (67, -1.43816351890563964844e+00) (68, -5.37536668777465820312e+00) (69, 1.22865688800811767578e+00) (70, 1.21294236183166503906e+00) (71, 2.83574557304382324219e+00) (72, 2.74289369583129882812e+00) (73, -2.05157423019409179688e+00) (74, 1.47668242454528808594e+00) (75, 7.14037513732910156250e+00) (76, 1.69532442092895507812e+00) (77, 2.53982114791870117188e+00) (78, 3.47878026962280273438e+00) (79, -5.18955135345458984375e+00) (80, 8.71714353561401367188e-01) (81, -2.81447029113769531250e+00) (82, -1.59164023399353027344e+00) (83, -7.77048587799072265625e-01) (84, 2.37326240539550781250e+00) (85, -2.16282941401004791260e-02) (86, 2.69050478935241699219e+00) (87, 2.57545542716979980469e+00) (88, -5.30642747879028320312e+00) (89, -1.62237000465393066406e+00) (90, -2.20099911093711853027e-01) (91, 5.58371067047119140625e-01) (92, 1.72286856174468994141e+00) (93, 1.81422114372253417969e+00) (94, 2.54563164710998535156e+00) (95, 2.09014272689819335938e+00) (96, 2.93045186996459960938e+00) (97, 2.55789399147033691406e+00) (98, 3.69374108314514160156e+00) (99, -5.57171881198883056641e-01) (100, 1.61875021457672119141e+00) (101, 6.60284423828125000000e+00) (102, -1.09060215950012207031e+00) (103, 3.30908608436584472656e+00) (104, -9.12904441356658935547e-01) (0, -1.50000000000000000000e+03) (1, -1.50000000000000000000e+03) (2, 1.49998083496093750000e+03) (3, 5.44477294921875000000e+02) (4, 1.50000000000000000000e+03) (5, 1.49997961425781250000e+03) (6, -1.50000000000000000000e+03) (7, -1.50000000000000000000e+03) (8, -1.50000000000000000000e+03) (9, 1.50000000000000000000e+03) (10, 1.50000000000000000000e+03) (11, 1.50000000000000000000e+03) (12, 1.50000000000000000000e+03) (13, 1.50000000000000000000e+03) (14, 1.50000000000000000000e+03) (15, 1.50000000000000000000e+03) (16, 1.50000000000000000000e+03) (17, 1.50000000000000000000e+03) (18, 1.50000000000000000000e+03) (19, 1.50000000000000000000e+03) (20, 1.50000000000000000000e+03) (21, 1.50000000000000000000e+03) (22, 1.49997363281250000000e+03) (23, 1.50000000000000000000e+03) (24, 1.50000000000000000000e+03) (25, 1.50000000000000000000e+03) (26, 1.50000000000000000000e+03) (27, 1.50000000000000000000e+03) (28, 1.50000000000000000000e+03) (29, 1.50000000000000000000e+03) (30, 1.50000000000000000000e+03) (31, 1.50000000000000000000e+03) (32, 1.50000000000000000000e+03) (33, 1.50000000000000000000e+03) (34, 1.50000000000000000000e+03) (35, 1.50000000000000000000e+03) (36, 1.50000000000000000000e+03) (37, 1.50000000000000000000e+03) (38, 1.50000000000000000000e+03) (39, 1.50000000000000000000e+03) (40, 1.50000000000000000000e+03) (41, 1.50000000000000000000e+03) (42, 1.50000000000000000000e+03) (43, 1.50000000000000000000e+03) (44, 1.50000000000000000000e+03) (45, 1.50000000000000000000e+03) (46, 1.50000000000000000000e+03) (47, 1.50000000000000000000e+03) (48, 1.50000000000000000000e+03) (49, 1.50000000000000000000e+03) (50, 1.50000000000000000000e+03) (51, 1.50000000000000000000e+03) (52, 1.50000000000000000000e+03) (53, 1.50000000000000000000e+03) (54, 1.50000000000000000000e+03) (55, 1.50000000000000000000e+03) (56, 1.50000000000000000000e+03) (57, 1.50000000000000000000e+03) (58, 1.50000000000000000000e+03) (59, 1.50000000000000000000e+03) (60, 1.50000000000000000000e+03) (61, 1.50000000000000000000e+03) (62, 1.50000000000000000000e+03) (63, 1.50000000000000000000e+03) (64, 1.50000000000000000000e+03) (65, 1.50000000000000000000e+03) (66, 1.50000000000000000000e+03) (67, 1.50000000000000000000e+03) (68, 1.50000000000000000000e+03) (69, 1.50000000000000000000e+03) (70, 1.50000000000000000000e+03) (71, 1.50000000000000000000e+03) (72, 1.50000000000000000000e+03) (73, 1.50000000000000000000e+03) (74, 1.50000000000000000000e+03) (75, 1.50000000000000000000e+03) (76, 1.50000000000000000000e+03) (77, 1.50000000000000000000e+03) (78, 1.50000000000000000000e+03) (79, 1.50000000000000000000e+03) (80, 1.50000000000000000000e+03) (81, 1.50000000000000000000e+03) (82, 1.50000000000000000000e+03) (83, 1.50000000000000000000e+03) (84, 1.50000000000000000000e+03) (85, 1.50000000000000000000e+03) (86, 1.50000000000000000000e+03) (87, 3.36984968185424804688e+00) (88, 1.50000000000000000000e+03) (89, 1.50000000000000000000e+03) (90, 1.50000000000000000000e+03) (91, 1.50000000000000000000e+03) (92, 3.33367013931274414062e+00) (93, 1.50000000000000000000e+03) (94, 1.50000000000000000000e+03) (95, 1.50000000000000000000e+03) (96, 3.02555227279663085938e+00) (97, 1.50000000000000000000e+03) (98, 1.50000000000000000000e+03) (99, 1.50000000000000000000e+03) (100, 1.50000000000000000000e+03) (101, 1.50000000000000000000e+03) (102, 1.50000000000000000000e+03) (103, -1.50000000000000000000e+03) (104, -1.51573383808135986328e+00) (0, 2.30690181255340576172e-01) (1, 4.63429331779479980469e-01) (2, 1.83763110637664794922e+00) (3, -1.86696983873844146729e-02) (4, 1.85862028598785400391e+00) (5, -1.59896302223205566406e+00) (6, -6.98370277881622314453e-01) (7, -8.46401405334472656250e+00) (8, 2.24548292160034179688e+00) (9, -7.11656332015991210938e-01) (10, -3.63213956356048583984e-01) (11, 1.67082333564758300781e+00) (12, -1.21466648578643798828e+00) (13, 1.24382181167602539062e+01) (14, -8.60712766647338867188e-01) (15, 4.96795058250427246094e-01) (16, 5.01932239532470703125e+00) (17, 3.17536616325378417969e+00) (18, -2.65664756298065185547e-01) (19, 4.86251637339591979980e-02) (20, -7.34948396682739257812e+00) (21, -4.82486295700073242188e+00) (22, -3.99987906217575073242e-01) (23, -2.76891422271728515625e+00) (24, 7.89583921432495117188e-01) (25, -6.59622764587402343750e+00) (26, -1.09650775790214538574e-01) (27, 2.97205042839050292969e+00) (28, -1.56888425350189208984e+00) (29, -7.34963226318359375000e+00) (30, 3.20583510398864746094e+00) (31, -3.77748221158981323242e-01) (32, 2.14734792709350585938e+00) (33, 1.43196296691894531250e+00) (34, 3.27284097671508789062e+00) (35, 5.49170923233032226562e+00) (36, 3.23984241485595703125e+00) (37, -2.33725619316101074219e+00) (38, -3.88828659057617187500e+00) (39, -3.66155683994293212891e-01) (40, 2.34317332506179809570e-01) (41, 1.58378392457962036133e-01) (42, 1.19696700572967529297e+00) (43, 3.24643182754516601562e+00) (44, -8.40603336691856384277e-02) (45, 1.21567857265472412109e+00) (46, 4.32493352890014648438e+00) (47, 7.02887201309204101562e+00) (48, 4.69725179672241210938e+00) (49, 3.02922987937927246094e+00) (50, -8.23740005493164062500e-01) (51, 2.22089022397994995117e-01) (52, -8.36311340332031250000e-01) (53, 1.37707889080047607422e+00) (54, 3.44737243652343750000e+00) (55, 1.16006314754486083984e+00) (56, 5.01508951187133789062e-01) (57, -3.26720046997070312500e+00) (58, 4.72206294536590576172e-01) (59, -1.33654022216796875000e+00) (60, 2.05434179306030273438e+00) (61, -8.76857161521911621094e-01) (62, -6.23164474964141845703e-01) (63, -8.10277462005615234375e-01) (64, -2.42358946800231933594e+00) (65, -5.57563185691833496094e-01) (66, -1.37956845760345458984e+00) (67, -6.82247996330261230469e-01) (68, -2.91360902786254882812e+00) (69, -1.11647927761077880859e+00) (70, 2.71054363250732421875e+00) (71, 4.21680450439453125000e+00) (72, -4.39665436744689941406e-01) (73, -6.07899725437164306641e-01) (74, -3.84191334247589111328e-01) (75, -5.26530981063842773438e-01) (76, 1.59582424163818359375e+00) (77, 2.05749607086181640625e+00) (78, 7.26416707038879394531e-01) (79, 8.77110421657562255859e-01) (80, -1.79959404468536376953e+00) (81, -1.44104826450347900391e+00) (82, -2.19517970085144042969e+00) (83, -5.50716876983642578125e-01) (84, -8.18086683750152587891e-01) (85, -2.08163666725158691406e+00) (86, -4.82463449239730834961e-01) (87, -8.53940248489379882812e-01) (88, -1.22543919086456298828e+00) (89, 1.96077895164489746094e+00) (90, -6.16909861564636230469e-01) (91, 5.16425132751464843750e-01) (92, 2.40600991249084472656e+00) (93, -8.55162799358367919922e-01) (94, -7.71549820899963378906e-01) (95, -1.01046264171600341797e+00) (96, 2.42586803436279296875e+00) (97, -1.75330567359924316406e+00) (98, -6.66205406188964843750e-01) (99, -9.02686476707458496094e-01) (100, 2.13089942932128906250e+00) (101, -8.81687998771667480469e-01) (102, -5.26003539562225341797e-01) (103, 2.41880321502685546875e+00) (104, 2.51618647575378417969e+00) (0, 2.78382205963134765625e+00) (1, 1.65356948971748352051e-01) (2, 2.17448759078979492188e+00) (3, 2.41864061355590820312e+00) (4, -4.03867340087890625000e+00) (5, -1.01916491985321044922e+00) (6, 1.30451452732086181641e+00) (7, -5.44582700729370117188e+00) (8, 6.84010624885559082031e-01) (9, -8.99484813213348388672e-01) (10, 2.50995486974716186523e-01) (11, -3.68747067451477050781e+00) (12, -8.42393875122070312500e-01) (13, 3.05097818374633789062e+00) (14, 2.34744977951049804688e+00) (15, -6.15159332752227783203e-01) (16, 3.08769059181213378906e+00) (17, -3.17708539962768554688e+00) (18, -3.40150690078735351562e+00) (19, -2.32879236340522766113e-01) (20, 1.43698673248291015625e+01) (21, -1.76074147224426269531e+00) (22, 7.79353737831115722656e-01) (23, -7.53966748714447021484e-01) (24, 3.78169059753417968750e+00) (25, 3.63269114494323730469e+00) (26, 2.79099106788635253906e-01) (27, -5.39136946201324462891e-01) (28, 2.70943093299865722656e+00) (29, -1.57940125465393066406e+00) (30, 2.71851122379302978516e-01) (31, -5.72515845298767089844e-01) (32, -3.54409432411193847656e+00) (33, -2.72451668977737426758e-01) (34, -6.50315809249877929688e+00) (35, 3.61936640739440917969e+00) (36, -5.04526662826538085938e+00) (37, -2.10225605964660644531e+00) (38, 3.83324360847473144531e+00) (39, 3.99833106994628906250e+00) (40, 3.53881597518920898438e-01) (41, -2.08882856369018554688e+00) (42, 2.12136626243591308594e+00) (43, 8.07481884956359863281e-01) (44, 7.51564931869506835938e+00) (45, 3.99298779666423797607e-02) (46, -8.24305415153503417969e-02) (47, -9.14239585399627685547e-01) (48, 2.44579553604125976562e+00) (49, 4.04949998855590820312e+00) (50, 5.19281804561614990234e-01) (51, 2.68058419227600097656e-01) (52, 1.59980726242065429688e+00) (53, 2.20038652420043945312e+00) (54, 3.84694159030914306641e-01) (55, 3.22544574737548828125e+00) (56, 7.59925365447998046875e-01) (57, -3.09637165069580078125e+00) (58, -3.50560903549194335938e-01) (59, 3.39962434768676757812e+00) (60, -1.13274240493774414062e+00) (61, -8.97225677967071533203e-01) (62, 4.67681980133056640625e+00) (63, -1.15852713584899902344e+00) (64, 2.99792289733886718750e+00) (65, 2.18192911148071289062e+00) (66, -2.90223264694213867188e+00) (67, 1.31876540184020996094e+00) (68, -6.80130660533905029297e-01) (69, -2.07498028874397277832e-01) (70, 3.35854947566986083984e-01) (71, -2.23204895853996276855e-01) (72, 9.11781787872314453125e-01) (73, -7.43413642048835754395e-02) (74, -1.80294322967529296875e+00) (75, -1.68009483814239501953e+00) (76, -2.02350330352783203125e+00) (77, 2.25629591941833496094e+00) (78, -2.59625077247619628906e+00) (79, -1.28498733043670654297e-01) (80, -2.80662274360656738281e+00) (81, -9.68555092811584472656e-01) (82, 2.09270024299621582031e+00) (83, -1.44537642598152160645e-01) (84, -3.23619556427001953125e+00) (85, -2.11085414886474609375e+00) (86, -6.88434243202209472656e-01) (87, -9.88830924034118652344e-01) (88, 3.63872587680816650391e-01) (89, -5.07298171520233154297e-01) (90, -3.41888284683227539062e+00) (91, -5.78281760215759277344e-01) (92, 2.17737793922424316406e+00) (93, -8.44649076461791992188e-01) (94, -5.04446446895599365234e-01) (95, -3.96662503480911254883e-01) (96, -4.05349843204021453857e-02) (97, 1.06277905404567718506e-01) (98, -8.65462243556976318359e-01) (99, 2.82997786998748779297e-01) (100, 2.09790802001953125000e+00) (101, 2.02747178077697753906e+00) (102, -4.55096435546875000000e+00) (103, 9.53451347351074218750e+00) (104, -2.80316829681396484375e-01) (0, -2.85225892066955566406e+00) (1, -1.76267981529235839844e+00) (2, -1.72123745083808898926e-01) (3, -8.24409604072570800781e-01) (4, -3.38846802711486816406e-01) (5, -1.83721101284027099609e+00) (6, -6.48313388228416442871e-02) (7, 2.14502406120300292969e+00) (8, 8.54201793670654296875e-01) (9, -1.21602691709995269775e-01) (10, -1.05006206035614013672e+00) (11, 5.98045922815799713135e-02) (12, 1.76539123058319091797e-01) (13, -1.31080269813537597656e+00) (14, -5.31259439885616302490e-02) (15, -7.48603940010070800781e-01) (16, -1.11877489089965820312e+00) (17, 8.29251050949096679688e-01) (18, -1.08673071861267089844e+00) (19, -7.31005847454071044922e-01) (20, -1.02094578742980957031e+00) (21, -6.62851274013519287109e-01) (22, 1.95344030857086181641e+00) (23, 1.71373224258422851562e+00) (24, -1.02674162387847900391e+00) (25, -8.86687994003295898438e-01) (26, -1.01934635639190673828e+00) (27, -9.15931105613708496094e-01) (28, 1.86140954494476318359e+00) (29, -9.11278009414672851562e-01) (30, -7.12104976177215576172e-01) (31, -9.38574910163879394531e-01) (32, -7.77953267097473144531e-01) (33, -8.63340735435485839844e-01) (34, -3.28686892986297607422e-01) (35, -1.11179924011230468750e+00) (36, -9.21029567718505859375e-01) (37, 1.85715293884277343750e+00) (38, -1.04116272926330566406e+00) (39, -9.83120739459991455078e-01) (40, 1.32321631908416748047e+00) (41, 1.73149728775024414062e+00) (42, -1.88283994793891906738e-01) (43, 2.37803483009338378906e+00) (44, -7.92221069335937500000e-01) (45, 1.85399377346038818359e+00) (46, -1.76912641525268554688e+00) (47, -1.47837281227111816406e+00) (48, -7.51326799392700195312e-01) (49, -8.22936236858367919922e-01) (50, -5.80255031585693359375e-01) (51, 8.05885434150695800781e-01) (52, -8.43283772468566894531e-01) (53, -9.58462953567504882812e-01) (54, 2.15307295322418212891e-01) (55, -2.62697267532348632812e+00) (56, 2.65264606475830078125e+00) (57, -1.12314939498901367188e+00) (58, -1.51749014854431152344e+00) (59, 4.31041628122329711914e-01) (60, -3.73346477746963500977e-01) (61, -1.08589204028248786926e-02) (62, -6.98843970894813537598e-03) (63, -2.41877034306526184082e-01) (64, -7.02090919017791748047e-01) (65, -2.30911031365394592285e-01) (66, 2.49117779731750488281e+00) (67, -1.39461600780487060547e+00) (68, -1.07313498854637145996e-01) (69, -1.53952270746231079102e-01) (70, -7.10416287183761596680e-02) (71, 2.81703591346740722656e+00) (72, 2.44141650199890136719e+00) (73, 2.80136322975158691406e+00) (74, 2.63930201530456542969e+00) (75, -4.74594533443450927734e-01) (76, -2.70457327365875244141e-01) (77, -3.44331085681915283203e-01) (78, 3.87931883335113525391e-01) (79, -2.01514053344726562500e+00) (80, -7.10853755474090576172e-01) (81, -7.79453337192535400391e-01) (82, -7.72454500198364257812e-01) (83, -1.72224962711334228516e+00) (84, -8.78772437572479248047e-01) (85, -5.50655066967010498047e-01) (86, -4.52504187822341918945e-01) (87, 2.81454420089721679688e+00) (88, -2.36339116096496582031e+00) (89, 2.07443523406982421875e+00) (90, -5.92518866062164306641e-01) (91, 2.31670212745666503906e+00) (92, 7.59072378277778625488e-02) (93, -2.90740162134170532227e-01) (94, 2.31028938293457031250e+00) (95, 2.61019396781921386719e+00) (96, 2.82298803329467773438e+00) (97, -2.78784722089767456055e-01) (98, -6.23809516429901123047e-01) (99, 2.59579515457153320312e+00) (100, 2.30890965461730957031e+00) (101, 2.94517683982849121094e+00) (102, -7.25451350212097167969e-01) (103, 2.83640718460083007812e+00) (104, -8.60475540161132812500e-01) (0, -1.65088617801666259766e+00) (1, 2.69227385520935058594e+00) (2, -5.93038976192474365234e-01) (3, 2.09999084472656250000e+00) (4, 2.30842137336730957031e+00) (5, 1.06621146202087402344e+00) (6, -2.74929255247116088867e-01) (7, -1.35628652572631835938e+00) (8, 9.42934215068817138672e-01) (9, -1.22961103916168212891e+00) (10, -2.91706919670104980469e-01) (11, -6.49805724620819091797e-01) (12, -3.07293772697448730469e+00) (13, -3.29540705680847167969e+00) (14, 1.78311240673065185547e+00) (15, 1.05986058712005615234e+00) (16, 1.91324543952941894531e+00) (17, 2.05465102195739746094e+00) (18, -4.65361684560775756836e-01) (19, 3.02856922149658203125e+00) (20, -1.06329607963562011719e+00) (21, -3.72014617919921875000e+00) (22, 8.15450489521026611328e-01) (23, -4.69681310653686523438e+00) (24, 6.47333383560180664062e-01) (25, -7.23161602020263671875e+00) (26, -4.50516581535339355469e-01) (27, -4.06944364309310913086e-01) (28, -3.07216811180114746094e+00) (29, 8.21642279624938964844e-01) (30, 2.50311923027038574219e+00) (31, 3.29451608657836914062e+00) (32, 1.25042498111724853516e-01) (33, 6.18196344375610351562e+00) (34, -4.15677934885025024414e-01) (35, 2.11077952384948730469e+00) (36, 1.75086498260498046875e+00) (37, 2.84669542312622070312e+00) (38, -1.70785212516784667969e+00) (39, -3.87697130441665649414e-01) (40, 1.23957014083862304688e+00) (41, -7.39158034324645996094e-01) (42, -4.20321702957153320312e-01) (43, -1.38095927238464355469e+00) (44, -4.36511069536209106445e-01) (45, -7.15869903564453125000e-01) (46, 3.65219712257385253906e+00) (47, 7.19077444076538085938e+00) (48, 2.98381185531616210938e+00) (49, -2.63192272186279296875e+00) (50, 3.51629710197448730469e+00) (51, -1.45025348663330078125e+00) (52, 8.09221863746643066406e-01) (53, -4.24566417932510375977e-01) (54, 1.45829427242279052734e+00) (55, 4.44868532940745353699e-03) (56, -3.17546844482421875000e-01) (57, 7.56912648677825927734e-01) (58, 7.26297760009765625000e+00) (59, -4.79733139276504516602e-01) (60, -9.65152561664581298828e-01) (61, -5.01371240615844726562e+00) (62, -7.35324859619140625000e-01) (63, 1.87168216705322265625e+00) (64, -2.33043646812438964844e+00) (65, -3.90089899301528930664e-01) (66, -1.26846325397491455078e+00) (67, -3.79790663719177246094e-01) (68, -4.29151922464370727539e-01) (69, -2.50780558586120605469e+00) (70, -2.80758237838745117188e+00) (71, -3.36057007312774658203e-01) (72, -6.06888532638549804688e-01) (73, 2.95152664184570312500e+00) (74, 2.02020525932312011719e+00) (75, 1.32092463970184326172e+00) (76, -9.62020814418792724609e-01) (77, -8.20681214332580566406e-01) (78, -1.32777166366577148438e+00) (79, 1.56925249099731445312e+00) (80, -4.55917865037918090820e-01) (81, 6.30158305168151855469e-01) (82, 1.82529807090759277344e+00) (83, 1.51011335849761962891e+00) (84, -2.47357058525085449219e+00) (85, -2.53985095024108886719e+00) (86, -8.72037708759307861328e-01) (87, -9.35223698616027832031e-01) (88, 1.25752413272857666016e+00) (89, -7.20517039299011230469e-01) (90, 7.50744819641113281250e-01) (91, -2.53295540809631347656e-01) (92, 2.17250752449035644531e+00) (93, 2.40178608894348144531e+00) (94, -7.67287611961364746094e-01) (95, -9.46035623550415039062e-01) (96, -1.58455058932304382324e-01) (97, 1.36624741554260253906e+00) (98, -2.60268068313598632812e+00) (99, 4.88531649112701416016e-01) (100, -3.19408357143402099609e-01) (101, -1.55923807621002197266e+00) (102, 4.07967001199722290039e-01) (103, 1.78634297847747802734e+00) (104, 2.28450393676757812500e+00) (0, 1.93551146984100341797e+00) (1, -1.18592846393585205078e+00) (2, 5.61825156211853027344e-01) (3, 1.08220887184143066406e+00) (4, -3.52131748199462890625e+00) (5, 2.12204217910766601562e-01) (6, 3.93633723258972167969e-01) (7, 4.37252581119537353516e-01) (8, 7.88053572177886962891e-01) (9, 3.63617682456970214844e+00) (10, -9.64012265205383300781e-01) (11, -1.26003336906433105469e+00) (12, 2.65766000747680664062e+00) (13, 1.19974839687347412109e+00) (14, 6.20416253805160522461e-02) (15, 2.24218773841857910156e+00) (16, 9.85162615776062011719e-01) (17, -1.29890334606170654297e+00) (18, 1.82127702236175537109e+00) (19, -2.39064216613769531250e+00) (20, -2.05024480819702148438e+00) (21, 3.54686975479125976562e+00) (22, -1.26962363719940185547e+00) (23, -5.20071759819984436035e-02) (24, 1.88283145427703857422e+00) (25, -1.02499592304229736328e+00) (26, -1.02718198299407958984e+00) (27, 2.04281973838806152344e+00) (28, -8.32589387893676757812e-01) (29, -9.97057557106018066406e-01) (30, 1.81665611267089843750e+00) (31, 5.06439685821533203125e-01) (32, 2.79902434349060058594e+00) (33, -1.23819530010223388672e+00) (34, 1.50793373584747314453e+00) (35, -2.36837077140808105469e+00) (36, 2.04933691024780273438e+00) (37, -1.97760498523712158203e+00) (38, 1.86951839923858642578e+00) (39, 1.74806702136993408203e+00) (40, -1.33206164836883544922e+00) (41, -1.56662857532501220703e+00) (42, -3.79864752292633056641e-01) (43, -5.85307693481445312500e+00) (44, -1.20881950855255126953e+00) (45, -1.13565409183502197266e+00) (46, -1.55366075038909912109e+00) (47, 7.44780480861663818359e-01) (48, -1.03128147125244140625e+00) (49, -3.31303811073303222656e+00) (50, -1.83663642406463623047e+00) (51, -1.71230435371398925781e+00) (52, -1.28133487701416015625e+00) (53, 1.90945863723754882812e+00) (54, -7.40782439708709716797e-01) (55, -5.22201967239379882812e+00) (56, 1.95343661308288574219e+00) (57, -6.61345481872558593750e-01) (58, 2.59026384353637695312e+00) (59, 3.76783125102519989014e-03) (60, -4.79893624782562255859e-01) (61, 1.65835380554199218750e-01) (62, -8.59037816524505615234e-01) (63, 2.39702415466308593750e+00) (64, -2.53458404541015625000e+00) (65, -1.15106709301471710205e-01) (66, -4.90357542037963867188e+00) (67, -6.22374951839447021484e-01) (68, 1.39869719743728637695e-01) (69, 2.61100292205810546875e+00) (70, 2.53390765190124511719e+00) (71, 2.51527523994445800781e+00) (72, -3.73069614171981811523e-01) (73, -1.99006652832031250000e+00) (74, -2.02622219920158386230e-01) (75, 3.49081301689147949219e+00) (76, 2.11142826080322265625e+00) (77, -4.77359294891357421875e-01) (78, -2.37818241119384765625e+00) (79, 5.90225934982299804688e-01) (80, 1.60472631454467773438e+00) (81, -2.12355270981788635254e-01) (82, -8.55083048343658447266e-01) (83, -1.43251681327819824219e+00) (84, -1.38737940788269042969e+00) (85, -2.99941003322601318359e-01) (86, -2.52684623003005981445e-01) (87, 2.94422841072082519531e+00) (88, 3.73903203010559082031e+00) (89, -1.06206506490707397461e-01) (90, 1.73215830326080322266e+00) (91, -5.70630013942718505859e-01) (92, 2.60254335403442382812e+00) (93, 6.89401924610137939453e-01) (94, -5.52092432975769042969e-01) (95, 2.81347656250000000000e+00) (96, -1.73190012574195861816e-01) (97, -2.36682027578353881836e-01) (98, 1.65962386131286621094e+00) (99, 7.22470998764038085938e-01) (100, -4.81989234685897827148e-01) (101, 2.02102756500244140625e+00) (102, 8.99071335792541503906e-01) (103, 9.44575071334838867188e-01) (104, 2.02408075332641601562e+00) (0, 9.59372699260711669922e-01) (1, -9.53895747661590576172e-01) (2, -9.11933362483978271484e-01) (3, -9.63742613792419433594e-01) (4, -8.84639322757720947266e-01) (5, 1.84296667575836181641e+00) (6, -3.35320651531219482422e-01) (7, 2.25380825996398925781e+00) (8, -7.84839153289794921875e-01) (9, 5.14631032943725585938e-01) (10, -8.00058007240295410156e-01) (11, -4.27286148071289062500e-01) (12, 2.08069872856140136719e+00) (13, 2.43317794799804687500e+00) (14, -6.07925534248352050781e-01) (15, 1.97194921970367431641e+00) (16, -2.94978141784667968750e-01) (17, -2.97883599996566772461e-01) (18, 2.36323618888854980469e+00) (19, -2.87689328193664550781e-01) (20, -4.02627617120742797852e-01) (21, -2.07760676741600036621e-01) (22, -2.89760500192642211914e-01) (23, 2.35841012001037597656e+00) (24, -3.13121348619461059570e-01) (25, 2.43513941764831542969e+00) (26, -4.88971471786499023438e-01) (27, -4.60514217615127563477e-01) (28, 2.65665602684020996094e+00) (29, -2.97977656126022338867e-01) (30, 2.38210296630859375000e+00) (31, -2.48311012983322143555e-01) (32, -3.49291622638702392578e-01) (33, 2.41139936447143554688e+00) (34, 1.71347290277481079102e-01) (35, -4.94934886693954467773e-01) (36, -3.79157185554504394531e-01) (37, -2.45238021016120910645e-01) (38, -5.17691493034362792969e-01) (39, -5.74344873428344726562e-01) (40, -3.16223472356796264648e-01) (41, 3.03416371345520019531e-01) (42, -3.84893894195556640625e-01) (43, 2.53183913230895996094e+00) (44, 2.45531415939331054688e+00) (45, 2.36367893218994140625e+00) (46, 1.54393345117568969727e-01) (47, -4.52586740255355834961e-01) (48, -3.36202681064605712891e-01) (49, -5.57283520698547363281e-01) (50, -3.46364468336105346680e-01) (51, 7.91117787361145019531e-01) (52, -4.11870211362838745117e-01) (53, -5.09257376194000244141e-01) (54, 1.92367696762084960938e+00) (55, 6.54670894145965576172e-01) (56, -1.02045536041259765625e+00) (57, -8.69380295276641845703e-01) (58, 8.18314790725708007812e-01) (59, -2.75169163942337036133e-01) (60, -9.82057571411132812500e-01) (61, -3.37447226047515869141e-02) (62, -6.95469558238983154297e-01) (63, -9.83839035034179687500e-01) (64, -4.54466968774795532227e-01) (65, -9.46650981903076171875e-01) (66, -9.82665657997131347656e-01) (67, -5.36264955997467041016e-01) (68, -6.26178756356239318848e-02) (69, -3.48993003368377685547e-01) (70, 9.39088881015777587891e-01) (71, -8.29861879348754882812e-01) (72, -1.06357955932617187500e+00) (73, -1.63376462459564208984e+00) (74, 1.97437182068824768066e-01) (75, -2.27278620004653930664e-01) (76, 1.21199750900268554688e+00) (77, -1.10009586811065673828e+00) (78, -3.43082994222640991211e-01) (79, 1.81768804788589477539e-01) (80, 3.28405916690826416016e-01) (81, 2.20895737409591674805e-01) (82, 3.64068672060966491699e-02) (83, -5.76625645160675048828e-01) (84, -9.33032631874084472656e-01) (85, 1.37042120099067687988e-01) (86, -1.06264138221740722656e+00) (87, 1.99566924571990966797e+00) (88, -6.47961616516113281250e-01) (89, -1.15964186191558837891e+00) (90, -7.52309083938598632812e-01) (91, -1.81769621372222900391e+00) (92, -8.13516378402709960938e-01) (93, -1.00222361087799072266e+00) (94, -1.04491710662841796875e+00) (95, -1.47613787651062011719e+00) (96, -5.43813288211822509766e-01) (97, 5.47572731971740722656e-01) (98, -1.19820535182952880859e+00) (99, -6.26304745674133300781e-01) (100, -1.03573286533355712891e+00) (101, 2.33649536967277526855e-01) (102, -8.20568799972534179688e-01) (103, 2.80616545677185058594e+00) (104, 4.37588766217231750488e-02) (0, 3.01613378524780273438e+00) (1, -9.55647587776184082031e-01) (2, 2.19249463081359863281e+00) (3, 2.48267459869384765625e+00) (4, -3.97925913333892822266e-01) (5, -4.75832879543304443359e-01) (6, -5.60702204704284667969e-01) (7, -4.93957847356796264648e-01) (8, 3.51530671119689941406e+00) (9, -3.83403182029724121094e-01) (10, -5.14064371585845947266e-01) (11, -1.14371693134307861328e+00) (12, -3.53546172380447387695e-01) (13, -7.88749992847442626953e-01) (14, -4.03784304857254028320e-01) (15, -1.12587130069732666016e+00) (16, -1.09891831874847412109e+00) (17, -1.10305249691009521484e+00) (18, 1.69067919254302978516e+00) (19, -1.16058444976806640625e+00) (20, -1.08038234710693359375e+00) (21, -8.62147033214569091797e-01) (22, -9.84581112861633300781e-01) (23, -1.10977137088775634766e+00) (24, -1.12929558753967285156e+00) (25, -2.69278621673583984375e+00) (26, -1.07061231136322021484e+00) (27, -1.01670324802398681641e+00) (28, 1.93228101730346679688e+00) (29, -1.12379205226898193359e+00) (30, -1.02621948719024658203e+00) (31, -8.51345360279083251953e-01) (32, -9.15543615818023681641e-01) (33, -1.25042533874511718750e+00) (34, -6.05761945247650146484e-01) (35, -1.04283618927001953125e+00) (36, -1.25725507736206054688e+00) (37, -1.18298625946044921875e+00) (38, -9.89488482475280761719e-01) (39, -1.42559802532196044922e+00) (40, -2.05771493911743164062e+00) (41, -9.50710952281951904297e-01) (42, 2.18308544158935546875e+00) (43, -1.10353493690490722656e+00) (44, -1.17465877532958984375e+00) (45, -1.01473855972290039062e+00) (46, 3.95527648925781250000e+00) (47, 1.74518787860870361328e+00) (48, -1.21324181556701660156e+00) (49, -1.18639874458312988281e+00) (50, -1.15082716941833496094e+00) (51, -4.33576285839080810547e-01) (52, -1.23016262054443359375e+00) (53, -5.64930105209350585938e+00) (54, -5.31499147415161132812e-01) (55, 2.37344682216644287109e-01) (56, 2.43027877807617187500e+00) (57, 3.83043885231018066406e+00) (58, -3.74423789978027343750e+00) (59, 1.91316318511962890625e+00) (60, 2.16324448585510253906e+00) (61, -1.02590715885162353516e+00) (62, -3.74853253364562988281e-01) (63, -4.01965290307998657227e-01) (64, -1.41538763046264648438e+00) (65, -3.39405268430709838867e-01) (66, 5.79350805282592773438e+00) (67, -2.30754718184471130371e-01) (68, 2.14644908905029296875e+00) (69, 3.02031159400939941406e+00) (70, 2.47403717041015625000e+00) (71, 2.50612783432006835938e+00) (72, 2.19581937789916992188e+00) (73, 2.79644298553466796875e+00) (74, -4.65790182352066040039e-01) (75, 1.93342471122741699219e+00) (76, -5.76570415496826171875e+00) (77, -5.33877015113830566406e-01) (78, 5.02789556980133056641e-01) (79, -4.45088291168212890625e+00) (80, 2.12770032882690429688e+00) (81, 6.02005183696746826172e-01) (82, 5.68601548671722412109e-01) (83, 1.10863752365112304688e+01) (84, 3.88492417335510253906e+00) (85, -1.90799593925476074219e+00) (86, 2.28073239326477050781e+00) (87, 2.19734191894531250000e+00) (88, 4.42932319641113281250e+00) (89, -1.73297965526580810547e+00) (90, 3.35591578483581542969e+00) (91, 2.24288344383239746094e+00) (92, 2.44657158851623535156e+00) (93, 2.32174277305603027344e+00) (94, -5.48874318599700927734e-01) (95, -3.49357247352600097656e+00) (96, 2.50756859779357910156e+00) (97, -2.94113254547119140625e+00) (98, 2.81050777435302734375e+00) (99, -1.01627588272094726562e+00) (100, 2.35880494117736816406e+00) (101, -2.39353203773498535156e+00) (102, -7.21845388412475585938e-01) (103, 2.53172445297241210938e+00) (104, -5.79883933067321777344e-01) (0, -1.50000000000000000000e+03) (1, -1.50000000000000000000e+03) (2, 1.49998083496093750000e+03) (3, 5.44477294921875000000e+02) (4, 1.50000000000000000000e+03) (5, 1.49997961425781250000e+03) (6, -1.50000000000000000000e+03) (7, -1.50000000000000000000e+03) (8, -1.50000000000000000000e+03) (9, 1.50000000000000000000e+03) (10, 1.50000000000000000000e+03) (11, 1.50000000000000000000e+03) (12, 1.50000000000000000000e+03) (13, 1.50000000000000000000e+03) (14, 1.50000000000000000000e+03) (15, 1.50000000000000000000e+03) (16, 1.50000000000000000000e+03) (17, 1.50000000000000000000e+03) (18, 1.50000000000000000000e+03) (19, 1.50000000000000000000e+03) (20, 1.50000000000000000000e+03) (21, 1.50000000000000000000e+03) (22, 1.49997363281250000000e+03) (23, 1.50000000000000000000e+03) (24, 1.50000000000000000000e+03) (25, 1.50000000000000000000e+03) (26, 1.50000000000000000000e+03) (27, 1.50000000000000000000e+03) (28, 1.50000000000000000000e+03) (29, 1.50000000000000000000e+03) (30, 1.50000000000000000000e+03) (31, 1.50000000000000000000e+03) (32, 1.50000000000000000000e+03) (33, 1.50000000000000000000e+03) (34, 1.50000000000000000000e+03) (35, 1.50000000000000000000e+03) (36, 1.50000000000000000000e+03) (37, 1.50000000000000000000e+03) (38, 1.50000000000000000000e+03) (39, 1.50000000000000000000e+03) (40, 1.50000000000000000000e+03) (41, 1.50000000000000000000e+03) (42, 1.50000000000000000000e+03) (43, 1.50000000000000000000e+03) (44, 1.50000000000000000000e+03) (45, 1.50000000000000000000e+03) (46, 1.50000000000000000000e+03) (47, 1.50000000000000000000e+03) (48, 1.50000000000000000000e+03) (49, 1.50000000000000000000e+03) (50, 1.50000000000000000000e+03) (51, 1.50000000000000000000e+03) (52, 1.50000000000000000000e+03) (53, 1.50000000000000000000e+03) (54, 1.50000000000000000000e+03) (55, 1.50000000000000000000e+03) (56, 1.50000000000000000000e+03) (57, 1.50000000000000000000e+03) (58, 1.50000000000000000000e+03) (59, 1.50000000000000000000e+03) (60, 1.50000000000000000000e+03) (61, 1.50000000000000000000e+03) (62, 1.50000000000000000000e+03) (63, 1.50000000000000000000e+03) (64, 1.50000000000000000000e+03) (65, 1.50000000000000000000e+03) (66, 1.50000000000000000000e+03) (67, 1.50000000000000000000e+03) (68, 1.50000000000000000000e+03) (69, 1.50000000000000000000e+03) (70, 1.50000000000000000000e+03) (71, 1.50000000000000000000e+03) (72, 1.50000000000000000000e+03) (73, 1.50000000000000000000e+03) (74, 1.50000000000000000000e+03) (75, 1.50000000000000000000e+03) (76, 1.50000000000000000000e+03) (77, 1.50000000000000000000e+03) (78, 1.50000000000000000000e+03) (79, 1.50000000000000000000e+03) (80, 1.50000000000000000000e+03) (81, 1.50000000000000000000e+03) (82, 1.50000000000000000000e+03) (83, 1.50000000000000000000e+03) (84, 1.50000000000000000000e+03) (85, 1.50000000000000000000e+03) (86, 1.50000000000000000000e+03) (87, 3.29680371284484863281e+00) (88, 1.50000000000000000000e+03) (89, 1.50000000000000000000e+03) (90, 1.50000000000000000000e+03) (91, 1.50000000000000000000e+03) (92, 3.44887280464172363281e+00) (93, 1.50000000000000000000e+03) (94, 1.50000000000000000000e+03) (95, 1.50000000000000000000e+03) (96, 3.16421532630920410156e+00) (97, 1.50000000000000000000e+03) (98, 1.50000000000000000000e+03) (99, 1.50000000000000000000e+03) (100, 1.50000000000000000000e+03) (101, 1.50000000000000000000e+03) (102, 1.50000000000000000000e+03) (103, -1.50000000000000000000e+03) (104, -1.48442006111145019531e+00) (105, 3.36935329437255859375e+00) (106, 2.95046544075012207031e+00) (107, 3.66719460487365722656e+00) (108, -6.23503494262695312500e+00) (109, -1.46690428256988525391e+00) (110, 1.33254349231719970703e+00) (111, 2.06768751144409179688e+00) (112, -1.42917013168334960938e+00) (113, 3.07338762283325195312e+00) (114, 3.43748068809509277344e+00) (115, -1.40099716186523437500e+00) (116, 3.35586500167846679688e+00) (117, 2.81170749664306640625e+00) (118, 2.78216719627380371094e+00) (119, -1.47887766361236572266e+00) (120, 3.39994549751281738281e+00) (121, -1.44471096992492675781e+00) (122, 2.43074631690979003906e+00) (123, 3.36963057518005371094e+00) (124, 1.47618567943572998047e+00) (125, 1.88119494915008544922e+00) (126, 2.01551842689514160156e+00) (127, 6.85507011413574218750e+00) (128, 3.20680785179138183594e+00) (129, -1.46827590465545654297e+00) (130, 2.63675856590270996094e+00) 
