FANN_FLO_2.1
num_layers=3
learning_rate=0.700000
connection_rate=1.000000
network_type=0
learning_momentum=0.000000
training_algorithm=2
train_error_function=1
train_stop_function=0
cascade_output_change_fraction=0.010000
quickprop_decay=-0.000100
quickprop_mu=1.750000
rprop_increase_factor=1.200000
rprop_decrease_factor=0.500000
rprop_delta_min=0.000000
rprop_delta_max=50.000000
rprop_delta_zero=0.100000
cascade_output_stagnation_epochs=12
cascade_candidate_change_fraction=0.010000
cascade_candidate_stagnation_epochs=12
cascade_max_out_epochs=150
cascade_max_cand_epochs=150
cascade_num_candidate_groups=2
bit_fail_limit=3.49999994039535522461e-01
cascade_candidate_limit=1.00000000000000000000e+03
cascade_weight_multiplier=4.00000005960464477539e-01
cascade_activation_functions_count=10
cascade_activation_functions=3 5 7 8 10 11 14 15 16 17 
cascade_activation_steepnesses_count=4
cascade_activation_steepnesses=2.50000000000000000000e-01 5.00000000000000000000e-01 7.50000000000000000000e-01 1.00000000000000000000e+00 
layer_sizes=105 11 2 
scale_included=0
neurons (num_inputs, activation_function, activation_steepness)=(0, 0, 0.00000000000000000000e+00) (0, 0, 0.00000000000000000000e+00) (0, 0, 0.00000000000000000000e+00) (0, 0, 0.00000000000000000000e+00) (0, 0, 0.00000000000000000000e+00) (0, 0, 0.00000000000000000000e+00) (0, 0, 0.00000000000000000000e+00) (0, 0, 0.00000000000000000000e+00) (0, 0, 0.00000000000000000000e+00) (0, 0, 0.00000000000000000000e+00) (0, 0, 0.00000000000000000000e+00) (0, 0, 0.00000000000000000000e+00) (0, 0, 0.00000000000000000000e+00) (0, 0, 0.00000000000000000000e+00) (0, 0, 0.00000000000000000000e+00) (0, 0, 0.00000000000000000000e+00) (0, 0, 0.00000000000000000000e+00) (0, 0, 0.00000000000000000000e+00) (0, 0, 0.00000000000000000000e+00) (0, 0, 0.00000000000000000000e+00) (0, 0, 0.00000000000000000000e+00) (0, 0, 0.00000000000000000000e+00) (0, 0, 0.00000000000000000000e+00) (0, 0, 0.00000000000000000000e+00) (0, 0, 0.00000000000000000000e+00) (0, 0, 0.00000000000000000000e+00) (0, 0, 0.00000000000000000000e+00) (0, 0, 0.00000000000000000000e+00) (0, 0, 0.00000000000000000000e+00) (0, 0, 0.00000000000000000000e+00) (0, 0, 0.00000000000000000000e+00) (0, 0, 0.00000000000000000000e+00) (0, 0, 0.00000000000000000000e+00) (0, 0, 0.00000000000000000000e+00) (0, 0, 0.00000000000000000000e+00) (0, 0, 0.00000000000000000000e+00) (0, 0, 0.00000000000000000000e+00) (0, 0, 0.00000000000000000000e+00) (0, 0, 0.00000000000000000000e+00) (0, 0, 0.00000000000000000000e+00) (0, 0, 0.00000000000000000000e+00) (0, 0, 0.00000000000000000000e+00) (0, 0, 0.00000000000000000000e+00) (0, 0, 0.00000000000000000000e+00) (0, 0, 0.00000000000000000000e+00) (0, 0, 0.00000000000000000000e+00) (0, 0, 0.00000000000000000000e+00) (0, 0, 0.00000000000000000000e+00) (0, 0, 0.00000000000000000000e+00) (0, 0, 0.00000000000000000000e+00) (0, 0, 0.00000000000000000000e+00) (0, 0, 0.00000000000000000000e+00) (0, 0, 0.00000000000000000000e+00) (0, 0, 0.00000000000000000000e+00) (0, 0, 0.00000000000000000000e+00) (0, 0, 0.00000000000000000000e+00) (0, 0, 0.00000000000000000000e+00) (0, 0, 0.00000000000000000000e+00) (0, 0, 0.00000000000000000000e+00) (0, 0, 0.00000000000000000000e+00) (0, 0, 0.00000000000000000000e+00) (0, 0, 0.00000000000000000000e+00) (0, 0, 0.00000000000000000000e+00) (0, 0, 0.00000000000000000000e+00) (0, 0, 0.00000000000000000000e+00) (0, 0, 0.00000000000000000000e+00) (0, 0, 0.00000000000000000000e+00) (0, 0, 0.00000000000000000000e+00) (0, 0, 0.00000000000000000000e+00) (0, 0, 0.00000000000000000000e+00) (0, 0, 0.00000000000000000000e+00) (0, 0, 0.00000000000000000000e+00) (0, 0, 0.00000000000000000000e+00) (0, 0, 0.00000000000000000000e+00) (0, 0, 0.00000000000000000000e+00) (0, 0, 0.00000000000000000000e+00) (0, 0, 0.00000000000000000000e+00) (0, 0, 0.00000000000000000000e+00) (0, 0, 0.00000000000000000000e+00) (0, 0, 0.00000000000000000000e+00) (0, 0, 0.00000000000000000000e+00) (0, 0, 0.00000000000000000000e+00) (0, 0, 0.00000000000000000000e+00) (0, 0, 0.00000000000000000000e+00) (0, 0, 0.00000000000000000000e+00) (0, 0, 0.00000000000000000000e+00) (0, 0, 0.00000000000000000000e+00) (0, 0, 0.00000000000000000000e+00) (0, 0, 0.00000000000000000000e+00) (0, 0, 0.00000000000000000000e+00) (0, 0, 0.00000000000000000000e+00) (0, 0, 0.00000000000000000000e+00) (0, 0, 0.00000000000000000000e+00) (0, 0, 0.00000000000000000000e+00) (0, 0, 0.00000000000000000000e+00) (0, 0, 0.00000000000000000000e+00) (0, 0, 0.00000000000000000000e+00) (0, 0, 0.00000000000000000000e+00) (0, 0, 0.00000000000000000000e+00) (0, 0, 0.00000000000000000000e+00) (0, 0, 0.00000000000000000000e+00) (0, 0, 0.00000000000000000000e+00) (0, 0, 0.00000000000000000000e+00) (0, 0, 0.00000000000000000000e+00) (0, 0, 0.00000000000000000000e+00) (105, 5, 5.00000000000000000000e-01) (105, 5, 5.00000000000000000000e-01) (105, 5, 5.00000000000000000000e-01) (105, 5, 5.00000000000000000000e-01) (105, 5, 5.00000000000000000000e-01) (105, 5, 5.00000000000000000000e-01) (105, 5, 5.00000000000000000000e-01) (105, 5, 5.00000000000000000000e-01) (105, 5, 5.00000000000000000000e-01) (105, 5, 5.00000000000000000000e-01) (0, 5, 0.00000000000000000000e+00) (11, 5, 5.00000000000000000000e-01) (0, 5, 0.00000000000000000000e+00) 
connections (connected_to_neuron, weight)=(0, -6.48011932373046875000e+01) (1, 1.71685867309570312500e+01) (2, 2.24192142486572265625e+01) (3, 1.72299480438232421875e+01) (4, 2.37234163284301757812e+00) (5, 8.77837371826171875000e+00) (6, 4.41687774658203125000e+00) (7, 2.40717196464538574219e+00) (8, -2.57095432281494140625e+00) (9, 2.89272193908691406250e+01) (10, -3.42082366943359375000e+01) (11, -1.66611022949218750000e+01) (12, -8.22384834289550781250e-01) (13, -5.55237627029418945312e+00) (14, -1.18320798873901367188e+00) (15, 1.93935847282409667969e+00) (16, -4.75471287965774536133e-01) (17, -9.44077789783477783203e-01) (18, 1.44675314426422119141e+00) (19, -4.86760044097900390625e+00) (20, 2.67835426330566406250e+00) (21, -2.75378733873367309570e-01) (22, -3.31445579528808593750e+01) (23, -2.29811072349548339844e+00) (24, -2.53539524078369140625e+01) (25, -1.56457901000976562500e+01) (26, -4.86976623535156250000e+00) (27, -1.78785648345947265625e+01) (28, 1.90909016132354736328e+00) (29, -2.42622566223144531250e+01) (30, -3.67647075653076171875e+00) (31, -2.41910028457641601562e+00) (32, -3.01894783973693847656e-01) (33, 8.50370788574218750000e+00) (34, 1.67557513713836669922e+00) (35, 1.66671919822692871094e+00) (36, 6.17918431758880615234e-01) (37, -3.61347943544387817383e-01) (38, -5.32405357360839843750e+01) (39, -2.62613601684570312500e+01) (40, -1.15174999237060546875e+01) (41, 4.12140703201293945312e+00) (42, 5.30952624976634979248e-02) (43, 1.70148301124572753906e+00) (44, 5.85911035537719726562e-01) (45, 1.37077343463897705078e+00) (46, 5.84010839462280273438e+00) (47, -1.33935607910156250000e+02) (48, 2.72398710250854492188e+00) (49, 1.87483608722686767578e+00) (50, 1.65097846984863281250e+01) (51, 2.92065715789794921875e+01) (52, 2.14990806579589843750e+00) (53, 1.40454351902008056641e+00) (54, 1.48895673751831054688e+01) (55, -1.54839239120483398438e+01) (56, 6.19854259490966796875e+00) (57, -1.36660223007202148438e+01) (58, 5.58157873153686523438e+00) (59, 1.08971481323242187500e+01) (60, 1.49331533908843994141e+00) (61, 1.37757930755615234375e+01) (62, 2.90674762725830078125e+01) (63, 1.62081778049468994141e+00) (64, 2.81441354751586914062e+00) (65, 5.78372001647949218750e+00) (66, 7.02104926109313964844e-01) (67, 8.37698841094970703125e+00) (68, 1.85939061641693115234e+00) (69, 1.47461490631103515625e+01) (70, 1.93854560852050781250e+01) (71, 5.41159391403198242188e+00) (72, 2.71376838684082031250e+01) (73, -2.45376992225646972656e+00) (74, 4.49422407150268554688e+00) (75, 2.59096771478652954102e-01) (76, 4.17639064788818359375e+00) (77, 2.69634799957275390625e+01) (78, -3.31394958496093750000e+00) (79, -1.45934209823608398438e+01) (80, 6.67503452301025390625e+00) (81, 1.07640228271484375000e+01) (82, 2.07293343544006347656e+00) (83, 2.08626747131347656250e+01) (84, 8.09422397613525390625e+00) (85, -3.05747938156127929688e+00) (86, 2.29236364364624023438e+00) (87, 1.56305923461914062500e+01) (88, 1.73165817260742187500e+01) (89, 6.97958135604858398438e+00) (90, 4.79819869995117187500e+00) (91, 8.72914886474609375000e+00) (92, 7.72884702682495117188e+00) (93, -4.06852602958679199219e-01) (94, 2.47395825386047363281e+00) (95, 1.10095012187957763672e+00) (96, 3.84322118759155273438e+00) (97, -4.70789051055908203125e+00) (98, 8.07063293457031250000e+00) (99, -6.37139797210693359375e+00) (100, 1.93811845779418945312e+00) (101, 5.36357927322387695312e+00) (102, 3.75476913452148437500e+01) (103, -2.51587581634521484375e+01) (104, -1.50141754150390625000e+01) (0, -9.95591926574707031250e+00) (1, -1.07249946594238281250e+01) (2, 7.69094288349151611328e-01) (3, 1.39193658828735351562e+01) (4, 1.29071938991546630859e+00) (5, -3.27099251747131347656e+00) (6, -1.75711834430694580078e+00) (7, -5.42385864257812500000e+00) (8, -3.67734599113464355469e+00) (9, -5.04086017608642578125e-01) (10, 2.06738755106925964355e-01) (11, -7.46304273605346679688e+00) (12, -3.22661066055297851562e+00) (13, 4.30128431320190429688e+00) (14, -1.54973292350769042969e+00) (15, -2.36620593070983886719e+00) (16, -2.01323851943016052246e-01) (17, 3.86936402320861816406e+00) (18, -2.26087331771850585938e+00) (19, -1.56226742267608642578e+00) (20, -4.78304338455200195312e+00) (21, 3.98967456817626953125e+00) (22, 4.67773914337158203125e+00) (23, -3.75019001960754394531e+00) (24, -5.20024299621582031250e+00) (25, -7.03976297378540039062e+00) (26, -1.84356164932250976562e+00) (27, 1.05359137058258056641e+00) (28, -5.84793031215667724609e-01) (29, -4.43003082275390625000e+00) (30, 6.89033031463623046875e+00) (31, 1.60143032670021057129e-01) (32, -2.09277439117431640625e+00) (33, -4.39861655235290527344e-01) (34, 1.37400829792022705078e+00) (35, -2.84987401962280273438e+00) (36, 1.36296498775482177734e+00) (37, -4.69247961044311523438e+00) (38, -1.49953722953796386719e+00) (39, -1.10294365882873535156e+00) (40, 6.50054395198822021484e-01) (41, -4.30700969696044921875e+00) (42, 9.37903702259063720703e-01) (43, 7.55827367305755615234e-01) (44, -3.90535545349121093750e+00) (45, -4.43765312433242797852e-01) (46, 3.26759147644042968750e+00) (47, 6.73635339736938476562e+00) (48, 3.38461518287658691406e+00) (49, 2.19409513473510742188e+00) (50, 4.32770824432373046875e+00) (51, 4.27129650115966796875e+00) (52, -1.23273956775665283203e+00) (53, -7.83381509780883789062e+00) (54, -5.11169612407684326172e-01) (55, 5.37376523017883300781e-01) (56, -3.11797189712524414062e+00) (57, 3.76896095275878906250e+00) (58, 1.87213361263275146484e+00) (59, -5.44242477416992187500e+00) (60, 2.39387512207031250000e+00) (61, 1.18313038349151611328e+00) (62, -7.89018511772155761719e-01) (63, -2.91207027435302734375e+00) (64, 1.94197714328765869141e+00) (65, -1.23653423786163330078e+00) (66, -1.76830577850341796875e+00) (67, 3.05593514442443847656e+00) (68, 3.32289052009582519531e+00) (69, 3.92228174209594726562e+00) (70, 1.69176208972930908203e+00) (71, 2.90565347671508789062e+00) (72, -8.95796871185302734375e+00) (73, 9.12923738360404968262e-03) (74, 2.87264108657836914062e+00) (75, 1.00274908542633056641e+00) (76, -4.13387441635131835938e+00) (77, 2.16456103324890136719e+00) (78, -4.10826349258422851562e+00) (79, 1.11815242767333984375e+01) (80, 3.64825105667114257812e+00) (81, 3.83053922653198242188e+00) (82, -8.66533160209655761719e-01) (83, -2.46254391968250274658e-02) (84, 7.29949951171875000000e-01) (85, -8.03306996822357177734e-01) (86, -1.05692550539970397949e-01) (87, 3.64893293380737304688e+00) (88, 5.92753767967224121094e-01) (89, -1.82643377780914306641e+00) (90, 1.30891704559326171875e+00) (91, 1.28342628479003906250e-01) (92, 9.23654079437255859375e-01) (93, -3.42978429794311523438e+00) (94, 1.69010293483734130859e+00) (95, 3.23628723621368408203e-01) (96, 3.17206525802612304688e+00) (97, 3.89324575662612915039e-01) (98, -3.92391014099121093750e+00) (99, 1.91897606849670410156e+00) (100, 1.94045877456665039062e+00) (101, -5.21287679672241210938e-01) (102, 2.90598724365234375000e+02) (103, 2.52828872680664062500e+02) (104, -1.09056890010833740234e+00) (0, -2.32681598663330078125e+01) (1, -1.04367589950561523438e+00) (2, 1.10418701171875000000e+00) (3, 4.04762935638427734375e+00) (4, 1.43494725227355957031e+00) (5, 2.22261738777160644531e+00) (6, -5.08091497421264648438e+00) (7, -5.22630357742309570312e+00) (8, 1.28627336025238037109e+00) (9, -2.02464914321899414062e+00) (10, 1.63560402393341064453e+00) (11, 1.65265071392059326172e+00) (12, 2.37427306175231933594e+00) (13, -1.70655822753906250000e+00) (14, 5.05472755432128906250e+00) (15, -6.81704044342041015625e+00) (16, 1.14056720733642578125e+01) (17, 1.23476715087890625000e+01) (18, 1.79841268062591552734e+00) (19, -3.23437595367431640625e+00) (20, 5.34943389892578125000e+00) (21, 1.25219688415527343750e+01) (22, -1.44408435821533203125e+01) (23, -7.28415632247924804688e+00) (24, -9.26827812194824218750e+00) (25, 6.20072889328002929688e+00) (26, 6.28513479232788085938e+00) (27, 8.14063930511474609375e+00) (28, -1.22787132263183593750e+01) (29, 8.83935737609863281250e+00) (30, 1.45656132698059082031e+00) (31, 4.06363219022750854492e-01) (32, 3.50716567039489746094e+00) (33, -7.95308589935302734375e+00) (34, 2.26658844947814941406e+00) (35, 7.24869966506958007812e+00) (36, 1.00847637653350830078e+00) (37, -2.92693448066711425781e+00) (38, -3.96370935440063476562e+00) (39, 2.47418141365051269531e+00) (40, -1.99200224876403808594e+00) (41, -4.49338388442993164062e+00) (42, 2.20013761520385742188e+00) (43, -6.97892761230468750000e+00) (44, 1.95382249355316162109e+00) (45, -7.44134569168090820312e+00) (46, -4.46912384033203125000e+00) (47, -7.03049468994140625000e+00) (48, 1.19829881191253662109e+00) (49, 5.87533283233642578125e+00) (50, -2.03149843215942382812e+00) (51, -6.15442371368408203125e+00) (52, -4.59606885910034179688e+00) (53, 1.29570603370666503906e+00) (54, -1.09098243713378906250e+00) (55, 8.09871554374694824219e-01) (56, 1.71423399448394775391e+00) (57, 2.66050052642822265625e+00) (58, 5.85232305526733398438e+00) (59, -5.35787642002105712891e-01) (60, -1.63576197624206542969e+00) (61, 4.36413192749023437500e+00) (62, -1.13409538269042968750e+01) (63, -8.28094482421875000000e-01) (64, 7.60839605331420898438e+00) (65, 6.15095257759094238281e-01) (66, -4.36126613616943359375e+00) (67, 1.76005089282989501953e+00) (68, 1.23607492446899414062e+00) (69, 9.41328644752502441406e-01) (70, 1.84086298942565917969e+00) (71, 2.71325397491455078125e+00) (72, -4.01860666275024414062e+00) (73, -2.10581153631210327148e-01) (74, -6.75339102745056152344e-01) (75, -8.57643306255340576172e-01) (76, -1.40035557746887207031e+00) (77, 2.16475129127502441406e+00) (78, 1.19869306683540344238e-01) (79, -4.64012056589126586914e-01) (80, 9.96825754642486572266e-01) (81, 1.18537640571594238281e+00) (82, 1.58712935447692871094e+00) (83, 3.72819416224956512451e-02) (84, 3.66224217414855957031e+00) (85, 3.66201567649841308594e+00) (86, -2.60060429573059082031e-01) (87, 1.18546450138092041016e+00) (88, 3.88485527038574218750e+00) (89, 2.39980840682983398438e+00) (90, -5.07841110229492187500e-02) (91, 8.04343461990356445312e-01) (92, 3.64949584007263183594e-01) (93, 1.23296737670898437500e+00) (94, 6.47095739841461181641e-01) (95, -1.33311414718627929688e+00) (96, 2.59283280372619628906e+00) (97, -4.31584978103637695312e+00) (98, 1.42225515842437744141e+00) (99, 1.87063181400299072266e+00) (100, 3.17048281431198120117e-01) (101, 3.79138858988881111145e-03) (102, 2.84843109130859375000e+02) (103, 2.61817779541015625000e+02) (104, -5.71713089942932128906e-01) (0, -3.08707752227783203125e+01) (1, 8.96263885498046875000e+00) (2, 8.59595775604248046875e+00) (3, -8.08580458164215087891e-01) (4, 3.01301479339599609375e+00) (5, 1.06283569335937500000e+01) (6, 5.97775793075561523438e+00) (7, 1.18956744670867919922e+00) (8, 1.36674427986145019531e+00) (9, 4.26190757751464843750e+00) (10, -5.31030845642089843750e+00) (11, -2.66265544891357421875e+01) (12, 7.70848333835601806641e-01) (13, 6.03042507171630859375e+00) (14, 1.46881628036499023438e+00) (15, 1.11149811744689941406e+00) (16, -3.48035550117492675781e+00) (17, -2.08747386932373046875e+00) (18, 7.39540338516235351562e-01) (19, -8.90384912490844726562e-01) (20, -1.59404885768890380859e+00) (21, -1.85931873321533203125e+00) (22, -1.20499582290649414062e+01) (23, -1.06337809562683105469e+00) (24, -5.26408672332763671875e+00) (25, -2.10400414466857910156e+00) (26, -1.58006620407104492188e+00) (27, -5.98283910751342773438e+00) (28, -8.26766610145568847656e-01) (29, -9.30164039134979248047e-01) (30, -1.79739212989807128906e+00) (31, -4.60543632507324218750e+00) (32, -1.35061025619506835938e+00) (33, 1.46386694908142089844e+00) (34, 1.99474010467529296875e+01) (35, -1.76484382152557373047e+00) (36, -1.80962681770324707031e+00) (37, 3.84368479251861572266e-01) (38, -3.24858894348144531250e+01) (39, -2.18895959854125976562e+00) (40, -1.82711849212646484375e+01) (41, -1.79711186885833740234e+00) (42, 2.47199773788452148438e+00) (43, 1.90347218513488769531e+00) (44, -4.59807485342025756836e-01) (45, -7.19383907318115234375e+00) (46, 4.35040092468261718750e+00) (47, -5.30103111267089843750e+01) (48, 2.30279207229614257812e+00) (49, -2.86945843696594238281e+00) (50, 1.00864048004150390625e+01) (51, 6.90686082839965820312e+00) (52, 6.51814889907836914062e+00) (53, -1.05459856986999511719e+00) (54, 9.07290935516357421875e+00) (55, -1.28964195251464843750e+01) (56, 1.42471551895141601562e-01) (57, -1.97741317749023437500e+00) (58, 7.17609357833862304688e+00) (59, 3.55790138244628906250e+00) (60, 4.67791891098022460938e+00) (61, -1.63392961025238037109e+00) (62, -2.37999439239501953125e+00) (63, 9.13958728313446044922e-01) (64, 8.92134761810302734375e+00) (65, 2.38009643554687500000e+00) (66, -4.58048486709594726562e+00) (67, -1.33149123191833496094e+00) (68, -1.37373876571655273438e+00) (69, 9.21279335021972656250e+00) (70, 2.77988195419311523438e+00) (71, 2.19420599937438964844e+00) (72, 8.76482200622558593750e+00) (73, -8.21981811523437500000e+00) (74, 9.22655582427978515625e+00) (75, 2.64377713203430175781e+00) (76, -5.75500965118408203125e+00) (77, 2.43465471267700195312e+00) (78, -2.40506982803344726562e+00) (79, 1.06419839859008789062e+01) (80, 8.07379913330078125000e+00) (81, -1.27571332454681396484e+00) (82, -2.97132468223571777344e+00) (83, 1.79450523853302001953e+00) (84, 3.90670746564865112305e-01) (85, 5.48851132392883300781e-01) (86, 9.36169266700744628906e-01) (87, 4.26936864852905273438e+00) (88, 1.05683553218841552734e+00) (89, -6.12784266471862792969e-01) (90, 2.72301197052001953125e+00) (91, 2.10612726211547851562e+00) (92, 3.58854317665100097656e+00) (93, 1.24395217895507812500e+01) (94, 2.12397909164428710938e+00) (95, 5.62453508377075195312e-01) (96, 1.17374410629272460938e+01) (97, -8.37756514549255371094e-01) (98, 5.49056863784790039062e+00) (99, 4.48628759384155273438e+00) (100, 2.42202091217041015625e+00) (101, 1.09260377883911132812e+01) (102, 1.33914203643798828125e+01) (103, -8.27717494964599609375e+00) (104, -1.14467868804931640625e+01) (0, -5.74445438385009765625e+00) (1, -2.10413599014282226562e+00) (2, 5.12809932231903076172e-01) (3, 1.67217063903808593750e+00) (4, 1.22725749015808105469e+00) (5, 3.28766441345214843750e+00) (6, -1.82192194461822509766e+00) (7, -2.06642460823059082031e+00) (8, 8.55803906917572021484e-01) (9, 4.57865774631500244141e-01) (10, -1.25163653865456581116e-02) (11, -7.61380493640899658203e-01) (12, -1.29865217208862304688e+00) (13, -5.77672757208347320557e-02) (14, 8.25709164142608642578e-01) (15, -2.60490447282791137695e-01) (16, 2.17432737350463867188e+00) (17, 1.88850665092468261719e+00) (18, 6.95286452770233154297e-01) (19, -1.16446934640407562256e-01) (20, 9.80292633175849914551e-02) (21, 1.69564831256866455078e+00) (22, -1.43500769138336181641e+00) (23, -7.33329296112060546875e-01) (24, -1.63114809989929199219e+00) (25, -3.17212134599685668945e-01) (26, 1.19968962669372558594e+00) (27, -6.14811301231384277344e-01) (28, 2.42227818816900253296e-02) (29, 2.44456171989440917969e-01) (30, 7.66057193279266357422e-01) (31, 4.70984011888504028320e-01) (32, -4.89621639251708984375e-01) (33, -6.10975176095962524414e-02) (34, 1.75705337524414062500e+00) (35, 5.40772736072540283203e-01) (36, 8.38965833187103271484e-01) (37, -4.11337405443191528320e-01) (38, -1.33173787593841552734e+00) (39, -1.20632052421569824219e+00) (40, -8.97718906402587890625e-01) (41, -9.24519002437591552734e-01) (42, 7.02671781182289123535e-02) (43, 3.07520925998687744141e-01) (44, -1.15717017650604248047e+00) (45, -1.44869625568389892578e-01) (46, -1.17089681327342987061e-01) (47, -5.24948656558990478516e-01) (48, -5.84300994873046875000e-01) (49, 1.51153886318206787109e+00) (50, 1.28680491447448730469e+00) (51, -4.77830529212951660156e-01) (52, -1.36497735977172851562e+00) (53, -7.75018990039825439453e-01) (54, -1.19527602195739746094e+00) (55, 3.17848145961761474609e-01) (56, -4.69106376171112060547e-01) (57, -2.41032063961029052734e-01) (58, 1.30423760414123535156e+00) (59, -1.54026699066162109375e+00) (60, 2.68766760826110839844e+00) (61, 1.94864585995674133301e-01) (62, -3.58816981315612792969e+00) (63, -8.63283053040504455566e-02) (64, 1.89312124252319335938e+00) (65, -7.37984538078308105469e-01) (66, 5.32543241977691650391e-01) (67, -2.21105888485908508301e-01) (68, 2.12603449821472167969e-01) (69, 2.17237210273742675781e+00) (70, -3.87435823678970336914e-01) (71, -1.18011510372161865234e+00) (72, 1.03595840930938720703e+00) (73, 9.27179872989654541016e-01) (74, 1.95828482508659362793e-01) (75, -1.26568153500556945801e-01) (76, -2.61766099929809570312e+00) (77, 1.13830614089965820312e+00) (78, -1.63968491554260253906e+00) (79, 2.64241242408752441406e+00) (80, 8.17290842533111572266e-01) (81, 7.22871482372283935547e-01) (82, -1.14530816674232482910e-01) (83, 1.60993948578834533691e-01) (84, 4.88413751125335693359e-01) (85, 1.08213686943054199219e+00) (86, 1.74897953867912292480e-01) (87, 1.76194950938224792480e-01) (88, 1.75002741813659667969e+00) (89, -2.75007318705320358276e-02) (90, 9.03465032577514648438e-01) (91, 2.00201439857482910156e+00) (92, -2.26928278803825378418e-01) (93, 5.29315054416656494141e-01) (94, 2.23578944802284240723e-01) (95, 1.23973011970520019531e+00) (96, -7.52634227275848388672e-01) (97, -7.01439201831817626953e-01) (98, -6.70278310775756835938e-01) (99, 1.86010968685150146484e+00) (100, -1.03238153457641601562e+00) (101, 1.08994908630847930908e-01) (102, 4.00533199310302734375e+00) (103, -1.23891127109527587891e+00) (104, 5.00386095046997070312e+00) (0, -1.50000000000000000000e+03) (1, -1.50000000000000000000e+03) (2, -1.50000000000000000000e+03) (3, -1.50000000000000000000e+03) (4, -1.50000000000000000000e+03) (5, -1.50000000000000000000e+03) (6, -1.50000000000000000000e+03) (7, -1.49999389648437500000e+03) (8, 1.50000000000000000000e+03) (9, -1.41629931640625000000e+03) (10, 1.50000000000000000000e+03) (11, 1.50000000000000000000e+03) (12, 1.50000000000000000000e+03) (13, 1.50000000000000000000e+03) (14, -1.50000000000000000000e+03) (15, 1.50000000000000000000e+03) (16, 1.50000000000000000000e+03) (17, 1.50000000000000000000e+03) (18, 1.50000000000000000000e+03) (19, 1.50000000000000000000e+03) (20, 1.50000000000000000000e+03) (21, 1.50000000000000000000e+03) (22, 1.50000000000000000000e+03) (23, 1.50000000000000000000e+03) (24, 1.50000000000000000000e+03) (25, 1.50000000000000000000e+03) (26, 1.50000000000000000000e+03) (27, 1.50000000000000000000e+03) (28, 1.50000000000000000000e+03) (29, 1.50000000000000000000e+03) (30, 1.50000000000000000000e+03) (31, 1.50000000000000000000e+03) (32, 1.50000000000000000000e+03) (33, 1.50000000000000000000e+03) (34, 1.50000000000000000000e+03) (35, 1.50000000000000000000e+03) (36, 1.50000000000000000000e+03) (37, 1.50000000000000000000e+03) (38, 1.50000000000000000000e+03) (39, 1.50000000000000000000e+03) (40, 1.50000000000000000000e+03) (41, 1.50000000000000000000e+03) (42, 1.50000000000000000000e+03) (43, 1.50000000000000000000e+03) (44, 1.50000000000000000000e+03) (45, 1.50000000000000000000e+03) (46, 1.50000000000000000000e+03) (47, 1.50000000000000000000e+03) (48, 1.50000000000000000000e+03) (49, 1.50000000000000000000e+03) (50, 1.50000000000000000000e+03) (51, 1.50000000000000000000e+03) (52, 1.50000000000000000000e+03) (53, 1.50000000000000000000e+03) (54, 1.50000000000000000000e+03) (55, 1.50000000000000000000e+03) (56, 1.50000000000000000000e+03) (57, -1.50000000000000000000e+03) (58, -1.50000000000000000000e+03) (59, 1.50000000000000000000e+03) (60, 1.50000000000000000000e+03) (61, -1.50000000000000000000e+03) (62, 1.50000000000000000000e+03) (63, 1.50000000000000000000e+03) (64, -1.50000000000000000000e+03) (65, 1.50000000000000000000e+03) (66, 1.50000000000000000000e+03) (67, 1.49998815917968750000e+03) (68, -1.50000000000000000000e+03) (69, -1.50000000000000000000e+03) (70, 1.50000000000000000000e+03) (71, 1.50000000000000000000e+03) (72, -1.49958959960937500000e+03) (73, -1.50000000000000000000e+03) (74, 1.49980859375000000000e+03) (75, 1.50000000000000000000e+03) (76, 1.50000000000000000000e+03) (77, 1.50000000000000000000e+03) (78, 1.49997875976562500000e+03) (79, 1.50000000000000000000e+03) (80, -1.50000000000000000000e+03) (81, 1.49906347656250000000e+03) (82, 1.49983422851562500000e+03) (83, 1.50000000000000000000e+03) (84, -1.50000000000000000000e+03) (85, -1.50000000000000000000e+03) (86, 1.50000000000000000000e+03) (87, 1.49960986328125000000e+03) (88, 1.50000000000000000000e+03) (89, 1.50000000000000000000e+03) (90, 1.50000000000000000000e+03) (91, 1.50000000000000000000e+03) (92, 1.50000000000000000000e+03) (93, 1.50000000000000000000e+03) (94, 1.50000000000000000000e+03) (95, 1.50000000000000000000e+03) (96, 3.06591892242431640625e+00) (97, 1.50000000000000000000e+03) (98, 1.50000000000000000000e+03) (99, 1.49999816894531250000e+03) (100, 1.50000000000000000000e+03) (101, 1.50000000000000000000e+03) (102, -1.50000000000000000000e+03) (103, 1.50000000000000000000e+03) (104, -1.37539815902709960938e+00) (0, -8.33358947753906250000e+02) (1, 1.27073120117187500000e+02) (2, 1.30267150878906250000e+02) (3, 4.43733100891113281250e+01) (4, 2.19203472137451171875e+00) (5, 1.05624523162841796875e+01) (6, 1.33981887817382812500e+02) (7, 5.93845329284667968750e+01) (8, -1.38588466644287109375e+01) (9, -4.75033607482910156250e+01) (10, -2.14773269653320312500e+02) (11, -7.81657180786132812500e+01) (12, -3.08368992805480957031e+00) (13, -1.09426696777343750000e+02) (14, -7.66896286010742187500e+01) (15, 4.99178409576416015625e-01) (16, 3.15290904045104980469e+00) (17, -9.31008377075195312500e+01) (18, -8.85866641998291015625e-01) (19, -2.67772235870361328125e+01) (20, 1.63278522491455078125e+01) (21, -6.02376274764537811279e-02) (22, -9.78629531860351562500e+01) (23, 3.59545302391052246094e+00) (24, -1.65082885742187500000e+02) (25, -1.69459228515625000000e+02) (26, -2.15774917602539062500e+02) (27, 9.91643829345703125000e+01) (28, 3.50378761291503906250e+01) (29, 2.12932720184326171875e+01) (30, -4.47275199890136718750e+01) (31, 1.59531087875366210938e+01) (32, 5.24302520751953125000e+01) (33, 1.92412204742431640625e+01) (34, 4.79667205810546875000e+01) (35, 6.79988327026367187500e+01) (36, 2.60684162378311157227e-01) (37, 1.97580432891845703125e+01) (38, -8.45935791015625000000e+02) (39, -2.10252822875976562500e+02) (40, -6.67589797973632812500e+01) (41, -1.90015907287597656250e+01) (42, 7.06855583190917968750e+00) (43, -1.18012680053710937500e+02) (44, -5.12583923339843750000e+01) (45, 2.04728424549102783203e-01) (46, 7.15425872802734375000e+01) (47, -2.58202850341796875000e+02) (48, 8.21674346923828125000e+00) (49, 2.39462018013000488281e+00) (50, 3.35912094116210937500e+01) (51, 3.45581398010253906250e+01) (52, 6.91413927078247070312e+00) (53, -1.90392303466796875000e+01) (54, 6.03312149047851562500e+01) (55, -2.52353267669677734375e+01) (56, -1.64263927936553955078e+00) (57, 1.79152877807617187500e+02) (58, 3.07683593750000000000e+02) (59, -9.01564025878906250000e+01) (60, 4.82773876190185546875e+00) (61, 1.37565383911132812500e+02) (62, 3.81548004150390625000e+01) (63, 5.58036684989929199219e-01) (64, -6.18579368591308593750e+01) (65, 6.03140830993652343750e+00) (66, 1.58856033325195312500e+02) (67, -1.78402404785156250000e+01) (68, 3.75896636962890625000e+02) (69, 3.92135086059570312500e+01) (70, 4.31192541122436523438e+00) (71, 5.28178977966308593750e+00) (72, 6.91269912719726562500e+01) (73, 2.64011039733886718750e+01) (74, 3.30685729980468750000e+01) (75, -4.75411236286163330078e-01) (76, -3.63942533731460571289e-01) (77, 2.63450860977172851562e+00) (78, 1.45788888931274414062e+01) (79, 1.81516475677490234375e+01) (80, 1.15429199218750000000e+02) (81, 3.37341918945312500000e+01) (82, 4.13617324829101562500e+01) (83, -3.94041514396667480469e+00) (84, 6.04260025024414062500e+01) (85, 1.88409805297851562500e+02) (86, 2.39747667312622070312e+00) (87, 5.35384712219238281250e+01) (88, 1.63216094970703125000e+01) (89, 6.54312133789062500000e-01) (90, 2.68980388641357421875e+01) (91, 5.09467077255249023438e+00) (92, 8.94815750122070312500e+01) (93, 1.21503126621246337891e+00) (94, 2.71235084533691406250e+00) (95, 5.78433570861816406250e+01) (96, 1.15762985229492187500e+02) (97, 2.05813837051391601562e+00) (98, -1.50697159767150878906e+00) (99, 6.36736822128295898438e+00) (100, 1.99475562572479248047e+00) (101, 1.78628158569335937500e+00) (102, 1.33096630859375000000e+03) (103, -3.38680511474609375000e+02) (104, -3.32935676574707031250e+01) (0, 1.50000000000000000000e+03) (1, 1.50000000000000000000e+03) (2, 1.50000000000000000000e+03) (3, 1.50000000000000000000e+03) (4, 1.50000000000000000000e+03) (5, 1.50000000000000000000e+03) (6, 1.50000000000000000000e+03) (7, 1.49999902343750000000e+03) (8, -1.47500000000000000000e+03) (9, 1.47674731445312500000e+03) (10, -1.50000000000000000000e+03) (11, -1.50000000000000000000e+03) (12, -1.49999987792968750000e+03) (13, -1.50000000000000000000e+03) (14, 1.50000000000000000000e+03) (15, -1.50000000000000000000e+03) (16, -1.50000000000000000000e+03) (17, -1.50000000000000000000e+03) (18, -1.50000000000000000000e+03) (19, -1.50000000000000000000e+03) (20, -1.50000000000000000000e+03) (21, -1.50000000000000000000e+03) (22, -1.50000000000000000000e+03) (23, -1.50000000000000000000e+03) (24, -1.50000000000000000000e+03) (25, -1.50000000000000000000e+03) (26, -1.50000000000000000000e+03) (27, -1.50000000000000000000e+03) (28, -1.50000000000000000000e+03) (29, -1.50000000000000000000e+03) (30, -1.50000000000000000000e+03) (31, -1.50000000000000000000e+03) (32, -1.50000000000000000000e+03) (33, -1.50000000000000000000e+03) (34, -1.50000000000000000000e+03) (35, -1.50000000000000000000e+03) (36, -1.50000000000000000000e+03) (37, -1.50000000000000000000e+03) (38, -1.50000000000000000000e+03) (39, -1.50000000000000000000e+03) (40, -1.50000000000000000000e+03) (41, -1.50000000000000000000e+03) (42, -1.47500000000000000000e+03) (43, -1.50000000000000000000e+03) (44, -1.50000000000000000000e+03) (45, -1.50000000000000000000e+03) (46, -1.50000000000000000000e+03) (47, -1.50000000000000000000e+03) (48, -1.49999987792968750000e+03) (49, -1.50000000000000000000e+03) (50, -1.50000000000000000000e+03) (51, -1.50000000000000000000e+03) (52, -1.50000000000000000000e+03) (53, -1.50000000000000000000e+03) (54, -1.49999987792968750000e+03) (55, -1.50000000000000000000e+03) (56, -1.50000000000000000000e+03) (57, 1.50000000000000000000e+03) (58, 1.50000000000000000000e+03) (59, -1.50000000000000000000e+03) (60, -1.49944335937500000000e+03) (61, 1.50000000000000000000e+03) (62, -1.50000000000000000000e+03) (63, -1.50000000000000000000e+03) (64, 1.50000000000000000000e+03) (65, -1.50000000000000000000e+03) (66, -1.49894409179687500000e+03) (67, -1.49994824218750000000e+03) (68, 1.50000000000000000000e+03) (69, 1.50000000000000000000e+03) (70, -1.49999987792968750000e+03) (71, -1.49999987792968750000e+03) (72, 1.50000000000000000000e+03) (73, 1.50000000000000000000e+03) (74, -1.49953710937500000000e+03) (75, -1.49732287597656250000e+03) (76, -1.50000000000000000000e+03) (77, -1.49567004394531250000e+03) (78, -1.49881054687500000000e+03) (79, -1.50000000000000000000e+03) (80, 1.50000000000000000000e+03) (81, -1.49847778320312500000e+03) (82, -1.49946105957031250000e+03) (83, -1.50000000000000000000e+03) (84, 1.50000000000000000000e+03) (85, 1.50000000000000000000e+03) (86, -1.50000000000000000000e+03) (87, -1.49920751953125000000e+03) (88, -1.50000000000000000000e+03) (89, -1.50000000000000000000e+03) (90, -1.50000000000000000000e+03) (91, -1.49999853515625000000e+03) (92, -1.49984106445312500000e+03) (93, -1.50000000000000000000e+03) (94, -1.47864440917968750000e+03) (95, -1.50000000000000000000e+03) (96, -1.29271829128265380859e+00) (97, -1.50000000000000000000e+03) (98, -1.50000000000000000000e+03) (99, -1.49991357421875000000e+03) (100, -1.50000000000000000000e+03) (101, -1.49958557128906250000e+03) (102, 1.50000000000000000000e+03) (103, -1.50000000000000000000e+03) (104, 3.31835842132568359375e+00) (0, 1.50000000000000000000e+03) (1, 1.50000000000000000000e+03) (2, 1.50000000000000000000e+03) (3, 1.50000000000000000000e+03) (4, 1.50000000000000000000e+03) (5, 1.50000000000000000000e+03) (6, 1.50000000000000000000e+03) (7, 1.49999902343750000000e+03) (8, -1.47500000000000000000e+03) (9, 1.47674731445312500000e+03) (10, -1.50000000000000000000e+03) (11, -1.50000000000000000000e+03) (12, -1.49999987792968750000e+03) (13, -1.50000000000000000000e+03) (14, 1.50000000000000000000e+03) (15, -1.50000000000000000000e+03) (16, -1.50000000000000000000e+03) (17, -1.50000000000000000000e+03) (18, -1.50000000000000000000e+03) (19, -1.50000000000000000000e+03) (20, -1.50000000000000000000e+03) (21, -1.50000000000000000000e+03) (22, -1.50000000000000000000e+03) (23, -1.50000000000000000000e+03) (24, -1.50000000000000000000e+03) (25, -1.50000000000000000000e+03) (26, -1.50000000000000000000e+03) (27, -1.50000000000000000000e+03) (28, -1.50000000000000000000e+03) (29, -1.50000000000000000000e+03) (30, -1.50000000000000000000e+03) (31, -1.50000000000000000000e+03) (32, -1.50000000000000000000e+03) (33, -1.50000000000000000000e+03) (34, -1.50000000000000000000e+03) (35, -1.50000000000000000000e+03) (36, -1.50000000000000000000e+03) (37, -1.50000000000000000000e+03) (38, -1.50000000000000000000e+03) (39, -1.50000000000000000000e+03) (40, -1.50000000000000000000e+03) (41, -1.50000000000000000000e+03) (42, -1.47500000000000000000e+03) (43, -1.50000000000000000000e+03) (44, -1.50000000000000000000e+03) (45, -1.50000000000000000000e+03) (46, -1.50000000000000000000e+03) (47, -1.50000000000000000000e+03) (48, -1.49999987792968750000e+03) (49, -1.50000000000000000000e+03) (50, -1.50000000000000000000e+03) (51, -1.50000000000000000000e+03) (52, -1.50000000000000000000e+03) (53, -1.50000000000000000000e+03) (54, -1.49999987792968750000e+03) (55, -1.50000000000000000000e+03) (56, -1.50000000000000000000e+03) (57, 1.50000000000000000000e+03) (58, 1.50000000000000000000e+03) (59, -1.50000000000000000000e+03) (60, -1.49944372558593750000e+03) (61, 1.50000000000000000000e+03) (62, -1.50000000000000000000e+03) (63, -1.50000000000000000000e+03) (64, 1.50000000000000000000e+03) (65, -1.50000000000000000000e+03) (66, -1.49894409179687500000e+03) (67, -1.49994824218750000000e+03) (68, 1.50000000000000000000e+03) (69, 1.50000000000000000000e+03) (70, -1.49999987792968750000e+03) (71, -1.49999987792968750000e+03) (72, 1.50000000000000000000e+03) (73, 1.50000000000000000000e+03) (74, -1.49953710937500000000e+03) (75, -1.49732287597656250000e+03) (76, -1.50000000000000000000e+03) (77, -1.49567004394531250000e+03) (78, -1.49881054687500000000e+03) (79, -1.50000000000000000000e+03) (80, 1.50000000000000000000e+03) (81, -1.49847778320312500000e+03) (82, -1.49946105957031250000e+03) (83, -1.50000000000000000000e+03) (84, 1.50000000000000000000e+03) (85, 1.50000000000000000000e+03) (86, -1.50000000000000000000e+03) (87, -1.49920776367187500000e+03) (88, -1.50000000000000000000e+03) (89, -1.50000000000000000000e+03) (90, -1.50000000000000000000e+03) (91, -1.49999853515625000000e+03) (92, -1.49984106445312500000e+03) (93, -1.50000000000000000000e+03) (94, -1.47864440917968750000e+03) (95, -1.50000000000000000000e+03) (96, -1.14094269275665283203e+00) (97, -1.50000000000000000000e+03) (98, -1.50000000000000000000e+03) (99, -1.49991357421875000000e+03) (100, -1.50000000000000000000e+03) (101, -1.49958557128906250000e+03) (102, 1.50000000000000000000e+03) (103, -1.50000000000000000000e+03) (104, 3.17329978942871093750e+00) (0, -1.50000000000000000000e+03) (1, -1.50000000000000000000e+03) (2, -1.50000000000000000000e+03) (3, -1.50000000000000000000e+03) (4, -1.50000000000000000000e+03) (5, -1.50000000000000000000e+03) (6, -1.50000000000000000000e+03) (7, -1.49999389648437500000e+03) (8, 1.50000000000000000000e+03) (9, -1.41629931640625000000e+03) (10, 1.50000000000000000000e+03) (11, 1.50000000000000000000e+03) (12, 1.50000000000000000000e+03) (13, 1.50000000000000000000e+03) (14, -1.50000000000000000000e+03) (15, 1.50000000000000000000e+03) (16, 1.50000000000000000000e+03) (17, 1.50000000000000000000e+03) (18, 1.50000000000000000000e+03) (19, 1.50000000000000000000e+03) (20, 1.50000000000000000000e+03) (21, 1.50000000000000000000e+03) (22, 1.50000000000000000000e+03) (23, 1.50000000000000000000e+03) (24, 1.50000000000000000000e+03) (25, 1.50000000000000000000e+03) (26, 1.50000000000000000000e+03) (27, 1.50000000000000000000e+03) (28, 1.50000000000000000000e+03) (29, 1.50000000000000000000e+03) (30, 1.50000000000000000000e+03) (31, 1.50000000000000000000e+03) (32, 1.50000000000000000000e+03) (33, 1.50000000000000000000e+03) (34, 1.50000000000000000000e+03) (35, 1.50000000000000000000e+03) (36, 1.50000000000000000000e+03) (37, 1.50000000000000000000e+03) (38, 1.50000000000000000000e+03) (39, 1.50000000000000000000e+03) (40, 1.50000000000000000000e+03) (41, 1.50000000000000000000e+03) (42, 1.50000000000000000000e+03) (43, 1.50000000000000000000e+03) (44, 1.50000000000000000000e+03) (45, 1.50000000000000000000e+03) (46, 1.50000000000000000000e+03) (47, 1.50000000000000000000e+03) (48, 1.50000000000000000000e+03) (49, 1.50000000000000000000e+03) (50, 1.50000000000000000000e+03) (51, 1.50000000000000000000e+03) (52, 1.50000000000000000000e+03) (53, 1.50000000000000000000e+03) (54, 1.50000000000000000000e+03) (55, 1.50000000000000000000e+03) (56, 1.50000000000000000000e+03) (57, -1.50000000000000000000e+03) (58, -1.50000000000000000000e+03) (59, 1.50000000000000000000e+03) (60, 1.50000000000000000000e+03) (61, -1.50000000000000000000e+03) (62, 1.50000000000000000000e+03) (63, 1.50000000000000000000e+03) (64, -1.50000000000000000000e+03) (65, 1.50000000000000000000e+03) (66, 1.50000000000000000000e+03) (67, 1.49998815917968750000e+03) (68, -1.50000000000000000000e+03) (69, -1.50000000000000000000e+03) (70, 1.50000000000000000000e+03) (71, 1.50000000000000000000e+03) (72, -1.49958959960937500000e+03) (73, -1.50000000000000000000e+03) (74, 1.49980859375000000000e+03) (75, 1.50000000000000000000e+03) (76, 1.50000000000000000000e+03) (77, 1.50000000000000000000e+03) (78, 1.49997875976562500000e+03) (79, 1.50000000000000000000e+03) (80, -1.50000000000000000000e+03) (81, 1.49906347656250000000e+03) (82, 1.49983422851562500000e+03) (83, 1.50000000000000000000e+03) (84, -1.50000000000000000000e+03) (85, -1.50000000000000000000e+03) (86, 1.50000000000000000000e+03) (87, 1.49960986328125000000e+03) (88, 1.50000000000000000000e+03) (89, 1.50000000000000000000e+03) (90, 1.50000000000000000000e+03) (91, 1.50000000000000000000e+03) (92, 1.50000000000000000000e+03) (93, 1.50000000000000000000e+03) (94, 1.50000000000000000000e+03) (95, 1.50000000000000000000e+03) (96, 3.08260345458984375000e+00) (97, 1.50000000000000000000e+03) (98, 1.50000000000000000000e+03) (99, 1.49999816894531250000e+03) (100, 1.50000000000000000000e+03) (101, 1.50000000000000000000e+03) (102, -1.50000000000000000000e+03) (103, 1.50000000000000000000e+03) (104, -1.32523620128631591797e+00) (105, 2.71866679191589355469e+00) (106, 4.78175258636474609375e+00) (107, 3.22347974777221679688e+00) (108, 3.02628803253173828125e+00) (109, -4.49555158615112304688e+00) (110, -1.30739796161651611328e+00) (111, 2.94282317161560058594e+00) (112, 3.25911021232604980469e+00) (113, 3.22493910789489746094e+00) (114, -1.31529235839843750000e+00) (115, 3.18672370910644531250e+00) 
