FANN_FLO_2.1
num_layers=3
learning_rate=0.700000
connection_rate=1.000000
network_type=0
learning_momentum=0.000000
training_algorithm=2
train_error_function=1
train_stop_function=0
cascade_output_change_fraction=0.010000
quickprop_decay=-0.000100
quickprop_mu=1.750000
rprop_increase_factor=1.200000
rprop_decrease_factor=0.500000
rprop_delta_min=0.000000
rprop_delta_max=50.000000
rprop_delta_zero=0.100000
cascade_output_stagnation_epochs=12
cascade_candidate_change_fraction=0.010000
cascade_candidate_stagnation_epochs=12
cascade_max_out_epochs=150
cascade_max_cand_epochs=150
cascade_num_candidate_groups=2
bit_fail_limit=3.49999994039535522461e-01
cascade_candidate_limit=1.00000000000000000000e+03
cascade_weight_multiplier=4.00000005960464477539e-01
cascade_activation_functions_count=10
cascade_activation_functions=3 5 7 8 10 11 14 15 16 17 
cascade_activation_steepnesses_count=4
cascade_activation_steepnesses=2.50000000000000000000e-01 5.00000000000000000000e-01 7.50000000000000000000e-01 1.00000000000000000000e+00 
layer_sizes=105 26 2 
scale_included=0
neurons (num_inputs, activation_function, activation_steepness)=(0, 0, 0.00000000000000000000e+00) (0, 0, 0.00000000000000000000e+00) (0, 0, 0.00000000000000000000e+00) (0, 0, 0.00000000000000000000e+00) (0, 0, 0.00000000000000000000e+00) (0, 0, 0.00000000000000000000e+00) (0, 0, 0.00000000000000000000e+00) (0, 0, 0.00000000000000000000e+00) (0, 0, 0.00000000000000000000e+00) (0, 0, 0.00000000000000000000e+00) (0, 0, 0.00000000000000000000e+00) (0, 0, 0.00000000000000000000e+00) (0, 0, 0.00000000000000000000e+00) (0, 0, 0.00000000000000000000e+00) (0, 0, 0.00000000000000000000e+00) (0, 0, 0.00000000000000000000e+00) (0, 0, 0.00000000000000000000e+00) (0, 0, 0.00000000000000000000e+00) (0, 0, 0.00000000000000000000e+00) (0, 0, 0.00000000000000000000e+00) (0, 0, 0.00000000000000000000e+00) (0, 0, 0.00000000000000000000e+00) (0, 0, 0.00000000000000000000e+00) (0, 0, 0.00000000000000000000e+00) (0, 0, 0.00000000000000000000e+00) (0, 0, 0.00000000000000000000e+00) (0, 0, 0.00000000000000000000e+00) (0, 0, 0.00000000000000000000e+00) (0, 0, 0.00000000000000000000e+00) (0, 0, 0.00000000000000000000e+00) (0, 0, 0.00000000000000000000e+00) (0, 0, 0.00000000000000000000e+00) (0, 0, 0.00000000000000000000e+00) (0, 0, 0.00000000000000000000e+00) (0, 0, 0.00000000000000000000e+00) (0, 0, 0.00000000000000000000e+00) (0, 0, 0.00000000000000000000e+00) (0, 0, 0.00000000000000000000e+00) (0, 0, 0.00000000000000000000e+00) (0, 0, 0.00000000000000000000e+00) (0, 0, 0.00000000000000000000e+00) (0, 0, 0.00000000000000000000e+00) (0, 0, 0.00000000000000000000e+00) (0, 0, 0.00000000000000000000e+00) (0, 0, 0.00000000000000000000e+00) (0, 0, 0.00000000000000000000e+00) (0, 0, 0.00000000000000000000e+00) (0, 0, 0.00000000000000000000e+00) (0, 0, 0.00000000000000000000e+00) (0, 0, 0.00000000000000000000e+00) (0, 0, 0.00000000000000000000e+00) (0, 0, 0.00000000000000000000e+00) (0, 0, 0.00000000000000000000e+00) (0, 0, 0.00000000000000000000e+00) (0, 0, 0.00000000000000000000e+00) (0, 0, 0.00000000000000000000e+00) (0, 0, 0.00000000000000000000e+00) (0, 0, 0.00000000000000000000e+00) (0, 0, 0.00000000000000000000e+00) (0, 0, 0.00000000000000000000e+00) (0, 0, 0.00000000000000000000e+00) (0, 0, 0.00000000000000000000e+00) (0, 0, 0.00000000000000000000e+00) (0, 0, 0.00000000000000000000e+00) (0, 0, 0.00000000000000000000e+00) (0, 0, 0.00000000000000000000e+00) (0, 0, 0.00000000000000000000e+00) (0, 0, 0.00000000000000000000e+00) (0, 0, 0.00000000000000000000e+00) (0, 0, 0.00000000000000000000e+00) (0, 0, 0.00000000000000000000e+00) (0, 0, 0.00000000000000000000e+00) (0, 0, 0.00000000000000000000e+00) (0, 0, 0.00000000000000000000e+00) (0, 0, 0.00000000000000000000e+00) (0, 0, 0.00000000000000000000e+00) (0, 0, 0.00000000000000000000e+00) (0, 0, 0.00000000000000000000e+00) (0, 0, 0.00000000000000000000e+00) (0, 0, 0.00000000000000000000e+00) (0, 0, 0.00000000000000000000e+00) (0, 0, 0.00000000000000000000e+00) (0, 0, 0.00000000000000000000e+00) (0, 0, 0.00000000000000000000e+00) (0, 0, 0.00000000000000000000e+00) (0, 0, 0.00000000000000000000e+00) (0, 0, 0.00000000000000000000e+00) (0, 0, 0.00000000000000000000e+00) (0, 0, 0.00000000000000000000e+00) (0, 0, 0.00000000000000000000e+00) (0, 0, 0.00000000000000000000e+00) (0, 0, 0.00000000000000000000e+00) (0, 0, 0.00000000000000000000e+00) (0, 0, 0.00000000000000000000e+00) (0, 0, 0.00000000000000000000e+00) (0, 0, 0.00000000000000000000e+00) (0, 0, 0.00000000000000000000e+00) (0, 0, 0.00000000000000000000e+00) (0, 0, 0.00000000000000000000e+00) (0, 0, 0.00000000000000000000e+00) (0, 0, 0.00000000000000000000e+00) (0, 0, 0.00000000000000000000e+00) (0, 0, 0.00000000000000000000e+00) (0, 0, 0.00000000000000000000e+00) (0, 0, 0.00000000000000000000e+00) (105, 5, 5.00000000000000000000e-01) (105, 5, 5.00000000000000000000e-01) (105, 5, 5.00000000000000000000e-01) (105, 5, 5.00000000000000000000e-01) (105, 5, 5.00000000000000000000e-01) (105, 5, 5.00000000000000000000e-01) (105, 5, 5.00000000000000000000e-01) (105, 5, 5.00000000000000000000e-01) (105, 5, 5.00000000000000000000e-01) (105, 5, 5.00000000000000000000e-01) (105, 5, 5.00000000000000000000e-01) (105, 5, 5.00000000000000000000e-01) (105, 5, 5.00000000000000000000e-01) (105, 5, 5.00000000000000000000e-01) (105, 5, 5.00000000000000000000e-01) (105, 5, 5.00000000000000000000e-01) (105, 5, 5.00000000000000000000e-01) (105, 5, 5.00000000000000000000e-01) (105, 5, 5.00000000000000000000e-01) (105, 5, 5.00000000000000000000e-01) (105, 5, 5.00000000000000000000e-01) (105, 5, 5.00000000000000000000e-01) (105, 5, 5.00000000000000000000e-01) (105, 5, 5.00000000000000000000e-01) (105, 5, 5.00000000000000000000e-01) (0, 5, 0.00000000000000000000e+00) (26, 5, 5.00000000000000000000e-01) (0, 5, 0.00000000000000000000e+00) 
connections (connected_to_neuron, weight)=(0, 7.20429182052612304688e+00) (1, -4.10573065280914306641e-01) (2, 2.15512782335281372070e-01) (3, 2.31403350830078125000e-01) (4, 1.86444163322448730469e-01) (5, 5.02965033054351806641e-01) (6, -9.16125401854515075684e-02) (7, -9.43785190582275390625e+00) (8, -3.16329216957092285156e+00) (9, 2.63967644423246383667e-02) (10, 2.79294103384017944336e-01) (11, -2.45189554989337921143e-02) (12, 1.55610278248786926270e-01) (13, -4.45626765489578247070e-01) (14, 1.93685695528984069824e-01) (15, 3.67799162864685058594e-01) (16, -4.34809237718582153320e-01) (17, 2.30833292007446289062e-01) (18, 2.36680197715759277344e+00) (19, 1.42030268907546997070e-01) (20, -3.56066942214965820312e-01) (21, -7.47547328472137451172e-01) (22, -4.02715981006622314453e-01) (23, -5.27352392673492431641e-01) (24, -3.47845256328582763672e-01) (25, -5.34963846206665039062e-01) (26, -7.45129585266113281250e-03) (27, -4.12986367940902709961e-01) (28, -6.46306872367858886719e-01) (29, 3.13320231437683105469e+00) (30, 5.98270475864410400391e-01) (31, -3.53174567222595214844e-01) (32, -4.44687932729721069336e-01) (33, 5.36342620849609375000e-01) (34, -2.28238284587860107422e-01) (35, 1.13773979187011718750e+02) (36, 2.08100461959838867188e+00) (37, 7.65289545059204101562e-01) (38, 2.33384537696838378906e+00) (39, 2.44015765190124511719e+00) (40, 1.25139653682708740234e+00) (41, 2.06766676902770996094e+00) (42, 2.48591512441635131836e-01) (43, 2.19574761390686035156e+00) (44, 2.24871802330017089844e+00) (45, 5.85051536560058593750e+00) (46, 2.41168427467346191406e+00) (47, 2.32893619686365127563e-02) (48, 3.50814223289489746094e+00) (49, -1.58599674701690673828e-01) (50, 2.94632625579833984375e+00) (51, 2.95218157768249511719e+00) (52, 2.88811969757080078125e+00) (53, 3.09942126274108886719e+00) (54, 2.59145617485046386719e+00) (55, 2.55199050903320312500e+00) (56, 2.77764654159545898438e+00) (57, 2.81951785087585449219e+00) (58, 2.83457350730895996094e+00) (59, 1.06217861175537109375e+00) (60, 3.42473864555358886719e-01) (61, 2.86949396133422851562e+00) (62, 5.76908141374588012695e-02) (63, 3.22785353660583496094e+00) (64, 2.97748446464538574219e+00) (65, 2.85154771804809570312e+00) (66, 1.67422997951507568359e+00) (67, 2.76967716217041015625e+00) (68, 1.88081189990043640137e-01) (69, 2.79197454452514648438e+00) (70, 2.68489265441894531250e+00) (71, 1.83774486184120178223e-01) (72, 2.73529481887817382812e+00) (73, 2.71725749969482421875e+00) (74, 2.77786254882812500000e+00) (75, 2.89246463775634765625e+00) (76, 8.14138031005859375000e+00) (77, 2.67510151863098144531e+00) (78, 2.72490572929382324219e+00) (79, 3.01627159118652343750e+00) (80, 3.47840905189514160156e+00) (81, 2.87828755378723144531e+00) (82, 2.75907850265502929688e+00) (83, 3.24057483673095703125e+00) (84, 2.67724680900573730469e+00) (85, 2.76826333999633789062e+00) (86, 2.85800862312316894531e+00) (87, 1.30790457129478454590e-01) (88, 3.85387945175170898438e+00) (89, 3.14686036109924316406e+00) (90, 2.79685330390930175781e+00) (91, 2.73131179809570312500e+00) (92, 2.78385496139526367188e+00) (93, 2.64381408691406250000e+00) (94, 2.63920402526855468750e+00) (95, 2.68667721748352050781e+00) (96, 9.60340797901153564453e-02) (97, 2.76566123962402343750e+00) (98, 2.78433918952941894531e+00) (99, 1.01295995712280273438e+00) (100, 2.65425419807434082031e+00) (101, 2.49430656433105468750e+00) (102, 1.65410232543945312500e+00) (103, 8.63914549350738525391e-01) (104, 1.81675183773040771484e+00) (0, 9.58374261856079101562e-01) (1, 2.22252273559570312500e+00) (2, -6.11292243003845214844e-01) (3, -9.04978871345520019531e-01) (4, -7.22623527050018310547e-01) (5, -3.70009005069732666016e-01) (6, -1.01470661163330078125e+00) (7, -9.86697971820831298828e-01) (8, -1.22326207160949707031e+00) (9, -8.37704300880432128906e-01) (10, -1.03858256340026855469e+00) (11, 1.12874388694763183594e+00) (12, -8.43297779560089111328e-01) (13, 2.38935375213623046875e+00) (14, -9.35295403003692626953e-01) (15, -5.18555164337158203125e-01) (16, 1.69527220726013183594e+00) (17, -7.61511087417602539062e-01) (18, -4.86017912626266479492e-01) (19, -9.39409673213958740234e-01) (20, -1.75836300849914550781e+00) (21, -1.08958983421325683594e+00) (22, -8.69517266750335693359e-01) (23, -5.23432612419128417969e-01) (24, 8.25368046760559082031e-01) (25, 7.52756953239440917969e-01) (26, -2.45865687727928161621e-01) (27, 1.85275995731353759766e+00) (28, -1.26605674624443054199e-01) (29, 2.50881028175354003906e+00) (30, -6.31217777729034423828e-01) (31, 3.80633533000946044922e-01) (32, 8.96700978279113769531e-01) (33, -5.59406340122222900391e-01) (34, 2.18852329254150390625e+00) (35, -6.30192518234252929688e-01) (36, 9.25476372241973876953e-01) (37, 1.94636034965515136719e+00) (38, -2.34872415661811828613e-01) (39, -1.52913734316825866699e-01) (40, -3.56872081756591796875e-01) (41, -1.02643370628356933594e+00) (42, -9.35298383235931396484e-01) (43, -7.09128439426422119141e-01) (44, -6.39833331108093261719e-01) (45, 2.50157499313354492188e+00) (46, 2.77769303321838378906e+00) (47, 1.14553058147430419922e+00) (48, 1.43874418735504150391e+00) (49, -3.15919667482376098633e-01) (50, 8.14050853252410888672e-01) (51, -5.10207951068878173828e-01) (52, -7.61612772941589355469e-01) (53, -1.06472587585449218750e+00) (54, -2.15688085556030273438e+00) (55, -9.72230732440948486328e-01) (56, 8.87535333633422851562e-01) (57, -1.13820098340511322021e-01) (58, 3.34565132856369018555e-01) (59, 2.56268650293350219727e-01) (60, 2.16648960113525390625e+00) (61, 7.18450069427490234375e-01) (62, -7.67568528652191162109e-01) (63, 2.03435778617858886719e+00) (64, 7.76951193809509277344e-01) (65, 7.76422619819641113281e-01) (66, 1.86762541532516479492e-01) (67, 2.97882378101348876953e-01) (68, -8.55693876743316650391e-01) (69, -5.85746109485626220703e-01) (70, 7.47915267944335937500e-01) (71, -7.37964332103729248047e-01) (72, -7.09781944751739501953e-01) (73, -1.05125498771667480469e+00) (74, -1.08941805362701416016e+00) (75, 8.07113170623779296875e-01) (76, 1.11229574680328369141e+00) (77, 1.85276591777801513672e+00) (78, -9.73607540130615234375e-01) (79, -1.05331861972808837891e+00) (80, 3.41892719268798828125e-01) (81, -7.88039028644561767578e-01) (82, 1.94232046604156494141e+00) (83, -1.12913489341735839844e-01) (84, -7.19817280769348144531e-01) (85, 2.58315742015838623047e-01) (86, -5.83243191242218017578e-01) (87, -9.63081657886505126953e-01) (88, 2.77228498458862304688e+00) (89, 4.15736973285675048828e-01) (90, -6.16605937480926513672e-01) (91, -3.33864577114582061768e-02) (92, -4.19976294040679931641e-01) (93, 9.18020486831665039062e-01) (94, -7.06529021263122558594e-01) (95, -8.70547175407409667969e-01) (96, -7.58559346199035644531e-01) (97, -5.44235587120056152344e-01) (98, 2.12182974815368652344e+00) (99, -8.01821887493133544922e-01) (100, -6.40812814235687255859e-01) (101, 7.48147249221801757812e-01) (102, 2.28849455714225769043e-01) (103, 2.46597886085510253906e+00) (104, 2.73661994934082031250e+00) (0, -5.79807817935943603516e-01) (1, 2.60021638870239257812e+00) (2, -4.66795831918716430664e-01) (3, 2.49098920822143554688e+00) (4, -2.99218088388442993164e-01) (5, -9.68920588493347167969e-01) (6, 6.35717391967773437500e-01) (7, 1.45104658603668212891e+00) (8, 3.41369628906250000000e+00) (9, 1.37543737888336181641e+00) (10, 5.80529749393463134766e-01) (11, -8.84667217731475830078e-01) (12, 1.38132369518280029297e+00) (13, -1.89747840166091918945e-01) (14, 1.24959135055541992188e+00) (15, -4.96080338954925537109e-01) (16, -9.34597611427307128906e-01) (17, -4.32016193866729736328e-01) (18, -7.62400150299072265625e-01) (19, 5.90962409973144531250e-01) (20, -8.92730236053466796875e-01) (21, 6.09926104545593261719e-01) (22, 1.70384418964385986328e+00) (23, 2.59660780429840087891e-01) (24, -7.51193761825561523438e-01) (25, -2.11703423410654067993e-02) (26, -9.78678047657012939453e-01) (27, 3.10584664344787597656e-01) (28, 9.49482619762420654297e-01) (29, 4.58399653434753417969e-01) (30, 6.49993181228637695312e-01) (31, -1.48150122165679931641e+00) (32, -8.33167493343353271484e-01) (33, -7.84118115901947021484e-01) (34, 4.86009806394577026367e-01) (35, -5.09331512451171875000e+00) (36, -1.00370836257934570312e+00) (37, 7.73895755410194396973e-02) (38, -8.97906839847564697266e-01) (39, -6.24829232692718505859e-01) (40, -9.85511898994445800781e-01) (41, 4.06757056713104248047e-01) (42, 7.40503609180450439453e-01) (43, 1.68431669473648071289e-01) (44, 1.68057829141616821289e-01) (45, -1.25579550862312316895e-01) (46, -1.34012091159820556641e+00) (47, 5.78796006739139556885e-02) (48, -5.55860996246337890625e-02) (49, 1.50439471006393432617e-01) (50, -6.78687810897827148438e-01) (51, -4.14221763610839843750e-01) (52, -5.42597115039825439453e-01) (53, -1.08044719696044921875e+00) (54, 5.10646879673004150391e-01) (55, -3.38549470901489257812e+00) (56, 1.47937941551208496094e+00) (57, 1.70529872179031372070e-01) (58, 9.81109201908111572266e-01) (59, 3.87869763374328613281e+00) (60, -2.41271302103996276855e-01) (61, -2.14034616947174072266e-01) (62, 4.70016092061996459961e-01) (63, 6.86226785182952880859e-01) (64, 3.25738453865051269531e+00) (65, 6.89923584461212158203e-01) (66, 1.73349988460540771484e+00) (67, -1.72605776786804199219e+00) (68, 3.18094396591186523438e+00) (69, -1.62175774574279785156e+00) (70, 7.88890302181243896484e-01) (71, -2.16785594820976257324e-01) (72, 6.38381063938140869141e-01) (73, -2.38844060897827148438e+00) (74, 6.67658805847167968750e-01) (75, 1.55475008487701416016e+00) (76, 3.06800818443298339844e+00) (77, 7.17636346817016601562e-01) (78, -7.92451024055480957031e-01) (79, -6.83183670043945312500e+00) (80, 9.12653326988220214844e-01) (81, 4.32014083862304687500e+00) (82, 1.62054646015167236328e+00) (83, -1.44034910202026367188e+00) (84, 8.95720943808555603027e-02) (85, 2.01940584182739257812e+00) (86, 1.29551857709884643555e-01) (87, 8.52252066135406494141e-01) (88, 3.69328474998474121094e+00) (89, 3.20663571357727050781e+00) (90, 3.43597888946533203125e+00) (91, -1.33426934480667114258e-01) (92, 1.23811626434326171875e+00) (93, 5.80431282520294189453e-01) (94, -2.87129878997802734375e-01) (95, 1.31618344783782958984e+00) (96, -2.43964880704879760742e-01) (97, -5.49458312988281250000e+00) (98, 4.92770719528198242188e+00) (99, -3.42611002922058105469e+00) (100, -2.55886435508728027344e-01) (101, -1.12602464854717254639e-01) (102, -1.35676014423370361328e+00) (103, 3.83752965927124023438e+00) (104, 2.07850718498229980469e+00) (0, 3.57167291641235351562e+00) (1, 4.74810791015625000000e+00) (2, -3.31378030776977539062e+00) (3, -1.07744188308715820312e+01) (4, -4.89457893371582031250e+00) (5, 7.12854957580566406250e+00) (6, -2.96776342391967773438e+00) (7, 9.91872787475585937500e+00) (8, 1.00957260131835937500e+01) (9, 1.56412303447723388672e+00) (10, 2.24291610717773437500e+00) (11, -1.70632505416870117188e+00) (12, 1.05456674098968505859e+00) (13, 3.72269058227539062500e+00) (14, -1.82958114147186279297e+00) (15, 1.60012412071228027344e+00) (16, -8.84348034858703613281e-01) (17, -4.32036209106445312500e+00) (18, -3.57110190391540527344e+00) (19, -4.70707058906555175781e-01) (20, -2.25086283683776855469e+00) (21, 2.32191848754882812500e+00) (22, 1.08859968185424804688e+00) (23, 1.31529557704925537109e+00) (24, 4.88901823759078979492e-01) (25, -3.13335895538330078125e+00) (26, -4.34808820486068725586e-01) (27, 2.31998562812805175781e+00) (28, 1.88328802585601806641e+00) (29, 3.07061821222305297852e-01) (30, 1.39426219463348388672e+00) (31, 9.93876993656158447266e-01) (32, 2.27454733848571777344e+00) (33, 2.31390261650085449219e+00) (34, 1.95637261867523193359e+00) (35, -2.72891426086425781250e+01) (36, -5.83232104778289794922e-01) (37, 4.49917346239089965820e-01) (38, -6.00165724754333496094e-01) (39, 6.03088378906250000000e-01) (40, 5.49257874488830566406e-01) (41, -1.89511954784393310547e+00) (42, 2.83639526367187500000e+00) (43, 1.00423419475555419922e+00) (44, 2.93299317359924316406e+00) (45, 4.96374100446701049805e-01) (46, -1.90987896919250488281e+00) (47, 1.94352185726165771484e+00) (48, 6.13951265811920166016e-01) (49, 4.87059116363525390625e-01) (50, -6.46493136882781982422e-01) (51, -3.59737932682037353516e-01) (52, -9.57950949668884277344e-02) (53, 2.80680060386657714844e+00) (54, 1.08323121070861816406e+00) (55, 2.09204912185668945312e+00) (56, 8.50378692150115966797e-01) (57, 1.44652262330055236816e-01) (58, -1.98966920375823974609e+00) (59, 7.15005099773406982422e-02) (60, -5.93728899955749511719e-01) (61, -1.92837321758270263672e+00) (62, -4.78081083297729492188e+00) (63, -2.99118131399154663086e-01) (64, -1.72348067164421081543e-01) (65, 7.91459918022155761719e-01) (66, -1.64323806762695312500e+00) (67, -2.53461450338363647461e-01) (68, 7.94769585132598876953e-01) (69, -2.18272671103477478027e-01) (70, 7.97813653945922851562e-01) (71, 4.49906969070434570312e+00) (72, -7.73955047130584716797e-01) (73, -5.99031746387481689453e-02) (74, 1.68087530136108398438e+00) (75, -3.58571320772171020508e-01) (76, 5.61570584774017333984e-01) (77, 2.98872804641723632812e+00) (78, -1.09228372573852539062e+00) (79, 7.23406791687011718750e+00) (80, -2.17619374394416809082e-01) (81, 5.65345883369445800781e-01) (82, -1.23151838779449462891e+00) (83, -4.50690910220146179199e-02) (84, -3.44297623634338378906e+00) (85, -1.79903984069824218750e+00) (86, -1.53913104534149169922e+00) (87, 1.15721309185028076172e+00) (88, -2.54651665687561035156e-01) (89, 2.57538247108459472656e+00) (90, 1.02410519123077392578e+00) (91, 4.80474853515625000000e+00) (92, 8.29799771308898925781e-01) (93, 1.20488119125366210938e+00) (94, 1.20269143581390380859e+00) (95, 8.97774398326873779297e-01) (96, 6.30927133560180664062e+00) (97, 6.89500391483306884766e-01) (98, 2.87092953920364379883e-01) (99, -2.41994839161634445190e-02) (100, -1.43805697560310363770e-01) (101, 2.59579634666442871094e+00) (102, -2.14333391189575195312e+00) (103, 5.00419712066650390625e+00) (104, -6.60212039947509765625e-01) (0, -1.03126144409179687500e+00) (1, -1.04893279075622558594e+00) (2, -5.51142871379852294922e-01) (3, -5.85395872592926025391e-01) (4, -4.97625440359115600586e-01) (5, -2.39915609359741210938e+00) (6, 1.80998361110687255859e+00) (7, -1.54231286048889160156e+00) (8, -4.48736953735351562500e+00) (9, 2.40105319023132324219e+00) (10, -6.11579835414886474609e-01) (11, -1.16326034069061279297e+00) (12, 2.42121458053588867188e+00) (13, -9.31222915649414062500e-01) (14, -4.44974452257156372070e-01) (15, -3.84596556425094604492e-01) (16, -9.62997198104858398438e-01) (17, -3.46081942319869995117e-01) (18, -9.05966043472290039062e-01) (19, -4.16546791791915893555e-01) (20, -9.86991047859191894531e-01) (21, -7.66051352024078369141e-01) (22, 1.92334246635437011719e+00) (23, 2.24219393730163574219e+00) (24, 6.76974654197692871094e-01) (25, 2.21380448341369628906e+00) (26, -1.20007479190826416016e+00) (27, -9.35229957103729248047e-01) (28, 2.42079019546508789062e+00) (29, -9.57770347595214843750e-01) (30, -7.92785584926605224609e-01) (31, -8.10875892639160156250e-01) (32, -7.93801903724670410156e-01) (33, 2.03140902519226074219e+00) (34, -4.98987138271331787109e-01) (35, -1.37042093276977539062e+00) (36, -8.61582100391387939453e-01) (37, 1.36248958110809326172e+00) (38, -1.04072391986846923828e+00) (39, 1.72734451293945312500e+00) (40, -9.93870258331298828125e-01) (41, -5.87999761104583740234e-01) (42, -4.51822906732559204102e-01) (43, 2.45487976074218750000e+00) (44, -3.37360739707946777344e-01) (45, -9.61714625358581542969e-01) (46, 2.42827296257019042969e+00) (47, -1.03458333015441894531e+00) (48, -1.12206315994262695312e+00) (49, -1.02782487869262695312e+00) (50, -5.80264747142791748047e-01) (51, -3.48195552825927734375e-01) (52, -4.26352560520172119141e-01) (53, 1.80569291114807128906e+00) (54, -1.82137876749038696289e-01) (55, -4.89306896924972534180e-01) (56, -6.76300525665283203125e-01) (57, -8.87768328189849853516e-01) (58, 4.89974498748779296875e-01) (59, -8.31062436103820800781e-01) (60, -4.40856367349624633789e-01) (61, 2.29234385490417480469e+00) (62, 2.55216526985168457031e+00) (63, -5.08698940277099609375e-01) (64, 3.20644676685333251953e-01) (65, -5.10523200035095214844e-01) (66, -9.72969353199005126953e-01) (67, 6.49946808815002441406e-01) (68, 7.52340793609619140625e-01) (69, 1.66883313655853271484e+00) (70, -4.90425437688827514648e-01) (71, 2.47601246833801269531e+00) (72, -6.30975425243377685547e-01) (73, 3.35776066780090332031e+00) (74, -4.80487048625946044922e-01) (75, -4.43769097328186035156e-01) (76, -5.54052770137786865234e-01) (77, -5.75621008872985839844e-01) (78, 2.42346096038818359375e+00) (79, -9.94710385799407958984e-01) (80, 1.20208132266998291016e+00) (81, -5.28526425361633300781e-01) (82, 2.19974231719970703125e+00) (83, -2.03107714653015136719e+00) (84, -2.97261029481887817383e-01) (85, -4.55750048160552978516e-01) (86, -6.68188512325286865234e-01) (87, 2.16100239753723144531e+00) (88, 1.54138469696044921875e+00) (89, -4.71430808305740356445e-01) (90, -6.46465361118316650391e-01) (91, -8.94139289855957031250e-01) (92, -3.91868412494659423828e-01) (93, 5.17360329627990722656e-01) (94, -5.14966905117034912109e-01) (95, -4.28455263376235961914e-01) (96, 2.74142146110534667969e+00) (97, -3.29569429159164428711e-01) (98, -5.72130024433135986328e-01) (99, 2.30718779563903808594e+00) (100, -5.54280519485473632812e-01) (101, 2.47029709815979003906e+00) (102, -3.65171581506729125977e-01) (103, 2.35518932342529296875e+00) (104, 2.17491960525512695312e+00) (0, -1.28246414661407470703e+00) (1, 1.15197432041168212891e+00) (2, -8.06657028198242187500e+00) (3, 5.94131898880004882812e+00) (4, 5.38324145600199699402e-03) (5, 6.35255813598632812500e+00) (6, 8.57463240623474121094e-01) (7, 1.57774915695190429688e+01) (8, 8.91938447952270507812e-01) (9, 5.78453254699707031250e+00) (10, -1.89592862129211425781e+00) (11, -6.28645563125610351562e+00) (12, -8.13011944293975830078e-01) (13, 4.54904556274414062500e+00) (14, -3.21272706985473632812e+00) (15, 1.41751086711883544922e+00) (16, 6.98470115661621093750e+00) (17, 2.58688354492187500000e+00) (18, -1.52154815196990966797e+00) (19, -1.98577511310577392578e+00) (20, 2.46786260604858398438e+00) (21, -1.14663639068603515625e+01) (22, 2.57146525382995605469e+00) (23, 7.89521634578704833984e-01) (24, 2.54725956916809082031e+00) (25, 4.50316381454467773438e+00) (26, -1.05917036533355712891e-01) (27, 1.60049170255661010742e-01) (28, 5.16751289367675781250e+00) (29, -8.49816501140594482422e-01) (30, 8.30846977233886718750e+00) (31, -5.08442163467407226562e-01) (32, -1.32028743624687194824e-01) (33, -8.69663417339324951172e-01) (34, 6.33527040481567382812e-02) (35, -2.61382751464843750000e+01) (36, 1.03380167484283447266e+00) (37, -3.73035937547683715820e-01) (38, -4.56199139356613159180e-01) (39, -8.33566963672637939453e-01) (40, -1.00820565223693847656e+00) (41, 1.83141291141510009766e-01) (42, -2.09179088473320007324e-01) (43, 1.23763239383697509766e+00) (44, -2.48070025444030761719e+00) (45, 1.68776124715805053711e-01) (46, 4.05955404043197631836e-01) (47, -1.30926380157470703125e+01) (48, -1.27075409889221191406e+00) (49, 1.19597864151000976562e+00) (50, 3.64929294586181640625e+00) (51, 3.35868310928344726562e+00) (52, 1.40750718116760253906e+00) (53, 1.35969996452331542969e+00) (54, -3.36255908012390136719e-01) (55, 1.25572180747985839844e+00) (56, -1.89847981929779052734e+00) (57, 4.88902866840362548828e-01) (58, 5.86046099662780761719e-01) (59, 1.15285706520080566406e+00) (60, 1.35777044296264648438e+00) (61, 1.14933311939239501953e+00) (62, 1.64451313018798828125e+00) (63, 1.38314366340637207031e+00) (64, 2.24312639236450195312e+00) (65, -1.92282229661941528320e-01) (66, 3.01351487636566162109e-01) (67, -8.80811661481857299805e-02) (68, -1.59813925623893737793e-01) (69, 8.34487557411193847656e-01) (70, 3.07373762130737304688e-01) (71, -8.95330309867858886719e-02) (72, -3.79271745681762695312e-01) (73, 1.30655616521835327148e-01) (74, -1.21118966490030288696e-02) (75, 2.42280316352844238281e+00) (76, -1.78329586982727050781e+00) (77, 3.85181725025177001953e-01) (78, 1.36300766468048095703e+00) (79, 1.47713017463684082031e+00) (80, 2.14338898658752441406e+00) (81, 1.27346384525299072266e+00) (82, 3.33703339099884033203e-01) (83, 2.28197479248046875000e+00) (84, -6.73429220914840698242e-02) (85, 9.20714974403381347656e-01) (86, -1.41357490792870521545e-02) (87, -2.16099768877029418945e-01) (88, 1.92846250534057617188e+00) (89, 2.40024042129516601562e+00) (90, -1.22881814837455749512e-01) (91, 2.52100110054016113281e+00) (92, -3.16782087087631225586e-01) (93, -2.90871173143386840820e-01) (94, -1.64727106690406799316e-01) (95, -2.32532039284706115723e-01) (96, -6.98878467082977294922e-02) (97, 1.47619915008544921875e+00) (98, 1.42042446136474609375e+00) (99, 7.64628291130065917969e-01) (100, -1.65753304958343505859e-01) (101, -1.68157294392585754395e-01) (102, 3.32332921028137207031e+00) (103, -4.98005956411361694336e-01) (104, 2.27809524536132812500e+00) (0, -9.63452041149139404297e-01) (1, -1.39537051320075988770e-01) (2, 9.16837394237518310547e-01) (3, 8.16626930236816406250e+00) (4, -3.30629765987396240234e-01) (5, 9.69294682145118713379e-02) (6, -2.99444105476140975952e-02) (7, 1.26719594001770019531e+00) (8, -2.75092387199401855469e+00) (9, -6.47213935852050781250e-01) (10, -1.02708175778388977051e-01) (11, 4.70648914575576782227e-01) (12, 3.68947952985763549805e-01) (13, 1.44618654251098632812e+00) (14, -2.67169684171676635742e-01) (15, -4.65987205505371093750e-01) (16, -9.85561013221740722656e-01) (17, -3.26335072517395019531e-01) (18, -8.13488721847534179688e-01) (19, -3.49408835172653198242e-01) (20, 2.13155984878540039062e-01) (21, 1.60590195655822753906e+00) (22, -7.47223556041717529297e-01) (23, -5.10005056858062744141e-01) (24, -2.06963896751403808594e-01) (25, 3.92734676599502563477e-01) (26, -4.55578923225402832031e-01) (27, -8.95812749862670898438e-01) (28, 8.33685789257287979126e-03) (29, -1.88773262500762939453e+00) (30, -1.48568972945213317871e-01) (31, -4.55583840608596801758e-01) (32, -5.34552872180938720703e-01) (33, -8.16380798816680908203e-01) (34, -1.48245170712471008301e-01) (35, -4.01285982131958007812e+00) (36, -8.66764426231384277344e-01) (37, -8.54079067707061767578e-01) (38, -9.75065350532531738281e-01) (39, -1.02630615234375000000e+00) (40, -4.39653694629669189453e-01) (41, 2.77818155288696289062e+00) (42, -2.31366425752639770508e-01) (43, -5.00855863094329833984e-01) (44, 9.18698072433471679688e-01) (45, -1.01412725448608398438e+00) (46, 1.94364893436431884766e+00) (47, 1.74784612655639648438e+00) (48, 6.66711851954460144043e-02) (49, 1.75756663084030151367e-01) (50, -4.47796285152435302734e-01) (51, -3.39293569326400756836e-01) (52, 1.48936256766319274902e-01) (53, 1.42907762527465820312e+00) (54, -2.90730565786361694336e-01) (55, 2.49746784567832946777e-01) (56, 1.51009535789489746094e+00) (57, -5.24664831161499023438e+00) (58, 2.84446573257446289062e+00) (59, 1.34268629550933837891e+00) (60, 3.97637575864791870117e-01) (61, 8.60957443714141845703e-01) (62, -1.04504299163818359375e+00) (63, -3.59443098306655883789e-01) (64, -4.17235851287841796875e-01) (65, -3.37181150913238525391e-01) (66, 1.54729557037353515625e+00) (67, 5.52549171447753906250e+00) (68, -7.69436120986938476562e-01) (69, -4.71119672060012817383e-01) (70, -3.09351742267608642578e-01) (71, -3.68510931730270385742e-01) (72, -2.75262713432312011719e-01) (73, -3.42174530029296875000e-01) (74, -3.53095054626464843750e-01) (75, 2.66576337814331054688e+00) (76, 2.26353621482849121094e+00) (77, -2.42317616939544677734e-01) (78, -6.51582670211791992188e+00) (79, 8.15987169742584228516e-01) (80, -2.11632513999938964844e+00) (81, 2.37721905112266540527e-01) (82, 6.96161317825317382812e+00) (83, -2.98872804641723632812e+00) (84, 3.96165752410888671875e+00) (85, -9.86448109149932861328e-01) (86, -4.64360982179641723633e-01) (87, -3.35809677839279174805e-01) (88, 3.67099285125732421875e+00) (89, 1.59968364238739013672e+00) (90, 7.58649289608001708984e-01) (91, -6.25544860959053039551e-02) (92, -2.33892703056335449219e+00) (93, 6.34555965662002563477e-02) (94, -3.72982293367385864258e-01) (95, -3.55944573879241943359e-01) (96, 2.60933327674865722656e+00) (97, 2.38476228713989257812e+00) (98, -1.00098228454589843750e+00) (99, 5.07619762420654296875e+00) (100, -3.89099478721618652344e-01) (101, 1.65270614624023437500e+00) (102, -9.85957741737365722656e-01) (103, 3.57385206222534179688e+00) (104, 2.07545876502990722656e+00) (0, -3.57671737670898437500e+00) (1, -2.49141663312911987305e-01) (2, -1.88591599464416503906e-01) (3, 2.07792472839355468750e+00) (4, 6.60609841346740722656e-01) (5, 1.24444389343261718750e+00) (6, 8.22665035724639892578e-01) (7, 1.07812809944152832031e+00) (8, -3.61215686798095703125e+00) (9, -3.25671344995498657227e-01) (10, 4.88781899213790893555e-01) (11, 1.52380466461181640625e-01) (12, 2.60108518600463867188e+00) (13, 3.80911731719970703125e+00) (14, -3.54267746210098266602e-01) (15, 2.44175601005554199219e+00) (16, -7.64816284179687500000e-01) (17, -2.72837430238723754883e-01) (18, -7.34396040439605712891e-01) (19, -3.25728178024291992188e-01) (20, -1.31277632713317871094e+00) (21, 1.88234627246856689453e+00) (22, -5.46954214572906494141e-01) (23, -7.57155835628509521484e-01) (24, 1.94077432155609130859e+00) (25, -5.76591432094573974609e-01) (26, 1.95345628261566162109e+00) (27, 2.04709792137145996094e+00) (28, -6.72662377357482910156e-01) (29, -1.09376764297485351562e+00) (30, 2.08381271362304687500e+00) (31, -6.57667756080627441406e-01) (32, -5.83848834037780761719e-01) (33, -5.48666000366210937500e-01) (34, 3.78450012207031250000e+00) (35, -2.82767748832702636719e+00) (36, -9.62791144847869873047e-01) (37, -8.49083960056304931641e-01) (38, -8.90302419662475585938e-01) (39, -8.48632216453552246094e-01) (40, 2.37527966499328613281e-01) (41, 1.87142685055732727051e-01) (42, 6.72610342502593994141e-01) (43, -5.52254259586334228516e-01) (44, -7.66486942768096923828e-01) (45, -1.21356594562530517578e+00) (46, 1.81626331806182861328e+00) (47, -1.93547558784484863281e+00) (48, 7.48824656009674072266e-01) (49, -9.27783250808715820312e-01) (50, -5.81126987934112548828e-01) (51, -3.42132508754730224609e-01) (52, -5.09320080280303955078e-01) (53, 7.11584806442260742188e-01) (54, -3.15877437591552734375e-01) (55, -2.10743761062622070312e+00) (56, 1.32439696788787841797e+00) (57, -2.22315382957458496094e+00) (58, 2.38975071907043457031e+00) (59, 3.65510320663452148438e+00) (60, -1.34004980325698852539e-01) (61, -6.83444929122924804688e+00) (62, 4.55755084753036499023e-01) (63, -3.73601347208023071289e-01) (64, -9.59467887878417968750e-01) (65, -2.72119313478469848633e-01) (66, 1.08682847023010253906e+00) (67, -6.65178373456001281738e-02) (68, -1.18180644512176513672e+00) (69, 3.66841912269592285156e+00) (70, 8.60148906707763671875e-01) (71, 2.50941896438598632812e+00) (72, -3.04003715515136718750e-01) (73, 2.11965346336364746094e+00) (74, -2.78998911380767822266e-01) (75, 1.25158381462097167969e+00) (76, -4.50884771347045898438e+00) (77, -2.31636434793472290039e-01) (78, -1.04848623275756835938e+00) (79, 6.33401250839233398438e+00) (80, -2.02498269081115722656e+00) (81, 4.09972429275512695312e-01) (82, -5.38279935717582702637e-02) (83, 3.39420580863952636719e+00) (84, 2.58459568023681640625e+00) (85, -6.03623533248901367188e+00) (86, -4.22465354204177856445e-01) (87, -1.13012492656707763672e+00) (88, 1.79142248630523681641e+00) (89, 9.80358541011810302734e-01) (90, -8.31769049167633056641e-01) (91, -9.04900729656219482422e-02) (92, 2.64597415924072265625e+00) (93, 1.52485382556915283203e+00) (94, -3.88357102870941162109e-01) (95, 2.63323283195495605469e+00) (96, -2.87962257862091064453e-02) (97, -2.96487450599670410156e+00) (98, 2.45616626739501953125e+00) (99, -2.25628685951232910156e+00) (100, -3.88164013624191284180e-01) (101, 7.53441929817199707031e-01) (102, -2.59058594703674316406e-01) (103, 2.81203246116638183594e+00) (104, -5.26884198188781738281e-01) (0, -9.43110764026641845703e-01) (1, -3.28297555446624755859e-01) (2, -7.70557343959808349609e-01) (3, -2.15113425254821777344e+00) (4, 1.83349227905273437500e+00) (5, 3.08278894424438476562e+00) (6, 4.46293294429779052734e-01) (7, -2.53461718559265136719e+00) (8, 2.40043461322784423828e-01) (9, -6.22018098831176757812e-01) (10, 2.00412082672119140625e+00) (11, -5.98008990287780761719e-01) (12, 1.01468265056610107422e+00) (13, -1.06238822937011718750e+01) (14, -8.12154352664947509766e-01) (15, 1.06009292602539062500e+00) (16, 2.17256307601928710938e+00) (17, 7.73664295673370361328e-01) (18, -1.06026157736778259277e-01) (19, -8.90326678752899169922e-01) (20, -2.52104580402374267578e-01) (21, 1.83241641521453857422e+00) (22, 1.39477908611297607422e+00) (23, 1.50523626804351806641e+00) (24, 1.73921990394592285156e+00) (25, 1.54469513893127441406e+00) (26, -3.59101593494415283203e-01) (27, -2.87062495946884155273e-01) (28, 1.44720864295959472656e+00) (29, 1.43083977699279785156e+00) (30, 1.19125974178314208984e+00) (31, 5.70295333862304687500e-01) (32, 2.50986766815185546875e+00) (33, -4.64332610368728637695e-01) (34, 3.53651851415634155273e-01) (35, 7.94950008392333984375e-01) (36, -2.51017421483993530273e-01) (37, 5.52436769008636474609e-01) (38, 7.55648255348205566406e-01) (39, 5.38895189762115478516e-01) (40, -4.02375698089599609375e-01) (41, 2.94037103652954101562e+00) (42, 1.91048359870910644531e+00) (43, 1.28287279605865478516e+00) (44, 2.94643187522888183594e+00) (45, -3.96653383970260620117e-01) (46, -5.72693407535552978516e-01) (47, 8.83826911449432373047e-01) (48, 6.11785292625427246094e-01) (49, -4.68893319368362426758e-01) (50, 1.08523249626159667969e-01) (51, -9.25997436046600341797e-01) (52, -7.10418403148651123047e-01) (53, 1.81440576910972595215e-01) (54, 2.41053080558776855469e+00) (55, 4.60904926061630249023e-01) (56, 2.17252635955810546875e+00) (57, -4.52318763732910156250e+00) (58, -4.84743773937225341797e-01) (59, -2.88294863700866699219e+00) (60, 1.02515339851379394531e+00) (61, -4.42236155271530151367e-01) (62, 1.07120037078857421875e+00) (63, -9.61057066917419433594e-01) (64, -1.01461517810821533203e+00) (65, -7.45890557765960693359e-01) (66, -1.90062284469604492188e+00) (67, -1.98680412769317626953e+00) (68, -1.62180793285369873047e+00) (69, -2.54351043701171875000e+00) (70, 1.06788963079452514648e-01) (71, -9.09994125366210937500e-01) (72, -7.70913839340209960938e-01) (73, -2.92911624908447265625e+00) (74, -7.35046327114105224609e-01) (75, 1.03196710348129272461e-01) (76, 7.00789034366607666016e-01) (77, -7.94390022754669189453e-01) (78, -1.54044699668884277344e+00) (79, -4.04966592788696289062e+00) (80, 4.07968235015869140625e+00) (81, -1.79676795005798339844e+00) (82, -1.37299227714538574219e+00) (83, 1.66604268550872802734e+00) (84, -4.62128132581710815430e-01) (85, -1.23667347431182861328e+00) (86, -8.35832238197326660156e-01) (87, -7.56376743316650390625e-01) (88, 3.18920326232910156250e+00) (89, 3.61001431941986083984e-01) (90, 6.74189329147338867188e-01) (91, -8.51235449314117431641e-01) (92, 5.98422527313232421875e-01) (93, -9.74858224391937255859e-01) (94, 2.22512900829315185547e-01) (95, -9.05037105083465576172e-01) (96, -6.32654845714569091797e-01) (97, -1.01199734210968017578e+00) (98, -5.52436590194702148438e-01) (99, 1.25089597702026367188e+00) (100, -9.08782064914703369141e-01) (101, 6.69798016548156738281e-01) (102, -7.86756992340087890625e-01) (103, 2.68477940559387207031e+00) (104, 1.67887222766876220703e+00) (0, -1.84399455785751342773e-01) (1, -1.61705207824707031250e+00) (2, -5.91113507747650146484e-01) (3, -1.29404962062835693359e+00) (4, 3.92057448625564575195e-01) (5, 1.02282786369323730469e+00) (6, -1.06061613559722900391e+00) (7, -6.18642747402191162109e-01) (8, 2.82418704032897949219e+00) (9, 1.87971606850624084473e-01) (10, 2.12937995791435241699e-01) (11, 1.03268742561340332031e+00) (12, 1.84204232692718505859e+00) (13, -8.12909245491027832031e-01) (14, 6.42615482211112976074e-02) (15, -8.10714066028594970703e-01) (16, 4.67518836259841918945e-01) (17, 9.57724511623382568359e-01) (18, -4.38542693853378295898e-01) (19, -2.21311902999877929688e+00) (20, 1.35851871967315673828e+00) (21, 2.69961667060852050781e+00) (22, -1.46894538402557373047e+00) (23, -2.30542349815368652344e+00) (24, 1.12545907497406005859e+00) (25, 1.14294326305389404297e+00) (26, 1.04316985607147216797e+00) (27, 2.63988113403320312500e+00) (28, -2.51998281478881835938e+00) (29, 8.88482630252838134766e-01) (30, 7.57741451263427734375e-01) (31, 1.75801551342010498047e+00) (32, 1.80918753147125244141e+00) (33, -1.49022138118743896484e+00) (34, 3.66318154335021972656e+00) (35, -1.97763323783874511719e+00) (36, 2.08477878570556640625e+00) (37, -6.46376729011535644531e-01) (38, 1.50069832801818847656e+00) (39, -3.09587895870208740234e-01) (40, 1.72969639301300048828e+00) (41, 9.22161519527435302734e-01) (42, 1.64836680889129638672e+00) (43, -6.24808430671691894531e-01) (44, 8.63755702972412109375e-01) (45, 1.89330384135246276855e-01) (46, -1.84620344638824462891e+00) (47, 1.65952122211456298828e+00) (48, 7.52794444561004638672e-01) (49, -4.79294091463088989258e-01) (50, 1.34195879101753234863e-01) (51, 1.65608465671539306641e+00) (52, 3.45618426799774169922e-01) (53, -2.99022078514099121094e-01) (54, -9.49093759059906005859e-01) (55, 1.38587903976440429688e+00) (56, -8.65211427211761474609e-01) (57, -1.00477850437164306641e+00) (58, -2.16541719436645507812e+00) (59, 1.20743739604949951172e+00) (60, 2.01511144638061523438e+00) (61, -7.61024296283721923828e-01) (62, -6.88018649816513061523e-02) (63, -8.27915072441101074219e-01) (64, -6.99828803539276123047e-01) (65, 3.67792785167694091797e-01) (66, -1.08568823337554931641e+00) (67, 3.38208049535751342773e-01) (68, -1.41803395748138427734e+00) (69, -7.41184890270233154297e-01) (70, 1.86063516139984130859e+00) (71, 2.02082967758178710938e+00) (72, 1.33102512359619140625e+00) (73, -8.77994000911712646484e-01) (74, 1.26191759109497070312e+00) (75, 2.36288934946060180664e-01) (76, -7.57902503013610839844e-01) (77, 1.54760468006134033203e+00) (78, 3.95172178745269775391e-01) (79, -6.29523098468780517578e-01) (80, -1.32850706577301025391e+00) (81, 1.92234262824058532715e-01) (82, 2.98391699790954589844e-01) (83, -7.00237929821014404297e-01) (84, -8.12239229679107666016e-01) (85, -1.84247028827667236328e+00) (86, -7.29775965213775634766e-01) (87, -7.01631784439086914062e-01) (88, -1.10262191295623779297e+00) (89, -1.17955338954925537109e+00) (90, -7.54143178462982177734e-01) (91, 1.21651637554168701172e+00) (92, 6.18343651294708251953e-01) (93, 1.80597200989723205566e-01) (94, -6.72238409519195556641e-01) (95, -2.01245784759521484375e+00) (96, -2.70111709833145141602e-01) (97, 4.11090403795242309570e-01) (98, 4.49246436357498168945e-01) (99, -6.46972358226776123047e-01) (100, -8.31952333450317382812e-01) (101, 4.28951710462570190430e-01) (102, -4.42448586225509643555e-01) (103, 2.63730645179748535156e+00) (104, 2.63345170021057128906e+00) (0, 7.20403194427490234375e-01) (1, 5.65147936344146728516e-01) (2, 1.05015766620635986328e+00) (3, 1.84666168689727783203e+00) (4, 5.91817796230316162109e-01) (5, -1.91153669357299804688e+00) (6, 1.03850245475769042969e+00) (7, 4.64224249124526977539e-01) (8, 5.62802553176879882812e-01) (9, 1.56074047088623046875e+00) (10, -4.78826522827148437500e-01) (11, -3.05725169181823730469e+00) (12, 1.08629190921783447266e+00) (13, 6.39861774444580078125e+00) (14, -7.94095516204833984375e-01) (15, 8.49672973155975341797e-01) (16, 5.94159841537475585938e-01) (17, 8.56301724910736083984e-01) (18, 2.07959365844726562500e+00) (19, -1.30203533172607421875e+00) (20, -7.80123054981231689453e-01) (21, -4.75978821516036987305e-01) (22, -8.34222853183746337891e-01) (23, -5.52788317203521728516e-01) (24, -9.09782826900482177734e-01) (25, 4.24691468477249145508e-01) (26, -1.00335466861724853516e+00) (27, 1.83491140604019165039e-01) (28, 7.42867946624755859375e-01) (29, -1.27288475632667541504e-01) (30, -8.83802711963653564453e-01) (31, 1.43575716018676757812e+00) (32, 1.27033269405364990234e+00) (33, -6.86379134654998779297e-01) (34, -2.02121710777282714844e+00) (35, -8.97488832473754882812e-01) (36, 1.05681622028350830078e+00) (37, -4.80068862438201904297e-01) (38, 8.20973142981529235840e-02) (39, 2.08963975310325622559e-01) (40, 1.10594712197780609131e-01) (41, 2.30285763740539550781e+00) (42, -2.74320542812347412109e-01) (43, -1.52568352222442626953e+00) (44, -1.54085290431976318359e+00) (45, -1.12027120590209960938e+00) (46, -8.12517404556274414062e-01) (47, -5.34929394721984863281e-01) (48, -6.60537421703338623047e-01) (49, -7.99416244029998779297e-01) (50, -1.58676469326019287109e+00) (51, -3.31330358982086181641e-01) (52, -2.33725860714912414551e-01) (53, 7.01643228530883789062e-01) (54, -3.45006674528121948242e-01) (55, -3.79149270057678222656e+00) (56, 6.97722017765045166016e-01) (57, 1.64365112781524658203e+00) (58, -2.36262893304228782654e-03) (59, -2.42995786666870117188e+00) (60, 1.20041000843048095703e+00) (61, 1.94668591022491455078e+00) (62, 2.22905978560447692871e-01) (63, -4.90768462419509887695e-01) (64, -5.83695590496063232422e-01) (65, -5.37179529666900634766e-01) (66, -2.08972692489624023438e+00) (67, -1.60583734512329101562e+00) (68, -3.22942042350769042969e+00) (69, 1.19396007061004638672e+00) (70, 8.31170916557312011719e-01) (71, 2.41104698181152343750e+00) (72, 7.66939461231231689453e-01) (73, 1.16789746284484863281e+00) (74, 8.15230309963226318359e-01) (75, 3.25867438316345214844e+00) (76, 5.98878920078277587891e-01) (77, 7.85195589065551757812e-01) (78, 2.38812422752380371094e+00) (79, -4.06606465578079223633e-01) (80, -1.15202128887176513672e+00) (81, -1.98085415363311767578e+00) (82, -4.73623663187026977539e-01) (83, -9.07561779022216796875e-01) (84, 1.78442704677581787109e+00) (85, -1.59477174282073974609e+00) (86, 7.14001178741455078125e-01) (87, 2.63003087043762207031e+00) (88, -1.41185390949249267578e+00) (89, -2.30626487731933593750e+00) (90, -2.82812148332595825195e-01) (91, -1.54960572719573974609e-01) (92, -1.53838217258453369141e+00) (93, 2.88324904441833496094e+00) (94, 3.38162183761596679688e-02) (95, 2.52013373374938964844e+00) (96, 1.89760935306549072266e+00) (97, 1.09105491638183593750e+00) (98, 6.80552780628204345703e-01) (99, -9.60886299610137939453e-01) (100, -1.97015807032585144043e-01) (101, 1.72641205787658691406e+00) (102, -1.14085793495178222656e+00) (103, 3.76597237586975097656e+00) (104, 3.17840158939361572266e-01) (0, -2.61309490203857421875e+01) (1, 3.78613591194152832031e-01) (2, -1.01098299026489257812e+00) (3, -1.87706695556640625000e+02) (4, -1.39171594238281250000e+03) (5, -1.27439057826995849609e+00) (6, 1.85056269168853759766e+00) (7, 1.50000000000000000000e+03) (8, 1.50000000000000000000e+03) (9, 1.85074472427368164062e+00) (10, -3.63938570022583007812e-01) (11, -4.97238969802856445312e+00) (12, 1.82064163684844970703e+00) (13, -1.52394533157348632812e+00) (14, 1.75552785396575927734e+00) (15, -1.09078538417816162109e+00) (16, -5.30679702758789062500e-01) (17, -9.55972433090209960938e-01) (18, -6.78949296474456787109e-01) (19, 4.47282679378986358643e-02) (20, -4.67072278261184692383e-01) (21, 2.34786367416381835938e+00) (22, -7.16135144233703613281e-01) (23, -5.25737762451171875000e-01) (24, -6.20904266834259033203e-01) (25, 2.25557351112365722656e+00) (26, -6.30311250686645507812e-01) (27, -4.46753323078155517578e-01) (28, 2.34541440010070800781e+00) (29, -1.04227268695831298828e+00) (30, -5.51675558090209960938e-01) (31, -6.82305574417114257812e-01) (32, -5.83011567592620849609e-01) (33, -4.35024321079254150391e-01) (34, -1.01814746856689453125e+00) (35, -1.18427407741546630859e+00) (36, -7.12834954261779785156e-01) (37, -1.50000000000000000000e+03) (38, -6.30451202392578125000e-01) (39, -7.57635414600372314453e-01) (40, 3.12771916389465332031e-01) (41, -1.49946948242187500000e+03) (42, -7.98041641712188720703e-01) (43, -1.04398667812347412109e+00) (44, -1.08400774002075195312e+00) (45, -1.49902856445312500000e+03) (46, -1.50000000000000000000e+03) (47, -1.00974643230438232422e+00) (48, 2.35331743955612182617e-01) (49, -6.46499693393707275391e-01) (50, -5.36505554199218750000e+02) (51, -1.02124440670013427734e+00) (52, -1.50000000000000000000e+03) (53, -1.23098349571228027344e+00) (54, -1.49719970703125000000e+03) (55, -1.34203803539276123047e+00) (56, -8.62197399139404296875e-01) (57, -1.50000000000000000000e+03) (58, -1.50000000000000000000e+03) (59, -1.50000000000000000000e+03) (60, -1.50000000000000000000e+03) (61, -1.50000000000000000000e+03) (62, 1.93114936351776123047e+00) (63, -1.50000000000000000000e+03) (64, -1.50000000000000000000e+03) (65, -1.50000000000000000000e+03) (66, -1.50000000000000000000e+03) (67, -1.49679272460937500000e+03) (68, -7.84396111965179443359e-01) (69, -9.97614741325378417969e-01) (70, -9.40448999404907226562e-01) (71, -7.58035182952880859375e-01) (72, -1.10152363777160644531e+00) (73, -9.91712689399719238281e-01) (74, -9.40598011016845703125e-01) (75, -1.50000000000000000000e+03) (76, -1.49636975097656250000e+03) (77, -7.75752961635589599609e-01) (78, -9.18900609016418457031e-01) (79, -1.50000000000000000000e+03) (80, -1.50000000000000000000e+03) (81, -9.43804502487182617188e-01) (82, -8.80675494670867919922e-01) (83, -8.72732543945312500000e+02) (84, -9.85030531883239746094e-01) (85, -8.38123500347137451172e-01) (86, -8.15422117710113525391e-01) (87, -7.63534784317016601562e-01) (88, -1.50000000000000000000e+03) (89, -9.77095663547515869141e-01) (90, -7.95754849910736083984e-01) (91, -8.54640364646911621094e-01) (92, -8.14941585063934326172e-01) (93, -8.63914191722869873047e-01) (94, -9.10458147525787353516e-01) (95, -9.31467652320861816406e-01) (96, -7.39003181457519531250e-01) (97, -7.71028280258178710938e-01) (98, -1.50000000000000000000e+03) (99, -7.85552561283111572266e-01) (100, -8.44201624393463134766e-01) (101, -7.45498239994049072266e-01) (102, -2.31698560714721679688e+00) (103, 5.18590641021728515625e+00) (104, 2.67951893806457519531e+00) (0, 1.01277768611907958984e+00) (1, -7.08759784698486328125e-01) (2, -7.37786650657653808594e-01) (3, 4.74137932062149047852e-01) (4, 4.51312392950057983398e-01) (5, -8.07063865661621093750e+00) (6, 4.66257244348526000977e-01) (7, -4.91152286529541015625e+00) (8, -3.50898766517639160156e+00) (9, -8.56194078922271728516e-01) (10, -6.06703281402587890625e-01) (11, -2.63661384582519531250e-01) (12, -5.53111970424652099609e-01) (13, 3.61191129684448242188e+00) (14, 2.00553488731384277344e+00) (15, -5.53600490093231201172e-01) (16, 1.56273722648620605469e+00) (17, 1.94051790237426757812e+00) (18, -6.78043782711029052734e-01) (19, 2.05733346939086914062e+00) (20, -2.92328298091888427734e-01) (21, 2.58601665496826171875e+00) (22, -1.69019949436187744141e+00) (23, -1.39132034778594970703e+00) (24, -7.24299907684326171875e-01) (25, -5.29982900619506835938e+00) (26, -3.44027101993560791016e-01) (27, -3.13164174556732177734e-01) (28, -1.58816599845886230469e+00) (29, -1.53900414705276489258e-01) (30, 2.19548916816711425781e+00) (31, 3.85006403923034667969e+00) (32, 2.23933076858520507812e+00) (33, -2.10424885153770446777e-01) (34, 4.85059767961502075195e-01) (35, 4.33233642578125000000e+00) (36, 1.23860943317413330078e+00) (37, -2.14947275817394256592e-02) (38, 1.23193025588989257812e+00) (39, -4.22028928995132446289e-01) (40, -5.63644766807556152344e-01) (41, -1.78825771808624267578e+00) (42, 4.23921704292297363281e-01) (43, -3.30413162708282470703e-01) (44, -3.50461721420288085938e-01) (45, -1.49650061130523681641e+00) (46, 3.24141955375671386719e+00) (47, 2.31608700752258300781e+00) (48, 4.88107633590698242188e+00) (49, -6.15983724594116210938e-01) (50, -3.92936438322067260742e-01) (51, 3.11687469482421875000e-01) (52, 2.30303645133972167969e+00) (53, -2.92330956459045410156e+00) (54, -6.18361413478851318359e-01) (55, 3.63118767738342285156e+00) (56, -7.75917887687683105469e-01) (57, -5.70704519748687744141e-01) (58, 9.96192395687103271484e-02) (59, 7.14302003383636474609e-01) (60, 4.99015539884567260742e-01) (61, 1.09987831115722656250e+00) (62, -5.37061512470245361328e-01) (63, -7.79532074928283691406e-01) (64, -5.61635056510567665100e-03) (65, 3.96492004394531250000e-01) (66, -3.68343734741210937500e+00) (67, 3.00166940689086914062e+00) (68, -1.45517313480377197266e+00) (69, 3.25338095426559448242e-01) (70, 3.49229574203491210938e-01) (71, 2.73996520042419433594e+00) (72, -6.79379343986511230469e-01) (73, -4.85674798488616943359e-01) (74, 3.60747069120407104492e-01) (75, 2.87983328104019165039e-01) (76, 2.91917371749877929688e+00) (77, -6.70096993446350097656e-01) (78, -1.71857142448425292969e+00) (79, 2.08850693702697753906e+00) (80, -6.06439352035522460938e-01) (81, -7.51147925853729248047e-01) (82, -1.12135028839111328125e+00) (83, -1.46420121192932128906e+00) (84, 1.13659060001373291016e+00) (85, -1.78973937034606933594e+00) (86, -6.52893245220184326172e-01) (87, -5.68228960037231445312e-01) (88, -7.74985611438751220703e-01) (89, 1.39878213405609130859e+00) (90, -7.30730116367340087891e-01) (91, -1.12525463104248046875e+00) (92, 3.09220027923583984375e+00) (93, -1.97670924663543701172e+00) (94, 4.36899513006210327148e-01) (95, 1.79368114471435546875e+00) (96, -5.11871099472045898438e-01) (97, 1.80802714824676513672e+00) (98, 1.71461892127990722656e+00) (99, 1.37387704849243164062e+00) (100, -5.77928125858306884766e-01) (101, 2.11140727996826171875e+00) (102, -4.02358740568161010742e-01) (103, 2.76720786094665527344e+00) (104, 2.42134618759155273438e+00) (0, -1.23387390136718750000e+02) (1, -1.09078383445739746094e+00) (2, -8.79721820354461669922e-01) (3, -4.30511817932128906250e+01) (4, -2.25998046875000000000e+02) (5, -2.72829699516296386719e+00) (6, 7.08314716815948486328e-01) (7, -1.14229125976562500000e+02) (8, 3.16074218750000000000e+02) (9, 8.33553493022918701172e-01) (10, -1.72422558069229125977e-01) (11, -5.57985591888427734375e+00) (12, 7.80399501323699951172e-01) (13, -7.45743274688720703125e-01) (14, 6.08249902725219726562e-01) (15, 6.04113399982452392578e-01) (16, 9.13788974285125732422e-01) (17, -1.06364417076110839844e+00) (18, -5.95697045326232910156e-01) (19, -6.27173706889152526855e-02) (20, -4.69413399696350097656e-01) (21, 5.53452968597412109375e+00) (22, 8.61136138439178466797e-01) (23, 1.10417103767395019531e+00) (24, 1.21069836616516113281e+00) (25, 1.34341204166412353516e+00) (26, 8.58044564723968505859e-01) (27, 1.09511315822601318359e+00) (28, 1.31747972965240478516e+00) (29, 2.72111058235168457031e-01) (30, 1.07367897033691406250e+00) (31, 9.59500253200531005859e-01) (32, 1.04939138889312744141e+00) (33, 1.24328124523162841797e+00) (34, 9.93922293186187744141e-01) (35, -1.60740435123443603516e+00) (36, -7.68964111804962158203e-01) (37, -6.50762319564819335938e-01) (38, -7.63765692710876464844e-01) (39, 9.66313779354095458984e-01) (40, -6.64313256740570068359e-01) (41, -3.13656711578369140625e+00) (42, -8.22280943393707275391e-01) (43, -9.35292541980743408203e-01) (44, -1.01220595836639404297e+00) (45, -9.03949022293090820312e-01) (46, -1.06743383407592773438e+00) (47, 5.54612040519714355469e-01) (48, 4.92962150573730468750e+01) (49, -6.07304513454437255859e-01) (50, -1.32418715953826904297e+00) (51, -1.00061559677124023438e+00) (52, -1.28424274921417236328e+00) (53, -1.07598006725311279297e+00) (54, -1.30915021896362304688e+00) (55, -1.23245191574096679688e+00) (56, -4.40458238124847412109e-01) (57, -1.01323187351226806641e+00) (58, -7.08563423156738281250e+00) (59, 8.02875995635986328125e-01) (60, -8.81342232227325439453e-01) (61, -7.89672076702117919922e-01) (62, 8.73074173927307128906e-01) (63, -1.11478054523468017578e+00) (64, -1.11040973663330078125e+00) (65, -8.47441017627716064453e-01) (66, -1.04146814346313476562e+00) (67, -9.53461229801177978516e-01) (68, -8.45679223537445068359e-01) (69, -9.81040000915527343750e-01) (70, -8.51755380630493164062e-01) (71, 8.64945411682128906250e-01) (72, -9.24798667430877685547e-01) (73, -7.09656238555908203125e-01) (74, -8.12352240085601806641e-01) (75, -1.63483417034149169922e+00) (76, -1.33468704223632812500e+02) (77, -8.96063804626464843750e-01) (78, -7.74205744266510009766e-01) (79, -1.00855588912963867188e+00) (80, -1.14411807060241699219e+00) (81, -7.90622413158416748047e-01) (82, -7.68556892871856689453e-01) (83, -8.55394721031188964844e-01) (84, -9.84069287776947021484e-01) (85, -8.00866603851318359375e-01) (86, -9.75991666316986083984e-01) (87, -7.66466081142425537109e-01) (88, -1.18522155284881591797e+00) (89, -8.96020591259002685547e-01) (90, -9.57703769207000732422e-01) (91, -8.38554143905639648438e-01) (92, -8.17284882068634033203e-01) (93, -7.09625422954559326172e-01) (94, -8.84976863861083984375e-01) (95, -7.57324457168579101562e-01) (96, 9.05224621295928955078e-01) (97, -7.99329280853271484375e-01) (98, -8.50882530212402343750e-01) (99, -7.76532530784606933594e-01) (100, -8.40909242630004882812e-01) (101, -8.14198255538940429688e-01) (102, -2.24659085273742675781e+00) (103, 5.22718811035156250000e+00) (104, 1.06868433952331542969e+00) (0, 3.19441199302673339844e-01) (1, -1.90142464637756347656e+00) (2, 2.87188863754272460938e+00) (3, 2.29631376266479492188e+00) (4, -6.43055975437164306641e-01) (5, 3.85390591621398925781e+00) (6, -3.83889055252075195312e+00) (7, -2.57841348648071289062e+00) (8, 4.07629776000976562500e+00) (9, 2.46035909652709960938e+00) (10, -3.79457443952560424805e-01) (11, -3.56444525718688964844e+00) (12, 2.82766795158386230469e+00) (13, 8.93864989280700683594e-01) (14, 7.31124341487884521484e-01) (15, 2.32551383972167968750e+00) (16, -4.10212099552154541016e-01) (17, -9.14637029170989990234e-01) (18, 9.29721370339393615723e-02) (19, -1.60218441486358642578e+00) (20, -6.28646373748779296875e-01) (21, 2.34573817253112792969e+00) (22, 1.33937323093414306641e+00) (23, 6.18740260601043701172e-01) (24, 1.04554498195648193359e+00) (25, -1.80192816257476806641e+00) (26, -3.47993826866149902344e+00) (27, -2.38404178619384765625e+00) (28, 4.26291990280151367188e+00) (29, -5.80709218978881835938e+00) (30, 8.17225337028503417969e-01) (31, 1.85878169536590576172e+00) (32, -6.74968302249908447266e-01) (33, 1.40405809879302978516e+00) (34, 3.55317020416259765625e+00) (35, -5.26895523071289062500e-02) (36, 9.82064187526702880859e-01) (37, -4.64813679456710815430e-01) (38, -1.97733029723167419434e-01) (39, -4.22177314758300781250e-01) (40, 9.77970063686370849609e-01) (41, 3.67409706115722656250e-01) (42, -8.48115980625152587891e-01) (43, 2.09913754463195800781e+00) (44, -1.28886389732360839844e+00) (45, 4.13948106765747070312e+00) (46, 2.65716958045959472656e+00) (47, 3.41248941421508789062e+00) (48, -3.02849322557449340820e-01) (49, 1.49220311641693115234e+00) (50, 3.45033836364746093750e+00) (51, 2.80305653810501098633e-01) (52, -2.59877473115921020508e-01) (53, -1.23433721065521240234e+00) (54, 6.88745021820068359375e-01) (55, 5.37151217460632324219e-01) (56, -1.41427779197692871094e+00) (57, 2.87269175052642822266e-01) (58, 9.65365886688232421875e-01) (59, 1.55562138557434082031e+00) (60, 5.11164724826812744141e-01) (61, -1.00156021118164062500e+00) (62, 4.06379938125610351562e-01) (63, -6.92396521568298339844e-01) (64, -2.91170620918273925781e+00) (65, -2.59240818023681640625e+00) (66, -1.10948860645294189453e+00) (67, -7.61479616165161132812e-01) (68, -9.51095879077911376953e-01) (69, 4.19239133596420288086e-01) (70, 7.31875121593475341797e-01) (71, 1.07984936237335205078e+00) (72, 2.47674107551574707031e+00) (73, -1.21950590610504150391e+00) (74, -1.74726927280426025391e+00) (75, 1.94758427143096923828e+00) (76, -8.86878788471221923828e-01) (77, -3.01418018341064453125e+00) (78, -9.30294871330261230469e-01) (79, 7.55522906780242919922e-01) (80, -9.82649683952331542969e-01) (81, -9.20504748821258544922e-01) (82, -1.25158441066741943359e+00) (83, 4.77246195077896118164e-01) (84, -5.49738526344299316406e-01) (85, -1.26232612133026123047e+00) (86, 8.11324238777160644531e-01) (87, 9.87534403800964355469e-01) (88, -1.07167446613311767578e+00) (89, 2.39918410778045654297e-01) (90, 4.30481314659118652344e-01) (91, 9.61674690246582031250e-01) (92, -6.95056200027465820312e-01) (93, -2.08028411865234375000e+00) (94, 1.00990188121795654297e+00) (95, -8.01458597183227539062e-01) (96, -8.51237535476684570312e-01) (97, 1.12472367286682128906e+00) (98, 2.56861948966979980469e+00) (99, -5.23920834064483642578e-01) (100, -7.87809967994689941406e-01) (101, -6.26620829105377197266e-01) (102, 1.51280081272125244141e+00) (103, 1.23333048820495605469e+00) (104, 2.81626749038696289062e+00) (0, 7.60757017135620117188e+00) (1, 7.36499965190887451172e-01) (2, 2.95603096485137939453e-01) (3, 5.93667030334472656250e-01) (4, 3.72071295976638793945e-01) (5, 1.48324656486511230469e+00) (6, 6.60080909729003906250e-01) (7, -1.59436032176017761230e-01) (8, -1.01244771480560302734e+00) (9, -2.87944227457046508789e-01) (10, -1.33755028247833251953e+00) (11, 2.52762377262115478516e-01) (12, 1.22175681591033935547e+00) (13, 1.49013042449951171875e+00) (14, -3.69930088520050048828e-01) (15, 2.17901158332824707031e+00) (16, 1.41196131706237792969e+00) (17, -3.00700283050537109375e+00) (18, -4.20449912548065185547e-01) (19, -5.41318356990814208984e-01) (20, -1.36270356178283691406e+00) (21, 2.77558135986328125000e+00) (22, 6.17568254470825195312e-01) (23, -1.53042376041412353516e-01) (24, 1.60517668724060058594e+00) (25, 6.78068757057189941406e-01) (26, -5.46706795692443847656e-01) (27, 1.60813081264495849609e+00) (28, 6.21379494667053222656e-01) (29, 1.62830936908721923828e+00) (30, 7.30413317680358886719e-01) (31, -1.05515408515930175781e+00) (32, 1.63274729251861572266e+00) (33, -1.12687027454376220703e+00) (34, 7.12362587451934814453e-01) (35, 1.67159843444824218750e+00) (36, -1.09031867980957031250e+00) (37, -1.02114474773406982422e+00) (38, -1.12023901939392089844e+00) (39, 8.91753584146499633789e-02) (40, 5.03271996974945068359e-01) (41, -1.59859073162078857422e+00) (42, -5.44628977775573730469e-01) (43, -4.48267340660095214844e-01) (44, 1.06801056861877441406e+00) (45, -9.41650509834289550781e-01) (46, -8.36613595485687255859e-01) (47, -8.52470576763153076172e-01) (48, -1.01563858985900878906e+00) (49, -9.14553284645080566406e-01) (50, -4.74133968353271484375e-01) (51, -4.11270260810852050781e-01) (52, -5.62815189361572265625e-01) (53, -5.17156481742858886719e-01) (54, 1.13936018943786621094e+00) (55, -5.67172050476074218750e-01) (56, 2.03042364120483398438e+00) (57, 3.31318855285644531250e+00) (58, -8.27280223369598388672e-01) (59, 1.13292384147644042969e+00) (60, -5.13036966323852539062e-01) (61, 2.39087367057800292969e+00) (62, 3.95953565835952758789e-01) (63, -6.43877446651458740234e-01) (64, 1.53105604648590087891e+00) (65, -5.57673931121826171875e-01) (66, 2.00431156158447265625e+00) (67, 8.33314538002014160156e-01) (68, 1.50771462917327880859e+00) (69, 1.04955196380615234375e+00) (70, -6.13459587097167968750e-01) (71, -4.08735662698745727539e-01) (72, -5.89666068553924560547e-01) (73, -3.31373661756515502930e-02) (74, -5.05625426769256591797e-01) (75, -7.97617018222808837891e-01) (76, 1.67129471898078918457e-01) (77, -6.24780952930450439453e-01) (78, 1.13267433643341064453e+00) (79, -2.53111410140991210938e+00) (80, 3.16518485546112060547e-01) (81, 1.07667736709117889404e-01) (82, 1.34414684772491455078e+00) (83, -4.08972501754760742188e-01) (84, -5.71539402008056640625e-01) (85, 1.40623474121093750000e+00) (86, -5.77299237251281738281e-01) (87, -4.54192698001861572266e-01) (88, -1.24834465980529785156e+00) (89, -1.46215009689331054688e+00) (90, 4.18599903583526611328e-01) (91, -5.63019216060638427734e-01) (92, 6.33289575576782226562e-01) (93, 1.13517034053802490234e+00) (94, -5.72448551654815673828e-01) (95, -5.80870926380157470703e-01) (96, -3.58711332082748413086e-01) (97, -1.08288955688476562500e+00) (98, -1.34713757038116455078e+00) (99, -6.19915902614593505859e-01) (100, -6.21875882148742675781e-01) (101, 8.68787288665771484375e-01) (102, -1.80838322639465332031e+00) (103, 4.84871959686279296875e+00) (104, 2.44862127304077148438e+00) (0, 6.75854396820068359375e+00) (1, 6.65079450607299804688e+00) (2, -9.54708814620971679688e-01) (3, -4.71987247467041015625e-01) (4, 4.29131574928760528564e-02) (5, -5.42589724063873291016e-01) (6, 1.91136991977691650391e+00) (7, 1.95990407466888427734e+00) (8, -3.20259153842926025391e-01) (9, -8.85683298110961914062e-01) (10, 6.42350548878312110901e-03) (11, -9.26435470581054687500e-01) (12, 1.80608630180358886719e+00) (13, 2.62229275703430175781e+00) (14, 1.79184234142303466797e+00) (15, -1.13373398780822753906e+00) (16, 2.20174765586853027344e+00) (17, -1.08920788764953613281e+00) (18, -6.72640919685363769531e-01) (19, -1.63786709308624267578e-01) (20, 1.07970619201660156250e+00) (21, 2.97226643562316894531e+00) (22, 2.14623832702636718750e+00) (23, -6.10392749309539794922e-01) (24, -4.87541466951370239258e-01) (25, 3.10624808073043823242e-01) (26, -1.36271059513092041016e+00) (27, -5.80937683582305908203e-01) (28, 2.23234367370605468750e+00) (29, -1.74538822174072265625e+01) (30, -5.48103511333465576172e-01) (31, -3.89716911315917968750e+01) (32, -3.77457022666931152344e+00) (33, 2.27067780494689941406e+00) (34, -8.95066547393798828125e+00) (35, -8.81817016601562500000e+01) (36, -7.89307212829589843750e+00) (37, -6.74035024642944335938e+00) (38, -6.07316136360168457031e-01) (39, -5.91648817062377929688e-01) (40, -2.57155685424804687500e+01) (41, -6.03755176067352294922e-01) (42, -9.21074487268924713135e-03) (43, -1.09874427318572998047e+00) (44, -2.97910761833190917969e+00) (45, -3.32846307754516601562e+00) (46, -7.23487555980682373047e-01) (47, -5.50727024674415588379e-02) (48, -9.55361251831054687500e+01) (49, -5.47206521034240722656e-01) (50, -1.70845913887023925781e+00) (51, -4.87733459472656250000e+00) (52, -1.21546697616577148438e+00) (53, -4.32903051376342773438e-01) (54, 2.30550479888916015625e+00) (55, 1.74120932817459106445e-01) (56, 5.69261372089385986328e-01) (57, -1.03088915348052978516e+00) (58, 1.48523300886154174805e-01) (59, -1.08295917510986328125e+00) (60, -1.05237209796905517578e+00) (61, -9.83981311321258544922e-01) (62, 1.85730206966400146484e+00) (63, -1.22803628444671630859e+00) (64, -2.20590972900390625000e+00) (65, 4.18383516371250152588e-02) (66, -8.81676495075225830078e-01) (67, -1.08137559890747070312e+00) (68, -9.62506711483001708984e-01) (69, -8.85220706462860107422e-01) (70, 9.47367493063211441040e-03) (71, -9.42992985248565673828e-01) (72, -1.07754886150360107422e+00) (73, -3.88589763641357421875e+00) (74, -1.03842878341674804688e+00) (75, -1.03276956081390380859e+00) (76, -5.23084521293640136719e-01) (77, 1.21149495244026184082e-01) (78, -9.84426617622375488281e-01) (79, -1.14874470233917236328e+00) (80, -3.97449660301208496094e+00) (81, -1.15004622936248779297e+00) (82, -9.40357506275177001953e-01) (83, -2.06752920150756835938e+00) (84, -1.28167283535003662109e+00) (85, -1.01007235050201416016e+00) (86, -1.03164124488830566406e+00) (87, -9.70588624477386474609e-01) (88, -1.78740346431732177734e+00) (89, -1.39635574817657470703e+00) (90, -1.00283491611480712891e+00) (91, -1.06892251968383789062e+00) (92, -9.21158432960510253906e-01) (93, -8.42890322208404541016e-01) (94, -9.65585231781005859375e-01) (95, -9.04462158679962158203e-01) (96, -2.58557295799255371094e+00) (97, -9.60737764835357666016e-01) (98, -1.11889469623565673828e+00) (99, -9.57551598548889160156e-01) (100, -9.19489622116088867188e-01) (101, -8.80060374736785888672e-01) (102, -2.49829888343811035156e+00) (103, 5.34409856796264648438e+00) (104, 2.83059406280517578125e+00) (0, 2.01502418518066406250e+00) (1, -7.30294764041900634766e-01) (2, 2.31168413162231445312e+00) (3, 1.68514192104339599609e-01) (4, 1.56924113631248474121e-01) (5, 7.46300876140594482422e-01) (6, -3.21972221136093139648e-02) (7, 2.41412863135337829590e-01) (8, 5.83316504955291748047e-01) (9, -8.15273106098175048828e-01) (10, 1.74845349788665771484e+00) (11, 2.73082017898559570312e-01) (12, 8.45917165279388427734e-01) (13, 2.92143285274505615234e-01) (14, 1.10280120372772216797e+00) (15, 1.05402123928070068359e+00) (16, 1.53370034694671630859e+00) (17, 1.02210783958435058594e+00) (18, -5.00610947608947753906e-01) (19, 5.57554543018341064453e-01) (20, 2.99182292073965072632e-02) (21, 1.33974719047546386719e+00) (22, -5.02127647399902343750e-01) (23, -2.94311493635177612305e-01) (24, 2.03955221176147460938e+00) (25, 7.71228611469268798828e-01) (26, 4.56373304128646850586e-01) (27, -3.53457510471343994141e-01) (28, 1.42688989639282226562e+00) (29, -4.26471441984176635742e-01) (30, -5.82819283008575439453e-01) (31, -9.01591062545776367188e-01) (32, -3.88756424188613891602e-01) (33, 2.11634367704391479492e-01) (34, 6.74236416816711425781e-02) (35, -4.57418590784072875977e-01) (36, 9.92117345333099365234e-01) (37, 1.33073556423187255859e+00) (38, -4.96369898319244384766e-01) (39, -6.01635217666625976562e-01) (40, -1.36588430404663085938e+00) (41, -1.27008962631225585938e+00) (42, 1.34531527757644653320e-01) (43, -6.49422883987426757812e-01) (44, -1.75939202308654785156e-02) (45, -4.92377668619155883789e-01) (46, -8.90669107437133789062e-01) (47, -8.98648083209991455078e-01) (48, 5.04755926132202148438e+00) (49, -5.41204452514648437500e-01) (50, 1.87482029199600219727e-01) (51, -7.85511076450347900391e-01) (52, -1.07354068756103515625e+00) (53, -2.05773067474365234375e+00) (54, -6.07684254646301269531e-01) (55, -2.69093251228332519531e+00) (56, -8.10624659061431884766e-01) (57, 2.01119470596313476562e+00) (58, 9.68220770359039306641e-01) (59, -4.78865027427673339844e-01) (60, -6.79668009281158447266e-01) (61, 4.59465831518173217773e-01) (62, 1.20378232002258300781e+00) (63, -6.11383795738220214844e-01) (64, 9.41472947597503662109e-01) (65, 8.70609283447265625000e-01) (66, -3.05817127227783203125e-01) (67, -1.91158473491668701172e-01) (68, 2.46367957442998886108e-02) (69, 7.87462055683135986328e-01) (70, -9.12341892719268798828e-01) (71, -7.51171529293060302734e-01) (72, -1.11046874523162841797e+00) (73, -1.78662085533142089844e+00) (74, -5.87343096733093261719e-01) (75, 1.70503437519073486328e-01) (76, 2.89385461807250976562e+00) (77, -8.41412544250488281250e-01) (78, 3.19704532623291015625e-01) (79, -7.39213705062866210938e-01) (80, -1.05880880355834960938e+00) (81, 1.23781991004943847656e+00) (82, -9.61872518062591552734e-01) (83, 1.24625658988952636719e+00) (84, -1.79523086547851562500e+00) (85, 7.18092203140258789062e-01) (86, -6.40140473842620849609e-01) (87, 1.04235219955444335938e+00) (88, -1.83243632316589355469e+00) (89, 1.31705844402313232422e+00) (90, -1.01483500003814697266e+00) (91, -1.57906246185302734375e+00) (92, -7.11644113063812255859e-01) (93, 5.48567473888397216797e-01) (94, -6.80312156677246093750e-01) (95, -7.55556225776672363281e-01) (96, -2.43808865547180175781e-01) (97, -7.11777508258819580078e-01) (98, 6.93525373935699462891e-01) (99, -1.18227720260620117188e+00) (100, -8.02435874938964843750e-01) (101, 4.79217559099197387695e-01) (102, -7.90292143821716308594e-01) (103, 2.84390568733215332031e+00) (104, 2.35756349563598632812e+00) (0, -5.12571001052856445312e+00) (1, -1.14271557331085205078e+00) (2, -7.38441109657287597656e-01) (3, -1.05540359020233154297e+00) (4, -9.18935716152191162109e-01) (5, -8.36939156055450439453e-01) (6, -6.65034174919128417969e-01) (7, 1.50897419452667236328e+00) (8, -3.10047715902328491211e-01) (9, 2.03942179679870605469e+00) (10, -8.14429283142089843750e-01) (11, 1.44766175746917724609e+00) (12, -7.59527504444122314453e-01) (13, 8.30750763416290283203e-01) (14, 8.27171623706817626953e-01) (15, -8.75214457511901855469e-01) (16, 2.96804785728454589844e-01) (17, -8.45853745937347412109e-01) (18, -4.37359839677810668945e-01) (19, -8.45536649227142333984e-01) (20, 9.45635914802551269531e-01) (21, 2.03909134864807128906e+00) (22, -4.39309448003768920898e-01) (23, -5.38079857826232910156e-01) (24, -2.60356426239013671875e+00) (25, -1.24287486076354980469e-01) (26, -1.54081857204437255859e+00) (27, -3.83449524641036987305e-01) (28, 2.01708197593688964844e+00) (29, -5.64425230026245117188e-01) (30, 2.73830980062484741211e-01) (31, -4.50805336236953735352e-01) (32, -3.07198286056518554688e-01) (33, 1.30338764190673828125e+00) (34, 5.66074609756469726562e-01) (35, -3.83531093597412109375e-01) (36, -4.35558497905731201172e-01) (37, 2.45998764038085937500e+00) (38, -3.55995714664459228516e-01) (39, -3.68795335292816162109e-01) (40, 8.73309850692749023438e-01) (41, 2.97384768724441528320e-01) (42, -7.62609124183654785156e-01) (43, 2.59131073951721191406e+00) (44, 7.65216708183288574219e-01) (45, 2.14378404617309570312e+00) (46, 2.68753910064697265625e+00) (47, 1.83020675182342529297e+00) (48, 6.22333407402038574219e-01) (49, -2.88665175437927246094e-01) (50, 1.98139989376068115234e+00) (51, 2.23709535598754882812e+00) (52, -4.37273293733596801758e-01) (53, 2.12497186660766601562e+00) (54, -4.38622683286666870117e-01) (55, -8.06652665138244628906e-01) (56, -8.22253227233886718750e-01) (57, -2.93100982904434204102e-01) (58, 7.09991037845611572266e-01) (59, 1.37344372272491455078e+00) (60, -7.37104237079620361328e-01) (61, -1.12707459926605224609e+00) (62, 2.11986112594604492188e+00) (63, -9.74411964416503906250e-01) (64, -1.17343533039093017578e+00) (65, -7.59166598320007324219e-01) (66, 1.43643915653228759766e+00) (67, -6.77989363670349121094e-01) (68, 7.32709050178527832031e-01) (69, -9.58594143390655517578e-01) (70, 9.79818999767303466797e-01) (71, -7.07238554954528808594e-01) (72, -9.33729827404022216797e-01) (73, -1.05476713180541992188e+00) (74, -7.19727993011474609375e-01) (75, -6.31459891796112060547e-01) (76, 6.01138651371002197266e-01) (77, -6.09878957271575927734e-01) (78, -6.96560382843017578125e-01) (79, -7.71051764488220214844e-01) (80, 9.99968111515045166016e-01) (81, -7.57772266864776611328e-01) (82, 3.71546357870101928711e-01) (83, -9.34794366359710693359e-01) (84, 3.75706821680068969727e-01) (85, -7.15909600257873535156e-02) (86, -7.45885252952575683594e-01) (87, 2.19694185256958007812e+00) (88, -8.68952214717864990234e-01) (89, -7.73243129253387451172e-01) (90, 1.14133977890014648438e+00) (91, -9.22637104988098144531e-01) (92, -6.66944086551666259766e-01) (93, 4.55976694822311401367e-01) (94, -7.69846975803375244141e-01) (95, -5.60592174530029296875e-01) (96, 2.55770063400268554688e+00) (97, -5.48244297504425048828e-01) (98, -7.40792155265808105469e-01) (99, 1.31771302223205566406e+00) (100, -6.81060492992401123047e-01) (101, 5.57832837104797363281e-01) (102, 3.28631490468978881836e-01) (103, 1.95758724212646484375e+00) (104, -1.27568706870079040527e-01) (0, -1.00014972686767578125e+01) (1, -2.44438195228576660156e+00) (2, 2.52353405952453613281e+00) (3, 3.24490992352366447449e-03) (4, 1.58154761791229248047e+00) (5, 4.09847402572631835938e+00) (6, -1.74351990222930908203e-01) (7, -2.86581575870513916016e-01) (8, 6.68927550315856933594e-01) (9, 3.14970090985298156738e-02) (10, 1.75795006752014160156e+00) (11, 1.41061580181121826172e+00) (12, -7.02529326081275939941e-02) (13, -1.08885776996612548828e+00) (14, 6.47989809513092041016e-02) (15, 6.94885402917861938477e-02) (16, -4.11379188299179077148e-01) (17, 8.44453573226928710938e-02) (18, -3.61034780740737915039e-01) (19, 1.90800857543945312500e+00) (20, -4.75121706724166870117e-01) (21, -4.94377166032791137695e-01) (22, -3.68771433830261230469e-01) (23, -2.41242542862892150879e-01) (24, -2.58266270160675048828e-01) (25, -1.71877905726432800293e-01) (26, -2.30736002326011657715e-01) (27, -3.75002503395080566406e-01) (28, -5.26962518692016601562e-01) (29, 1.50000000000000000000e+03) (30, 2.27306628227233886719e+00) (31, 2.43428826332092285156e+00) (32, -3.45883399248123168945e-01) (33, 2.24215030670166015625e+00) (34, 7.62000828981399536133e-02) (35, 6.58032455444335937500e+01) (36, 2.53342390060424804688e+00) (37, 2.39668369293212890625e+00) (38, -2.83923625946044921875e-01) (39, -2.14232429862022399902e-01) (40, -9.41565707325935363770e-02) (41, 1.26938581466674804688e+00) (42, -4.03121113777160644531e-02) (43, 2.76968050003051757812e+00) (44, 8.02237796783447265625e+00) (45, 3.67284357547760009766e-01) (46, 7.22794175148010253906e-01) (47, -3.40747332572937011719e+00) (48, 5.81210594177246093750e+01) (49, -1.49065777659416198730e-01) (50, 3.72250914573669433594e-01) (51, 1.63823127746582031250e-01) (52, 4.69674825668334960938e+00) (53, 9.26046371459960937500e-02) (54, 4.79753065109252929688e+00) (55, 2.96320796012878417969e+00) (56, 1.65600299835205078125e-01) (57, 1.54295313358306884766e+00) (58, 3.12786793708801269531e+00) (59, 3.63212347030639648438e+00) (60, 1.74355471134185791016e+00) (61, 1.66812515258789062500e+00) (62, -1.29143700003623962402e-01) (63, 1.94004845619201660156e+00) (64, 2.39274120330810546875e+00) (65, 1.50569701194763183594e+00) (66, 9.38540101051330566406e-01) (67, 1.79775071144104003906e+00) (68, 1.30952987819910049438e-02) (69, 8.15034389495849609375e-01) (70, 3.79956439137458801270e-02) (71, 1.47954970598220825195e-02) (72, 2.95110082626342773438e+00) (73, 1.71010327339172363281e+00) (74, 1.56624817848205566406e+00) (75, 2.51788377761840820312e+00) (76, 1.71678662300109863281e+00) (77, 1.63802063465118408203e+00) (78, 1.52287089824676513672e+00) (79, 2.24724143743515014648e-01) (80, 1.47287321090698242188e+00) (81, 5.99880218505859375000e-02) (82, -1.07833258807659149170e-01) (83, 1.25838243961334228516e+00) (84, -3.56972739100456237793e-02) (85, 1.16299271583557128906e+00) (86, 1.51278406381607055664e-01) (87, -1.12614206969738006592e-01) (88, 1.29232990741729736328e+00) (89, 1.17038750648498535156e+00) (90, 1.13613996654748916626e-02) (91, 1.18598020076751708984e+00) (92, 4.79397103190422058105e-02) (93, -1.47264167666435241699e-01) (94, 5.79470843076705932617e-02) (95, -7.38435760140419006348e-02) (96, -2.02465042471885681152e-01) (97, 4.36713695526123046875e-02) (98, 1.27896159887313842773e-01) (99, 9.06544804573059082031e-01) (100, 5.09795099496841430664e-02) (101, -2.03671604394912719727e-01) (102, 5.31325292587280273438e+00) (103, -2.45903658866882324219e+00) (104, 1.88746714591979980469e+00) (0, 3.24066710472106933594e+00) (1, 7.10842549800872802734e-01) (2, -6.29181802272796630859e-01) (3, -1.56869280338287353516e+00) (4, 7.75249540805816650391e-01) (5, 9.40609872341156005859e-02) (6, 2.58080935478210449219e+00) (7, 4.56485366821289062500e+00) (8, -3.12235236167907714844e+00) (9, 2.40811181068420410156e+00) (10, 5.42521715164184570312e-01) (11, 1.33702740073204040527e-01) (12, 2.37908983230590820312e+00) (13, 4.78594303131103515625e-01) (14, -3.90266001224517822266e-01) (15, -4.59875553846359252930e-01) (16, 2.79663622379302978516e-01) (17, -3.07438045740127563477e-01) (18, -6.21483087539672851562e-01) (19, 6.81957006454467773438e-01) (20, 1.88025534152984619141e-01) (21, 1.07188975811004638672e+00) (22, -6.49673104286193847656e-01) (23, -7.72650420665740966797e-01) (24, -7.55764484405517578125e-01) (25, 4.51477676630020141602e-01) (26, -8.60890567302703857422e-01) (27, -7.93603122234344482422e-01) (28, 1.01009571552276611328e+00) (29, -4.78693135082721710205e-02) (30, 4.91057783365249633789e-01) (31, -1.22209990024566650391e+00) (32, 1.26960888504981994629e-01) (33, -8.60971152782440185547e-01) (34, 2.44492053985595703125e+00) (35, -7.90023565292358398438e-01) (36, -9.39110338687896728516e-01) (37, -9.47936117649078369141e-01) (38, -9.11928415298461914062e-01) (39, -1.02098572254180908203e+00) (40, -1.11285400390625000000e+00) (41, -9.69620823860168457031e-01) (42, -3.49070280790328979492e-01) (43, -8.80393862724304199219e-01) (44, -9.22621011734008789062e-01) (45, -9.90093231201171875000e-01) (46, 1.15290760993957519531e+00) (47, 6.76435470581054687500e-01) (48, -8.41485187411308288574e-02) (49, -8.95649969577789306641e-01) (50, -6.17475509643554687500e-01) (51, -3.17087620496749877930e-01) (52, -6.13228261470794677734e-01) (53, -5.28310120105743408203e-01) (54, -5.65586626529693603516e-01) (55, -4.94324254989624023438e+00) (56, -3.53441059589385986328e-01) (57, -2.34912443161010742188e+00) (58, -1.91601336002349853516e+00) (59, 3.45818734169006347656e+00) (60, -3.52084130048751831055e-01) (61, 3.38330864906311035156e-02) (62, 1.28564774990081787109e+00) (63, -4.52565163373947143555e-01) (64, -5.35627746582031250000e+00) (65, 6.20117008686065673828e-01) (66, -5.84162998199462890625e+00) (67, 4.28510522842407226562e+00) (68, -1.34143781661987304688e+00) (69, 5.97879076004028320312e+00) (70, -2.73649632930755615234e-01) (71, -1.98425844311714172363e-01) (72, -3.01076322793960571289e-01) (73, -2.71726846694946289062e+00) (74, 2.88234621286392211914e-01) (75, 6.77082633972167968750e+00) (76, 2.19754123687744140625e+00) (77, -3.08585345745086669922e-01) (78, -9.36974465847015380859e-01) (79, 7.39244937896728515625e-01) (80, 7.52762317657470703125e+00) (81, 7.58553326129913330078e-01) (82, -4.86173212528228759766e-01) (83, 2.05269622802734375000e+00) (84, 2.99038839340209960938e+00) (85, -3.18294048309326171875e+00) (86, -3.08103442192077636719e-01) (87, 1.30224776268005371094e+00) (88, 1.87781345844268798828e+00) (89, 9.44017410278320312500e-01) (90, 7.85347402095794677734e-01) (91, 1.39003956317901611328e+00) (92, 1.47383761405944824219e+00) (93, -3.81070941686630249023e-01) (94, -4.67761367559432983398e-01) (95, 6.85515761375427246094e-01) (96, -5.56109324097633361816e-02) (97, 1.11795115470886230469e+00) (98, -4.05542314052581787109e-01) (99, -6.36071920394897460938e-01) (100, -9.75770056247711181641e-02) (101, -3.05046260356903076172e-01) (102, 1.03688739240169525146e-01) (103, 2.22070622444152832031e+00) (104, 4.61191177368164062500e-01) (0, -3.02393317222595214844e+00) (1, 2.11655569076538085938e+00) (2, -1.34525156021118164062e+00) (3, -8.46709191799163818359e-01) (4, -1.07879221439361572266e-01) (5, -4.74910068511962890625e+00) (6, 1.75114607810974121094e+00) (7, 2.72214126586914062500e+00) (8, -3.70961833000183105469e+00) (9, 1.72081279754638671875e+00) (10, -2.59416401386260986328e-01) (11, -1.05057108402252197266e+00) (12, 1.58242273330688476562e+00) (13, 2.16860461235046386719e+00) (14, 1.58647787570953369141e+00) (15, -1.36394202709197998047e+00) (16, 1.93310439586639404297e+00) (17, -1.18607246875762939453e+00) (18, -8.26931059360504150391e-01) (19, -1.98380768299102783203e-01) (20, 4.38132077455520629883e-01) (21, 2.18535327911376953125e+00) (22, 1.93033754825592041016e+00) (23, 1.86818170547485351562e+00) (24, 1.87400746345520019531e+00) (25, 1.94980061054229736328e+00) (26, -7.83770024776458740234e-01) (27, 1.89119577407836914062e+00) (28, 2.03230094909667968750e+00) (29, -6.20426297187805175781e-01) (30, 8.93047511577606201172e-01) (31, -7.14889109134674072266e-01) (32, -8.32683026790618896484e-01) (33, -6.88335239887237548828e-01) (34, -1.10195243358612060547e+00) (35, -8.47402420043945312500e+01) (36, -8.01774621009826660156e-01) (37, -1.98760974407196044922e+00) (38, -9.14034187793731689453e-01) (39, -1.25993013381958007812e+00) (40, -5.43098058551549911499e-03) (41, -1.00886476039886474609e+00) (42, -8.19967463612556457520e-02) (43, -7.68096208572387695312e-01) (44, 2.42268785834312438965e-01) (45, -5.72715711593627929688e+00) (46, -1.28196120262145996094e+00) (47, 1.16908490657806396484e+00) (48, -3.34163188934326171875e+00) (49, -7.92189002037048339844e-01) (50, -1.46937334537506103516e+00) (51, -1.28270363807678222656e+00) (52, -1.74868237972259521484e+00) (53, -2.54169392585754394531e+00) (54, -1.06466794013977050781e+00) (55, -1.22917985916137695312e+00) (56, -1.90401598811149597168e-01) (57, -1.03278493881225585938e+00) (58, -2.22758865356445312500e+00) (59, -1.36281645298004150391e+00) (60, -1.07771468162536621094e+00) (61, -1.10983359813690185547e+00) (62, 5.18428683280944824219e-01) (63, -1.27910959720611572266e+00) (64, -1.73048222064971923828e+00) (65, -4.82301339507102966309e-02) (66, -1.91176009178161621094e+00) (67, -1.23091220855712890625e+00) (68, -1.08343958854675292969e+00) (69, -1.08550643920898437500e+00) (70, 1.55025618150830268860e-02) (71, -1.01541948318481445312e+00) (72, -1.16277861595153808594e+00) (73, -1.14979207515716552734e+00) (74, -1.03062558174133300781e+00) (75, -1.07280838489532470703e+00) (76, -4.83442735671997070312e+00) (77, -1.14123165607452392578e+00) (78, -1.08466517925262451172e+00) (79, -1.24878525733947753906e+00) (80, -6.73627710342407226562e+00) (81, -1.05448818206787109375e+00) (82, -1.09591019153594970703e+00) (83, -1.33673834800720214844e+00) (84, -1.18977260589599609375e+00) (85, -1.20379686355590820312e+00) (86, -1.09585082530975341797e+00) (87, -1.03330790996551513672e+00) (88, -1.51233518123626708984e+00) (89, -1.27111899852752685547e+00) (90, -1.07623839378356933594e+00) (91, -1.30589151382446289062e+00) (92, -1.00903177261352539062e+00) (93, 9.90819558501243591309e-02) (94, -1.09518289566040039062e+00) (95, -1.03512871265411376953e+00) (96, -1.00010347366333007812e+00) (97, -1.01101362705230712891e+00) (98, -1.10304427146911621094e+00) (99, -1.07050383090972900391e+00) (100, -1.16363859176635742188e+00) (101, -9.78334665298461914062e-01) (102, -1.72511732578277587891e+00) (103, 4.55823040008544921875e+00) (104, 3.06608653068542480469e+00) (0, -6.04135780334472656250e+01) (1, 1.71240568161010742188e+00) (2, -2.90144383907318115234e-01) (3, 2.65138715505599975586e-01) (4, 2.83744990825653076172e-01) (5, 4.44986438751220703125e+00) (6, 1.55061662197113037109e+00) (7, 6.83231445312500000000e+02) (8, 4.06544990539550781250e+01) (9, 1.43007719516754150391e+00) (10, 7.93862581253051757812e-01) (11, 3.27073074877262115479e-02) (12, 1.30583894252777099609e+00) (13, 9.22084033489227294922e-01) (14, 1.08768856525421142578e+00) (15, -2.14347288012504577637e-01) (16, 3.58606010675430297852e-01) (17, -1.10409855842590332031e+00) (18, -8.29936921596527099609e-01) (19, 2.89116770029067993164e-01) (20, 4.13892567157745361328e-01) (21, 2.02103161811828613281e+00) (22, -7.72275567054748535156e-01) (23, 1.75496980547904968262e-01) (24, -8.08907151222229003906e-01) (25, 2.40178674459457397461e-01) (26, 1.78765952587127685547e-01) (27, -6.81695580482482910156e-01) (28, 1.92402470111846923828e+00) (29, -3.10921459197998046875e+01) (30, -7.57017135620117187500e-01) (31, -7.75519013404846191406e-01) (32, -2.66020834445953369141e-01) (33, -7.53388941287994384766e-01) (34, -3.60447158813476562500e+01) (35, -8.00521621704101562500e+01) (36, -1.91532379150390625000e+02) (37, -9.75877165794372558594e-01) (38, -9.79225218296051025391e-01) (39, 4.90222364664077758789e-01) (40, -6.14352340698242187500e+01) (41, -3.06775329589843750000e+02) (42, 3.53034675121307373047e-01) (43, -1.24756228923797607422e+00) (44, -1.59354865550994873047e-01) (45, -1.49719079589843750000e+03) (46, -9.42076981067657470703e-01) (47, -1.00713825225830078125e+00) (48, -1.12563317871093750000e+03) (49, 5.50362288951873779297e-01) (50, -5.03976941108703613281e-01) (51, -6.53867578506469726562e+00) (52, -1.62845814228057861328e+00) (53, -6.94050025939941406250e+00) (54, -1.08631515502929687500e+01) (55, -1.04230254888534545898e-01) (56, 3.53191077709197998047e-01) (57, 1.04176402091979980469e-01) (58, -1.38656749725341796875e+01) (59, -4.33575183153152465820e-01) (60, -1.01989107206463813782e-02) (61, -1.12329356372356414795e-01) (62, 8.14278066158294677734e-01) (63, -2.88877010345458984375e-01) (64, -2.60670721530914306641e-01) (65, 7.72925913333892822266e-02) (66, -6.13420248031616210938e-01) (67, 1.40138223767280578613e-01) (68, 1.19520746171474456787e-01) (69, -1.85992605984210968018e-02) (70, 3.38266491889953613281e-01) (71, 2.01372534036636352539e-01) (72, 5.31102083623409271240e-02) (73, 1.99472129344940185547e-01) (74, 1.89129024744033813477e-01) (75, -2.51625776290893554688e-01) (76, -1.61506557464599609375e+00) (77, 1.45823046565055847168e-01) (78, 1.01668164134025573730e-01) (79, -2.61789783835411071777e-02) (80, -2.07677192687988281250e+01) (81, 1.86525642871856689453e-01) (82, 8.78513574600219726562e-01) (83, -1.00539267063140869141e+00) (84, 2.74556353688240051270e-02) (85, 1.52868092060089111328e-01) (86, 1.68037906289100646973e-01) (87, 2.46126323938369750977e-01) (88, -9.04407441616058349609e-01) (89, -1.14352554082870483398e-01) (90, 1.09916508197784423828e-01) (91, 4.97061647474765777588e-02) (92, 1.67196199297904968262e-01) (93, 2.81613171100616455078e-01) (94, 1.24849088490009307861e-01) (95, 3.27394545078277587891e-01) (96, 4.11743670701980590820e-01) (97, 1.50029197335243225098e-01) (98, 7.80265778303146362305e-02) (99, 1.70193985104560852051e-01) (100, 2.78217047452926635742e-01) (101, 3.04898232221603393555e-01) (102, -2.08836674690246582031e+00) (103, 4.92793273925781250000e+00) (104, 1.66615128517150878906e+00) (0, -2.11061775684356689453e-01) (1, 3.11977124214172363281e+00) (2, 4.99879741668701171875e+00) (3, 4.82956552505493164062e+00) (4, 1.90424871444702148438e+00) (5, -8.48249530792236328125e+00) (6, -1.82825267314910888672e+00) (7, -4.39320898056030273438e+00) (8, -1.83124339580535888672e+00) (9, 4.39404278993606567383e-01) (10, -2.93861770629882812500e+00) (11, -1.46625018119812011719e+00) (12, 1.92930424213409423828e+00) (13, 2.67786884307861328125e+00) (14, -1.25582456588745117188e+00) (15, -2.25320935249328613281e+00) (16, 3.74889187514781951904e-02) (17, -2.67685294151306152344e+00) (18, -2.46344995498657226562e+00) (19, 2.50931769609451293945e-01) (20, -7.17242121696472167969e-01) (21, -3.02163004875183105469e+00) (22, -7.89780998229980468750e+00) (23, 1.60191226005554199219e+00) (24, 4.89167785644531250000e+00) (25, 2.94793844223022460938e+00) (26, 1.20619380474090576172e+00) (27, 1.89885580539703369141e+00) (28, -4.20842027664184570312e+00) (29, -3.67403328418731689453e-01) (30, -1.89682555198669433594e+00) (31, 2.31389403343200683594e+00) (32, -5.65851354598999023438e+00) (33, 1.75049495697021484375e+00) (34, -3.75393092632293701172e-01) (35, 2.38822889328002929688e+00) (36, 3.46820569038391113281e+00) (37, -5.38602411746978759766e-01) (38, 1.18886125087738037109e+00) (39, 1.37880101799964904785e-01) (40, 5.74855995178222656250e+00) (41, -5.95301628112792968750e+00) (42, 3.94691419601440429688e+00) (43, -2.84147143363952636719e+00) (44, 1.28233715891838073730e-01) (45, 1.20667390823364257812e+01) (46, 4.59645175933837890625e+00) (47, 1.90093302726745605469e+00) (48, 3.55898261070251464844e+00) (49, 3.90998744964599609375e+00) (50, 5.72219276428222656250e+00) (51, -4.80399942398071289062e+00) (52, -1.60689449310302734375e+00) (53, -5.07070004940032958984e-01) (54, 1.03918814659118652344e+00) (55, -7.77281939983367919922e-01) (56, 4.18702363967895507812e+00) (57, -1.05288362503051757812e+00) (58, 8.74789059162139892578e-01) (59, 1.22441482543945312500e+00) (60, -2.43978047370910644531e+00) (61, -1.05421233177185058594e+00) (62, 1.80927112698554992676e-01) (63, -9.03044164180755615234e-01) (64, 7.59300827980041503906e-01) (65, -5.26374518871307373047e-01) (66, -2.00890207290649414062e+00) (67, 4.03367710113525390625e+00) (68, 2.06042146682739257812e+00) (69, -6.20912134647369384766e-01) (70, 5.37257611751556396484e-01) (71, 4.69677478075027465820e-01) (72, 1.80331933498382568359e+00) (73, -1.64808797836303710938e+00) (74, 1.45291793346405029297e+00) (75, -3.92474204301834106445e-01) (76, 1.37115967273712158203e+00) (77, 5.61069607734680175781e-01) (78, 3.76865208148956298828e-01) (79, 2.08423852920532226562e+00) (80, -5.67999362945556640625e-01) (81, 4.31600809097290039062e-01) (82, -3.48326891660690307617e-01) (83, -6.48147940635681152344e-01) (84, -8.78405749797821044922e-01) (85, -7.27795004844665527344e-01) (86, -7.29568660259246826172e-01) (87, -1.35413265228271484375e+00) (88, -9.18238759040832519531e-01) (89, -2.55208349227905273438e+00) (90, -6.30735933780670166016e-01) (91, -7.87570178508758544922e-01) (92, -6.21192514896392822266e-01) (93, 5.01254618167877197266e-01) (94, 2.96386748552322387695e-01) (95, -8.79048228263854980469e-01) (96, 7.20280468463897705078e-01) (97, -9.90556001663208007812e-01) (98, -1.44904768466949462891e+00) (99, -6.27796888351440429688e-01) (100, -5.94783127307891845703e-01) (101, 5.15641272068023681641e-01) (102, 2.50427246093750000000e+00) (103, 4.45548385381698608398e-01) (104, 2.61406826972961425781e+00) (0, -3.75282382965087890625e+00) (1, 1.12327814102172851562e+00) (2, -3.91559183597564697266e-01) (3, -2.83623397350311279297e-01) (4, 6.92645967006683349609e-01) (5, 2.14972555637359619141e-01) (6, 2.02567934989929199219e+00) (7, 1.37456297874450683594e+00) (8, -1.46913468837738037109e-01) (9, 1.34381437301635742188e+00) (10, 5.97317159175872802734e-01) (11, -8.61922740936279296875e-01) (12, 2.32032299041748046875e+00) (13, 2.35003399848937988281e+00) (14, 1.23901522159576416016e+00) (15, -3.64786148071289062500e-01) (16, -8.08262109756469726562e-01) (17, -4.33214545249938964844e-01) (18, -8.27803492546081542969e-01) (19, 6.13413214683532714844e-01) (20, -6.97909772396087646484e-01) (21, 2.11507987976074218750e+00) (22, -7.46105372905731201172e-01) (23, 4.10171002149581909180e-01) (24, 5.12667059898376464844e-01) (25, -8.86826515197753906250e-01) (26, -9.30787384510040283203e-01) (27, -7.27931082248687744141e-01) (28, 1.85608017444610595703e+00) (29, -4.87940818071365356445e-01) (30, 8.74992907047271728516e-01) (31, -8.73628139495849609375e-01) (32, 1.83562263846397399902e-01) (33, -5.62450289726257324219e-01) (34, 9.19859349727630615234e-01) (35, -3.29598236083984375000e+00) (36, -8.17873537540435791016e-01) (37, 1.57041758298873901367e-01) (38, -9.26134169101715087891e-01) (39, -9.30076003074645996094e-01) (40, -7.89311945438385009766e-01) (41, -1.27636253833770751953e+00) (42, 8.10139119625091552734e-01) (43, -4.51047718524932861328e-01) (44, -3.69877368211746215820e-01) (45, 8.69510769844055175781e-02) (46, 1.03755986690521240234e+00) (47, 1.71138679981231689453e+00) (48, -1.06541864573955535889e-01) (49, 1.13421835005283355713e-01) (50, -2.93795913457870483398e-01) (51, 6.21688246726989746094e-01) (52, 4.84463274478912353516e-01) (53, 4.48620855808258056641e-01) (54, 5.14575362205505371094e-01) (55, 2.69698929786682128906e+00) (56, 6.51494979858398437500e-01) (57, -3.48098611831665039062e+00) (58, 2.93900996446609497070e-01) (59, 2.18580082058906555176e-01) (60, -2.26298838853836059570e-01) (61, 1.56317740678787231445e-01) (62, 1.35154318809509277344e+00) (63, 7.43827641010284423828e-01) (64, 5.59575498104095458984e-01) (65, 7.17774629592895507812e-01) (66, 3.29042220115661621094e+00) (67, 1.40339422225952148438e+00) (68, 6.04396390914916992188e+00) (69, -7.52560675144195556641e-01) (70, 7.11019456386566162109e-01) (71, -1.86736226081848144531e-01) (72, 3.47751146182417869568e-03) (73, 7.41991901397705078125e+00) (74, 8.06594252586364746094e-01) (75, -7.36356115341186523438e+00) (76, 7.73703932762145996094e-01) (77, 6.38226747512817382812e-01) (78, -2.61015200614929199219e+00) (79, 1.23553669452667236328e+00) (80, -7.75017118453979492188e+00) (81, 3.04516959190368652344e+00) (82, 4.77378463745117187500e+00) (83, -1.64112329483032226562e+00) (84, -5.50554227828979492188e+00) (85, 1.52826988697052001953e+00) (86, -1.11019384860992431641e+00) (87, -1.25858694314956665039e-01) (88, 6.29513800144195556641e-01) (89, -1.34235453605651855469e+00) (90, -5.34817516803741455078e-01) (91, -1.32878053188323974609e+00) (92, 3.31819725036621093750e+00) (93, 1.32317638397216796875e+00) (94, 7.61306166648864746094e-01) (95, -2.35976487398147583008e-01) (96, 8.98646831512451171875e-01) (97, -4.24925684928894042969e-01) (98, 2.26601576805114746094e+00) (99, -2.46697664260864257812e-01) (100, 7.12307274341583251953e-01) (101, 2.60591030120849609375e+00) (102, -1.38193690776824951172e+00) (103, 3.76505184173583984375e+00) (104, 1.15905606746673583984e+00) (105, -7.45157182216644287109e-01) (106, -2.78325796127319335938e+00) (107, 2.93525910377502441406e+00) (108, 3.22227692604064941406e+00) (109, 1.83367061614990234375e+00) (110, -2.00218892097473144531e+00) (111, 2.60369205474853515625e+00) (112, 3.30978822708129882812e+00) (113, 3.73843979835510253906e+00) (114, 2.21575546264648437500e+00) (115, 2.96751356124877929688e+00) (116, 2.54008722305297851562e+00) (117, 2.15439915657043457031e+00) (118, 1.35167109966278076172e+00) (119, -3.47730588912963867188e+00) (120, 2.16055560111999511719e+00) (121, 2.74396300315856933594e+00) (122, 4.79004669189453125000e+00) (123, 2.08487558364868164062e+00) (124, -3.49499940872192382812e-01) (125, 1.68524158000946044922e+00) (126, 2.73258519172668457031e+00) (127, 1.38709425926208496094e+00) (128, 3.25849604606628417969e+00) (129, 3.11794447898864746094e+00) (130, 2.16950631141662597656e+00) 
