FANN_FLO_2.1
num_layers=3
learning_rate=0.700000
connection_rate=1.000000
network_type=0
learning_momentum=0.000000
training_algorithm=2
train_error_function=1
train_stop_function=0
cascade_output_change_fraction=0.010000
quickprop_decay=-0.000100
quickprop_mu=1.750000
rprop_increase_factor=1.200000
rprop_decrease_factor=0.500000
rprop_delta_min=0.000000
rprop_delta_max=50.000000
rprop_delta_zero=0.100000
cascade_output_stagnation_epochs=12
cascade_candidate_change_fraction=0.010000
cascade_candidate_stagnation_epochs=12
cascade_max_out_epochs=150
cascade_max_cand_epochs=150
cascade_num_candidate_groups=2
bit_fail_limit=3.49999994039535522461e-01
cascade_candidate_limit=1.00000000000000000000e+03
cascade_weight_multiplier=4.00000005960464477539e-01
cascade_activation_functions_count=10
cascade_activation_functions=3 5 7 8 10 11 14 15 16 17 
cascade_activation_steepnesses_count=4
cascade_activation_steepnesses=2.50000000000000000000e-01 5.00000000000000000000e-01 7.50000000000000000000e-01 1.00000000000000000000e+00 
layer_sizes=105 26 2 
scale_included=0
neurons (num_inputs, activation_function, activation_steepness)=(0, 0, 0.00000000000000000000e+00) (0, 0, 0.00000000000000000000e+00) (0, 0, 0.00000000000000000000e+00) (0, 0, 0.00000000000000000000e+00) (0, 0, 0.00000000000000000000e+00) (0, 0, 0.00000000000000000000e+00) (0, 0, 0.00000000000000000000e+00) (0, 0, 0.00000000000000000000e+00) (0, 0, 0.00000000000000000000e+00) (0, 0, 0.00000000000000000000e+00) (0, 0, 0.00000000000000000000e+00) (0, 0, 0.00000000000000000000e+00) (0, 0, 0.00000000000000000000e+00) (0, 0, 0.00000000000000000000e+00) (0, 0, 0.00000000000000000000e+00) (0, 0, 0.00000000000000000000e+00) (0, 0, 0.00000000000000000000e+00) (0, 0, 0.00000000000000000000e+00) (0, 0, 0.00000000000000000000e+00) (0, 0, 0.00000000000000000000e+00) (0, 0, 0.00000000000000000000e+00) (0, 0, 0.00000000000000000000e+00) (0, 0, 0.00000000000000000000e+00) (0, 0, 0.00000000000000000000e+00) (0, 0, 0.00000000000000000000e+00) (0, 0, 0.00000000000000000000e+00) (0, 0, 0.00000000000000000000e+00) (0, 0, 0.00000000000000000000e+00) (0, 0, 0.00000000000000000000e+00) (0, 0, 0.00000000000000000000e+00) (0, 0, 0.00000000000000000000e+00) (0, 0, 0.00000000000000000000e+00) (0, 0, 0.00000000000000000000e+00) (0, 0, 0.00000000000000000000e+00) (0, 0, 0.00000000000000000000e+00) (0, 0, 0.00000000000000000000e+00) (0, 0, 0.00000000000000000000e+00) (0, 0, 0.00000000000000000000e+00) (0, 0, 0.00000000000000000000e+00) (0, 0, 0.00000000000000000000e+00) (0, 0, 0.00000000000000000000e+00) (0, 0, 0.00000000000000000000e+00) (0, 0, 0.00000000000000000000e+00) (0, 0, 0.00000000000000000000e+00) (0, 0, 0.00000000000000000000e+00) (0, 0, 0.00000000000000000000e+00) (0, 0, 0.00000000000000000000e+00) (0, 0, 0.00000000000000000000e+00) (0, 0, 0.00000000000000000000e+00) (0, 0, 0.00000000000000000000e+00) (0, 0, 0.00000000000000000000e+00) (0, 0, 0.00000000000000000000e+00) (0, 0, 0.00000000000000000000e+00) (0, 0, 0.00000000000000000000e+00) (0, 0, 0.00000000000000000000e+00) (0, 0, 0.00000000000000000000e+00) (0, 0, 0.00000000000000000000e+00) (0, 0, 0.00000000000000000000e+00) (0, 0, 0.00000000000000000000e+00) (0, 0, 0.00000000000000000000e+00) (0, 0, 0.00000000000000000000e+00) (0, 0, 0.00000000000000000000e+00) (0, 0, 0.00000000000000000000e+00) (0, 0, 0.00000000000000000000e+00) (0, 0, 0.00000000000000000000e+00) (0, 0, 0.00000000000000000000e+00) (0, 0, 0.00000000000000000000e+00) (0, 0, 0.00000000000000000000e+00) (0, 0, 0.00000000000000000000e+00) (0, 0, 0.00000000000000000000e+00) (0, 0, 0.00000000000000000000e+00) (0, 0, 0.00000000000000000000e+00) (0, 0, 0.00000000000000000000e+00) (0, 0, 0.00000000000000000000e+00) (0, 0, 0.00000000000000000000e+00) (0, 0, 0.00000000000000000000e+00) (0, 0, 0.00000000000000000000e+00) (0, 0, 0.00000000000000000000e+00) (0, 0, 0.00000000000000000000e+00) (0, 0, 0.00000000000000000000e+00) (0, 0, 0.00000000000000000000e+00) (0, 0, 0.00000000000000000000e+00) (0, 0, 0.00000000000000000000e+00) (0, 0, 0.00000000000000000000e+00) (0, 0, 0.00000000000000000000e+00) (0, 0, 0.00000000000000000000e+00) (0, 0, 0.00000000000000000000e+00) (0, 0, 0.00000000000000000000e+00) (0, 0, 0.00000000000000000000e+00) (0, 0, 0.00000000000000000000e+00) (0, 0, 0.00000000000000000000e+00) (0, 0, 0.00000000000000000000e+00) (0, 0, 0.00000000000000000000e+00) (0, 0, 0.00000000000000000000e+00) (0, 0, 0.00000000000000000000e+00) (0, 0, 0.00000000000000000000e+00) (0, 0, 0.00000000000000000000e+00) (0, 0, 0.00000000000000000000e+00) (0, 0, 0.00000000000000000000e+00) (0, 0, 0.00000000000000000000e+00) (0, 0, 0.00000000000000000000e+00) (0, 0, 0.00000000000000000000e+00) (0, 0, 0.00000000000000000000e+00) (0, 0, 0.00000000000000000000e+00) (0, 0, 0.00000000000000000000e+00) (105, 5, 5.00000000000000000000e-01) (105, 5, 5.00000000000000000000e-01) (105, 5, 5.00000000000000000000e-01) (105, 5, 5.00000000000000000000e-01) (105, 5, 5.00000000000000000000e-01) (105, 5, 5.00000000000000000000e-01) (105, 5, 5.00000000000000000000e-01) (105, 5, 5.00000000000000000000e-01) (105, 5, 5.00000000000000000000e-01) (105, 5, 5.00000000000000000000e-01) (105, 5, 5.00000000000000000000e-01) (105, 5, 5.00000000000000000000e-01) (105, 5, 5.00000000000000000000e-01) (105, 5, 5.00000000000000000000e-01) (105, 5, 5.00000000000000000000e-01) (105, 5, 5.00000000000000000000e-01) (105, 5, 5.00000000000000000000e-01) (105, 5, 5.00000000000000000000e-01) (105, 5, 5.00000000000000000000e-01) (105, 5, 5.00000000000000000000e-01) (105, 5, 5.00000000000000000000e-01) (105, 5, 5.00000000000000000000e-01) (105, 5, 5.00000000000000000000e-01) (105, 5, 5.00000000000000000000e-01) (105, 5, 5.00000000000000000000e-01) (0, 5, 0.00000000000000000000e+00) (26, 5, 5.00000000000000000000e-01) (0, 5, 0.00000000000000000000e+00) 
connections (connected_to_neuron, weight)=(0, -6.87306747436523437500e+01) (1, 6.41604065895080566406e-01) (2, 2.26600694656372070312e+00) (3, -1.08418488502502441406e+00) (4, 1.39982461929321289062e+00) (5, 2.39807534217834472656e+00) (6, 2.10205292701721191406e+00) (7, 2.56952881813049316406e+00) (8, -1.20047168731689453125e+01) (9, 2.74067974090576171875e+00) (10, 2.16303363442420959473e-01) (11, 1.90327000617980957031e+00) (12, 2.56739163398742675781e+00) (13, -7.16507186889648437500e+01) (14, 2.64990854263305664062e+00) (15, 1.88417553901672363281e+00) (16, 1.92877316474914550781e+00) (17, -1.87920570373535156250e+01) (18, 1.94085383415222167969e+00) (19, 2.46026349067687988281e+00) (20, 4.40844982862472534180e-01) (21, 1.60810592651367187500e+02) (22, 7.44592726230621337891e-01) (23, -4.88912701606750488281e-01) (24, 1.89938426017761230469e+00) (25, 1.14917588233947753906e+00) (26, 2.00726509094238281250e+00) (27, 2.10991644859313964844e+00) (28, 2.55017757415771484375e+00) (29, 2.00831723213195800781e+00) (30, 2.22255420684814453125e+00) (31, 2.61138033866882324219e+00) (32, 7.04151391983032226562e-01) (33, 1.03622305393218994141e+00) (34, 2.65391516685485839844e+00) (35, 7.53572762012481689453e-01) (36, 2.48786377906799316406e+00) (37, 2.89256095886230468750e+00) (38, 3.69230699539184570312e+00) (39, 5.12131810188293457031e-01) (40, 1.93249547481536865234e+00) (41, -3.47712457180023193359e-01) (42, 2.72935509681701660156e+00) (43, 2.57441592216491699219e+00) (44, 3.69291633367538452148e-01) (45, 2.07764530181884765625e+00) (46, 2.56461167335510253906e+00) (47, 2.03753638267517089844e+00) (48, 1.99865734577178955078e+00) (49, 1.83353555202484130859e+00) (50, 1.98426103591918945312e+00) (51, 2.71521782875061035156e+00) (52, 2.21785306930541992188e+00) (53, 2.74747037887573242188e+00) (54, 2.42451572418212890625e+00) (55, 2.56127858161926269531e+00) (56, 2.56785988807678222656e+00) (57, 2.53304004669189453125e+00) (58, 7.56587564945220947266e-01) (59, 2.68476557731628417969e+00) (60, 1.82187354564666748047e+00) (61, 2.24434375762939453125e+00) (62, 1.10419619083404541016e+00) (63, 2.00495100021362304688e+00) (64, 1.89218747615814208984e+00) (65, 1.86874723434448242188e+00) (66, 2.55719113349914550781e+00) (67, 1.89888763427734375000e+00) (68, 1.95122897624969482422e+00) (69, 1.87241029739379882812e+00) (70, 2.46967101097106933594e+00) (71, 2.59617447853088378906e+00) (72, 3.38327140808105468750e+01) (73, 2.32090053558349609375e+01) (74, 2.54552698135375976562e+00) (75, 2.46930980682373046875e+00) (76, 2.72362780570983886719e+00) (77, 2.16679167747497558594e+00) (78, 2.58775973320007324219e+00) (79, 2.59630990028381347656e+00) (80, 2.35950160026550292969e+00) (81, 2.00049352645874023438e+00) (82, 2.67597627639770507812e+00) (83, 2.29402899742126464844e+00) (84, 2.21695452928543090820e-01) (85, -7.93710851669311523438e+00) (86, 1.82020664215087890625e+00) (87, 2.68619298934936523438e+00) (88, 1.88231062889099121094e+00) (89, 2.60500717163085937500e+00) (90, 1.86134552955627441406e+00) (91, -1.09036550521850585938e+01) (92, 2.92126083374023437500e+00) (93, 2.78956031799316406250e+00) (94, 1.86808145046234130859e+00) (95, 2.11383795738220214844e+00) (96, 2.89852142333984375000e+00) (97, 2.67313885688781738281e+00) (98, 1.86375856399536132812e+00) (99, 2.71446132659912109375e+00) (100, 1.99049234390258789062e+00) (101, 2.83163142204284667969e+00) (102, 1.71424412727355957031e+00) (103, 3.54659646749496459961e-01) (104, 8.79627317190170288086e-02) (0, -5.40568733215332031250e+00) (1, 4.15797621011734008789e-01) (2, -1.43897175788879394531e-01) (3, -8.86231899261474609375e+00) (4, -1.27259647846221923828e+00) (5, 3.09226989746093750000e+00) (6, 1.09590729698538780212e-02) (7, 5.53756617009639739990e-02) (8, 5.67391586303710937500e+00) (9, 2.51987385749816894531e+00) (10, 7.18890523910522460938e+00) (11, -1.87091618776321411133e-01) (12, 1.83043432235717773438e+00) (13, 5.62571823596954345703e-01) (14, 2.16734457015991210938e+00) (15, -1.59537589550018310547e+00) (16, 1.60299801826477050781e+00) (17, 5.65478324890136718750e-01) (18, 3.79877066612243652344e+00) (19, 3.19921207427978515625e+00) (20, 1.88528895378112792969e+00) (21, -1.39179859161376953125e+01) (22, -1.67287182807922363281e+00) (23, -9.65494692325592041016e-01) (24, 2.10199856758117675781e+00) (25, 4.41396951675415039062e+00) (26, 5.11171221733093261719e-01) (27, 9.93625938892364501953e-01) (28, 3.48636579513549804688e+00) (29, -8.32571387290954589844e-01) (30, 9.60929930210113525391e-01) (31, 6.87449872493743896484e-01) (32, -4.87674760818481445312e+00) (33, 1.59877467155456542969e+00) (34, 1.62783396244049072266e+00) (35, -1.12798497080802917480e-01) (36, 1.73221588134765625000e+00) (37, 1.33580887317657470703e+00) (38, -6.45335149765014648438e+00) (39, 6.32726252079010009766e-01) (40, -8.40032517910003662109e-01) (41, 4.64188605546951293945e-02) (42, -1.33747130632400512695e-01) (43, 2.02026724815368652344e+00) (44, -1.81917989253997802734e+00) (45, 4.21783638000488281250e+00) (46, -3.48696671426296234131e-02) (47, -1.20169945061206817627e-01) (48, 2.25864052772521972656e+00) (49, 3.43169659376144409180e-01) (50, -6.92594766616821289062e+00) (51, 1.63456737995147705078e+00) (52, 3.62460702657699584961e-01) (53, 1.70232629776000976562e+00) (54, 1.22188687324523925781e+00) (55, -6.95593059062957763672e-01) (56, 8.44672501087188720703e-01) (57, 9.43905208259820938110e-03) (58, -5.65116822719573974609e-01) (59, -3.45721292495727539062e+00) (60, 3.95162314176559448242e-01) (61, 3.19399237632751464844e+00) (62, -3.18351723253726959229e-02) (63, 2.26092243194580078125e+00) (64, 2.27367687225341796875e+00) (65, 2.31569910049438476562e+00) (66, 1.99692475795745849609e+00) (67, 2.45543146133422851562e+00) (68, 2.22372388839721679688e+00) (69, 2.24526810646057128906e+00) (70, 3.82373660802841186523e-01) (71, 1.40940642356872558594e+00) (72, -1.98304862976074218750e+01) (73, -1.55749654769897460938e+01) (74, -5.60426414012908935547e-02) (75, 2.44640663266181945801e-01) (76, 1.47023215889930725098e-01) (77, 2.28905344009399414062e+00) (78, -9.44350659847259521484e-02) (79, 1.92299771308898925781e+00) (80, 3.92464309930801391602e-01) (81, 2.24746870994567871094e+00) (82, 1.29373028874397277832e-01) (83, 2.99697905778884887695e-01) (84, -5.92580020427703857422e-01) (85, -8.01843106746673583984e-01) (86, 2.36734032630920410156e+00) (87, 1.38248717784881591797e+00) (88, 6.31927788257598876953e-01) (89, 1.26745891571044921875e+00) (90, 2.05644369125366210938e+00) (91, 1.13297843933105468750e+00) (92, 1.65782999992370605469e+00) (93, -2.08006903529167175293e-01) (94, 2.31440758705139160156e+00) (95, 1.07752478122711181641e+00) (96, -6.12925849854946136475e-02) (97, 5.25277614593505859375e-01) (98, 5.18371611833572387695e-02) (99, 1.85815739631652832031e+00) (100, 1.21562704443931579590e-01) (101, 1.64390802383422851562e+00) (102, 3.54011297225952148438e-01) (103, 1.70977139472961425781e+00) (104, -3.08364599943161010742e-01) (0, 2.71484470367431640625e+00) (1, -6.41645789146423339844e-01) (2, -6.76608085632324218750e-01) (3, 8.25391471385955810547e-01) (4, -8.23072254657745361328e-01) (5, -1.25547535717487335205e-02) (6, -4.97222468256950378418e-02) (7, 2.12405872344970703125e+00) (8, 5.87779521942138671875e-01) (9, 1.83064317703247070312e+00) (10, -5.23150116205215454102e-02) (11, -1.69074445962905883789e-01) (12, 8.50716978311538696289e-02) (13, 2.14919257164001464844e+00) (14, 8.69898945093154907227e-02) (15, -7.21844613552093505859e-01) (16, -6.82469248771667480469e-01) (17, -7.72161245346069335938e-01) (18, -7.64564633369445800781e-01) (19, -8.13348710536956787109e-01) (20, 1.44364762306213378906e+00) (21, 1.39121544361114501953e+00) (22, -7.22666144371032714844e-01) (23, -6.49437367916107177734e-01) (24, -6.41585230827331542969e-01) (25, 1.42822504043579101562e+00) (26, -6.83377742767333984375e-01) (27, -6.04642629623413085938e-01) (28, 6.53131976723670959473e-02) (29, -7.84775614738464355469e-01) (30, 2.51690298318862915039e-01) (31, -6.23709380626678466797e-01) (32, 1.35289454460144042969e+00) (33, -4.36698228120803833008e-01) (34, 1.03880083560943603516e+00) (35, -4.26966488361358642578e-01) (36, -4.07652914524078369141e-01) (37, 2.32522511482238769531e+00) (38, 1.34212529659271240234e+00) (39, -7.53917217254638671875e-01) (40, 1.23217010498046875000e+00) (41, 1.46123147010803222656e+00) (42, -6.38548731803894042969e-01) (43, 2.12735533714294433594e+00) (44, -3.92931699752807617188e-01) (45, -7.39776670932769775391e-01) (46, 1.46392011642456054688e+00) (47, 6.05019703507423400879e-02) (48, 1.06680631637573242188e+00) (49, 1.26031970977783203125e+00) (50, 1.29982819780707359314e-02) (51, 3.24245780706405639648e-01) (52, -2.31287293136119842529e-02) (53, -3.33618968725204467773e-02) (54, 1.53964233398437500000e+00) (55, -9.74322736263275146484e-01) (56, -8.15634250640869140625e-01) (57, -1.13037097454071044922e+00) (58, -6.32579326629638671875e-01) (59, -1.92269921302795410156e-01) (60, -7.26578652858734130859e-01) (61, -7.80226767063140869141e-01) (62, 1.21008791029453277588e-01) (63, -7.84503698348999023438e-01) (64, -1.07588005065917968750e+00) (65, -6.64073526859283447266e-01) (66, -5.55720210075378417969e-01) (67, -7.31435060501098632812e-01) (68, -6.30611002445220947266e-01) (69, 3.48535001277923583984e-01) (70, -7.04469621181488037109e-01) (71, -1.48859530687332153320e-01) (72, -7.32583165168762207031e-01) (73, -1.01972055435180664062e+00) (74, -7.15559303760528564453e-01) (75, 2.87675678730010986328e-01) (76, 1.37115597724914550781e+00) (77, -6.66570365428924560547e-01) (78, 3.41344237327575683594e+00) (79, -1.07146763801574707031e+00) (80, -5.16696631908416748047e-01) (81, -6.78662538528442382812e-01) (82, -6.85354650020599365234e-01) (83, -6.16129040718078613281e-01) (84, 1.00255167484283447266e+00) (85, 7.77964711189270019531e-01) (86, -6.77060008049011230469e-01) (87, 2.90749073028564453125e-02) (88, -8.56380224227905273438e-01) (89, -7.62923538684844970703e-01) (90, -7.05411493778228759766e-01) (91, -7.06666350364685058594e-01) (92, 1.79680073261260986328e+00) (93, 9.86967459321022033691e-02) (94, -7.59990990161895751953e-01) (95, 1.42850577831268310547e+00) (96, -5.42492326349020004272e-03) (97, -9.56133127212524414062e-01) (98, -7.72554814815521240234e-01) (99, -8.07014107704162597656e-01) (100, -7.73417353630065917969e-01) (101, -5.60379922389984130859e-01) (102, 3.42433142662048339844e+00) (103, -1.01325380802154541016e+00) (104, 2.55798149108886718750e+00) (0, -1.90425127744674682617e-01) (1, -1.38435673713684082031e+00) (2, -1.66536509990692138672e-01) (3, -1.38670742511749267578e-01) (4, -7.79131650924682617188e-01) (5, -4.30755257606506347656e-01) (6, -8.37782025337219238281e-01) (7, 1.85345605015754699707e-01) (8, 1.23839557170867919922e+00) (9, -9.57209169864654541016e-01) (10, -1.46456956863403320312e-01) (11, -2.95001447200775146484e-01) (12, -1.82950377464294433594e-01) (13, 1.97836220264434814453e+00) (14, -1.75366967916488647461e-01) (15, 1.55107036232948303223e-01) (16, -9.36579108238220214844e-01) (17, -6.48406386375427246094e-01) (18, -6.68565392494201660156e-01) (19, -4.08802211284637451172e-01) (20, -7.49682724475860595703e-01) (21, 1.57441771030426025391e+00) (22, -6.37414515018463134766e-01) (23, -5.01797437667846679688e-01) (24, -4.83615636825561523438e-01) (25, -1.56491124629974365234e+00) (26, -8.08487713336944580078e-01) (27, 1.72290706634521484375e+00) (28, 1.58360075950622558594e+00) (29, -7.11475253105163574219e-01) (30, 1.30083203315734863281e+00) (31, -6.41294360160827636719e-01) (32, 1.73101258277893066406e+00) (33, 1.36707973480224609375e+00) (34, 1.95226863026618957520e-01) (35, -2.95757502317428588867e-01) (36, -6.02686822414398193359e-01) (37, -5.81859529018402099609e-01) (38, 1.39387500286102294922e+00) (39, -1.01776504516601562500e+00) (40, 1.34389594197273254395e-01) (41, -1.04830968379974365234e+00) (42, 7.17590451240539550781e-02) (43, 1.76333323121070861816e-01) (44, -7.61565566062927246094e-01) (45, -9.48079943656921386719e-01) (46, -4.51326847076416015625e+00) (47, -1.02647817134857177734e+00) (48, 4.83384132385253906250e+00) (49, -1.21840812265872955322e-01) (50, 2.20462727546691894531e+00) (51, -5.84763884544372558594e-01) (52, 2.10604354739189147949e-01) (53, -2.84087109565734863281e+00) (54, 3.31786513328552246094e+00) (55, -8.07983493804931640625e+00) (56, -1.22689071577042341232e-03) (57, 5.96041393280029296875e+00) (58, 5.52097511291503906250e+00) (59, 3.55280303955078125000e+00) (60, 2.13713049888610839844e+00) (61, 2.76701211929321289062e-01) (62, -1.23635962605476379395e-01) (63, -1.32117480039596557617e-01) (64, 8.38843047618865966797e-01) (65, 2.19997406005859375000e+00) (66, -3.06029629707336425781e+00) (67, 2.39850163459777832031e+00) (68, -2.23102003335952758789e-01) (69, 1.49205422401428222656e+00) (70, -7.09826827049255371094e-01) (71, -7.18423485755920410156e-01) (72, -6.76050007343292236328e-01) (73, -4.38106727600097656250e+00) (74, 1.55708873271942138672e+00) (75, 2.44663643836975097656e+00) (76, -7.29877352714538574219e-01) (77, 6.57447159290313720703e-01) (78, -8.50607681274414062500e+00) (79, -3.67249131202697753906e+00) (80, 6.83302700519561767578e-01) (81, 1.09719669818878173828e+00) (82, -8.93168866634368896484e-01) (83, 2.19215250015258789062e+00) (84, 1.08942437171936035156e+00) (85, -3.54621410369873046875e-02) (86, -1.67081028223037719727e-01) (87, -1.15878112614154815674e-01) (88, -2.10559785366058349609e-01) (89, -3.96122813224792480469e+00) (90, -2.26292997598648071289e-01) (91, 1.94253838062286376953e+00) (92, -6.27031177282333374023e-02) (93, -1.62074136734008789062e+00) (94, -7.91875660419464111328e-01) (95, -3.13388645648956298828e-01) (96, -3.57364743947982788086e-01) (97, 3.94217157363891601562e+00) (98, 6.77291333675384521484e-01) (99, -2.47538113594055175781e+00) (100, -2.51195013523101806641e-01) (101, -1.22576618194580078125e+00) (102, 2.85784387588500976562e+00) (103, -4.30207312107086181641e-01) (104, 2.71472573280334472656e+00) (0, -8.20066833496093750000e+01) (1, 1.72902023792266845703e+00) (2, 1.03120875358581542969e+00) (3, -3.69382882118225097656e+00) (4, 1.63789227604866027832e-01) (5, 2.42787742614746093750e+00) (6, 9.24356520175933837891e-01) (7, 2.46690320968627929688e+00) (8, -3.83278799057006835938e+00) (9, 2.69574761390686035156e+00) (10, 1.80627807974815368652e-01) (11, 1.89873623847961425781e+00) (12, 2.68042683601379394531e+00) (13, -3.75931968688964843750e+01) (14, 2.69034242630004882812e+00) (15, 1.85279500484466552734e+00) (16, 1.98568308353424072266e+00) (17, -7.68088388442993164062e+00) (18, 1.85690832138061523438e+00) (19, 2.36834764480590820312e+00) (20, 4.48015064001083374023e-01) (21, 1.63397735595703125000e+02) (22, 7.11697518825531005859e-01) (23, -2.81508982181549072266e-01) (24, 1.92188358306884765625e+00) (25, 1.07917332649230957031e+00) (26, 1.85175192356109619141e+00) (27, 2.13070988655090332031e+00) (28, 2.47734785079956054688e+00) (29, 2.01127243041992187500e+00) (30, 8.06597769260406494141e-01) (31, 2.53095006942749023438e+00) (32, 6.68132424354553222656e-01) (33, 1.22892284393310546875e+00) (34, 2.55244135856628417969e+00) (35, 6.84661746025085449219e-01) (36, 2.60774779319763183594e+00) (37, 2.70619320869445800781e+00) (38, 3.54844474792480468750e+00) (39, 1.01102328300476074219e+00) (40, 1.85782170295715332031e+00) (41, 1.71508610248565673828e+00) (42, 2.62404966354370117188e+00) (43, 2.75344300270080566406e+00) (44, 3.42243343591690063477e-01) (45, 2.12841534614562988281e+00) (46, 2.60178017616271972656e+00) (47, 2.05517983436584472656e+00) (48, 1.90317475795745849609e+00) (49, 1.86530184745788574219e+00) (50, 1.95070052146911621094e+00) (51, 2.69401597976684570312e+00) (52, 2.13781380653381347656e+00) (53, 2.63553619384765625000e+00) (54, 2.42592978477478027344e+00) (55, 2.59430980682373046875e+00) (56, 2.61012077331542968750e+00) (57, 2.66761493682861328125e+00) (58, -1.69576663970947265625e+01) (59, 2.75586056709289550781e+00) (60, 7.32350528240203857422e-01) (61, 8.31386744976043701172e-01) (62, 1.00524187088012695312e+00) (63, 1.99899578094482421875e+00) (64, 1.89314961433410644531e+00) (65, 1.83191788196563720703e+00) (66, 2.51248049736022949219e+00) (67, 1.92587053775787353516e+00) (68, 1.88724493980407714844e+00) (69, 1.87537205219268798828e+00) (70, 2.45228600502014160156e+00) (71, 2.69127130508422851562e+00) (72, 3.39145240783691406250e+01) (73, 2.30913391113281250000e+01) (74, 2.59931850433349609375e+00) (75, 2.59250116348266601562e+00) (76, 2.77313709259033203125e+00) (77, 2.05299472808837890625e+00) (78, 2.55671381950378417969e+00) (79, 2.48706436157226562500e+00) (80, 2.34943890571594238281e+00) (81, 1.90188479423522949219e+00) (82, 2.60702013969421386719e+00) (83, 2.29177808761596679688e+00) (84, -9.37252163887023925781e-01) (85, -3.98585796356201171875e+00) (86, 1.87435400485992431641e+00) (87, 2.68096518516540527344e+00) (88, 1.92620682716369628906e+00) (89, 2.61013960838317871094e+00) (90, 1.81980240345001220703e+00) (91, -7.41714143753051757812e+00) (92, 2.84583711624145507812e+00) (93, 2.73654842376708984375e+00) (94, 1.83541238307952880859e+00) (95, 2.05150747299194335938e+00) (96, 2.73310184478759765625e+00) (97, 2.61484956741333007812e+00) (98, 1.99146080017089843750e+00) (99, 2.54896569252014160156e+00) (100, 2.10740256309509277344e+00) (101, 2.88332247734069824219e+00) (102, 1.77649629116058349609e+00) (103, 4.27108675241470336914e-01) (104, -7.05343633890151977539e-02) (0, 2.88611984252929687500e+00) (1, -9.03973758220672607422e-01) (2, -2.60420054197311401367e-01) (3, 6.06619834899902343750e-01) (4, 2.41921246051788330078e-01) (5, -1.00827956199645996094e+00) (6, -6.24409735202789306641e-01) (7, 1.61865997314453125000e+00) (8, 1.22584533691406250000e+00) (9, 1.87830889225006103516e+00) (10, 1.97530269622802734375e+00) (11, -4.22709107398986816406e-01) (12, 1.02549053728580474854e-01) (13, -6.93398892879486083984e-01) (14, 2.94213831424713134766e-01) (15, -9.22071337699890136719e-01) (16, -6.54658675193786621094e-01) (17, -7.89853990077972412109e-01) (18, 3.84071409702301025391e-01) (19, 1.38090014457702636719e+00) (20, 5.63357591629028320312e-01) (21, -2.32254171371459960938e+00) (22, 8.38193297386169433594e-01) (23, 7.02111274003982543945e-02) (24, -4.51366853713989257812e+00) (25, 4.90825891494750976562e-01) (26, 1.40584498643875122070e-01) (27, -2.28508043289184570312e+00) (28, 7.54154324531555175781e-01) (29, 8.62204849720001220703e-01) (30, 4.88005816936492919922e-01) (31, -9.64257836341857910156e-01) (32, 1.52239549160003662109e+00) (33, 3.70421856641769409180e-02) (34, 1.36032152175903320312e+00) (35, -6.72876894474029541016e-01) (36, -6.71736240386962890625e-01) (37, 1.65035283565521240234e+00) (38, -1.99208155274391174316e-01) (39, 1.78878867626190185547e+00) (40, -4.14864122867584228516e-01) (41, 1.24640238285064697266e+00) (42, -7.14350700378417968750e-01) (43, 7.44683027267456054688e-01) (44, 1.00263130664825439453e+00) (45, 8.46526503562927246094e-01) (46, 2.20531821250915527344e+00) (47, -1.07446648180484771729e-01) (48, -3.33724308013916015625e+00) (49, -5.60181915760040283203e-01) (50, 1.95178604125976562500e+00) (51, 1.83821439743041992188e+00) (52, 1.04681015014648437500e+00) (53, -2.47324369847774505615e-02) (54, -1.29096376895904541016e+00) (55, 1.03567707538604736328e+00) (56, -7.24806547164916992188e-01) (57, 9.01155292987823486328e-01) (58, 7.03867850825190544128e-03) (59, 6.52526021003723144531e-01) (60, -6.72251820564270019531e-01) (61, 2.17671489715576171875e+00) (62, 4.62886154651641845703e-01) (63, -7.07050621509552001953e-01) (64, 1.41848444938659667969e+00) (65, -6.30941331386566162109e-01) (66, -1.61077514290809631348e-01) (67, -2.64759540557861328125e+00) (68, -5.88878333568572998047e-01) (69, -7.64903068542480468750e-01) (70, -6.38590276241302490234e-01) (71, 4.41223382949829101562e-02) (72, 1.64234548807144165039e-01) (73, 2.09942269325256347656e+00) (74, -6.55420660972595214844e-01) (75, -5.24499714374542236328e-01) (76, -8.69205236434936523438e-01) (77, -7.26198792457580566406e-01) (78, 1.48474395275115966797e-01) (79, -6.06147348880767822266e-01) (80, 2.26774978637695312500e+00) (81, -6.76530838012695312500e-01) (82, -1.12141108512878417969e+00) (83, -9.38179135322570800781e-01) (84, 1.56078529357910156250e+00) (85, -4.36002641916275024414e-01) (86, -7.12581396102905273438e-01) (87, -5.69435238838195800781e-01) (88, 1.24858212471008300781e+00) (89, -5.22735178470611572266e-01) (90, -5.75861394405364990234e-01) (91, -3.25371325016021728516e-02) (92, 1.52932953834533691406e+00) (93, -7.34555840492248535156e-01) (94, -5.50048291683197021484e-01) (95, 1.60199664533138275146e-02) (96, 1.03880143165588378906e+00) (97, -5.89027404785156250000e-02) (98, -7.45106279850006103516e-01) (99, 1.05007305741310119629e-01) (100, -4.73590418696403503418e-02) (101, -6.20434343814849853516e-01) (102, 2.46187925338745117188e+00) (103, 6.14910781383514404297e-01) (104, 2.55544304847717285156e+00) (0, 7.49271363019943237305e-02) (1, -3.66564095020294189453e-01) (2, -5.69061934947967529297e-01) (3, 9.98057723045349121094e-01) (4, -6.57449781894683837891e-01) (5, -7.26860284805297851562e-01) (6, 1.75667917728424072266e+00) (7, 4.42395880818367004395e-02) (8, 2.10355901718139648438e+00) (9, 1.39112198352813720703e+00) (10, 9.51854467391967773438e-01) (11, 1.93395304679870605469e+00) (12, 1.42503213882446289062e+00) (13, 2.02948451042175292969e+00) (14, 1.88821852207183837891e+00) (15, -4.63271886110305786133e-01) (16, 2.08495283126831054688e+00) (17, 1.38515722751617431641e+00) (18, 3.15634161233901977539e-02) (19, 1.46718490123748779297e+00) (20, -9.07078012824058532715e-02) (21, -1.03388917446136474609e+00) (22, 7.61588588356971740723e-02) (23, -5.50656676292419433594e-01) (24, 2.45569199323654174805e-01) (25, 2.09565341472625732422e-01) (26, 2.20923352241516113281e+00) (27, -6.74460172653198242188e-01) (28, -5.14847338199615478516e-01) (29, -2.24447235465049743652e-01) (30, 1.82916283607482910156e-01) (31, -7.04478263854980468750e-01) (32, -1.74442991614341735840e-01) (33, -6.19994461536407470703e-01) (34, 6.48697853088378906250e-01) (35, -6.23788177967071533203e-01) (36, -4.74456369876861572266e-01) (37, 1.74328291416168212891e+00) (38, -7.25500822067260742188e-01) (39, -5.47762095928192138672e-01) (40, -5.48126459121704101562e-01) (41, 2.13346838951110839844e+00) (42, 1.28400182723999023438e+00) (43, -3.52654069662094116211e-01) (44, -7.75968909263610839844e-01) (45, -7.31016457080841064453e-01) (46, -9.50226902961730957031e-01) (47, -4.14330542087554931641e-01) (48, -1.59873679280281066895e-01) (49, -4.93881642818450927734e-01) (50, -1.06181287765502929688e+00) (51, -1.06425631046295166016e+00) (52, -6.55493378639221191406e-01) (53, 1.42356538772583007812e+00) (54, 1.25310409069061279297e+00) (55, -2.74216604232788085938e+00) (56, 1.50407779216766357422e+00) (57, 1.46735990047454833984e+00) (58, 2.13355731964111328125e+00) (59, -9.22674015164375305176e-02) (60, -5.59588968753814697266e-01) (61, 7.65367746353149414062e-02) (62, -6.40547871589660644531e-01) (63, -5.86974561214447021484e-01) (64, -6.65608823299407958984e-01) (65, -6.98681116104125976562e-01) (66, -5.85941016674041748047e-01) (67, -8.56279656291007995605e-02) (68, 1.09086763858795166016e+00) (69, 2.11860567331314086914e-01) (70, -6.03452205657958984375e-01) (71, 1.47205185890197753906e+00) (72, -1.60825505852699279785e-01) (73, 1.07604935765266418457e-01) (74, 1.48134970664978027344e+00) (75, -1.26584127545356750488e-01) (76, 1.13923525810241699219e+00) (77, 3.05558182299137115479e-03) (78, -1.82150185108184814453e+00) (79, 1.39083743095397949219e+00) (80, -1.91826450824737548828e+00) (81, -6.11975312232971191406e-01) (82, -6.78458750247955322266e-01) (83, -5.23109436035156250000e-01) (84, -7.46027305722236633301e-02) (85, -5.68914771080017089844e-01) (86, -7.20164060592651367188e-01) (87, 1.41627311706542968750e+00) (88, -6.87523901462554931641e-01) (89, -6.62952899932861328125e-01) (90, -4.14368301630020141602e-01) (91, -5.45690000057220458984e-01) (92, -8.62532019615173339844e-01) (93, -1.06025707721710205078e+00) (94, 1.48043763637542724609e+00) (95, -6.90570414066314697266e-01) (96, -6.87414824962615966797e-01) (97, -6.88138782978057861328e-01) (98, 1.41459131240844726562e+00) (99, -6.76464021205902099609e-01) (100, -6.00533604621887207031e-01) (101, -8.56385886669158935547e-01) (102, -2.01342201232910156250e+00) (103, 4.65436887741088867188e+00) (104, 2.68237423896789550781e+00) (0, 1.19369983673095703125e+00) (1, 9.91423606872558593750e-01) (2, 1.09306943416595458984e+00) (3, 1.10847640037536621094e+00) (4, 1.18617784976959228516e+00) (5, -6.51549994945526123047e-01) (6, -4.04920309782028198242e-01) (7, -1.51144301891326904297e+00) (8, 6.50564551353454589844e-01) (9, -6.72365307807922363281e-01) (10, 1.33133697509765625000e+00) (11, -6.11082971096038818359e-01) (12, -6.29722774028778076172e-01) (13, 3.77245962619781494141e-01) (14, -6.48033797740936279297e-01) (15, -5.85272908210754394531e-01) (16, 1.37510323524475097656e+00) (17, -6.73125147819519042969e-01) (18, -1.09969997406005859375e+00) (19, -6.97075009346008300781e-01) (20, -1.04078435897827148438e+00) (21, -1.12308216094970703125e+00) (22, 1.56237924098968505859e+00) (23, -1.91017583012580871582e-01) (24, -2.12855029106140136719e+00) (25, 1.31975269317626953125e+00) (26, 1.30151832103729248047e+00) (27, 1.39843451976776123047e+00) (28, -6.86487555503845214844e-01) (29, 1.11714255809783935547e+00) (30, -7.56239473819732666016e-01) (31, -5.95519900321960449219e-01) (32, 1.46479988098144531250e+00) (33, -7.22933650016784667969e-01) (34, 3.09532904624938964844e+00) (35, -7.69002258777618408203e-01) (36, 1.86210954189300537109e+00) (37, 2.14828395843505859375e+00) (38, 1.36537957191467285156e+00) (39, -4.99135851860046386719e-01) (40, 1.51959013938903808594e+00) (41, 1.78816318511962890625e+00) (42, 1.29500126838684082031e+00) (43, 7.31597542762756347656e-01) (44, -9.68448743224143981934e-02) (45, -6.45562589168548583984e-01) (46, 1.53572082519531250000e+00) (47, -3.17631959915161132812e-01) (48, -2.54120182991027832031e+00) (49, -5.61665296554565429688e-01) (50, 9.24468971788883209229e-03) (51, -5.73360025882720947266e-01) (52, 1.97783350944519042969e+00) (53, 6.43487274646759033203e-02) (54, -7.39331424236297607422e-01) (55, 6.52485847473144531250e-01) (56, 1.54695618152618408203e+00) (57, 9.81514811515808105469e-01) (58, 1.62628650665283203125e-01) (59, 2.23129391670227050781e+00) (60, -6.65589570999145507812e-01) (61, -5.22943258285522460938e-01) (62, 1.02164137363433837891e+00) (63, -6.41801834106445312500e-01) (64, -1.38567611575126647949e-01) (65, -6.30001962184906005859e-01) (66, 1.36035037040710449219e+00) (67, 1.82551777362823486328e+00) (68, -6.52454376220703125000e-01) (69, 1.16804480552673339844e+00) (70, -6.84074401855468750000e-01) (71, -2.39529550075531005859e-01) (72, 1.10717870295047760010e-01) (73, 2.19885498285293579102e-01) (74, -8.07096719741821289062e-01) (75, -8.80572292953729629517e-03) (76, 1.78792345523834228516e+00) (77, -6.93314850330352783203e-01) (78, -8.75149488449096679688e-01) (79, -7.77708172798156738281e-01) (80, 1.27142935991287231445e-01) (81, -2.97670960426330566406e-01) (82, -6.53509020805358886719e-01) (83, -7.87545263767242431641e-01) (84, 5.51989376544952392578e-02) (85, 1.43720912933349609375e+00) (86, -6.17414832115173339844e-01) (87, -6.84188663959503173828e-01) (88, -4.79927688837051391602e-01) (89, -5.57123005390167236328e-01) (90, -2.52910077571868896484e-01) (91, 2.02621668577194213867e-01) (92, -8.57104659080505371094e-01) (93, -9.43430662155151367188e-01) (94, -5.92239141464233398438e-01) (95, -5.81283211708068847656e-01) (96, -8.22269916534423828125e-01) (97, -6.81516528129577636719e-01) (98, -7.14056015014648437500e-01) (99, -6.08159542083740234375e-01) (100, -6.11304640769958496094e-01) (101, -1.26179850101470947266e+00) (102, -8.41271758079528808594e-01) (103, 3.08646440505981445312e+00) (104, 2.63535237312316894531e+00) (0, 2.23695969581604003906e+00) (1, 8.87907087802886962891e-01) (2, 1.42961874604225158691e-01) (3, -6.17233812808990478516e-01) (4, 1.40641295909881591797e+00) (5, 1.96612226963043212891e+00) (6, 1.73538470268249511719e+00) (7, 5.23387007415294647217e-02) (8, -4.51999068260192871094e-01) (9, 2.15652060508728027344e+00) (10, -4.79972124099731445312e-01) (11, 6.79107546806335449219e-01) (12, -6.80950999259948730469e-01) (13, -1.19024181365966796875e+00) (14, -2.93260216712951660156e-01) (15, 1.28858256340026855469e+00) (16, 6.81081339716911315918e-02) (17, -1.97743713855743408203e+00) (18, -4.22031491994857788086e-01) (19, -4.71557825803756713867e-01) (20, -1.81165151298046112061e-02) (21, 2.11014819145202636719e+00) (22, -5.66066324710845947266e-01) (23, -1.40598082542419433594e+00) (24, -5.12254953384399414062e-01) (25, -1.47821485996246337891e+00) (26, 1.78507483005523681641e+00) (27, 1.40866315364837646484e+00) (28, -5.27136743068695068359e-01) (29, 5.34708678722381591797e-01) (30, 7.49772846698760986328e-01) (31, -8.65197777748107910156e-01) (32, 1.47851479053497314453e+00) (33, 6.81041359901428222656e-01) (34, 3.24146747589111328125e+00) (35, 1.34527564048767089844e+00) (36, 4.64522093534469604492e-01) (37, 3.78766000270843505859e-01) (38, -1.48689866065979003906e+00) (39, -9.33588802814483642578e-01) (40, 5.77900648117065429688e-01) (41, 1.12841773033142089844e+00) (42, 4.91011068224906921387e-02) (43, -2.84566869959235191345e-03) (44, -4.44639056921005249023e-01) (45, -7.54958331584930419922e-01) (46, -5.17458856105804443359e-01) (47, -1.00834476947784423828e+00) (48, -7.63752758502960205078e-01) (49, -9.08007025718688964844e-01) (50, -8.24851930141448974609e-01) (51, -5.82498610019683837891e-01) (52, -6.58846378326416015625e-01) (53, 2.65903830528259277344e-01) (54, -5.12525916099548339844e-01) (55, -8.10663938522338867188e-01) (56, 2.24062871932983398438e+00) (57, -2.16039896011352539062e+00) (58, -7.12055444717407226562e-01) (59, 2.18909502029418945312e+00) (60, 1.41307592391967773438e+00) (61, -1.16583979129791259766e+00) (62, 5.52352130413055419922e-01) (63, -4.53429222106933593750e-01) (64, 1.38083696365356445312e+00) (65, -6.05318546295166015625e-01) (66, 2.39626169204711914062e+00) (67, 3.21553856134414672852e-01) (68, 5.65558254718780517578e-01) (69, 1.68062281608581542969e+00) (70, -7.01380074024200439453e-01) (71, 5.69629520177841186523e-02) (72, -7.23052442073822021484e-01) (73, -8.82106840610504150391e-01) (74, -6.70386850833892822266e-01) (75, 5.41660308837890625000e-01) (76, 1.10155224800109863281e-01) (77, -7.41348385810852050781e-01) (78, -7.93078541755676269531e-02) (79, -7.81827509403228759766e-01) (80, 2.81948709487915039062e+00) (81, 1.28493833541870117188e+00) (82, -2.85994112491607666016e-01) (83, 1.20298171043395996094e+00) (84, 1.84795036911964416504e-01) (85, -8.84835124015808105469e-01) (86, -7.54667937755584716797e-01) (87, -1.77117705345153808594e-01) (88, 1.65735828876495361328e+00) (89, 1.43936264514923095703e+00) (90, 1.48523962497711181641e+00) (91, -4.39099520444869995117e-01) (92, -9.81869697570800781250e-01) (93, -8.21657419204711914062e-01) (94, -7.52597093582153320312e-01) (95, -3.21556687355041503906e-01) (96, -1.27298831939697265625e-01) (97, -1.84955668449401855469e+00) (98, -7.58652567863464355469e-01) (99, -8.02094221115112304688e-01) (100, -6.65915369987487792969e-01) (101, -2.53372281789779663086e-01) (102, 6.58598005771636962891e-01) (103, 1.34599220752716064453e+00) (104, 2.58464550971984863281e+00) (0, 2.23563339233398437500e+02) (1, 1.81531101465225219727e-01) (2, 1.02052271366119384766e+00) (3, -3.21719551086425781250e+00) (4, 1.45357847213745117188e-01) (5, 8.91240656375885009766e-01) (6, 9.51472461223602294922e-01) (7, 9.18084204196929931641e-01) (8, -5.57418394088745117188e+00) (9, 2.67740058898925781250e+00) (10, 1.14282526075839996338e-01) (11, 7.11499303579330444336e-02) (12, 2.63026142120361328125e+00) (13, 5.24277150630950927734e-01) (14, 1.26123666763305664062e+00) (15, 1.86731576919555664062e+00) (16, 1.87279009819030761719e+00) (17, 1.38515746593475341797e+00) (18, 1.94363403320312500000e+00) (19, 2.46501827239990234375e+00) (20, 1.81348204612731933594e+00) (21, 1.64528305053710937500e+02) (22, 2.04292416572570800781e+00) (23, 2.44944477081298828125e+00) (24, 2.00104689598083496094e+00) (25, 6.34033858776092529297e-01) (26, 1.87233233451843261719e+00) (27, 2.07869696617126464844e+00) (28, 2.57056879997253417969e+00) (29, 2.06119394302368164062e+00) (30, 4.21171873807907104492e-01) (31, 9.28633153438568115234e-01) (32, 2.75404006242752075195e-01) (33, 1.02944016456604003906e+00) (34, 2.44425320625305175781e+00) (35, 2.06860974431037902832e-01) (36, 7.58805811405181884766e-01) (37, 2.66232442855834960938e+00) (38, 3.30348420143127441406e+00) (39, 7.11269557476043701172e-01) (40, 1.96081030368804931641e+00) (41, 1.55910074710845947266e+00) (42, 2.76792073249816894531e+00) (43, 2.67614150047302246094e+00) (44, 4.03741985559463500977e-01) (45, 2.14280962944030761719e+00) (46, 2.04158639907836914062e+00) (47, 2.16913843154907226562e+00) (48, 1.80322146415710449219e+00) (49, 1.87130939960479736328e+00) (50, 1.86618685722351074219e+00) (51, 2.58643484115600585938e+00) (52, 2.14552140235900878906e+00) (53, 2.66404652595520019531e+00) (54, 2.24208450317382812500e+00) (55, 2.55440831184387207031e+00) (56, 2.75287556648254394531e+00) (57, 1.39686751365661621094e+00) (58, 8.61276566982269287109e-01) (59, 2.72995114326477050781e+00) (60, 7.09361135959625244141e-01) (61, 2.56091332435607910156e+00) (62, 2.65936660766601562500e+00) (63, 1.81884968280792236328e+00) (64, 1.74216878414154052734e+00) (65, 1.84285295009613037109e+00) (66, 2.55929851531982421875e+00) (67, 1.89286494255065917969e+00) (68, 1.84824454784393310547e+00) (69, 1.89522194862365722656e+00) (70, 2.53107142448425292969e+00) (71, 2.68061399459838867188e+00) (72, 3.26270637512207031250e+01) (73, 2.09523487091064453125e+01) (74, 2.19055891036987304688e+00) (75, 1.10536348819732666016e+00) (76, 1.48948276042938232422e+00) (77, 9.28141891956329345703e-01) (78, 8.92584502696990966797e-01) (79, 1.32606649398803710938e+00) (80, 5.22685170173645019531e-01) (81, 1.86730599403381347656e+00) (82, 1.26225066184997558594e+00) (83, 6.48445665836334228516e-01) (84, -1.16459671020507812500e+02) (85, -1.11091604232788085938e+01) (86, 1.56027686595916748047e+00) (87, 1.64853382110595703125e+00) (88, 2.25262925028800964355e-01) (89, 1.26854395866394042969e+00) (90, 4.19162094593048095703e-01) (91, -6.59046030044555664062e+00) (92, 2.81835174560546875000e+00) (93, 1.72029757499694824219e+00) (94, 1.86134803295135498047e+00) (95, 7.53246963024139404297e-01) (96, 2.66087126731872558594e+00) (97, 2.65013432502746582031e+00) (98, 7.35621988773345947266e-01) (99, 1.36528825759887695312e+00) (100, 8.25602948665618896484e-01) (101, 1.52308166027069091797e+00) (102, 4.47108522057533264160e-02) (103, 2.18733787536621093750e+00) (104, 4.50534448027610778809e-02) (0, -1.63837119936943054199e-01) (1, -1.72179651260375976562e+00) (2, 1.89957058429718017578e+00) (3, 1.82817012071609497070e-01) (4, 4.16794729232788085938e+00) (5, -1.14141082763671875000e+00) (6, -1.64474025368690490723e-01) (7, 3.68270206451416015625e+00) (8, 1.81243062019348144531e+00) (9, 7.96771168708801269531e-01) (10, -7.13583278656005859375e+00) (11, -1.98010122776031494141e+00) (12, -3.05193096399307250977e-01) (13, 1.88775432109832763672e+00) (14, -1.21031248569488525391e+00) (15, 1.86309802532196044922e+00) (16, -4.96994256973266601562e-01) (17, 3.28486275672912597656e+00) (18, 9.71330356597900390625e+00) (19, 2.83765137195587158203e-01) (20, -1.47644269466400146484e+00) (21, -4.31471347808837890625e-01) (22, -6.20820224285125732422e-01) (23, 1.31160247325897216797e+00) (24, 8.24861049652099609375e+00) (25, 3.28694128990173339844e+00) (26, 3.97012174129486083984e-01) (27, 3.84878540039062500000e+00) (28, 5.48018836975097656250e+00) (29, 4.97050237655639648438e+00) (30, -2.15684771537780761719e+00) (31, -7.38424599170684814453e-01) (32, 1.81564140319824218750e+00) (33, -3.64436197280883789062e+00) (34, -1.86109220981597900391e+00) (35, 4.24504280090332031250e-01) (36, -3.67927694320678710938e+00) (37, -4.19769859313964843750e+00) (38, -3.99672895669937133789e-01) (39, -3.80374979972839355469e+00) (40, 1.75731098651885986328e+00) (41, 2.42530435323715209961e-01) (42, -3.19986015558242797852e-01) (43, -2.63216972351074218750e-01) (44, 3.58976769447326660156e+00) (45, -5.05409777164459228516e-01) (46, 4.79459881782531738281e-01) (47, -1.49443924427032470703e-01) (48, 1.26337409019470214844e-01) (49, 1.99914026260375976562e+00) (50, 1.77366995811462402344e+00) (51, 3.73872447013854980469e+00) (52, -3.19609910249710083008e-01) (53, 6.03903353214263916016e-01) (54, 2.72728269919753074646e-03) (55, -3.05275774002075195312e+00) (56, 2.04171705245971679688e+00) (57, 2.08264440298080444336e-01) (58, 4.12738943099975585938e+00) (59, 5.90830028057098388672e-01) (60, 1.64701199531555175781e+00) (61, 8.60007524490356445312e-01) (62, 1.60571813583374023438e-01) (63, 2.71159052848815917969e-01) (64, -1.57511484622955322266e+00) (65, 3.53716075420379638672e-01) (66, 1.32359564304351806641e-01) (67, 2.23385602235794067383e-01) (68, 4.57700371742248535156e-01) (69, 8.40270280838012695312e-01) (70, 2.66292357444763183594e+00) (71, -6.50691211223602294922e-01) (72, -2.10949115753173828125e+01) (73, -1.62476119995117187500e+01) (74, -4.82445806264877319336e-02) (75, -8.65969136357307434082e-02) (76, -9.39261615276336669922e-01) (77, 8.19254279136657714844e-01) (78, -5.50389066338539123535e-02) (79, -2.99033429473638534546e-02) (80, 2.34198498725891113281e+00) (81, 5.64629793167114257812e-01) (82, -4.95981574058532714844e-02) (83, 5.83842098712921142578e-01) (84, 2.42309975624084472656e+00) (85, 5.98432540893554687500e-01) (86, 8.68997573852539062500e-01) (87, 2.30508804321289062500e-01) (88, 2.45687794685363769531e+00) (89, 4.37941014766693115234e-01) (90, 2.52863907814025878906e+00) (91, 8.56468081474304199219e-01) (92, 2.93541848659515380859e-01) (93, 3.07608604431152343750e-01) (94, 2.44313001632690429688e+00) (95, 2.31428116559982299805e-01) (96, 1.86409437656402587891e+00) (97, 3.79614531993865966797e-01) (98, 9.80370640754699707031e-01) (99, 1.83745908737182617188e+00) (100, 2.46474194526672363281e+00) (101, 2.73009240627288818359e-01) (102, 7.61500239372253417969e-01) (103, 1.37074863910675048828e+00) (104, -4.21377599239349365234e-01) (0, 2.82744431495666503906e+00) (1, 1.66398501396179199219e+00) (2, 2.22388410568237304688e+00) (3, -1.12334022521972656250e+01) (4, -4.39730614423751831055e-01) (5, 2.09668207168579101562e+00) (6, -7.62642681598663330078e-01) (7, 5.90353918075561523438e+00) (8, -7.85842597484588623047e-01) (9, -1.40758007764816284180e-01) (10, 5.30491828918457031250e+00) (11, 2.83993458747863769531e+00) (12, 1.95950567722320556641e+00) (13, 1.69722974300384521484e+00) (14, -1.18704438209533691406e+00) (15, 5.13107633590698242188e+00) (16, -5.82752752304077148438e+00) (17, -8.56044054031372070312e-01) (18, -1.50692427158355712891e+00) (19, -2.89311361312866210938e+00) (20, -9.69550800323486328125e+00) (21, 1.85830891132354736328e+00) (22, -1.63777279853820800781e+00) (23, 2.42883658409118652344e+00) (24, 4.04766941070556640625e+00) (25, -1.01011626422405242920e-01) (26, 1.13693094253540039062e+00) (27, 2.41962218284606933594e+00) (28, 5.97952079772949218750e+00) (29, 4.16145706176757812500e+00) (30, -5.36860322952270507812e+00) (31, 3.33506917953491210938e+00) (32, 2.37671208381652832031e+00) (33, 4.44543004035949707031e-01) (34, 2.59092402458190917969e+00) (35, -1.33606180548667907715e-01) (36, 1.90954184532165527344e+00) (37, 1.66059887409210205078e+00) (38, 3.37223029136657714844e+00) (39, 3.54588961601257324219e+00) (40, -1.77982831001281738281e+00) (41, -3.52309584617614746094e-01) (42, -5.36645054817199707031e-01) (43, -1.92543938755989074707e-01) (44, -3.90071630477905273438e-01) (45, 1.68935453891754150391e+00) (46, 1.08870708942413330078e+00) (47, -4.58204460144042968750e+00) (48, 1.06505572795867919922e+00) (49, 4.89560425281524658203e-01) (50, 4.83475029468536376953e-01) (51, -8.26644837856292724609e-01) (52, -4.04032170772552490234e-01) (53, 2.62910294532775878906e+00) (54, -2.22283959388732910156e+00) (55, -3.24008941650390625000e+00) (56, -4.44895207881927490234e-01) (57, -6.86240792274475097656e-01) (58, -2.21485757827758789062e+00) (59, 2.48741745948791503906e+00) (60, 3.08182299137115478516e-01) (61, 2.63194489479064941406e+00) (62, 8.26963663101196289062e-01) (63, 2.26703286170959472656e+00) (64, 7.40552008152008056641e-01) (65, -5.63365459442138671875e-01) (66, 2.43337249755859375000e+00) (67, 3.75661420822143554688e+00) (68, -4.04633194208145141602e-01) (69, -4.58478391170501708984e-01) (70, 2.27950072288513183594e+00) (71, -3.84942770004272460938e-01) (72, -1.10963022708892822266e+00) (73, -1.31357736587524414062e+01) (74, -2.93620586395263671875e+00) (75, -4.17976021766662597656e-01) (76, 1.90942299365997314453e+00) (77, -4.84759718179702758789e-01) (78, 1.93646585941314697266e+00) (79, -1.09191536903381347656e+00) (80, 2.34857797622680664062e-01) (81, 1.66764646768569946289e-01) (82, 2.06622809171676635742e-01) (83, 2.05260133743286132812e+00) (84, -4.69663888216018676758e-01) (85, -3.68652075529098510742e-01) (86, 3.33498060703277587891e-01) (87, 2.29733139276504516602e-01) (88, -4.47051167488098144531e-01) (89, 2.91713118553161621094e-01) (90, 2.52055406570434570312e-01) (91, 3.69418561458587646484e-01) (92, 1.66922926902770996094e-01) (93, 2.25245833396911621094e+00) (94, 2.45256811380386352539e-01) (95, 4.42481994628906250000e-01) (96, -6.92076563835144042969e-01) (97, -4.36601221561431884766e-01) (98, -4.16375428438186645508e-01) (99, -4.56523180007934570312e-01) (100, 1.16976428031921386719e+00) (101, -6.08524739742279052734e-01) (102, 8.69222402572631835938e-01) (103, 1.16682791709899902344e+00) (104, 2.44621276855468750000e+00) (0, -6.58424224853515625000e+01) (1, 7.11815118789672851562e-01) (2, 2.43388271331787109375e+00) (3, -1.37381720542907714844e+00) (4, 1.94356933236122131348e-01) (5, 2.25631165504455566406e+00) (6, 1.00835514068603515625e+00) (7, 2.50964760780334472656e+00) (8, -1.27159204483032226562e+01) (9, 2.58085846900939941406e+00) (10, 5.31144216656684875488e-02) (11, 1.84992861747741699219e+00) (12, 2.56174516677856445312e+00) (13, -7.24750137329101562500e+01) (14, 2.55132102966308593750e+00) (15, 1.88888144493103027344e+00) (16, 5.93413829803466796875e-01) (17, -1.81529426574707031250e+01) (18, 2.01923990249633789062e+00) (19, 2.36571836471557617188e+00) (20, 4.60886985063552856445e-01) (21, 1.56607391357421875000e+02) (22, 7.93421089649200439453e-01) (23, -7.05308318138122558594e-01) (24, 1.97337341308593750000e+00) (25, 1.09992635250091552734e+00) (26, 2.03105688095092773438e+00) (27, 2.16025662422180175781e+00) (28, 2.44304561614990234375e+00) (29, 2.09500503540039062500e+00) (30, 2.15796136856079101562e+00) (31, 2.54220509529113769531e+00) (32, 6.65667831897735595703e-01) (33, 1.53931379318237304688e+00) (34, 2.63586902618408203125e+00) (35, 7.09199368953704833984e-01) (36, 2.44946980476379394531e+00) (37, 2.67333197593688964844e+00) (38, 3.62607955932617187500e+00) (39, -9.07354429364204406738e-03) (40, 1.81584930419921875000e+00) (41, -1.04847049713134765625e+00) (42, 2.71509027481079101562e+00) (43, 2.73666667938232421875e+00) (44, 3.81036907434463500977e-01) (45, 2.12435364723205566406e+00) (46, 2.52122879028320312500e+00) (47, 2.16145348548889160156e+00) (48, 1.82327818870544433594e+00) (49, 1.94165968894958496094e+00) (50, 1.89013051986694335938e+00) (51, 2.64315867424011230469e+00) (52, 2.02942752838134765625e+00) (53, 2.55393767356872558594e+00) (54, 2.32384037971496582031e+00) (55, 2.70222449302673339844e+00) (56, 2.71370220184326171875e+00) (57, 2.71770691871643066406e+00) (58, 8.45477163791656494141e-01) (59, 2.65590858459472656250e+00) (60, 1.84056639671325683594e+00) (61, 8.93575370311737060547e-01) (62, 9.99011576175689697266e-01) (63, 1.85489678382873535156e+00) (64, 1.80931842327117919922e+00) (65, 1.83460485935211181641e+00) (66, 2.49958825111389160156e+00) (67, 1.97732043266296386719e+00) (68, 1.98618948459625244141e+00) (69, 1.97481489181518554688e+00) (70, 2.53550601005554199219e+00) (71, 2.68541431427001953125e+00) (72, 3.37984275817871093750e+01) (73, 2.30883941650390625000e+01) (74, 2.44175171852111816406e+00) (75, 2.49352431297302246094e+00) (76, 2.74812126159667968750e+00) (77, 2.12192225456237792969e+00) (78, 2.52046394348144531250e+00) (79, 2.54459691047668457031e+00) (80, 2.25586462020874023438e+00) (81, 1.99895274639129638672e+00) (82, 2.69867014884948730469e+00) (83, 2.20518302917480468750e+00) (84, 3.47251594066619873047e-01) (85, -6.95218515396118164062e+00) (86, 1.80582237243652343750e+00) (87, 2.67138051986694335938e+00) (88, 1.86169373989105224609e+00) (89, 2.66540575027465820312e+00) (90, 1.82036304473876953125e+00) (91, -1.00914115905761718750e+01) (92, 2.87351512908935546875e+00) (93, 2.78542566299438476562e+00) (94, 1.95948815345764160156e+00) (95, 2.00469374656677246094e+00) (96, 2.73422122001647949219e+00) (97, 2.68421816825866699219e+00) (98, 1.97268247604370117188e+00) (99, 2.60591197013854980469e+00) (100, 2.01979517936706542969e+00) (101, 2.82267332077026367188e+00) (102, 1.69883251190185546875e+00) (103, 3.31786781549453735352e-01) (104, -3.79051715135574340820e-02) (0, -3.17114472389221191406e-01) (1, 1.18379509449005126953e+00) (2, 5.15685021877288818359e-01) (3, 1.10529303550720214844e+00) (4, -4.95845526456832885742e-01) (5, -8.39901745319366455078e-01) (6, -4.15755778551101684570e-01) (7, -9.14222359657287597656e-01) (8, 3.14249694347381591797e-01) (9, -1.07731890678405761719e+00) (10, 1.74307239055633544922e+00) (11, -1.29583090543746948242e-01) (12, -7.51995503902435302734e-01) (13, -1.43627572059631347656e+00) (14, 2.14224553108215332031e+00) (15, -3.08893293142318725586e-01) (16, -7.19702839851379394531e-01) (17, -7.38943099975585937500e-01) (18, -7.17836916446685791016e-01) (19, 8.72512638568878173828e-01) (20, 8.01460921764373779297e-01) (21, 2.47205123305320739746e-01) (22, 2.44262242317199707031e+00) (23, 2.25268983840942382812e+00) (24, -6.71403944492340087891e-01) (25, 1.24721550941467285156e+00) (26, 1.74193704128265380859e+00) (27, 1.48290181159973144531e+00) (28, 2.51166391372680664062e+00) (29, 3.64561766386032104492e-01) (30, -4.17326837778091430664e-01) (31, -6.74293279647827148438e-01) (32, -9.11968588829040527344e-01) (33, -4.02702093124389648438e-01) (34, -2.07313632965087890625e+00) (35, -7.16667592525482177734e-01) (36, 1.82964622974395751953e+00) (37, -3.43368738889694213867e-01) (38, 1.19050192832946777344e+00) (39, 1.06903886795043945312e+00) (40, -7.33578443527221679688e-01) (41, -1.74752965569496154785e-01) (42, 1.86904811859130859375e+00) (43, -7.54749596118927001953e-01) (44, 4.60747778415679931641e-01) (45, -1.35101234912872314453e+00) (46, 4.62866574525833129883e-01) (47, -1.54085481166839599609e+00) (48, 1.92924793809652328491e-02) (49, -1.05925714969635009766e+00) (50, -5.26026725769042968750e-01) (51, -3.06850194931030273438e-01) (52, -1.73504620790481567383e-01) (53, 2.10567688941955566406e+00) (54, -5.94245791435241699219e-01) (55, 9.64727938175201416016e-01) (56, 4.47990566492080688477e-01) (57, 1.29724431037902832031e+00) (58, 1.14465147256851196289e-01) (59, 1.11691522598266601562e+00) (60, 6.60513818264007568359e-01) (61, 2.84811758995056152344e+00) (62, -5.20910859107971191406e-01) (63, -4.78801399469375610352e-01) (64, -9.73957896232604980469e-01) (65, -3.00465822219848632812e-01) (66, -2.34173583984375000000e+00) (67, -9.79103922843933105469e-01) (68, -2.11809352040290832520e-01) (69, 2.95622557401657104492e-01) (70, -5.99203824996948242188e-01) (71, -7.91476607322692871094e-01) (72, -8.54034781455993652344e-01) (73, 1.44897282123565673828e-01) (74, 1.68760156631469726562e+00) (75, -6.51859521865844726562e-01) (76, 1.56542611122131347656e+00) (77, 1.86203829944133758545e-02) (78, 7.52933979034423828125e-01) (79, 6.51264190673828125000e-01) (80, 1.85574960708618164062e+00) (81, -3.79775911569595336914e-01) (82, -1.07282340526580810547e+00) (83, -1.62789911031723022461e-01) (84, 5.33266738057136535645e-02) (85, 3.00705313682556152344e-01) (86, -8.41412007808685302734e-01) (87, -3.18737626075744628906e-01) (88, 5.84098279476165771484e-01) (89, -2.98463672399520874023e-01) (90, -2.98656746745109558105e-02) (91, -2.30989053845405578613e-01) (92, 3.19898426532745361328e-01) (93, -3.35334718227386474609e-01) (94, -3.06733578443527221680e-01) (95, -8.25654387474060058594e-01) (96, 1.42080938816070556641e+00) (97, 1.45399320125579833984e+00) (98, -7.31935381889343261719e-01) (99, 1.84200689196586608887e-01) (100, -4.51579928398132324219e-01) (101, -7.48659253120422363281e-01) (102, -8.86199176311492919922e-01) (103, 3.01888847351074218750e+00) (104, 2.30455088615417480469e+00) (0, 1.18479502201080322266e+00) (1, 1.93038272857666015625e+00) (2, -3.20143282413482666016e-01) (3, 5.65853357315063476562e-01) (4, 4.15064477920532226562e+00) (5, -2.73029386997222900391e-01) (6, 2.10532736778259277344e+00) (7, -2.71716761589050292969e+00) (8, 1.07036514282226562500e+01) (9, 2.06640839576721191406e+00) (10, -1.11263504028320312500e+01) (11, -2.35116815567016601562e+00) (12, 4.73819226026535034180e-02) (13, -1.96307945251464843750e+00) (14, 1.28735697269439697266e+00) (15, 4.34848666191101074219e-01) (16, 3.76460647583007812500e+00) (17, 2.52237415313720703125e+00) (18, 1.49353113174438476562e+01) (19, -3.59858182491734623909e-04) (20, -1.67675936222076416016e+00) (21, -2.10578456521034240723e-01) (22, 1.42170083522796630859e+00) (23, -2.29702973365783691406e+00) (24, 8.68508815765380859375e+00) (25, 6.61969327926635742188e+00) (26, -1.26120197772979736328e+00) (27, 8.12522029876708984375e+00) (28, 7.32332646846771240234e-01) (29, 1.15426504611968994141e+00) (30, -2.23737692832946777344e+00) (31, 1.28215527534484863281e+00) (32, 2.30954933166503906250e+00) (33, -2.15896472334861755371e-01) (34, -4.47098240256309509277e-02) (35, 3.85948944091796875000e+00) (36, -2.28765070438385009766e-01) (37, -1.49108421802520751953e+00) (38, -1.64111375808715820312e+00) (39, 3.00455188751220703125e+00) (40, 3.63426256179809570312e+00) (41, 8.04275333881378173828e-01) (42, -3.06099265813827514648e-01) (43, 1.46114742755889892578e+00) (44, 8.98362472653388977051e-02) (45, -1.58384203910827636719e+00) (46, 2.94437718391418457031e+00) (47, 2.32695770263671875000e+00) (48, 7.37338185310363769531e-01) (49, 2.25634813308715820312e+00) (50, -4.38113003969192504883e-01) (51, 6.19620503857731819153e-03) (52, 1.60384976863861083984e+00) (53, 3.91679143905639648438e+00) (54, 3.69042873382568359375e+00) (55, -3.56519997119903564453e-01) (56, 8.76289963722229003906e-01) (57, 6.51733636856079101562e-01) (58, 5.42118740081787109375e+00) (59, 5.07546663284301757812e-01) (60, 1.50540888309478759766e+00) (61, 2.04257845878601074219e+00) (62, 3.74555969238281250000e+00) (63, 3.91946732997894287109e-01) (64, 3.21224570274353027344e-01) (65, 4.19505417346954345703e-01) (66, 5.95228314399719238281e-01) (67, 4.94487762451171875000e-01) (68, 3.99735808372497558594e-01) (69, 1.17520797252655029297e+00) (70, 4.28284525871276855469e-01) (71, -3.58253979682922363281e+00) (72, -2.10230979919433593750e+01) (73, -1.59976720809936523438e+01) (74, 1.64319295436143875122e-02) (75, -1.99793457984924316406e-01) (76, -3.25220048427581787109e-01) (77, 4.59464609622955322266e-01) (78, 2.05250591039657592773e-01) (79, 3.44787165522575378418e-02) (80, 4.43842053413391113281e-01) (81, 4.99329268932342529297e-01) (82, -3.26793074607849121094e-01) (83, 5.70104837417602539062e-01) (84, 5.74316978454589843750e-01) (85, 4.12833333015441894531e-01) (86, 2.65152692794799804688e-01) (87, -4.10719305276870727539e-01) (88, 6.88485264778137207031e-01) (89, 1.71740412712097167969e-01) (90, 4.95417535305023193359e-01) (91, 5.09010612964630126953e-01) (92, 1.03514142334461212158e-01) (93, -4.95800673961639404297e-02) (94, 2.54440426826477050781e-01) (95, 5.39968490600585937500e-01) (96, -2.83012241125106811523e-02) (97, 6.09895065426826477051e-02) (98, 4.48110580444335937500e-01) (99, -8.58345814049243927002e-03) (100, 6.10072791576385498047e-01) (101, -3.06762695312500000000e-01) (102, 7.23433673381805419922e-01) (103, 1.30346560478210449219e+00) (104, 1.62776196002960205078e+00) (0, 1.86948490142822265625e+00) (1, -4.32539939880371093750e-01) (2, -5.70618510246276855469e-01) (3, 1.68021857738494873047e+00) (4, -7.50606000423431396484e-01) (5, -7.89855003356933593750e-01) (6, -5.98568141460418701172e-01) (7, 5.91405443847179412842e-02) (8, -5.95875084400177001953e-01) (9, -6.66671633720397949219e-01) (10, 1.32019698619842529297e+00) (11, 1.27906894683837890625e+00) (12, 7.93923363089561462402e-02) (13, -1.76267004013061523438e+00) (14, 1.33157491683959960938e+00) (15, -6.72799050807952880859e-01) (16, -5.74683248996734619141e-01) (17, -7.02005922794342041016e-01) (18, -7.44883954524993896484e-01) (19, -7.15907633304595947266e-01) (20, 1.48577129840850830078e+00) (21, -3.76300394535064697266e-01) (22, -7.91161477565765380859e-01) (23, -2.00764060020446777344e-01) (24, 3.95091444253921508789e-01) (25, 1.82196140289306640625e+00) (26, -6.87602519989013671875e-01) (27, -5.61501622200012207031e-01) (28, 1.86669218540191650391e+00) (29, 1.80564597249031066895e-01) (30, 1.28416430950164794922e+00) (31, 1.68955728411674499512e-01) (32, 2.36027336120605468750e+00) (33, 2.08942317962646484375e+00) (34, 3.74282479286193847656e-01) (35, 9.93332266807556152344e-02) (36, 7.66307488083839416504e-02) (37, 1.97480511665344238281e+00) (38, -1.72890096902847290039e-01) (39, -7.37770140171051025391e-01) (40, 1.83731898665428161621e-01) (41, 2.23473644256591796875e+00) (42, 1.57172754406929016113e-01) (43, 1.27171486616134643555e-01) (44, 9.81632471084594726562e-02) (45, -7.23173081874847412109e-01) (46, 7.35544800758361816406e-01) (47, -2.51462429761886596680e-01) (48, -3.29214543104171752930e-01) (49, -7.13210940361022949219e-01) (50, -1.54176265001296997070e-01) (51, 9.74965751171112060547e-01) (52, 1.35510277748107910156e+00) (53, -6.19113385677337646484e-01) (54, 1.53959906101226806641e+00) (55, 2.55087304115295410156e+00) (56, -6.80679023265838623047e-01) (57, 9.41512048244476318359e-01) (58, 1.46923506259918212891e+00) (59, -7.35103011131286621094e-01) (60, -7.24488735198974609375e-01) (61, -8.12216937541961669922e-01) (62, 1.27485823631286621094e+00) (63, -6.67932748794555664062e-01) (64, 1.47850298881530761719e+00) (65, -6.42050802707672119141e-01) (66, 2.18386268615722656250e+00) (67, 1.40174353122711181641e+00) (68, -7.33875572681427001953e-01) (69, -6.83952867984771728516e-01) (70, -6.41050577163696289062e-01) (71, -4.52855303883552551270e-02) (72, -7.69427835941314697266e-01) (73, 1.49427127838134765625e+00) (74, -5.58745265007019042969e-01) (75, -1.63877472281455993652e-01) (76, 1.40769883990287780762e-01) (77, -7.51335978507995605469e-01) (78, 5.72428286075592041016e-01) (79, -5.55366933345794677734e-01) (80, -6.56287610530853271484e-01) (81, -7.83049166202545166016e-01) (82, -6.97055518627166748047e-01) (83, -6.07469916343688964844e-01) (84, -7.62571632862091064453e-01) (85, 1.15309488773345947266e+00) (86, -7.72791564464569091797e-01) (87, -1.15136308595538139343e-02) (88, -8.14024806022644042969e-01) (89, -7.55547165870666503906e-01) (90, -8.20999324321746826172e-01) (91, -7.20809340476989746094e-01) (92, 8.30445587635040283203e-02) (93, 1.98866531252861022949e-01) (94, -6.49410188198089599609e-01) (95, 1.31051301956176757812e+00) (96, 1.74644455313682556152e-01) (97, -6.52954041957855224609e-01) (98, -1.00664448738098144531e+00) (99, -7.34857559204101562500e-01) (100, -6.69519484043121337891e-01) (101, 1.11186958849430084229e-01) (102, -1.29878187179565429688e+00) (103, 3.65813899040222167969e+00) (104, 2.67106056213378906250e+00) (0, 2.49987316131591796875e+00) (1, 5.52942454814910888672e-01) (2, 1.30683946609497070312e+00) (3, -4.16411072015762329102e-01) (4, -5.97073495388031005859e-01) (5, 2.20980119705200195312e+00) (6, -7.68238961696624755859e-01) (7, -7.10492372512817382812e-01) (8, -1.75144064426422119141e+00) (9, -8.36798608303070068359e-01) (10, -6.32213413715362548828e-01) (11, -5.89857339859008789062e-01) (12, -8.02571475505828857422e-01) (13, 1.73915505409240722656e-01) (14, -8.00976693630218505859e-01) (15, -6.96096837520599365234e-01) (16, -7.39606499671936035156e-01) (17, -7.98199236392974853516e-01) (18, -7.53233969211578369141e-01) (19, -7.53937661647796630859e-01) (20, 2.23722171783447265625e+00) (21, -7.55423128604888916016e-01) (22, -6.51244461536407470703e-01) (23, 1.38981485366821289062e+00) (24, -3.89364540576934814453e-01) (25, 1.42477965354919433594e+00) (26, 5.54632127285003662109e-01) (27, 1.38710546493530273438e+00) (28, -9.37245905399322509766e-01) (29, 1.57666218280792236328e+00) (30, -8.15477743744850158691e-02) (31, 4.58263039588928222656e-01) (32, 1.22194552421569824219e+00) (33, 1.53593111038208007812e+00) (34, -9.75109636783599853516e-01) (35, -4.40760850906372070312e-02) (36, 8.72203558683395385742e-02) (37, 5.34223616123199462891e-01) (38, -9.70588251948356628418e-02) (39, 1.01343488693237304688e+00) (40, 6.08164429664611816406e-01) (41, -6.35064005851745605469e-01) (42, -7.01401710510253906250e-01) (43, -9.32877898216247558594e-01) (44, -9.31410133838653564453e-01) (45, -6.74793124198913574219e-01) (46, -3.23680400848388671875e+00) (47, -5.76285183429718017578e-01) (48, 1.77170425653457641602e-01) (49, 1.15443003177642822266e+00) (50, -6.05986773967742919922e-01) (51, -6.77193343639373779297e-01) (52, 1.01283168792724609375e+00) (53, -7.87701606750488281250e-01) (54, -8.76511633396148681641e-01) (55, 2.96735095977783203125e+00) (56, 1.79243493080139160156e+00) (57, 4.17841941118240356445e-01) (58, 2.01912450790405273438e+00) (59, 1.57703995704650878906e-01) (60, -5.04958555102348327637e-02) (61, 1.25009799003601074219e+00) (62, 6.89938426017761230469e-01) (63, 1.80487751960754394531e+00) (64, 1.88084959983825683594e-01) (65, 1.11823022365570068359e-01) (66, -8.62394213676452636719e-01) (67, 8.65574717521667480469e-01) (68, -8.08429718017578125000e-01) (69, 1.29190444946289062500e+00) (70, -7.41683959960937500000e-01) (71, 1.37478733062744140625e+00) (72, -1.43636791035532951355e-02) (73, -1.22549152374267578125e+00) (74, -2.28881910443305969238e-01) (75, 1.57822120189666748047e+00) (76, -7.61476218700408935547e-01) (77, -1.53602108359336853027e-01) (78, -4.78488057851791381836e-01) (79, 2.43728935718536376953e-01) (80, 1.80456066131591796875e+00) (81, 1.31914305686950683594e+00) (82, -7.95930802822113037109e-01) (83, 1.82545661926269531250e+00) (84, -1.34124577045440673828e+00) (85, 6.07489287853240966797e-01) (86, 4.12055477499961853027e-02) (87, -8.45129787921905517578e-01) (88, 1.25322651863098144531e+00) (89, -5.79079091548919677734e-01) (90, -7.02291667461395263672e-01) (91, 2.10315912961959838867e-01) (92, -9.23189520835876464844e-01) (93, 1.12118363380432128906e+00) (94, 1.89481079578399658203e-01) (95, -7.54561007022857666016e-01) (96, -6.63279891014099121094e-01) (97, 1.14287841320037841797e+00) (98, -6.28196895122528076172e-01) (99, -6.72870457172393798828e-01) (100, -1.75319269299507141113e-01) (101, -7.23003804683685302734e-01) (102, -8.20776164531707763672e-01) (103, 3.00300216674804687500e+00) (104, 2.60472822189331054688e+00) (0, 3.79431009292602539062e+00) (1, 1.61095488071441650391e+00) (2, -1.73696219921112060547e-01) (3, 2.22639009356498718262e-01) (4, -8.22481870651245117188e-01) (5, -4.44106721878051757812e+00) (6, 5.08694171905517578125e-01) (7, 2.58475518226623535156e+00) (8, 1.01491069793701171875e+00) (9, -8.01756739616394042969e-01) (10, -6.70640289783477783203e-01) (11, 3.14859080314636230469e+00) (12, 6.66807293891906738281e-02) (13, 1.65717065334320068359e+00) (14, 1.58448588848114013672e+00) (15, -3.24621260166168212891e-01) (16, -1.82735640555620193481e-02) (17, -2.06909123808145523071e-02) (18, 2.00974035263061523438e+00) (19, -2.03233313560485839844e+00) (20, 8.24715673923492431641e-01) (21, -1.78931665420532226562e+00) (22, -2.16001725196838378906e+00) (23, -1.10256075859069824219e+00) (24, 6.49481952190399169922e-01) (25, -2.59331285953521728516e-01) (26, 3.28215152025222778320e-01) (27, 3.62148851156234741211e-01) (28, -1.39347493648529052734e+00) (29, 3.47728657722473144531e+00) (30, -1.77296507358551025391e+00) (31, 5.82600533962249755859e-01) (32, -1.53810417652130126953e+00) (33, -3.21455836296081542969e-01) (34, 8.02964091300964355469e-01) (35, 6.98328077793121337891e-01) (36, -2.34859362244606018066e-01) (37, -1.10980534553527832031e+00) (38, 2.46449851989746093750e+00) (39, 1.04580156505107879639e-01) (40, 3.11566066741943359375e+00) (41, -2.15403795242309570312e+00) (42, 1.73426970839500427246e-01) (43, -8.40279698371887207031e-01) (44, 2.97588634490966796875e+00) (45, 2.66882836818695068359e-01) (46, -4.00718867778778076172e-01) (47, -8.53375136852264404297e-01) (48, -8.82809937000274658203e-01) (49, 1.63094270229339599609e+00) (50, 2.01581692695617675781e+00) (51, -1.46642518043518066406e+00) (52, 4.81134682893753051758e-01) (53, 3.86469870805740356445e-01) (54, -9.57699179649353027344e-01) (55, 4.32728439569473266602e-01) (56, 1.85475483536720275879e-01) (57, 6.80830106139183044434e-02) (58, 9.41789686679840087891e-01) (59, -7.76300072669982910156e-01) (60, 1.80791568756103515625e+00) (61, 1.30474174022674560547e+00) (62, -6.74810349941253662109e-01) (63, 7.54135027527809143066e-02) (64, 1.63341772556304931641e+00) (65, 6.12765923142433166504e-02) (66, -3.04312497377395629883e-01) (67, 2.31365010142326354980e-01) (68, -2.32988372445106506348e-02) (69, -8.30654680728912353516e-01) (70, -7.11096942424774169922e-01) (71, 6.07174992561340332031e-01) (72, -1.20128452777862548828e+00) (73, -2.71100068092346191406e+00) (74, -5.34324467182159423828e-01) (75, 1.39681279659271240234e+00) (76, -6.27734363079071044922e-01) (77, 1.22553062438964843750e+00) (78, -7.45510876178741455078e-01) (79, 8.99807512760162353516e-01) (80, -7.36085772514343261719e-01) (81, 1.70439350605010986328e+00) (82, 1.94830477237701416016e+00) (83, -7.69414782524108886719e-01) (84, -7.00026690959930419922e-01) (85, -7.11511671543121337891e-01) (86, -6.31662368774414062500e-01) (87, 1.31966108456254005432e-02) (88, -6.57244026660919189453e-01) (89, -8.99973630905151367188e-01) (90, -2.53823012113571166992e-01) (91, 1.04007577896118164062e+00) (92, -7.91096508502960205078e-01) (93, 1.77611148357391357422e+00) (94, -6.91865622997283935547e-01) (95, -9.61784422397613525391e-01) (96, 3.66423547267913818359e-01) (97, -7.24535048007965087891e-01) (98, -7.13607668876647949219e-01) (99, -6.72875761985778808594e-01) (100, -7.97641038894653320312e-01) (101, -7.76335358619689941406e-01) (102, -4.12796258926391601562e+00) (103, 7.04806900024414062500e+00) (104, 2.59902882575988769531e+00) (0, -7.27416229248046875000e+01) (1, 1.74999737739562988281e+00) (2, 2.52739286422729492188e+00) (3, -1.44212274551391601562e+01) (4, 1.46034881472587585449e-01) (5, 2.38032245635986328125e+00) (6, 8.20836126804351806641e-01) (7, 2.55284500122070312500e+00) (8, -1.98699741363525390625e+01) (9, 2.61573863029479980469e+00) (10, 1.87581226229667663574e-01) (11, 1.85753273963928222656e+00) (12, 2.62564945220947265625e+00) (13, -7.34868164062500000000e+01) (14, 1.83528149127960205078e+00) (15, 1.76987159252166748047e+00) (16, 2.64309793710708618164e-01) (17, 2.59111881256103515625e+00) (18, 2.00469946861267089844e+00) (19, 2.46281719207763671875e+00) (20, -3.70339298248291015625e+00) (21, 1.62792739868164062500e+02) (22, 4.39468234777450561523e-01) (23, 5.33956885337829589844e-01) (24, -7.01123654842376708984e-01) (25, 8.71720731258392333984e-01) (26, 1.89012324810028076172e+00) (27, 2.15572428703308105469e+00) (28, 2.53690624237060546875e+00) (29, 2.16056060791015625000e+00) (30, 9.34674203395843505859e-01) (31, 2.49473023414611816406e+00) (32, 7.58101046085357666016e-01) (33, -4.03680229187011718750e+00) (34, 2.58707094192504882812e+00) (35, -4.37935018539428710938e+00) (36, 1.74815547466278076172e+00) (37, 2.94053649902343750000e+00) (38, 2.85739898681640625000e+00) (39, -4.60250806808471679688e+00) (40, 1.94335484504699707031e+00) (41, -9.29825210571289062500e+00) (42, 2.76672816276550292969e+00) (43, 2.69567513465881347656e+00) (44, 4.75757390260696411133e-01) (45, 2.03059077262878417969e+00) (46, 2.44837665557861328125e+00) (47, 2.13519406318664550781e+00) (48, 1.90968680381774902344e+00) (49, 1.97907721996307373047e+00) (50, 1.88150894641876220703e+00) (51, 2.66380953788757324219e+00) (52, 2.02483248710632324219e+00) (53, 2.53587484359741210938e+00) (54, 2.26422357559204101562e+00) (55, 2.68221426010131835938e+00) (56, 2.75650715827941894531e+00) (57, 1.87411677837371826172e+00) (58, 6.32614493370056152344e-01) (59, 2.76254844665527343750e+00) (60, 1.11716818809509277344e+00) (61, 8.65387260913848876953e-01) (62, 9.36268746852874755859e-01) (63, 1.95730555057525634766e+00) (64, 1.92701566219329833984e+00) (65, 1.85788249969482421875e+00) (66, 2.62170791625976562500e+00) (67, 1.94354450702667236328e+00) (68, 2.01410222053527832031e+00) (69, 1.79329645633697509766e+00) (70, 2.45906972885131835938e+00) (71, 2.66345739364624023438e+00) (72, 3.38263092041015625000e+01) (73, 2.32959556579589843750e+01) (74, 2.48819136619567871094e+00) (75, 2.57997727394104003906e+00) (76, 2.83955955505371093750e+00) (77, 2.02751231193542480469e+00) (78, 2.68689227104187011719e+00) (79, 2.43422317504882812500e+00) (80, 2.21226882934570312500e+00) (81, 1.87370157241821289062e+00) (82, 2.69784641265869140625e+00) (83, 2.28672385215759277344e+00) (84, -2.09629344940185546875e+00) (85, -5.98336160182952880859e-01) (86, 1.94098186492919921875e+00) (87, 2.68065547943115234375e+00) (88, 1.92060482501983642578e+00) (89, 2.61712956428527832031e+00) (90, 1.18521511554718017578e+00) (91, -6.70150041580200195312e+00) (92, 2.83301591873168945312e+00) (93, 2.79463410377502441406e+00) (94, 1.87119746208190917969e+00) (95, 2.00577116012573242188e+00) (96, 2.84290528297424316406e+00) (97, 2.66027760505676269531e+00) (98, 1.93586099147796630859e+00) (99, 2.63600730895996093750e+00) (100, 2.06332659721374511719e+00) (101, 2.93274831771850585938e+00) (102, 1.69178128242492675781e+00) (103, 4.21823114156723022461e-01) (104, 9.96403172612190246582e-02) (0, -6.62662353515625000000e+01) (1, 5.91444313526153564453e-01) (2, 2.41479516029357910156e+00) (3, -1.26529252529144287109e+00) (4, 1.95589408278465270996e-01) (5, 2.34264063835144042969e+00) (6, 9.89971697330474853516e-01) (7, 2.49289512634277343750e+00) (8, -1.20469837188720703125e+01) (9, 2.57845067977905273438e+00) (10, 1.71010002493858337402e-01) (11, 1.81571304798126220703e+00) (12, 2.61289334297180175781e+00) (13, -7.25429229736328125000e+01) (14, 2.52821946144104003906e+00) (15, 1.78902864456176757812e+00) (16, 1.90046048164367675781e+00) (17, -1.66924457550048828125e+01) (18, 2.03893566131591796875e+00) (19, 2.39094471931457519531e+00) (20, 4.41480308771133422852e-01) (21, 1.59738021850585937500e+02) (22, 7.51431405544281005859e-01) (23, -1.98377025127410888672e+00) (24, 1.95551729202270507812e+00) (25, 1.12722444534301757812e+00) (26, 1.99781727790832519531e+00) (27, 2.11706709861755371094e+00) (28, 2.56418967247009277344e+00) (29, 2.11148333549499511719e+00) (30, 2.10652709007263183594e+00) (31, 2.54766750335693359375e+00) (32, 6.61625444889068603516e-01) (33, 1.39351272583007812500e+00) (34, 2.64009976387023925781e+00) (35, 7.75934159755706787109e-01) (36, 2.47989225387573242188e+00) (37, 2.83755970001220703125e+00) (38, 3.63961148262023925781e+00) (39, 4.59742397069931030273e-01) (40, 1.84717965126037597656e+00) (41, -5.19397675991058349609e-01) (42, 2.65769290924072265625e+00) (43, 2.71875500679016113281e+00) (44, 3.38043183088302612305e-01) (45, 2.14335751533508300781e+00) (46, 2.52754163742065429688e+00) (47, 2.20522165298461914062e+00) (48, 1.90488004684448242188e+00) (49, 1.99627757072448730469e+00) (50, 1.83675658702850341797e+00) (51, 2.72393178939819335938e+00) (52, 2.17519330978393554688e+00) (53, 2.54912662506103515625e+00) (54, 2.25729680061340332031e+00) (55, 2.61058950424194335938e+00) (56, 2.61785030364990234375e+00) (57, 2.71231245994567871094e+00) (58, 8.99637758731842041016e-01) (59, 2.61551165580749511719e+00) (60, 1.98279380798339843750e+00) (61, 1.00246310234069824219e+00) (62, 9.43681299686431884766e-01) (63, 1.82991588115692138672e+00) (64, 1.81248068809509277344e+00) (65, 1.89399480819702148438e+00) (66, 2.63704180717468261719e+00) (67, 1.96383213996887207031e+00) (68, 1.95267760753631591797e+00) (69, 1.84146785736083984375e+00) (70, 2.37696075439453125000e+00) (71, 2.67995595932006835938e+00) (72, 3.38697280883789062500e+01) (73, 2.34199275970458984375e+01) (74, 2.54584813117980957031e+00) (75, 2.54192852973937988281e+00) (76, 2.67281293869018554688e+00) (77, 2.08043980598449707031e+00) (78, 2.61620998382568359375e+00) (79, 2.48148322105407714844e+00) (80, 2.20045185089111328125e+00) (81, 1.93133819103240966797e+00) (82, 2.69843173027038574219e+00) (83, 2.32842350006103515625e+00) (84, 5.22772014141082763672e-01) (85, -7.28844785690307617188e+00) (86, 1.86797833442687988281e+00) (87, 2.77973127365112304688e+00) (88, 1.94111824035644531250e+00) (89, 2.58447122573852539062e+00) (90, 1.92104697227478027344e+00) (91, -1.02917604446411132812e+01) (92, 2.92336153984069824219e+00) (93, 2.68892002105712890625e+00) (94, 1.85455286502838134766e+00) (95, 2.01625514030456542969e+00) (96, 2.70022821426391601562e+00) (97, 2.66965198516845703125e+00) (98, 1.88632071018218994141e+00) (99, 2.58269691467285156250e+00) (100, 1.98100781440734863281e+00) (101, 2.75475096702575683594e+00) (102, 1.80586600303649902344e+00) (103, 3.78801435232162475586e-01) (104, 4.41993251442909240723e-02) (0, -1.91821632385253906250e+01) (1, 9.59973037242889404297e-01) (2, 2.66899061203002929688e+00) (3, -5.10778379440307617188e+00) (4, 1.84768044948577880859e+00) (5, 2.61783504486083984375e+00) (6, 2.70448017120361328125e+00) (7, 1.49713265895843505859e+00) (8, -7.14191055297851562500e+01) (9, 2.59879088401794433594e+00) (10, 1.18416535854339599609e+00) (11, 1.74010860919952392578e+00) (12, 2.65939545631408691406e+00) (13, -7.90376968383789062500e+01) (14, 2.67910647392272949219e+00) (15, 1.84018135070800781250e+00) (16, 1.66243505477905273438e+00) (17, -2.24319820404052734375e+01) (18, 1.88519155979156494141e+00) (19, 2.38148474693298339844e+00) (20, 4.00912135839462280273e-01) (21, 1.62473648071289062500e+02) (22, 6.84604823589324951172e-01) (23, 2.47773814201354980469e+00) (24, 6.09094023704528808594e-01) (25, -9.06640434265136718750e+00) (26, 1.98199617862701416016e+00) (27, 2.16774344444274902344e+00) (28, 2.47713804244995117188e+00) (29, 2.13298797607421875000e+00) (30, 7.34902381896972656250e-01) (31, 1.20683825016021728516e+00) (32, 8.48379194736480712891e-01) (33, 1.25157046318054199219e+00) (34, 2.45374131202697753906e+00) (35, 5.89866161346435546875e-01) (36, 2.44740223884582519531e+00) (37, 2.54681968688964843750e+00) (38, 3.56467103958129882812e+00) (39, -1.37029802799224853516e+00) (40, 6.22023403644561767578e-01) (41, -6.07728481292724609375e+00) (42, 2.70573472976684570312e+00) (43, 2.70130228996276855469e+00) (44, 8.72498691082000732422e-01) (45, 1.98455500602722167969e+00) (46, 2.47221159934997558594e+00) (47, 2.03392243385314941406e+00) (48, 1.96070325374603271484e+00) (49, 7.58611738681793212891e-01) (50, 8.95321905612945556641e-01) (51, 2.62983107566833496094e+00) (52, 2.06146478652954101562e+00) (53, 2.67609977722167968750e+00) (54, 2.37781405448913574219e+00) (55, 2.72348332405090332031e+00) (56, 2.68077516555786132812e+00) (57, 2.70265126228332519531e+00) (58, 1.71041321754455566406e+00) (59, 2.62329268455505371094e+00) (60, 1.83607161045074462891e+00) (61, 2.67369055747985839844e+00) (62, 2.71736717224121093750e+00) (63, 1.89555203914642333984e+00) (64, 1.79922842979431152344e+00) (65, 1.95957684516906738281e+00) (66, 2.52644133567810058594e+00) (67, 1.99435770511627197266e+00) (68, 2.00795865058898925781e+00) (69, 1.90771055221557617188e+00) (70, 2.53889584541320800781e+00) (71, 2.57107162475585937500e+00) (72, 3.37647056579589843750e+01) (73, 2.19888248443603515625e+01) (74, 2.46730899810791015625e+00) (75, 2.48522424697875976562e+00) (76, 2.65834856033325195312e+00) (77, 2.06229138374328613281e+00) (78, 2.51626539230346679688e+00) (79, 2.57837677001953125000e+00) (80, 2.39836883544921875000e+00) (81, 1.92844903469085693359e+00) (82, 1.54371333122253417969e+00) (83, 2.33682322502136230469e+00) (84, -9.08036291599273681641e-01) (85, -9.21241855621337890625e+00) (86, 1.79399001598358154297e+00) (87, 2.75741720199584960938e+00) (88, 1.77356564998626708984e+00) (89, 2.65228056907653808594e+00) (90, 9.15456354618072509766e-01) (91, -9.92827987670898437500e+00) (92, 2.79551887512207031250e+00) (93, 2.73279047012329101562e+00) (94, 1.81015074253082275391e+00) (95, 2.01746129989624023438e+00) (96, 2.69392132759094238281e+00) (97, 2.63803458213806152344e+00) (98, 2.01651430130004882812e+00) (99, 2.69000601768493652344e+00) (100, 2.12522554397583007812e+00) (101, 2.67069792747497558594e+00) (102, 7.41025149822235107422e-01) (103, 1.30740821361541748047e+00) (104, -1.13226482644677162170e-02) (0, 2.64041006565093994141e-01) (1, 2.17563271522521972656e+00) (2, 2.24086356163024902344e+00) (3, -3.82368564605712890625e-01) (4, -2.45572909712791442871e-01) (5, 2.10952377319335937500e+00) (6, 4.57653328776359558105e-02) (7, 1.12434601783752441406e+00) (8, 2.22490596771240234375e+00) (9, -2.44978489354252815247e-03) (10, 1.97638738155364990234e+00) (11, 1.57035022974014282227e-01) (12, -6.28319621086120605469e-01) (13, 1.60915243625640869141e+00) (14, -7.99715697765350341797e-01) (15, -3.32031577825546264648e-01) (16, 1.29014587402343750000e+00) (17, -5.44667243957519531250e-01) (18, -3.99887895584106445312e+00) (19, -2.72445380687713623047e-01) (20, 2.28207826614379882812e+00) (21, -7.67994701862335205078e-01) (22, -6.86862170696258544922e-01) (23, 1.45372307300567626953e+00) (24, 1.44293737411499023438e+00) (25, -6.09355747699737548828e-01) (26, 1.83433938026428222656e+00) (27, 1.13898918032646179199e-01) (28, 1.49242079257965087891e+00) (29, 1.88112664222717285156e+00) (30, -5.86403191089630126953e-01) (31, 1.46941876411437988281e+00) (32, 2.06072044372558593750e+00) (33, 1.93016123771667480469e+00) (34, -6.23390138149261474609e-01) (35, -5.66286504268646240234e-01) (36, -1.45166501402854919434e-01) (37, -6.10139548778533935547e-01) (38, -3.38772535324096679688e-01) (39, -2.21935674548149108887e-01) (40, -1.69174239039421081543e-01) (41, -1.10217370986938476562e+01) (42, -6.20809793472290039062e-01) (43, 2.24110856652259826660e-02) (44, -2.08994388580322265625e+00) (45, 7.82893538475036621094e-01) (46, -1.24125349521636962891e+00) (47, -6.17086589336395263672e-01) (48, 1.06237165629863739014e-01) (49, -4.40905153751373291016e-01) (50, -1.77602484822273254395e-01) (51, 2.13391017913818359375e+00) (52, -7.18637824058532714844e-01) (53, -1.33789336681365966797e+00) (54, -6.57046914100646972656e-01) (55, -4.52544546127319335938e+00) (56, -9.16160702705383300781e-01) (57, 1.87058734893798828125e+01) (58, -6.91189229488372802734e-01) (59, 9.50064849853515625000e+00) (60, -6.49883091449737548828e-01) (61, -3.73976230621337890625e+00) (62, 5.50894886255264282227e-02) (63, 1.68296128511428833008e-01) (64, 6.08782482147216796875e+00) (65, 7.67070278525352478027e-02) (66, 1.12453985214233398438e+00) (67, 1.10664419829845428467e-01) (68, 2.36798644065856933594e+00) (69, 9.53801035881042480469e-01) (70, -3.35878372192382812500e-01) (71, -4.16053652763366699219e-01) (72, -8.10204923152923583984e-01) (73, 4.09133195877075195312e+00) (74, -5.72799682617187500000e-01) (75, 1.45984256267547607422e+00) (76, -3.24490219354629516602e-01) (77, -2.32681527733802795410e-01) (78, -2.77513384819030761719e+00) (79, -7.11436092853546142578e-01) (80, -3.07239675521850585938e+00) (81, -1.55528843402862548828e+00) (82, 3.47973883152008056641e-01) (83, 3.79553103446960449219e+00) (84, -2.74466466903686523438e+00) (85, -1.81177449226379394531e+00) (86, -1.83728918433189392090e-01) (87, -6.75225913524627685547e-01) (88, 3.92835307121276855469e+00) (89, -5.84599924087524414062e+00) (90, -3.95992010831832885742e-01) (91, 2.30630183219909667969e+00) (92, 6.05799537152051925659e-03) (93, -4.04233336448669433594e-02) (94, 1.44166350364685058594e-01) (95, 6.24011456966400146484e-02) (96, -5.78750431537628173828e-01) (97, 6.13373327255249023438e+00) (98, 5.11818599700927734375e+00) (99, 1.08627133071422576904e-01) (100, -2.47534528374671936035e-01) (101, -6.57909750938415527344e-01) (102, -1.14057791233062744141e+00) (103, 3.20561981201171875000e+00) (104, 2.12922430038452148438e+00) (0, 1.42828859388828277588e-02) (1, 1.86625802516937255859e+00) (2, 2.30718779563903808594e+00) (3, 1.77093005180358886719e+00) (4, 8.42446684837341308594e-02) (5, -6.49483561515808105469e-01) (6, -2.75507479906082153320e-01) (7, -1.15951931476593017578e+00) (8, -6.53109073638916015625e-01) (9, -5.60235679149627685547e-01) (10, 2.59249150753021240234e-01) (11, 1.88548922538757324219e-01) (12, -6.29234135150909423828e-01) (13, -5.15413522720336914062e-01) (14, -4.82555061578750610352e-01) (15, -3.32505822181701660156e-01) (16, 2.41593551635742187500e+00) (17, -3.47036123275756835938e-01) (18, -3.43415349721908569336e-01) (19, -3.28014612197875976562e-01) (20, -3.90216678380966186523e-01) (21, -4.23567801713943481445e-01) (22, 5.40576934814453125000e-01) (23, 1.72177183628082275391e+00) (24, 2.60014581680297851562e+00) (25, -4.42771166563034057617e-01) (26, 2.37649559974670410156e+00) (27, 2.35120749473571777344e+00) (28, -4.48543876409530639648e-01) (29, 2.41018223762512207031e+00) (30, -5.61693310737609863281e-01) (31, 4.50536832213401794434e-02) (32, 7.35528618097305297852e-02) (33, -6.24132037162780761719e-01) (34, -1.10983657836914062500e+00) (35, 2.32962012290954589844e+00) (36, 2.39824962615966796875e+00) (37, -3.38110148906707763672e-01) (38, 8.91790032386779785156e-01) (39, -1.87363494187593460083e-02) (40, -2.38525286316871643066e-01) (41, -5.19208252429962158203e-01) (42, 2.32994699478149414062e+00) (43, -1.06833946704864501953e+00) (44, -6.11114621162414550781e-01) (45, -5.50682783126831054688e-01) (46, -6.59061789512634277344e-01) (47, 2.65993905067443847656e+00) (48, 1.78722679615020751953e-01) (49, -2.11337283253669738770e-01) (50, 1.75203669071197509766e+00) (51, 1.22501540184020996094e+00) (52, 1.01916842162609100342e-01) (53, 2.23442578315734863281e+00) (54, -5.85791051387786865234e-01) (55, -1.09172689914703369141e+00) (56, 1.00139893591403961182e-01) (57, 1.57030612230300903320e-01) (58, -3.40483403205871582031e+00) (59, -1.47510027885437011719e+00) (60, 2.56013751029968261719e-01) (61, -2.67187881469726562500e+00) (62, -6.62046134471893310547e-01) (63, 2.39592218399047851562e+00) (64, -6.64439558982849121094e-01) (65, 2.09428930282592773438e+00) (66, 2.86931347846984863281e+00) (67, -1.11414897441864013672e+00) (68, 2.27163195610046386719e+00) (69, -1.83852806687355041504e-01) (70, 1.96848791092634201050e-02) (71, -4.29525166749954223633e-01) (72, 5.62147498130798339844e-01) (73, -2.02619495391845703125e+01) (74, 1.81185948848724365234e+00) (75, -3.04853439331054687500e-01) (76, 2.32027196884155273438e+00) (77, 4.41566109657287597656e-02) (78, -2.58532881736755371094e+00) (79, -4.40178990364074707031e-01) (80, 7.19747766852378845215e-02) (81, 3.96829319000244140625e+00) (82, -5.45066475868225097656e-01) (83, -4.21397447586059570312e-01) (84, -5.67259609699249267578e-01) (85, -3.25628906488418579102e-01) (86, 1.34915709495544433594e-01) (87, -6.20064258575439453125e-01) (88, 1.44288480281829833984e-01) (89, -3.24562430381774902344e-01) (90, 5.14687448740005493164e-02) (91, 2.51667737960815429688e+00) (92, -6.10122084617614746094e-01) (93, 1.65851533412933349609e+00) (94, 1.40912532806396484375e-01) (95, -6.16660356521606445312e-01) (96, -8.76035153865814208984e-01) (97, 1.48899734020233154297e+00) (98, -2.21410012245178222656e+00) (99, -8.31063628196716308594e-01) (100, 9.92624387145042419434e-02) (101, -6.98816061019897460938e-01) (102, 1.31664693355560302734e-01) (103, 2.08533835411071777344e+00) (104, 1.83118367195129394531e+00) (0, 1.57105910778045654297e+00) (1, 5.26263332366943359375e+00) (2, -6.19169664382934570312e+00) (3, 5.92569768428802490234e-01) (4, 1.01685297489166259766e+00) (5, 1.42641890048980712891e+00) (6, 5.79911947250366210938e+00) (7, 6.08294963836669921875e-01) (8, -8.31640183925628662109e-01) (9, -2.80791014432907104492e-01) (10, -5.10636615753173828125e+00) (11, 8.12535667419433593750e+00) (12, 7.69204258918762207031e-01) (13, -2.15584921836853027344e+00) (14, 4.28216123580932617188e+00) (15, -5.07848821580410003662e-02) (16, -9.04791712760925292969e-01) (17, -1.45819556713104248047e+00) (18, 1.72860395908355712891e+00) (19, -5.32782852649688720703e-01) (20, 6.74076616764068603516e-01) (21, -5.17641115188598632812e+00) (22, -2.55468750000000000000e+00) (23, -8.65931153297424316406e-01) (24, 7.12750864028930664062e+00) (25, -6.50725424289703369141e-01) (26, -4.54123467206954956055e-01) (27, 2.50860857963562011719e+00) (28, 8.23593020439147949219e-01) (29, 6.32662415504455566406e-01) (30, 1.77815163135528564453e+00) (31, 3.60442936420440673828e-01) (32, -8.79991149902343750000e+00) (33, 1.66504406929016113281e+00) (34, 6.96546697616577148438e+00) (35, 5.37189340591430664062e+00) (36, -3.11196422576904296875e+00) (37, 9.42107558250427246094e-01) (38, -3.20431041717529296875e+00) (39, 5.35101056098937988281e-01) (40, -1.12522947788238525391e+00) (41, -5.73447265196591615677e-04) (42, 1.87498259544372558594e+00) (43, 1.19160878658294677734e+00) (44, -1.59675621986389160156e+00) (45, 2.10340589284896850586e-01) (46, 2.09718555212020874023e-01) (47, -1.16896736621856689453e+00) (48, 1.90476644039154052734e+00) (49, -1.30517041683197021484e+00) (50, 3.87830197811126708984e-01) (51, 9.09422755241394042969e-01) (52, 8.49801599979400634766e-02) (53, -1.16644215583801269531e+00) (54, -2.22290539741516113281e+00) (55, 3.10164761543273925781e+00) (56, 8.05086135864257812500e-01) (57, -1.33028388023376464844e+00) (58, -2.77763217687606811523e-01) (59, -1.29331552982330322266e+00) (60, 3.39414179325103759766e-01) (61, 4.37693071365356445312e+00) (62, -3.49153846502304077148e-01) (63, 4.92776751518249511719e-01) (64, -1.31785356998443603516e+00) (65, 2.70933580398559570312e+00) (66, 5.30422985553741455078e-01) (67, 2.90842413902282714844e+00) (68, 3.98042976856231689453e-01) (69, 2.59075331687927246094e+00) (70, 2.16376447677612304688e+00) (71, -3.34164881706237792969e+00) (72, -1.94394264221191406250e+01) (73, -1.60404224395751953125e+01) (74, 2.20788574218750000000e+00) (75, -8.48603308200836181641e-01) (76, -7.58074969053268432617e-02) (77, 2.56646585464477539062e+00) (78, 3.83411169052124023438e-01) (79, 1.69913947582244873047e-01) (80, 7.03282237052917480469e-01) (81, 5.39434075355529785156e-01) (82, 9.86419916152954101562e-02) (83, 2.33879780769348144531e+00) (84, 8.20162773132324218750e-01) (85, 6.30034685134887695312e-01) (86, 8.69294404983520507812e-01) (87, -9.94964875280857086182e-03) (88, 5.21016120910644531250e-01) (89, 2.76716768741607666016e-01) (90, 8.09231638908386230469e-01) (91, 9.72342014312744140625e-01) (92, 1.87688434123992919922e+00) (93, 1.92735767364501953125e+00) (94, 9.03854608535766601562e-01) (95, 3.00726652145385742188e-01) (96, 9.80445183813571929932e-03) (97, -1.83663159608840942383e-01) (98, 5.25095820426940917969e-01) (99, 2.22639739513397216797e-01) (100, 2.58648300170898437500e+00) (101, 1.59664601087570190430e-01) (102, 1.85088801383972167969e+00) (103, 4.76537436246871948242e-01) (104, -6.81794285774230957031e-01) (0, -1.78532993793487548828e+00) (1, 1.34601271152496337891e+00) (2, -5.86739957332611083984e-01) (3, 8.62431228160858154297e-01) (4, 1.45409739017486572266e+00) (5, -6.07288777828216552734e-01) (6, 1.88264966011047363281e+00) (7, 9.08015787601470947266e-01) (8, -1.05254304409027099609e+00) (9, -9.03833806514739990234e-02) (10, 5.38049876689910888672e-01) (11, 1.31998884677886962891e+00) (12, -6.51511363685131072998e-03) (13, 7.03550398349761962891e-01) (14, -1.02734732627868652344e+00) (15, -7.89952933788299560547e-01) (16, 1.85329616069793701172e-01) (17, 1.41071033477783203125e+00) (18, -8.02419245243072509766e-01) (19, -1.28625273704528808594e-01) (20, -1.69260740280151367188e+00) (21, -5.73762238025665283203e-01) (22, -7.72403419017791748047e-01) (23, -2.35941386222839355469e+00) (24, 1.23939919471740722656e+00) (25, 1.43445968627929687500e+00) (26, -7.64492928981781005859e-01) (27, 1.34395837783813476562e+00) (28, 3.68167348206043243408e-02) (29, -2.09807187318801879883e-01) (30, -6.85055553913116455078e-01) (31, 1.52721047401428222656e+00) (32, 2.26705968379974365234e-01) (33, 4.78308647871017456055e-01) (34, 9.42067027091979980469e-01) (35, 1.41784119606018066406e+00) (36, 5.68484961986541748047e-02) (37, 1.18404018878936767578e+00) (38, 8.20869922637939453125e-01) (39, 8.84814321994781494141e-01) (40, 1.49998009204864501953e+00) (41, -2.10505485534667968750e-01) (42, -6.62299245595932006836e-02) (43, 1.91848706454038619995e-02) (44, -7.06433117389678955078e-01) (45, -8.29905331134796142578e-01) (46, 1.77391922473907470703e+00) (47, 1.39728939533233642578e+00) (48, -4.17188778519630432129e-02) (49, -7.17903196811676025391e-01) (50, -6.74611032009124755859e-01) (51, 1.31873693317174911499e-02) (52, 1.46087229251861572266e+00) (53, -6.29534900188446044922e-01) (54, -2.68878608942031860352e-01) (55, -1.87260895967483520508e-01) (56, 1.33088827133178710938e+00) (57, -1.29957377910614013672e-01) (58, -5.17008423805236816406e-01) (59, -1.13450419902801513672e+00) (60, -6.54917299747467041016e-01) (61, -5.94760894775390625000e-01) (62, -2.87247188389301300049e-02) (63, -6.52474641799926757812e-01) (64, 3.05790156126022338867e-01) (65, -7.60104715824127197266e-01) (66, -4.07613128423690795898e-01) (67, 6.62037551403045654297e-01) (68, -6.27788484096527099609e-01) (69, -8.51568818092346191406e-01) (70, 1.69674825668334960938e+00) (71, -1.00986085832118988037e-01) (72, -8.05590391159057617188e-01) (73, -1.01897978782653808594e+00) (74, 6.11067935824394226074e-02) (75, 1.66155862808227539062e+00) (76, 1.35657846927642822266e+00) (77, -6.81782186031341552734e-01) (78, 1.25639840960502624512e-01) (79, -1.08216035366058349609e+00) (80, -6.77666842937469482422e-01) (81, -7.73793935775756835938e-01) (82, 7.31587469577789306641e-01) (83, 1.30648064613342285156e+00) (84, 1.12312030792236328125e+00) (85, -8.10841083526611328125e-01) (86, -6.54364526271820068359e-01) (87, 6.19932487607002258301e-02) (88, 1.32337486743927001953e+00) (89, 2.86397993564605712891e-01) (90, -6.88566982746124267578e-01) (91, 3.44293087720870971680e-01) (92, 3.48864525556564331055e-01) (93, 1.98719656467437744141e+00) (94, -7.06909835338592529297e-01) (95, -1.30273342132568359375e-01) (96, 4.30698245763778686523e-02) (97, -7.22277343273162841797e-01) (98, -7.66212463378906250000e-01) (99, -8.22328984737396240234e-01) (100, -7.98476696014404296875e-01) (101, 1.87951707839965820312e+00) (102, 4.05090004205703735352e-01) (103, 1.96439027786254882812e+00) (104, 2.63174486160278320312e+00) (105, 1.00762164592742919922e+00) (106, 1.58776700496673583984e+00) (107, 1.67049384117126464844e+00) (108, 2.26523280143737792969e+00) (109, 9.94353950023651123047e-01) (110, -3.07593655586242675781e+00) (111, -1.04491579532623291016e+00) (112, -1.38507533073425292969e+00) (113, 3.32635760307312011719e+00) (114, 1.79113399982452392578e+00) (115, -1.65488862991333007812e+00) (116, -3.04368591308593750000e+00) (117, 1.04648923873901367188e+00) (118, 4.19387722015380859375e+00) (119, -1.74383115768432617188e+00) (120, 1.52211189270019531250e+00) (121, -1.78476595878601074219e+00) (122, 3.53658533096313476562e+00) (123, 5.02208054065704345703e-01) (124, 1.01976919174194335938e+00) (125, 1.84919178485870361328e+00) (126, -1.62789463996887207031e+00) (127, -1.18176519870758056641e+00) (128, -2.99796104431152343750e+00) (129, 2.00658965110778808594e+00) (130, 4.38689947128295898438e-01) 
