FANN_FLO_2.1
num_layers=3
learning_rate=0.700000
connection_rate=1.000000
network_type=0
learning_momentum=0.000000
training_algorithm=2
train_error_function=1
train_stop_function=0
cascade_output_change_fraction=0.010000
quickprop_decay=-0.000100
quickprop_mu=1.750000
rprop_increase_factor=1.200000
rprop_decrease_factor=0.500000
rprop_delta_min=0.000000
rprop_delta_max=50.000000
rprop_delta_zero=0.100000
cascade_output_stagnation_epochs=12
cascade_candidate_change_fraction=0.010000
cascade_candidate_stagnation_epochs=12
cascade_max_out_epochs=150
cascade_max_cand_epochs=150
cascade_num_candidate_groups=2
bit_fail_limit=3.49999994039535522461e-01
cascade_candidate_limit=1.00000000000000000000e+03
cascade_weight_multiplier=4.00000005960464477539e-01
cascade_activation_functions_count=10
cascade_activation_functions=3 5 7 8 10 11 14 15 16 17 
cascade_activation_steepnesses_count=4
cascade_activation_steepnesses=2.50000000000000000000e-01 5.00000000000000000000e-01 7.50000000000000000000e-01 1.00000000000000000000e+00 
layer_sizes=105 26 2 
scale_included=0
neurons (num_inputs, activation_function, activation_steepness)=(0, 0, 0.00000000000000000000e+00) (0, 0, 0.00000000000000000000e+00) (0, 0, 0.00000000000000000000e+00) (0, 0, 0.00000000000000000000e+00) (0, 0, 0.00000000000000000000e+00) (0, 0, 0.00000000000000000000e+00) (0, 0, 0.00000000000000000000e+00) (0, 0, 0.00000000000000000000e+00) (0, 0, 0.00000000000000000000e+00) (0, 0, 0.00000000000000000000e+00) (0, 0, 0.00000000000000000000e+00) (0, 0, 0.00000000000000000000e+00) (0, 0, 0.00000000000000000000e+00) (0, 0, 0.00000000000000000000e+00) (0, 0, 0.00000000000000000000e+00) (0, 0, 0.00000000000000000000e+00) (0, 0, 0.00000000000000000000e+00) (0, 0, 0.00000000000000000000e+00) (0, 0, 0.00000000000000000000e+00) (0, 0, 0.00000000000000000000e+00) (0, 0, 0.00000000000000000000e+00) (0, 0, 0.00000000000000000000e+00) (0, 0, 0.00000000000000000000e+00) (0, 0, 0.00000000000000000000e+00) (0, 0, 0.00000000000000000000e+00) (0, 0, 0.00000000000000000000e+00) (0, 0, 0.00000000000000000000e+00) (0, 0, 0.00000000000000000000e+00) (0, 0, 0.00000000000000000000e+00) (0, 0, 0.00000000000000000000e+00) (0, 0, 0.00000000000000000000e+00) (0, 0, 0.00000000000000000000e+00) (0, 0, 0.00000000000000000000e+00) (0, 0, 0.00000000000000000000e+00) (0, 0, 0.00000000000000000000e+00) (0, 0, 0.00000000000000000000e+00) (0, 0, 0.00000000000000000000e+00) (0, 0, 0.00000000000000000000e+00) (0, 0, 0.00000000000000000000e+00) (0, 0, 0.00000000000000000000e+00) (0, 0, 0.00000000000000000000e+00) (0, 0, 0.00000000000000000000e+00) (0, 0, 0.00000000000000000000e+00) (0, 0, 0.00000000000000000000e+00) (0, 0, 0.00000000000000000000e+00) (0, 0, 0.00000000000000000000e+00) (0, 0, 0.00000000000000000000e+00) (0, 0, 0.00000000000000000000e+00) (0, 0, 0.00000000000000000000e+00) (0, 0, 0.00000000000000000000e+00) (0, 0, 0.00000000000000000000e+00) (0, 0, 0.00000000000000000000e+00) (0, 0, 0.00000000000000000000e+00) (0, 0, 0.00000000000000000000e+00) (0, 0, 0.00000000000000000000e+00) (0, 0, 0.00000000000000000000e+00) (0, 0, 0.00000000000000000000e+00) (0, 0, 0.00000000000000000000e+00) (0, 0, 0.00000000000000000000e+00) (0, 0, 0.00000000000000000000e+00) (0, 0, 0.00000000000000000000e+00) (0, 0, 0.00000000000000000000e+00) (0, 0, 0.00000000000000000000e+00) (0, 0, 0.00000000000000000000e+00) (0, 0, 0.00000000000000000000e+00) (0, 0, 0.00000000000000000000e+00) (0, 0, 0.00000000000000000000e+00) (0, 0, 0.00000000000000000000e+00) (0, 0, 0.00000000000000000000e+00) (0, 0, 0.00000000000000000000e+00) (0, 0, 0.00000000000000000000e+00) (0, 0, 0.00000000000000000000e+00) (0, 0, 0.00000000000000000000e+00) (0, 0, 0.00000000000000000000e+00) (0, 0, 0.00000000000000000000e+00) (0, 0, 0.00000000000000000000e+00) (0, 0, 0.00000000000000000000e+00) (0, 0, 0.00000000000000000000e+00) (0, 0, 0.00000000000000000000e+00) (0, 0, 0.00000000000000000000e+00) (0, 0, 0.00000000000000000000e+00) (0, 0, 0.00000000000000000000e+00) (0, 0, 0.00000000000000000000e+00) (0, 0, 0.00000000000000000000e+00) (0, 0, 0.00000000000000000000e+00) (0, 0, 0.00000000000000000000e+00) (0, 0, 0.00000000000000000000e+00) (0, 0, 0.00000000000000000000e+00) (0, 0, 0.00000000000000000000e+00) (0, 0, 0.00000000000000000000e+00) (0, 0, 0.00000000000000000000e+00) (0, 0, 0.00000000000000000000e+00) (0, 0, 0.00000000000000000000e+00) (0, 0, 0.00000000000000000000e+00) (0, 0, 0.00000000000000000000e+00) (0, 0, 0.00000000000000000000e+00) (0, 0, 0.00000000000000000000e+00) (0, 0, 0.00000000000000000000e+00) (0, 0, 0.00000000000000000000e+00) (0, 0, 0.00000000000000000000e+00) (0, 0, 0.00000000000000000000e+00) (0, 0, 0.00000000000000000000e+00) (0, 0, 0.00000000000000000000e+00) (0, 0, 0.00000000000000000000e+00) (0, 0, 0.00000000000000000000e+00) (105, 5, 5.00000000000000000000e-01) (105, 5, 5.00000000000000000000e-01) (105, 5, 5.00000000000000000000e-01) (105, 5, 5.00000000000000000000e-01) (105, 5, 5.00000000000000000000e-01) (105, 5, 5.00000000000000000000e-01) (105, 5, 5.00000000000000000000e-01) (105, 5, 5.00000000000000000000e-01) (105, 5, 5.00000000000000000000e-01) (105, 5, 5.00000000000000000000e-01) (105, 5, 5.00000000000000000000e-01) (105, 5, 5.00000000000000000000e-01) (105, 5, 5.00000000000000000000e-01) (105, 5, 5.00000000000000000000e-01) (105, 5, 5.00000000000000000000e-01) (105, 5, 5.00000000000000000000e-01) (105, 5, 5.00000000000000000000e-01) (105, 5, 5.00000000000000000000e-01) (105, 5, 5.00000000000000000000e-01) (105, 5, 5.00000000000000000000e-01) (105, 5, 5.00000000000000000000e-01) (105, 5, 5.00000000000000000000e-01) (105, 5, 5.00000000000000000000e-01) (105, 5, 5.00000000000000000000e-01) (105, 5, 5.00000000000000000000e-01) (0, 5, 0.00000000000000000000e+00) (26, 5, 5.00000000000000000000e-01) (0, 5, 0.00000000000000000000e+00) 
connections (connected_to_neuron, weight)=(0, -1.60638778686523437500e+02) (1, 4.72647247314453125000e+01) (2, 1.52521324157714843750e+00) (3, 7.98615646362304687500e+01) (4, 2.37282896041870117188e+00) (5, 4.70563602447509765625e+00) (6, 2.10680055618286132812e+00) (7, 8.28932666778564453125e+00) (8, -1.59951448440551757812e+00) (9, 2.09234571456909179688e+00) (10, 8.52887749671936035156e-01) (11, 1.65493941307067871094e+00) (12, 1.93139886856079101562e+00) (13, -1.91782966256141662598e-01) (14, 1.22811079025268554688e+00) (15, 4.94443774223327636719e-01) (16, 1.19105398654937744141e+00) (17, 3.44227552413940429688e-01) (18, 1.05603086948394775391e+00) (19, 1.23914134502410888672e+00) (20, 1.85364627838134765625e+00) (21, 9.26864087581634521484e-01) (22, 1.19678425788879394531e+00) (23, 1.18840444087982177734e+00) (24, 9.61782693862915039062e-01) (25, 1.17353987693786621094e+00) (26, 3.77452802658081054688e+00) (27, 1.25843691825866699219e+00) (28, 1.82412421703338623047e+00) (29, 2.11407303810119628906e+00) (30, 1.47626185417175292969e+00) (31, 1.17631340026855468750e+00) (32, 1.31575572490692138672e+00) (33, 1.18072199821472167969e+00) (34, 7.44192540645599365234e-01) (35, 1.30978977680206298828e+00) (36, 1.28190004825592041016e+00) (37, 1.19840884208679199219e+00) (38, 1.37847232818603515625e+00) (39, 1.68853378295898437500e+00) (40, 2.72640502929687500000e+02) (41, 2.14095664024353027344e+00) (42, 2.80244731903076171875e+00) (43, 9.51440095901489257812e-01) (44, 2.43878498673439025879e-01) (45, -6.78818285465240478516e-01) (46, -9.14741814136505126953e-01) (47, -2.62726068496704101562e+00) (48, -7.49252378940582275391e-01) (49, 1.41779363155364990234e+00) (50, 2.38253450393676757812e+00) (51, 1.06176614761352539062e+00) (52, 2.88435697555541992188e-01) (53, 6.64504885673522949219e-01) (54, 9.76081848144531250000e-01) (55, 2.62251186370849609375e+00) (56, 1.22592020034790039062e+00) (57, 3.19432306289672851562e+00) (58, 2.03784155845642089844e+00) (59, 2.22497963905334472656e+00) (60, 2.86465883255004882812e+00) (61, 3.07903218269348144531e+00) (62, 1.13220465183258056641e+00) (63, 2.00192356109619140625e+00) (64, 2.81588315963745117188e+00) (65, 2.75071930885314941406e+00) (66, 2.99928283691406250000e+00) (67, 2.74316263198852539062e+00) (68, 2.85586905479431152344e+00) (69, 2.85342288017272949219e+00) (70, 2.10638213157653808594e+00) (71, 2.66018891334533691406e+00) (72, 2.33190965652465820312e+00) (73, 1.78709316253662109375e+00) (74, -1.50000000000000000000e+03) (75, 1.32048568725585937500e+01) (76, 9.45381774902343750000e+02) (77, 2.65713310241699218750e+00) (78, 1.49995300292968750000e+03) (79, 2.75959110260009765625e+00) (80, 2.19488315582275390625e+01) (81, 2.84929847717285156250e+00) (82, 1.99501192569732666016e+00) (83, 2.69530224800109863281e+00) (84, 1.49995361328125000000e+03) (85, 3.06229472160339355469e+00) (86, 2.81805443763732910156e+00) (87, 2.88328599929809570312e+00) (88, 7.21092462539672851562e+00) (89, 2.96173381805419921875e+00) (90, 2.92041945457458496094e+00) (91, 3.06850934028625488281e+00) (92, 2.73881530761718750000e+00) (93, 2.88388395309448242188e+00) (94, 2.81073594093322753906e+00) (95, 2.95946383476257324219e+00) (96, 2.62054800987243652344e+00) (97, 2.78629779815673828125e+00) (98, 3.04757022857666015625e+00) (99, 2.80662560462951660156e+00) (100, 2.78156042098999023438e+00) (101, 2.90264773368835449219e+00) (102, -6.52141052246093750000e+02) (103, 8.69426086425781250000e+02) (104, -7.40656256675720214844e-01) (0, 1.16931760311126708984e+00) (1, 3.30306857824325561523e-01) (2, 6.63602590560913085938e-01) (3, -1.18192863464355468750e+00) (4, -1.18770527839660644531e+00) (5, -8.65221142768859863281e-01) (6, -9.80968177318572998047e-01) (7, 9.65057834982872009277e-02) (8, 8.96998569369316101074e-02) (9, -8.06755185127258300781e-01) (10, 7.31109917163848876953e-01) (11, -7.07840859889984130859e-01) (12, 1.86368167400360107422e-01) (13, -4.03115421533584594727e-01) (14, 7.65943706035614013672e-01) (15, 1.34620320796966552734e+00) (16, -4.20976370573043823242e-01) (17, 6.70229673385620117188e-01) (18, 6.50586068630218505859e-01) (19, -4.28813427686691284180e-01) (20, -4.26948338747024536133e-01) (21, 1.63185572624206542969e+00) (22, -3.40312272310256958008e-01) (23, -3.29010337591171264648e-01) (24, 1.67411708831787109375e+00) (25, 8.08925271034240722656e-01) (26, -8.37992191314697265625e-01) (27, 5.37031829357147216797e-01) (28, 8.00980806350708007812e-01) (29, 5.01167416572570800781e-01) (30, 9.88013327121734619141e-01) (31, 6.49151563644409179688e-01) (32, 1.95301842689514160156e+00) (33, 6.91458463668823242188e-01) (34, 2.31918826699256896973e-01) (35, -2.87004075944423675537e-02) (36, 5.94033300876617431641e-01) (37, 9.93948336690664291382e-03) (38, -2.86097794771194458008e-01) (39, -1.12675093114376068115e-01) (40, -3.99456769227981567383e-01) (41, 1.55211102962493896484e+00) (42, -1.00473773479461669922e+00) (43, -1.26592010259628295898e-01) (44, 1.23761904239654541016e+00) (45, -1.63432776927947998047e-01) (46, 4.32560533285140991211e-01) (47, -3.57611387968063354492e-01) (48, 1.66735446453094482422e+00) (49, -2.50712752342224121094e-01) (50, -3.88001829385757446289e-01) (51, 2.08636328577995300293e-01) (52, 9.50551331043243408203e-01) (53, 5.49848556518554687500e-01) (54, 7.75284111499786376953e-01) (55, -1.01011931896209716797e+00) (56, -1.12997281551361083984e+00) (57, -6.42122328281402587891e-01) (58, -1.07818925380706787109e+00) (59, -8.71481150388717651367e-02) (60, -5.38983941078186035156e-02) (61, -6.17097973823547363281e-01) (62, 6.08817815780639648438e-01) (63, -9.79004979133605957031e-01) (64, -1.09173464775085449219e+00) (65, -1.00492250919342041016e+00) (66, -2.23224461078643798828e-01) (67, 1.49803176522254943848e-01) (68, -5.28127610683441162109e-01) (69, -1.62010741233825683594e+00) (70, -1.87406122684478759766e-01) (71, 1.34667336940765380859e-01) (72, -1.38959646224975585938e-01) (73, 1.20461535453796386719e+00) (74, 3.76452535390853881836e-01) (75, 6.29015505313873291016e-01) (76, 1.92961013317108154297e+00) (77, -8.83386969566345214844e-01) (78, 5.70613980293273925781e-01) (79, -1.11765253543853759766e+00) (80, -2.22752671688795089722e-02) (81, -1.93095445632934570312e+00) (82, -8.14559876918792724609e-01) (83, 1.23986256122589111328e+00) (84, 6.79670214653015136719e-01) (85, -1.71597266197204589844e+00) (86, -1.01123893260955810547e+00) (87, -5.84286689758300781250e-01) (88, -7.68806934356689453125e-01) (89, 9.78887021541595458984e-01) (90, 9.70469176769256591797e-01) (91, 5.36388576030731201172e-01) (92, -5.39193570613861083984e-01) (93, -6.66087687015533447266e-01) (94, -9.84182298183441162109e-01) (95, -4.76306349039077758789e-01) (96, 9.03746664524078369141e-01) (97, 5.60767710208892822266e-01) (98, -1.02203059196472167969e+00) (99, 6.02002263069152832031e-01) (100, -8.22597444057464599609e-01) (101, 7.92050659656524658203e-01) (102, 4.37963217496871948242e-01) (103, 1.52790367603302001953e+00) (104, 2.67937731742858886719e+00) (0, -9.40898376464843750000e+02) (1, 1.13313312530517578125e+01) (2, 1.83827924728393554688e+00) (3, 1.50099563598632812500e+02) (4, 2.09790539741516113281e+00) (5, 1.05092153549194335938e+01) (6, 3.10131502151489257812e+00) (7, 7.32245063781738281250e+00) (8, -1.69233341217041015625e+01) (9, 2.05560898780822753906e+00) (10, 1.11880552768707275391e+00) (11, 1.51331901550292968750e+00) (12, 1.93848681449890136719e+00) (13, 3.85078132152557373047e-01) (14, 1.14532923698425292969e+00) (15, 1.05087685585021972656e+00) (16, 1.04045867919921875000e+00) (17, 8.68544936180114746094e-01) (18, 1.21773672103881835938e+00) (19, 1.08660507202148437500e+00) (20, 9.89158272743225097656e-01) (21, 7.55075991153717041016e-01) (22, 1.02835750579833984375e+00) (23, 1.28287422657012939453e+00) (24, 9.21174049377441406250e-01) (25, 1.20556664466857910156e+00) (26, 1.95884857177734375000e+01) (27, 1.39083325862884521484e+00) (28, 1.75430500507354736328e+00) (29, 3.85731697082519531250e+00) (30, 1.43902146816253662109e+00) (31, 1.16170847415924072266e+00) (32, 1.27428507804870605469e+00) (33, 1.21190297603607177734e+00) (34, 8.07003021240234375000e-01) (35, 1.19414663314819335938e+00) (36, 1.10640943050384521484e+00) (37, 1.09641540050506591797e+00) (38, 1.32121837139129638672e+00) (39, 1.85857415199279785156e+00) (40, 1.34092224121093750000e+02) (41, 2.18488788604736328125e+00) (42, 2.84695363044738769531e+00) (43, 1.12468171119689941406e+00) (44, 9.27690863609313964844e-01) (45, -7.88062095642089843750e-01) (46, -9.35935974121093750000e-02) (47, -8.00953805446624755859e-01) (48, -8.83911228179931640625e+00) (49, 1.48409330844879150391e+00) (50, 1.20285196304321289062e+01) (51, 9.58867549896240234375e-01) (52, 9.67731833457946777344e-01) (53, 1.29328870773315429688e+00) (54, 1.42790532112121582031e+00) (55, 2.58642673492431640625e+00) (56, 1.78677093982696533203e+00) (57, 3.32278370857238769531e+00) (58, 1.96472644805908203125e+00) (59, 2.74684190750122070312e+00) (60, 2.91955232620239257812e+00) (61, 2.60502243041992187500e+00) (62, 1.67397165298461914062e+00) (63, 2.05510377883911132812e+00) (64, 2.96474027633666992188e+00) (65, 2.93172049522399902344e+00) (66, 3.19117331504821777344e+00) (67, 2.85502505302429199219e+00) (68, 2.89150691032409667969e+00) (69, 2.94847655296325683594e+00) (70, 1.75815367698669433594e+00) (71, 2.59805369377136230469e+00) (72, 1.83765268325805664062e+00) (73, 1.81374502182006835938e+00) (74, 1.50000000000000000000e+03) (75, 6.51510572433471679688e+00) (76, 9.55885253906250000000e+02) (77, 2.81489610671997070312e+00) (78, 1.50000000000000000000e+03) (79, 2.80297470092773437500e+00) (80, 2.02312942504882812500e+02) (81, 2.97534132003784179688e+00) (82, 1.82756590843200683594e+00) (83, 2.86394119262695312500e+00) (84, 1.50000000000000000000e+03) (85, 3.00909900665283203125e+00) (86, 2.83224773406982421875e+00) (87, 2.91078495979309082031e+00) (88, 7.30222463607788085938e+00) (89, 2.99629044532775878906e+00) (90, 3.03996944427490234375e+00) (91, 3.25528430938720703125e+00) (92, 2.96817708015441894531e+00) (93, 2.88621997833251953125e+00) (94, 2.90316319465637207031e+00) (95, 3.06209182739257812500e+00) (96, 2.54444432258605957031e+00) (97, 2.75045442581176757812e+00) (98, 2.90912485122680664062e+00) (99, 2.93278193473815917969e+00) (100, 2.96329760551452636719e+00) (101, 2.92102193832397460938e+00) (102, -2.85755109786987304688e+00) (103, 6.60951089859008789062e+00) (104, -8.67523550987243652344e-01) (0, -2.63639879226684570312e+00) (1, -4.59569168090820312500e+00) (2, 8.25798034667968750000e-01) (3, 2.39497756958007812500e+00) (4, 1.90337765216827392578e+00) (5, 1.57360267639160156250e+00) (6, 1.39866113662719726562e+00) (7, -2.42707848548889160156e+00) (8, -4.33560609817504882812e+00) (9, 4.05473232269287109375e-01) (10, -1.35526001453399658203e+00) (11, 1.20646488666534423828e+00) (12, -4.35406088829040527344e-01) (13, -6.87074810266494750977e-02) (14, -6.60278141498565673828e-01) (15, 3.35391849279403686523e-01) (16, 8.14602434635162353516e-01) (17, 5.63066482543945312500e-01) (18, -1.99899733066558837891e+00) (19, 9.56365048885345458984e-01) (20, -1.49128675460815429688e+00) (21, 2.46109008789062500000e+00) (22, 1.90794408321380615234e+00) (23, -2.44028791785240173340e-01) (24, 5.39067208766937255859e-01) (25, -2.25677943229675292969e+00) (26, 8.73221576213836669922e-01) (27, 8.22777450084686279297e-01) (28, -1.37390959262847900391e+00) (29, -2.17910575866699218750e+00) (30, 1.08074061572551727295e-01) (31, 1.80938982963562011719e+00) (32, -1.29459190368652343750e+00) (33, 2.93842053413391113281e+00) (34, -2.52463483810424804688e+00) (35, 7.37904071807861328125e-01) (36, 1.54437303543090820312e+00) (37, -8.09186100959777832031e-01) (38, -1.23335346579551696777e-01) (39, -1.53690254688262939453e+00) (40, 8.86056900024414062500e-01) (41, -6.24812245368957519531e-01) (42, 1.20963907241821289062e+00) (43, 1.84823286533355712891e+00) (44, -2.50203156471252441406e+00) (45, 1.76001274585723876953e+00) (46, -3.71901839971542358398e-01) (47, 2.49238848686218261719e+00) (48, -3.40231597423553466797e-01) (49, -2.55538195371627807617e-01) (50, 1.44057953357696533203e+00) (51, 1.60494780540466308594e+00) (52, -4.33552712202072143555e-01) (53, -1.87984859943389892578e+00) (54, -1.17038321495056152344e+00) (55, -5.03322505950927734375e+00) (56, -2.84050386399030685425e-02) (57, -6.00003433227539062500e+00) (58, -3.97072285413742065430e-01) (59, 6.77214086055755615234e-01) (60, -1.26028072834014892578e+00) (61, -3.86413723230361938477e-01) (62, 2.56745314598083496094e+00) (63, -6.68343305587768554688e-02) (64, -1.13078939914703369141e+00) (65, 1.07754182815551757812e+00) (66, -1.03776097297668457031e+00) (67, 4.99527025222778320312e+00) (68, -2.09465205669403076172e-01) (69, 7.90744960308074951172e-01) (70, 1.14557492733001708984e+00) (71, -1.27529084682464599609e-01) (72, 9.32340681552886962891e-01) (73, 1.16930723190307617188e+00) (74, -1.35033130645751953125e+00) (75, 1.53874087333679199219e+00) (76, 7.52186954021453857422e-01) (77, -4.30038809776306152344e-01) (78, -1.28039054870605468750e+01) (79, 9.39946937561035156250e+00) (80, -2.81199550628662109375e+00) (81, 4.57946687936782836914e-01) (82, 2.45296597480773925781e+00) (83, -1.63443303108215332031e+00) (84, 3.93739390373229980469e+00) (85, 9.77917462587356567383e-02) (86, -4.48928177356719970703e-01) (87, 3.43448519706726074219e-01) (88, 1.41429856419563293457e-01) (89, 1.74705946445465087891e+00) (90, -3.23039069771766662598e-02) (91, 1.31365442276000976562e+00) (92, 2.54082202911376953125e+00) (93, 1.50851488113403320312e+00) (94, 1.29746508598327636719e+00) (95, 2.90122032165527343750e-01) (96, 1.57230794429779052734e+00) (97, -6.95485100150108337402e-02) (98, -2.13627076148986816406e+00) (99, -8.02022874355316162109e-01) (100, 1.31932020187377929688e+00) (101, -3.39820921421051025391e-01) (102, 1.56146049499511718750e+00) (103, 9.47639405727386474609e-01) (104, 3.88622224330902099609e-01) (0, -3.97300273180007934570e-02) (1, -2.40030193328857421875e+00) (2, 3.37435603141784667969e-01) (3, 1.84118151664733886719e+00) (4, -4.21654373407363891602e-01) (5, -5.65482497215270996094e-01) (6, -4.63800638914108276367e-01) (7, -3.20867449045181274414e-01) (8, 2.34719419479370117188e+00) (9, 1.34897455573081970215e-01) (10, -1.90657123923301696777e-01) (11, -7.47316360473632812500e-01) (12, -4.70148235559463500977e-01) (13, 6.89317524433135986328e-01) (14, -1.27497389912605285645e-01) (15, -4.53884989023208618164e-01) (16, -1.83667421340942382812e-01) (17, -4.62625384330749511719e-01) (18, -6.14553868770599365234e-01) (19, 5.55252917110919952393e-02) (20, -4.89058136940002441406e-01) (21, -3.40241611003875732422e-01) (22, 1.81013089604675769806e-03) (23, -1.01769876480102539062e+00) (24, 2.64021933078765869141e-01) (25, -3.56065481901168823242e-01) (26, -1.05391120910644531250e+00) (27, -5.17603874206542968750e-01) (28, -7.04815745353698730469e-01) (29, -1.16625416278839111328e+00) (30, -4.42842841148376464844e-01) (31, -5.75909972190856933594e-01) (32, -5.65441608428955078125e-01) (33, -1.02804839611053466797e+00) (34, 1.32037603855133056641e+00) (35, -4.08622384071350097656e-01) (36, -1.11758336424827575684e-01) (37, -1.06745982170104980469e+00) (38, -1.09424364566802978516e+00) (39, -1.15702688694000244141e+00) (40, -1.59351110458374023438e+00) (41, -1.05212712287902832031e+00) (42, -2.74934619665145874023e-01) (43, -5.67857086658477783203e-01) (44, 7.98773825168609619141e-01) (45, 1.55488610267639160156e+00) (46, 2.99081230163574218750e+00) (47, 3.13321352005004882812e+00) (48, 4.84604549407958984375e+00) (49, -6.76018357276916503906e-01) (50, -9.78841185569763183594e-01) (51, 3.34880560636520385742e-01) (52, 2.39671897143125534058e-02) (53, -1.08127379417419433594e+00) (54, 1.96930813789367675781e+00) (55, -8.52774143218994140625e-01) (56, 3.86052072048187255859e-01) (57, -8.33030343055725097656e-01) (58, -1.79295694828033447266e+00) (59, 2.34931802749633789062e+00) (60, 2.20624223351478576660e-01) (61, 6.80430173873901367188e-01) (62, 2.99650311470031738281e-01) (63, 2.86175787448883056641e-01) (64, -5.86792171001434326172e-01) (65, 2.91504442691802978516e-01) (66, 4.69832372665405273438e+00) (67, 4.62602764368057250977e-01) (68, 2.43489360809326171875e+00) (69, 7.95114338397979736328e-01) (70, 3.07684928178787231445e-01) (71, -3.48459959030151367188e-01) (72, 2.06685945391654968262e-01) (73, -6.25123918056488037109e-01) (74, -1.77718544006347656250e+00) (75, -1.14691948890686035156e+00) (76, -3.57901358604431152344e+00) (77, -4.07890766859054565430e-01) (78, 1.31342542171478271484e+00) (79, -4.98826026916503906250e+00) (80, 4.18618011474609375000e+00) (81, 1.63737475872039794922e+00) (82, 9.19990122318267822266e-01) (83, 9.73577404022216796875e+00) (84, 2.27496027946472167969e+00) (85, -1.87073394656181335449e-01) (86, -4.27786767482757568359e-01) (87, -5.10928153991699218750e-01) (88, 4.12767553329467773438e+00) (89, -4.32950878143310546875e+00) (90, 4.58596515655517578125e+00) (91, 1.86127886176109313965e-01) (92, 2.32566738128662109375e+00) (93, -1.71277180314064025879e-01) (94, -3.38601678609848022461e-01) (95, -2.79529142379760742188e+00) (96, -2.70923048257827758789e-01) (97, 4.74205970764160156250e-01) (98, -1.04049786925315856934e-01) (99, -3.10026705265045166016e-01) (100, -3.32707375288009643555e-01) (101, 5.86759448051452636719e-01) (102, 5.59236347675323486328e-01) (103, 1.24156367778778076172e+00) (104, 1.96802639961242675781e+00) (0, 9.44668502807617187500e+01) (1, 1.53697853088378906250e+01) (2, 1.23068869113922119141e+00) (3, -4.54757499694824218750e+01) (4, 3.74835997819900512695e-01) (5, 4.86288528442382812500e+01) (6, 9.78956282138824462891e-01) (7, 2.02012777328491210938e+00) (8, 7.65543270111083984375e+00) (9, 2.54306465387344360352e-01) (10, 1.23376524448394775391e+00) (11, 5.76496303081512451172e-01) (12, 1.16234672069549560547e+00) (13, 1.22714900970458984375e+00) (14, 2.28951311111450195312e+00) (15, 1.01265776157379150391e+00) (16, 8.98640155792236328125e-01) (17, 1.04409658908843994141e+00) (18, 1.74124765396118164062e+00) (19, 3.72614115476608276367e-01) (20, 4.41115200519561767578e-01) (21, 2.83990770578384399414e-01) (22, 1.13951718807220458984e+00) (23, 8.43461573123931884766e-01) (24, 3.37287366390228271484e-01) (25, 1.07729601860046386719e+00) (26, -2.02979043126106262207e-01) (27, 7.30619728565216064453e-01) (28, -3.73298734426498413086e-01) (29, -6.56312417984008789062e+00) (30, -4.10094916820526123047e-01) (31, -4.82435971498489379883e-01) (32, -1.64023011922836303711e-01) (33, -5.88535070419311523438e-01) (34, 2.88653582334518432617e-01) (35, 4.72874492406845092773e-01) (36, 5.50826787948608398438e-01) (37, -5.02276360988616943359e-01) (38, -5.04406869411468505859e-01) (39, -2.39355023950338363647e-02) (40, -5.54124526679515838623e-02) (41, -5.41276633739471435547e-01) (42, 4.36830252408981323242e-01) (43, -4.26813602447509765625e-01) (44, 4.13080394268035888672e-01) (45, 3.97709280252456665039e-01) (46, 4.41348218917846679688e+00) (47, 1.76214945316314697266e+00) (48, 9.95813608169555664062e-01) (49, 7.33674764633178710938e-01) (50, -2.47415781021118164062e-01) (51, 2.65641570091247558594e-01) (52, 4.04481589794158935547e-01) (53, 5.30131280422210693359e-01) (54, 1.54285505414009094238e-01) (55, 4.02820378541946411133e-01) (56, 3.94498854875564575195e-01) (57, 4.57631856203079223633e-01) (58, 1.40726053714752197266e+00) (59, 1.24641227722167968750e+00) (60, 7.46432363986968994141e-01) (61, 1.47998309135437011719e+00) (62, 1.29125523567199707031e+00) (63, 4.60490614175796508789e-01) (64, 4.06828492879867553711e-01) (65, 3.58707696199417114258e-01) (66, 1.64845097064971923828e+00) (67, 2.66750901937484741211e-01) (68, 3.22099357843399047852e-01) (69, 3.02038812637329101562e+00) (70, 1.93435803055763244629e-01) (71, 2.37085774540901184082e-01) (72, 1.03070414066314697266e+00) (73, 3.58650952577590942383e-01) (74, 3.48387241363525390625e-01) (75, 5.00953316688537597656e-01) (76, 1.40671405792236328125e+01) (77, 2.82066196203231811523e-01) (78, 8.18626463413238525391e-01) (79, 4.61907714605331420898e-01) (80, 9.82110559940338134766e-01) (81, 4.22617822885513305664e-01) (82, 2.77221053838729858398e-01) (83, 4.68764275312423706055e-01) (84, -3.44394111633300781250e+00) (85, 5.76448082923889160156e-01) (86, 4.64064806699752807617e-01) (87, 3.46299678087234497070e-01) (88, 4.93124818801879882812e+00) (89, 7.91385233402252197266e-01) (90, 7.49238967895507812500e-01) (91, 1.35945236682891845703e+00) (92, 4.57959800958633422852e-01) (93, 4.15267199277877807617e-01) (94, 4.70891922712326049805e-01) (95, 7.16581225395202636719e-01) (96, 1.97975650429725646973e-01) (97, 2.74485141038894653320e-01) (98, 5.57748794555664062500e-01) (99, 2.97651916742324829102e-01) (100, 5.25650680065155029297e-01) (101, 4.19200986623764038086e-01) (102, 1.50000000000000000000e+03) (103, -1.37518115234375000000e+03) (104, 1.68434274196624755859e+00) (0, -3.32181143760681152344e+00) (1, 3.50284290313720703125e+00) (2, 4.10179883241653442383e-01) (3, 9.22638034820556640625e+00) (4, -1.46517252922058105469e+00) (5, -7.97219181060791015625e+00) (6, 5.18133020401000976562e+00) (7, -7.04632902145385742188e+00) (8, 2.07463979721069335938e+00) (9, -2.93407773971557617188e+00) (10, 4.24375438690185546875e+00) (11, 7.87924706935882568359e-01) (12, 9.34212505817413330078e-01) (13, 1.45431923866271972656e+00) (14, 4.03320819139480590820e-01) (15, -1.50584554672241210938e+00) (16, -1.03766489028930664062e+00) (17, 1.76035833358764648438e+00) (18, 1.36061525344848632812e+00) (19, 2.30662062764167785645e-01) (20, 3.53076291084289550781e+00) (21, 5.03064060211181640625e+00) (22, -1.95480084419250488281e+00) (23, -1.47747111320495605469e+00) (24, 4.28087472915649414062e+00) (25, -3.73486787080764770508e-01) (26, 4.17296600341796875000e+00) (27, 2.90655183792114257812e+00) (28, -2.07934594154357910156e+00) (29, 1.84626519680023193359e+00) (30, 5.58169746398925781250e+00) (31, -1.60305547714233398438e+00) (32, 2.70588827133178710938e+00) (33, 1.82211291790008544922e+00) (34, -2.41156387329101562500e+00) (35, 2.31046056747436523438e+00) (36, 3.49748420715332031250e+00) (37, -3.40192317962646484375e+00) (38, 9.21154797077178955078e-01) (39, 2.91934180259704589844e+00) (40, 1.83679449558258056641e+00) (41, -3.57087874412536621094e+00) (42, 7.61039257049560546875e-01) (43, -2.36405205726623535156e+00) (44, 1.55038464069366455078e+00) (45, -1.36763370037078857422e+00) (46, -1.50856626033782958984e+00) (47, -1.13650727272033691406e+00) (48, 1.23440241441130638123e-02) (49, 1.04671001434326171875e+00) (50, 3.18435740470886230469e+00) (51, -1.64559769630432128906e+00) (52, 1.75567194819450378418e-01) (53, -2.62111592292785644531e+00) (54, -5.48916578292846679688e-01) (55, 2.05022335052490234375e+00) (56, 5.13753795623779296875e+00) (57, 2.45876431465148925781e+00) (58, 1.07573235034942626953e+00) (59, -1.84538972377777099609e+00) (60, 2.24038147926330566406e+00) (61, -1.49670231342315673828e+00) (62, 6.63762509822845458984e-01) (63, -7.06312716007232666016e-01) (64, 3.18715047836303710938e+00) (65, 1.94064140319824218750e+00) (66, -2.91790056228637695312e+00) (67, -9.35404956340789794922e-01) (68, -6.86093389987945556641e-01) (69, -3.64086002111434936523e-01) (70, -3.64780217409133911133e-01) (71, 2.41306638717651367188e+00) (72, -8.15391182899475097656e-01) (73, 1.07130575180053710938e+00) (74, 8.51295173168182373047e-01) (75, 1.95564448833465576172e-01) (76, -5.48098444938659667969e-01) (77, -6.42668485641479492188e-01) (78, 6.14940643310546875000e-01) (79, 1.37438878417015075684e-01) (80, -6.81681275367736816406e-01) (81, 6.15315735340118408203e-01) (82, -5.75875341892242431641e-01) (83, -7.94007360935211181641e-01) (84, -8.68043541908264160156e-01) (85, 9.25365760922431945801e-02) (86, -7.49270081520080566406e-01) (87, -8.20780575275421142578e-01) (88, -8.33225071430206298828e-01) (89, -8.56217563152313232422e-01) (90, -8.93291771411895751953e-01) (91, -6.32020831108093261719e-01) (92, -7.07568943500518798828e-01) (93, -7.70905852317810058594e-01) (94, -7.94025838375091552734e-01) (95, -8.95643889904022216797e-01) (96, -6.75556063652038574219e-01) (97, -7.70586192607879638672e-01) (98, -8.62323224544525146484e-01) (99, -7.90529251098632812500e-01) (100, -8.24821770191192626953e-01) (101, -8.07415962219238281250e-01) (102, -3.25413084030151367188e+00) (103, 8.56425094604492187500e+00) (104, 2.57096362113952636719e+00) (0, 2.35004305839538574219e+00) (1, -1.15674674510955810547e-01) (2, -3.65752279758453369141e-01) (3, 4.01934325695037841797e-01) (4, 5.03901660442352294922e-01) (5, 2.91028189659118652344e+00) (6, 1.80973565578460693359e+00) (7, -3.41330289840698242188e+00) (8, -1.99662908911705017090e-01) (9, -1.43786653876304626465e-01) (10, -2.13347420096397399902e-01) (11, -1.94661986827850341797e+00) (12, -9.36250448226928710938e-01) (13, 2.08427381515502929688e+00) (14, 2.78041183948516845703e-01) (15, -4.34175431728363037109e-01) (16, 3.58867496252059936523e-01) (17, -8.20875465869903564453e-01) (18, 1.04925441741943359375e+00) (19, -1.43896973133087158203e+00) (20, 1.66176414489746093750e+00) (21, 1.85513854026794433594e+00) (22, 1.47529935836791992188e+00) (23, -4.20739427208900451660e-02) (24, -7.91242867708206176758e-02) (25, -3.94338560104370117188e+00) (26, 8.29572618007659912109e-01) (27, -4.48101550340652465820e-01) (28, 2.26513814926147460938e+00) (29, -1.63216805458068847656e+00) (30, 3.48153519630432128906e+00) (31, -1.36997520923614501953e-01) (32, -3.99068221449851989746e-02) (33, 8.37277173995971679688e-01) (34, -3.01677405834197998047e-01) (35, 3.26985931396484375000e+00) (36, 2.25696325302124023438e+00) (37, -3.12350511550903320312e-01) (38, 2.75067925453186035156e+00) (39, 1.17857623100280761719e+00) (40, -8.97910773754119873047e-01) (41, 1.70353162288665771484e+00) (42, -2.32232666015625000000e+00) (43, -2.29814276099205017090e-01) (44, -1.54959648847579956055e-01) (45, 3.36046218872070312500e+00) (46, 2.15225934982299804688e+00) (47, 3.30588817596435546875e+00) (48, -1.39028632640838623047e+00) (49, -5.81176504492759704590e-02) (50, 3.30952095985412597656e+00) (51, -5.80222725868225097656e-01) (52, 3.17525655031204223633e-01) (53, -1.19374191761016845703e+00) (54, -2.95830219984054565430e-01) (55, 1.82986903190612792969e+00) (56, -1.05026030540466308594e+00) (57, 1.82613456249237060547e+00) (58, -2.23891901969909667969e+00) (59, 3.90068471431732177734e-01) (60, 1.75824272632598876953e+00) (61, 1.68120229244232177734e+00) (62, -9.98766005039215087891e-01) (63, -8.80510807037353515625e-01) (64, -2.85636997222900390625e+00) (65, -1.08773493766784667969e+00) (66, -6.58844649791717529297e-01) (67, -2.11697387695312500000e+00) (68, -2.16464734077453613281e+00) (69, -3.98212879896163940430e-01) (70, -1.02744364738464355469e+00) (71, 8.14169228076934814453e-01) (72, 3.05962228775024414062e+00) (73, 2.22298955917358398438e+00) (74, -2.09982204437255859375e+00) (75, -5.49073338508605957031e-01) (76, -4.43046182394027709961e-01) (77, -1.20948171615600585938e+00) (78, -9.26268279552459716797e-01) (79, -6.29954636096954345703e-01) (80, -8.18128049373626708984e-01) (81, 6.72014057636260986328e-01) (82, 9.49179768562316894531e-01) (83, -1.00604236125946044922e+00) (84, 3.61173892021179199219e+00) (85, -3.05509716272354125977e-01) (86, -3.58360707759857177734e-01) (87, 1.73924326896667480469e+00) (88, -6.42562806606292724609e-02) (89, -5.92387259006500244141e-01) (90, 2.59394741058349609375e+00) (91, -8.35807502269744873047e-01) (92, -9.74328637123107910156e-01) (93, -9.87013816833496093750e-01) (94, -8.52028012275695800781e-01) (95, -8.50361526012420654297e-01) (96, -1.71330451965332031250e+00) (97, -9.15910899639129638672e-01) (98, 1.77612113952636718750e+00) (99, -1.14746487140655517578e+00) (100, -9.06554400920867919922e-01) (101, 2.91674342006444931030e-02) (102, -1.16580140590667724609e+00) (103, 4.10937929153442382812e+00) (104, 2.86248493194580078125e+00) (0, -3.75200724601745605469e+00) (1, -1.43842852115631103516e+00) (2, -3.87643575668334960938e-02) (3, 3.66435497999191284180e-02) (4, 1.53319095261394977570e-03) (5, -1.33805293589830398560e-02) (6, -3.03102940320968627930e-01) (7, -9.74014043807983398438e-01) (8, 1.37159228324890136719e+00) (9, 1.70326791703701019287e-02) (10, -9.18225526809692382812e-01) (11, 6.72407150268554687500e-01) (12, -3.63466143608093261719e-01) (13, -4.22026962041854858398e-01) (14, -1.24637198448181152344e+00) (15, 8.45192253589630126953e-01) (16, 6.28091752529144287109e-01) (17, -9.37427103519439697266e-01) (18, 9.75616514682769775391e-01) (19, -6.30699396133422851562e-01) (20, -6.37593209743499755859e-01) (21, 1.41853153705596923828e-01) (22, 1.37666213512420654297e+00) (23, -7.86002874374389648438e-01) (24, 1.36639750003814697266e+00) (25, -9.47665929794311523438e-01) (26, -7.85634160041809082031e-01) (27, -1.98908030986785888672e-01) (28, -1.08143413066864013672e+00) (29, -1.46640896797180175781e+00) (30, -1.38055384159088134766e-01) (31, -1.00942289829254150391e+00) (32, -7.63478755950927734375e-01) (33, -1.03884053230285644531e+00) (34, 8.76950550079345703125e+00) (35, -7.28975772857666015625e-01) (36, -6.53622329235076904297e-01) (37, 1.40991938114166259766e+00) (38, -7.30032205581665039062e-01) (39, -6.75843060016632080078e-01) (40, -2.45916068553924560547e-01) (41, -4.59506660699844360352e-01) (42, -1.33813336491584777832e-01) (43, 1.04984331130981445312e+00) (44, -1.64252787828445434570e-01) (45, 1.26876258850097656250e+00) (46, -1.02412021160125732422e+00) (47, 1.68442809581756591797e+00) (48, -1.59217521548271179199e-01) (49, -2.12116813659667968750e+00) (50, -1.38319253921508789062e+00) (51, -3.86595517396926879883e-01) (52, 1.47439384460449218750e+00) (53, -3.03033739328384399414e-01) (54, 3.61754989624023437500e+00) (55, -5.96864819526672363281e-01) (56, -6.90784990787506103516e-01) (57, -5.27331733703613281250e+00) (58, 1.12811958789825439453e+00) (59, 8.72247314453125000000e+00) (60, 1.43778204917907714844e+00) (61, -3.32139205932617187500e+00) (62, 1.58091294765472412109e+00) (63, 4.11236621439456939697e-02) (64, -2.95066308975219726562e+00) (65, 6.96168988943099975586e-02) (66, 4.03214311599731445312e+00) (67, 2.31832075119018554688e+00) (68, 4.70213890075683593750e+00) (69, 6.04236173629760742188e+00) (70, 1.88559159636497497559e-01) (71, -2.86669701337814331055e-01) (72, 3.84828418493270874023e-01) (73, 1.25700414180755615234e+00) (74, -2.42711678147315979004e-01) (75, -2.07490348815917968750e+00) (76, 2.00146174430847167969e+00) (77, -2.13767871260643005371e-01) (78, -2.68442082405090332031e+00) (79, -8.75020265579223632812e-01) (80, 5.02467632293701171875e-01) (81, 3.41138362884521484375e+00) (82, -6.02217674255371093750e-01) (83, 1.13384985923767089844e+00) (84, -7.79979288578033447266e-01) (85, -2.55494928359985351562e+00) (86, -1.93408086895942687988e-01) (87, -2.64237344264984130859e-01) (88, 1.74986815452575683594e+00) (89, 8.85252714157104492188e-01) (90, 1.60947811603546142578e+00) (91, 1.77422654628753662109e+00) (92, -7.14134633541107177734e-01) (93, 1.13334453105926513672e+00) (94, -1.35037481784820556641e-01) (95, -3.80043655633926391602e-01) (96, -1.28434300422668457031e-01) (97, -3.06897306442260742188e+00) (98, 1.15168976783752441406e+00) (99, -1.81406235694885253906e+00) (100, -1.52611300349235534668e-01) (101, 1.80932748317718505859e+00) (102, 4.63649556040763854980e-02) (103, 1.82566034793853759766e+00) (104, 1.66967225074768066406e+00) (0, -1.32492303848266601562e+00) (1, 8.32437157630920410156e-01) (2, 1.21210312843322753906e+00) (3, 1.06881904602050781250e+00) (4, -3.89025539159774780273e-01) (5, 1.62679171562194824219e+00) (6, 9.43480372428894042969e-01) (7, -2.10729026794433593750e+00) (8, 5.79828143119812011719e-01) (9, 1.57154977321624755859e+00) (10, 3.77426832914352416992e-01) (11, -8.43829512596130371094e-01) (12, 1.55528590083122253418e-01) (13, 6.24542951583862304688e-01) (14, -1.25651681423187255859e+00) (15, 9.63574230670928955078e-01) (16, 7.79044926166534423828e-01) (17, -1.07583594322204589844e+00) (18, -9.02712345123291015625e-01) (19, -1.13608503341674804688e+00) (20, -1.94935321807861328125e+00) (21, 1.40358948707580566406e+00) (22, -9.70749318599700927734e-01) (23, -3.86758267879486083984e-01) (24, 1.93790864944458007812e+00) (25, -6.16722881793975830078e-01) (26, -2.26519972085952758789e-01) (27, 9.95572030544281005859e-01) (28, -5.49349427223205566406e-01) (29, 5.88954806327819824219e-01) (30, 1.29555940628051757812e-01) (31, -5.61730191111564636230e-02) (32, -1.91369831562042236328e-01) (33, -9.85861063003540039062e-01) (34, -1.76373541355133056641e+00) (35, -7.40647971630096435547e-01) (36, -1.89476385712623596191e-01) (37, -1.05677753686904907227e-01) (38, -1.01782989501953125000e+00) (39, -2.73778438568115234375e-01) (40, -9.63439762592315673828e-01) (41, -1.71859037876129150391e+00) (42, -3.01376134157180786133e-01) (43, -2.02456331253051757812e+00) (44, -9.17155325412750244141e-01) (45, 1.29394328594207763672e+00) (46, -9.60221946239471435547e-01) (47, -5.73171861469745635986e-03) (48, 2.37889140844345092773e-02) (49, -1.11856853961944580078e+00) (50, -1.01177358627319335938e+00) (51, -9.87144070677459239960e-04) (52, -9.19866085052490234375e-01) (53, -4.16999220848083496094e-01) (54, -9.39705446362495422363e-02) (55, 1.06997251510620117188e+00) (56, 1.39207541942596435547e-01) (57, -1.11605465412139892578e+00) (58, 1.37599086761474609375e+00) (59, -6.41308352351188659668e-02) (60, -3.39938998222351074219e-01) (61, 1.90674901008605957031e+00) (62, 8.44631314277648925781e-01) (63, -3.89954686164855957031e-01) (64, -1.58463966846466064453e+00) (65, -2.91043341159820556641e-01) (66, -1.33897531032562255859e+00) (67, -7.20053970813751220703e-01) (68, -4.95461314916610717773e-01) (69, 9.36989486217498779297e-01) (70, 1.58759629726409912109e+00) (71, 2.59627485275268554688e+00) (72, 2.04110121726989746094e+00) (73, 2.31381252408027648926e-01) (74, 1.08808612823486328125e+00) (75, -2.17516168951988220215e-01) (76, -1.74542456865310668945e-01) (77, -2.98761159181594848633e-01) (78, -3.34658408164978027344e+00) (79, 1.04717023670673370361e-01) (80, -2.72588491439819335938e+00) (81, -4.48868513107299804688e-01) (82, 4.23124969005584716797e-01) (83, -2.17128515243530273438e+00) (84, 4.48596477508544921875e-02) (85, -8.43877255916595458984e-01) (86, 1.06436228752136230469e+00) (87, 2.75419688224792480469e+00) (88, 1.60276556015014648438e+00) (89, 1.06221568584442138672e+00) (90, -4.74359184503555297852e-01) (91, 7.53733217716217041016e-01) (92, 2.57821977138519287109e-01) (93, -1.98879778385162353516e-01) (94, -3.68957430124282836914e-01) (95, 1.74770224094390869141e+00) (96, 8.75255987048149108887e-02) (97, 1.24641454219818115234e+00) (98, 3.63553547859191894531e+00) (99, 8.08384239673614501953e-01) (100, -4.48157489299774169922e-01) (101, 3.19552397727966308594e+00) (102, 2.04982280731201171875e+00) (103, 1.02504231035709381104e-02) (104, 1.65356934070587158203e-01) (0, -9.83588623046875000000e+02) (1, 7.00213256835937500000e+02) (2, 3.74016928672790527344e+00) (3, 6.32801856994628906250e+01) (4, 3.04540008544921875000e+02) (5, -5.58427551269531250000e+02) (6, 1.08387136459350585938e+00) (7, 7.46010375976562500000e+02) (8, 2.29487667083740234375e+01) (9, 2.34581732749938964844e+00) (10, -3.82829406738281250000e+02) (11, -6.85168090820312500000e+02) (12, 1.47490465641021728516e+00) (13, 1.77099144458770751953e+00) (14, 1.94331854581832885742e-02) (15, 2.30870819091796875000e+00) (16, 1.66145789623260498047e+00) (17, 2.08207893371582031250e+00) (18, 1.81371188163757324219e+00) (19, 1.82040846347808837891e+00) (20, 2.27735733985900878906e+00) (21, 8.77776622772216796875e+00) (22, 2.19004297256469726562e+00) (23, 3.94886106252670288086e-01) (24, 2.68184399604797363281e+00) (25, 7.18705415725708007812e-01) (26, -1.21556617736816406250e+02) (27, 5.34631073474884033203e-01) (28, -2.90234059095382690430e-01) (29, -1.64833351969718933105e-01) (30, 1.33974879980087280273e-01) (31, 3.69792968034744262695e-01) (32, 1.71245825290679931641e+00) (33, -6.05729877948760986328e-01) (34, 2.16689085960388183594e+00) (35, -1.33264994621276855469e+00) (36, 2.94146806001663208008e-01) (37, 5.21337270736694335938e-01) (38, 1.76136004924774169922e+00) (39, 1.15465521812438964844e+00) (40, -1.43806323409080505371e-01) (41, 1.65932908654212951660e-01) (42, 1.55064523220062255859e+00) (43, 1.55254542827606201172e+00) (44, -1.94445729255676269531e-01) (45, 1.84640228748321533203e+00) (46, 2.22325420379638671875e+00) (47, 6.43561523437500000000e+02) (48, 1.89669716358184814453e+00) (49, -4.59883987903594970703e-01) (50, -6.93120288848876953125e+00) (51, 1.43433594703674316406e+00) (52, 8.78696978092193603516e-01) (53, -1.63176679611206054688e+00) (54, 2.49187874794006347656e+00) (55, 4.55012559890747070312e+00) (56, 1.42710089683532714844e+00) (57, -2.50725841522216796875e+00) (58, -5.33099699020385742188e+00) (59, -7.74543033912777900696e-03) (60, 2.36351728439331054688e+00) (61, 4.05514240264892578125e+00) (62, 2.54264855384826660156e+00) (63, 1.56093788146972656250e+00) (64, 7.86940038204193115234e-01) (65, 1.63242733478546142578e+00) (66, 2.14885284423828125000e+02) (67, -1.98767757415771484375e+00) (68, 5.10122776031494140625e-01) (69, 1.57939483642578125000e+02) (70, 1.60491347312927246094e+00) (71, 2.09587883949279785156e+00) (72, 4.61781311035156250000e+00) (73, 2.42897081375122070312e+00) (74, 4.68468517065048217773e-01) (75, 2.64011710882186889648e-01) (76, 2.48286440968513488770e-01) (77, 1.85310792922973632812e+00) (78, -8.48858118057250976562e-01) (79, 1.64052140712738037109e+00) (80, 1.16594350337982177734e+00) (81, 8.94173562526702880859e-01) (82, 1.71410989761352539062e+00) (83, 4.47132492065429687500e+00) (84, -2.64689788818359375000e+01) (85, 9.30477201938629150391e-01) (86, 1.76936244964599609375e+00) (87, 1.68841576576232910156e+00) (88, 4.87819051742553710938e+00) (89, 4.45142412185668945312e+00) (90, 1.07937264442443847656e+00) (91, 1.06733360290527343750e+01) (92, 6.23987734317779541016e-01) (93, 1.71634817123413085938e+00) (94, 1.80512607097625732422e+00) (95, 2.52936959266662597656e+00) (96, 1.88421452045440673828e+00) (97, 8.87781441211700439453e-01) (98, 8.22130620479583740234e-01) (99, 1.04663407802581787109e+00) (100, 1.67647063732147216797e+00) (101, 5.13179838657379150391e-01) (102, -1.02473400878906250000e+03) (103, 1.15627819824218750000e+03) (104, -9.19615551829338073730e-02) (0, 1.26584191894531250000e+03) (1, 7.32894287109375000000e+01) (2, -1.53430834412574768066e-01) (3, 6.64021301269531250000e+01) (4, 3.26138019561767578125e+00) (5, 4.76272392272949218750e+01) (6, 1.58281726837158203125e+01) (7, 1.32536716461181640625e+01) (8, 1.10838737487792968750e+01) (9, 1.89268875122070312500e+00) (10, 9.60613098144531250000e+02) (11, 6.06508750915527343750e+01) (12, 1.59047961235046386719e+00) (13, -6.58801841735839843750e+00) (14, -3.17936229705810546875e+00) (15, 4.74000155925750732422e-01) (16, 2.38449478149414062500e+00) (17, 1.45170950889587402344e+00) (18, 2.17761564254760742188e+00) (19, 1.76116967201232910156e+00) (20, 2.25690102577209472656e+00) (21, -8.80634486675262451172e-01) (22, 1.94544506072998046875e+00) (23, 3.14749455451965332031e+00) (24, -1.27814996242523193359e+00) (25, 5.51049661636352539062e+00) (26, 3.00865535736083984375e+01) (27, 2.39938092231750488281e+00) (28, 2.76011347770690917969e+00) (29, 2.74579143524169921875e+00) (30, 2.40719771385192871094e+00) (31, 1.97981691360473632812e+00) (32, 1.90323233604431152344e+00) (33, 2.18230390548706054688e+00) (34, -9.13076782226562500000e+00) (35, 2.14278817176818847656e+00) (36, 1.58774006366729736328e+00) (37, 1.62418866157531738281e+00) (38, 1.74764835834503173828e+00) (39, 2.48270583152770996094e+00) (40, 3.63437891006469726562e+00) (41, 2.07059216499328613281e+00) (42, 2.00572800636291503906e+00) (43, 1.23842167854309082031e+00) (44, -2.56027370691299438477e-01) (45, -6.79868030548095703125e+00) (46, -2.76886634826660156250e+01) (47, -9.84168815612792968750e+00) (48, -4.93384094238281250000e+01) (49, 1.71622264385223388672e+00) (50, 2.77134299278259277344e+00) (51, 7.23319768905639648438e-01) (52, -3.23473691940307617188e-01) (53, 1.66922330856323242188e+00) (54, -4.82152175903320312500e+00) (55, 1.69296491146087646484e+00) (56, 2.90828108787536621094e-01) (57, 1.14765672683715820312e+01) (58, 2.29851865768432617188e+00) (59, 2.46532382965087890625e+01) (60, 3.31621170043945312500e+00) (61, 3.10730338096618652344e+00) (62, 1.25918209552764892578e+00) (63, 2.01118612289428710938e+00) (64, 2.98780727386474609375e+00) (65, 2.52476000785827636719e+00) (66, 5.15293073654174804688e+00) (67, 2.60967683792114257812e+00) (68, 2.23047566413879394531e+00) (69, 1.26474416255950927734e+00) (70, -2.41269886493682861328e-01) (71, 1.67597103118896484375e+00) (72, 1.47424495220184326172e+00) (73, 4.43308472633361816406e-01) (74, 2.30280900001525878906e+00) (75, 2.60306239128112792969e+00) (76, 2.32939052581787109375e+00) (77, 2.47433352470397949219e+00) (78, 2.31806135177612304688e+00) (79, 2.41363620758056640625e+00) (80, 6.32176256179809570312e+00) (81, 2.69462847709655761719e+00) (82, 1.14909398555755615234e+00) (83, 2.37091350555419921875e+00) (84, 1.63490753173828125000e+01) (85, 2.78792190551757812500e+00) (86, 2.56932330131530761719e+00) (87, 2.44682979583740234375e+00) (88, 4.75575971603393554688e+00) (89, 2.63226032257080078125e+00) (90, 2.55177760124206542969e+00) (91, 2.66824197769165039062e+00) (92, 2.17728805541992187500e+00) (93, 2.38775086402893066406e+00) (94, 2.55382084846496582031e+00) (95, 2.85757422447204589844e+00) (96, 1.80731964111328125000e+00) (97, 2.21096324920654296875e+00) (98, 2.97570872306823730469e+00) (99, 2.18026900291442871094e+00) (100, 2.75141525268554687500e+00) (101, 2.33986067771911621094e+00) (102, 2.20782196044921875000e+02) (103, 2.22466186523437500000e+02) (104, -1.93869233131408691406e-01) (0, 2.47635936737060546875e+00) (1, -1.08019649982452392578e+00) (2, -1.26067972183227539062e+00) (3, 6.63536369800567626953e-01) (4, -1.01727449893951416016e+00) (5, -9.49303567409515380859e-01) (6, -3.77794206142425537109e-01) (7, 1.52441799640655517578e+00) (8, 3.04224967956542968750e-01) (9, 1.08759367465972900391e+00) (10, 5.68948030471801757812e-01) (11, 9.58833992481231689453e-01) (12, 1.08453059196472167969e+00) (13, 1.55734980106353759766e+00) (14, 1.59555423259735107422e+00) (15, -3.50338310003280639648e-01) (16, -4.45555329322814941406e-01) (17, 1.25377225875854492188e+00) (18, 1.08245396986603736877e-02) (19, 1.02860987186431884766e+00) (20, 1.20346927642822265625e+00) (21, -5.54739870131015777588e-02) (22, -2.90517717599868774414e-01) (23, 5.96306979656219482422e-01) (24, 1.97706028819084167480e-01) (25, 1.11353361606597900391e+00) (26, -5.61470925807952880859e-01) (27, -4.83124077320098876953e-01) (28, -2.92174089699983596802e-02) (29, -3.05289119482040405273e-01) (30, -2.67977088689804077148e-01) (31, -3.05167406797409057617e-01) (32, 5.59183768928050994873e-02) (33, -3.90875369310379028320e-01) (34, 2.41399958729743957520e-01) (35, 1.10175168514251708984e+00) (36, -2.95608729124069213867e-01) (37, 4.35918509960174560547e-01) (38, 1.02397596836090087891e+00) (39, 1.51739582419395446777e-01) (40, 8.26700747013092041016e-01) (41, 1.17903494834899902344e+00) (42, 6.90550267696380615234e-01) (43, 1.62660288810729980469e+00) (44, 1.12758374214172363281e+00) (45, 1.19668674468994140625e+00) (46, -6.80162191390991210938e-01) (47, -3.13855707645416259766e-01) (48, -4.18258279561996459961e-01) (49, 2.07489028573036193848e-01) (50, 5.96354424953460693359e-01) (51, -5.40854096412658691406e-01) (52, 2.26401710510253906250e+00) (53, 6.48565530776977539062e-01) (54, -3.38398098945617675781e-01) (55, 6.18598759174346923828e-01) (56, -1.32733619213104248047e+00) (57, 2.13234686851501464844e+00) (58, 1.58566609025001525879e-01) (59, 8.19441735744476318359e-01) (60, -1.03751957416534423828e+00) (61, -5.79044938087463378906e-01) (62, 9.65665638446807861328e-01) (63, -1.01540756225585937500e+00) (64, 2.07816921174526214600e-02) (65, 3.50645750761032104492e-01) (66, -2.90322899818420410156e-01) (67, -1.46007084846496582031e+00) (68, 2.55237936973571777344e-01) (69, -3.75366210937500000000e-01) (70, -5.68167626857757568359e-01) (71, -5.46070039272308349609e-01) (72, -1.11128687858581542969e+00) (73, -9.79710146784782409668e-02) (74, 2.27196007966995239258e-01) (75, -1.17873299121856689453e+00) (76, 2.87535697221755981445e-01) (77, -1.02451455593109130859e+00) (78, -3.34055036306381225586e-01) (79, 2.95624881982803344727e-01) (80, -7.42981284856796264648e-02) (81, 1.09309196472167968750e+00) (82, -5.32423615455627441406e-01) (83, -2.81095218658447265625e+00) (84, -9.91560518741607666016e-01) (85, -4.46206152439117431641e-01) (86, -1.09513163566589355469e+00) (87, -6.29885315895080566406e-01) (88, 6.69251263141632080078e-01) (89, -5.95854163169860839844e-01) (90, -8.75039041042327880859e-01) (91, -1.66462075710296630859e+00) (92, 5.96070997416973114014e-02) (93, -3.33771288394927978516e-01) (94, -1.16414928436279296875e+00) (95, 1.24273551627993583679e-02) (96, -5.61097443103790283203e-01) (97, 2.50520765781402587891e-01) (98, -1.16254007816314697266e+00) (99, -1.04539990425109863281e+00) (100, -1.18628478050231933594e+00) (101, -3.11227113008499145508e-01) (102, 2.79247432947158813477e-01) (103, 1.54502940177917480469e+00) (104, 1.23702824115753173828e+00) (0, 9.23255920410156250000e-01) (1, -5.11936604976654052734e-01) (2, -4.16867900639772415161e-03) (3, 3.64640355110168457031e-02) (4, -7.77708232402801513672e-01) (5, -1.13149702548980712891e+00) (6, -1.00093257427215576172e+00) (7, 3.08035403490066528320e-01) (8, 7.11982071399688720703e-01) (9, -1.20167875289916992188e+00) (10, 1.45190560817718505859e+00) (11, 1.26682686805725097656e+00) (12, -1.17951977252960205078e+00) (13, 2.15555763244628906250e+00) (14, 7.43525743484497070312e-01) (15, -3.18793177604675292969e-01) (16, 1.50668001174926757812e+00) (17, 1.54809176921844482422e+00) (18, 2.81767815351486206055e-01) (19, 8.92493426799774169922e-01) (20, -1.48164018988609313965e-01) (21, -3.25227528810501098633e-01) (22, 8.12683701515197753906e-01) (23, -2.12210342288017272949e-01) (24, -7.90283232927322387695e-02) (25, 1.10075998306274414062e+00) (26, 1.74783599376678466797e+00) (27, 1.61869156360626220703e+00) (28, -3.81376594305038452148e-01) (29, 1.47166526317596435547e+00) (30, -3.09051364660263061523e-01) (31, 5.21881401538848876953e-01) (32, 1.61475789546966552734e+00) (33, 7.75677382946014404297e-01) (34, 2.36008858680725097656e+00) (35, 4.15906161069869995117e-01) (36, 8.73392075300216674805e-03) (37, -1.27584397792816162109e-01) (38, 6.72463774681091308594e-01) (39, 1.63573533296585083008e-01) (40, 9.36662077903747558594e-01) (41, 4.00303697586059570312e+00) (42, -2.46280264109373092651e-02) (43, 6.47651255130767822266e-01) (44, 5.46227991580963134766e-01) (45, 6.41992390155792236328e-01) (46, 1.25860050320625305176e-01) (47, 2.22731232643127441406e+00) (48, 1.13546526432037353516e+00) (49, 5.71416094899177551270e-02) (50, -1.98077291250228881836e-01) (51, -1.64272415637969970703e+00) (52, -2.39495784044265747070e-01) (53, 2.59289741516113281250e+00) (54, -2.96991616487503051758e-01) (55, -2.76512444019317626953e-01) (56, -8.16003143787384033203e-01) (57, -1.91868042945861816406e+00) (58, -2.16682910919189453125e+00) (59, 7.91365861892700195312e-01) (60, -8.92839133739471435547e-01) (61, -1.59130537509918212891e+00) (62, -1.39360511302947998047e+00) (63, -7.85318672657012939453e-01) (64, -9.53563511371612548828e-01) (65, 2.63876706361770629883e-01) (66, -3.14358144998550415039e-01) (67, -1.10245358943939208984e+00) (68, -1.08542478084564208984e+00) (69, -1.07324504852294921875e+00) (70, 5.23685552179813385010e-02) (71, -1.03312110900878906250e+00) (72, -4.44884121417999267578e-01) (73, 4.63018536567687988281e-01) (74, -9.15271461009979248047e-01) (75, 7.64050543308258056641e-01) (76, 8.16667556762695312500e-01) (77, -6.13056898117065429688e-01) (78, -9.17185723781585693359e-01) (79, -1.15805542469024658203e+00) (80, 1.18188381195068359375e+00) (81, 8.78412485122680664062e-01) (82, -6.51085913181304931641e-01) (83, 1.71312820911407470703e+00) (84, -7.58838176727294921875e-01) (85, -8.67541909217834472656e-01) (86, -8.62379312515258789062e-01) (87, -9.64699268341064453125e-01) (88, -6.10422670841217041016e-01) (89, -8.30936074256896972656e-01) (90, 3.74501854181289672852e-01) (91, 1.79745948314666748047e+00) (92, -1.18485915660858154297e+00) (93, -9.21620607376098632812e-01) (94, -1.00030744075775146484e+00) (95, -9.91798639297485351562e-01) (96, -1.10326552391052246094e+00) (97, -9.31979537010192871094e-01) (98, -6.40222668647766113281e-01) (99, 2.06750422716140747070e-01) (100, -7.16956615447998046875e-01) (101, -2.70088464021682739258e-01) (102, 1.63950920104980468750e-01) (103, 1.90981996059417724609e+00) (104, 3.02034473419189453125e+00) (0, -7.62867927551269531250e-02) (1, -2.77026057243347167969e+00) (2, 1.87618449330329895020e-01) (3, -2.12311819195747375488e-01) (4, -6.38931393623352050781e-02) (5, -5.25090396404266357422e-01) (6, -2.68113106489181518555e-01) (7, -1.16804170608520507812e+00) (8, -1.66334199905395507812e+00) (9, -2.78481338173151016235e-02) (10, -7.34598636627197265625e-01) (11, -7.85079002380371093750e-01) (12, 6.61245882511138916016e-02) (13, 1.47989618778228759766e+00) (14, -1.09427742660045623779e-01) (15, 1.29845634102821350098e-01) (16, -6.96917474269866943359e-02) (17, -5.06536722183227539062e-01) (18, -5.52625536918640136719e-01) (19, -1.26237004995346069336e-01) (20, -6.88074827194213867188e-01) (21, 1.14593672752380371094e+00) (22, 1.43956363201141357422e+00) (23, -7.34562158584594726562e-01) (24, 8.97753179073333740234e-01) (25, -4.95068430900573730469e-01) (26, -1.06302487850189208984e+00) (27, -2.19402089715003967285e-03) (28, -1.00335025787353515625e+00) (29, -7.57916748523712158203e-01) (30, -3.94639164209365844727e-01) (31, -3.97517770528793334961e-01) (32, -2.03037615865468978882e-02) (33, -3.45929950475692749023e-01) (34, -2.13205218315124511719e+00) (35, -1.09525784850120544434e-01) (36, 3.98471616208553314209e-02) (37, -5.75841963291168212891e-01) (38, -6.20275318622589111328e-01) (39, -1.08823764324188232422e+00) (40, -2.09463596343994140625e+00) (41, -2.92401403188705444336e-01) (42, -2.83651858568191528320e-01) (43, -2.82701420783996582031e+00) (44, -8.39683234691619873047e-01) (45, 1.25982427597045898438e+00) (46, -2.72455739974975585938e+00) (47, 2.83463120460510253906e+00) (48, 4.85825538635253906250e+00) (49, -4.91422981023788452148e-01) (50, 1.60630989074707031250e+00) (51, 1.38159656524658203125e+00) (52, -3.48212197422981262207e-02) (53, 7.02575683593750000000e-01) (54, -3.16803082823753356934e-02) (55, 5.10093355178833007812e+00) (56, 1.33154785633087158203e+00) (57, -2.11138129234313964844e+00) (58, 3.46953105926513671875e+00) (59, -2.24775061011314392090e-01) (60, 9.53442633152008056641e-01) (61, 4.74046468734741210938e+00) (62, 2.33594799041748046875e+00) (63, 1.73780405521392822266e+00) (64, -1.29995322227478027344e+00) (65, 2.57389640808105468750e+00) (66, -3.22611999511718750000e+00) (67, 2.38001823425292968750e+00) (68, -6.70060455799102783203e-01) (69, 6.36072814464569091797e-01) (70, 3.39157283306121826172e-01) (71, -4.63585495948791503906e-01) (72, -1.32026476785540580750e-02) (73, -3.68745231628417968750e+00) (74, -4.15333658456802368164e-01) (75, -1.51740992069244384766e+00) (76, 4.07906055450439453125e+00) (77, -2.87767827510833740234e-01) (78, -3.60217511653900146484e-01) (79, -4.95649671554565429688e+00) (80, 5.47340250015258789062e+00) (81, 2.20190191268920898438e+00) (82, 1.80683612823486328125e+00) (83, -4.67961215972900390625e+00) (84, -2.76677560806274414062e+00) (85, 6.52502489089965820312e+00) (86, -5.05848526954650878906e-01) (87, -3.32594335079193115234e-01) (88, -2.17683196067810058594e+00) (89, 1.73806059360504150391e+00) (90, 2.40943717956542968750e+00) (91, 7.75399267673492431641e-01) (92, 2.25228210911154747009e-03) (93, -6.90327346324920654297e-01) (94, -2.99103856086730957031e-01) (95, -3.91523897647857666016e-01) (96, -1.32483348250389099121e-01) (97, 2.99460202455520629883e-01) (98, 1.27960312366485595703e+00) (99, 4.55396223068237304688e+00) (100, 6.45182952284812927246e-02) (101, 1.56018063426017761230e-01) (102, -3.28563570976257324219e-01) (103, 2.55205798149108886719e+00) (104, 1.04708588123321533203e+00) (0, 6.44910827636718750000e+02) (1, -1.50000000000000000000e+03) (2, 2.36450850963592529297e-01) (3, -1.49953454589843750000e+03) (4, -1.00240993499755859375e+00) (5, -2.64744300842285156250e+01) (6, -2.36306414008140563965e-01) (7, -1.49932678222656250000e+03) (8, 1.50000000000000000000e+03) (9, -1.07605807483196258545e-01) (10, -3.20038421630859375000e+02) (11, -1.49952758789062500000e+03) (12, 2.59335264563560485840e-02) (13, 1.50000000000000000000e+03) (14, -1.54787540435791015625e-01) (15, 1.44431865215301513672e+00) (16, 6.76036357879638671875e-01) (17, 9.31615412235260009766e-01) (18, 6.63100004196166992188e-01) (19, 6.92059576511383056641e-01) (20, 8.60758185386657714844e-01) (21, 2.87734527587890625000e+01) (22, 2.23771476745605468750e+00) (23, 5.82355260848999023438e-01) (24, 1.65247285366058349609e+00) (25, 6.69721901416778564453e-01) (26, -1.49953491210937500000e+03) (27, 4.48227643966674804688e-01) (28, 4.91616308689117431641e-01) (29, -1.49953356933593750000e+03) (30, 4.31158542633056640625e-01) (31, 5.62855958938598632812e-01) (32, -1.49953259277343750000e+03) (33, 6.27633750438690185547e-01) (34, 1.24469566345214843750e+01) (35, 6.81134998798370361328e-01) (36, 5.41532278060913085938e-01) (37, 7.74294495582580566406e-01) (38, 4.75405186414718627930e-01) (39, -1.49953454589843750000e+03) (40, -1.49953662109375000000e+03) (41, -2.53302454948425292969e-01) (42, -8.59122514724731445312e-01) (43, 9.34771001338958740234e-01) (44, 2.36472010612487792969e+00) (45, 2.61590337753295898438e+00) (46, 1.50000000000000000000e+03) (47, 1.50000000000000000000e+03) (48, 1.50000000000000000000e+03) (49, -1.49953125000000000000e+03) (50, -1.50000000000000000000e+03) (51, 2.10169702768325805664e-01) (52, 2.47158622741699218750e+00) (53, 4.59126472473144531250e-01) (54, 1.99081480503082275391e+00) (55, -2.33208203315734863281e+00) (56, -3.38901013135910034180e-01) (57, -2.09918670654296875000e+01) (58, -1.49953344726562500000e+03) (59, -2.42117477416992187500e+02) (60, -1.35262787342071533203e+00) (61, -1.49873583984375000000e+03) (62, 1.49872660636901855469e+00) (63, -8.84484648704528808594e-02) (64, 4.10953789949417114258e-01) (65, 5.70885300636291503906e-01) (66, -1.41912078857421875000e+00) (67, 3.70938688516616821289e-01) (68, -1.14164030551910400391e+00) (69, 4.58299070596694946289e-01) (70, 1.76128852367401123047e+00) (71, 7.70935833454132080078e-01) (72, 1.40127968788146972656e+00) (73, 6.52128338813781738281e-01) (74, -1.50000000000000000000e+03) (75, -3.73800420761108398438e+00) (76, -1.50000000000000000000e+03) (77, -8.94821524620056152344e-01) (78, -1.50000000000000000000e+03) (79, -1.77130311727523803711e-01) (80, -1.50000000000000000000e+03) (81, -6.79350280761718750000e+01) (82, -1.27694821357727050781e+00) (83, -1.52449953556060791016e+00) (84, -1.50000000000000000000e+03) (85, -6.74400177001953125000e+01) (86, -8.48981022834777832031e-01) (87, -8.06585311889648437500e-01) (88, -1.36399233341217041016e+00) (89, -1.25827300548553466797e+00) (90, -1.05322444438934326172e+00) (91, 5.37675976753234863281e-01) (92, -7.71944522857666015625e-01) (93, -7.74706244468688964844e-01) (94, -8.95645022392272949219e-01) (95, -1.67045903205871582031e+00) (96, -6.13133192062377929688e-01) (97, -7.19088363647460937500e+00) (98, -1.13218832015991210938e+00) (99, -2.94311237335205078125e+00) (100, -1.05285716056823730469e+00) (101, -5.10560631752014160156e-01) (102, 2.22466186523437500000e+02) (103, 2.20782196044921875000e+02) (104, 2.71737170219421386719e+00) (0, 2.04995529174804687500e+02) (1, 2.63768386840820312500e+01) (2, 2.15488743782043457031e+00) (3, 1.26534652709960937500e+01) (4, 5.96061825752258300781e-01) (5, 4.38155555725097656250e+01) (6, 1.98170334100723266602e-01) (7, -2.80661849975585937500e+01) (8, 1.44991712570190429688e+01) (9, 2.03878909349441528320e-01) (10, -3.19291114807128906250e-01) (11, 5.78419208526611328125e-01) (12, 2.78231501579284667969e-01) (13, -8.67969036102294921875e-01) (14, -3.84178400039672851562e-01) (15, -5.06126999855041503906e-01) (16, -5.72478413581848144531e-01) (17, 2.88723455742001533508e-03) (18, -4.75648730993270874023e-01) (19, -6.23191654682159423828e-01) (20, 7.67592966556549072266e-01) (21, -6.87966644763946533203e-01) (22, -6.41874849796295166016e-01) (23, 9.10459876060485839844e-01) (24, -4.91640120744705200195e-01) (25, 6.60339966416358947754e-02) (26, 1.42596626281738281250e+00) (27, 4.10746097564697265625e-01) (28, 1.10772502422332763672e+00) (29, 4.58568394184112548828e-01) (30, 4.55074965953826904297e-01) (31, 1.76995337009429931641e-01) (32, 5.37195324897766113281e-01) (33, 2.96521961688995361328e-01) (34, 6.94294035434722900391e-01) (35, 3.16103279590606689453e-01) (36, 2.22476124763488769531e-01) (37, 1.44430845975875854492e-01) (38, 1.36273932456970214844e+00) (39, 5.46923816204071044922e-01) (40, 2.03442931175231933594e+00) (41, 1.29267406463623046875e+00) (42, 1.90078222751617431641e+00) (43, -6.45663261413574218750e-01) (44, -6.37395620346069335938e-01) (45, -8.90074431896209716797e-01) (46, -5.89943218231201171875e+00) (47, -9.11508440971374511719e-01) (48, -1.55150759220123291016e+00) (49, 3.98246049880981445312e-01) (50, 2.10623168945312500000e+00) (51, 7.42164015769958496094e-01) (52, -7.01864600181579589844e-01) (53, 3.17412093281745910645e-02) (54, 1.25112086534500122070e-01) (55, 3.75588417053222656250e+00) (56, 1.69371879100799560547e+00) (57, 2.11127471923828125000e+00) (58, 1.94884061813354492188e+00) (59, 1.16681420803070068359e+00) (60, 2.05468297004699707031e+00) (61, 1.14947044849395751953e+00) (62, 1.35361760854721069336e-01) (63, 1.98485112190246582031e+00) (64, 2.11730360984802246094e+00) (65, 1.93453514575958251953e+00) (66, 2.07994723320007324219e+00) (67, 2.69883370399475097656e+00) (68, 1.96755683422088623047e+00) (69, 1.96997666358947753906e+00) (70, 1.07872173190116882324e-01) (71, 1.57984340190887451172e+00) (72, 4.15066719055175781250e-01) (73, 1.17571306228637695312e+00) (74, 1.85452210903167724609e+00) (75, 2.77974772453308105469e+00) (76, 2.04396247863769531250e+00) (77, 1.95032954216003417969e+00) (78, 2.75772523880004882812e+00) (79, 2.62474155426025390625e+00) (80, 2.16522669792175292969e+00) (81, 2.78004479408264160156e+00) (82, 1.77287602424621582031e+00) (83, 2.71684765815734863281e+00) (84, 1.42529630661010742188e+01) (85, 2.86823415756225585938e+00) (86, 2.00144362449645996094e+00) (87, 2.52110385894775390625e+00) (88, 6.71129941940307617188e+00) (89, 2.44734382629394531250e+00) (90, 3.05688977241516113281e+00) (91, 4.81266927719116210938e+00) (92, 2.63942170143127441406e+00) (93, 1.88874721527099609375e+00) (94, 2.13434529304504394531e+00) (95, 3.04937839508056640625e+00) (96, 1.86259031295776367188e+00) (97, 2.59591150283813476562e+00) (98, 2.92043709754943847656e+00) (99, 2.52832913398742675781e+00) (100, 2.14514684677124023438e+00) (101, 2.76964426040649414062e+00) (102, 2.33487655639648437500e+02) (103, 2.11098159790039062500e+02) (104, 9.50654223561286926270e-02) (0, 7.84162208437919616699e-02) (1, -1.18027591705322265625e+00) (2, 1.22681088745594024658e-01) (3, -1.35635450482368469238e-01) (4, 4.85989786684513092041e-02) (5, 3.77005845308303833008e-01) (6, -3.66731464862823486328e-01) (7, -4.67921584844589233398e-01) (8, -1.57091975212097167969e+00) (9, -2.53133755177259445190e-02) (10, 7.03126668930053710938e-01) (11, 1.14485120773315429688e+00) (12, 4.11807894706726074219e-01) (13, 2.27255845069885253906e+00) (14, -5.19108176231384277344e-01) (15, 1.15703296661376953125e+00) (16, -3.26114892959594726562e-01) (17, 3.66332642734050750732e-02) (18, 1.39069998264312744141e+00) (19, -2.29913711547851562500e-01) (20, -6.98220610618591308594e-01) (21, -2.36082479357719421387e-01) (22, 1.44451165199279785156e+00) (23, -7.91741371154785156250e-01) (24, 1.53378212451934814453e+00) (25, -1.53372764587402343750e-01) (26, -1.18011128902435302734e+00) (27, -2.93623626232147216797e-01) (28, -8.57423365116119384766e-01) (29, -1.01176273822784423828e+00) (30, -1.05707359313964843750e+00) (31, -5.62799870967864990234e-01) (32, -2.46862083673477172852e-01) (33, -2.38171601295471191406e+00) (34, -1.99144303798675537109e+00) (35, -8.40375423431396484375e-01) (36, -6.10966682434082031250e-02) (37, -5.77377676963806152344e-01) (38, -7.72900223731994628906e-01) (39, -1.80844986438751220703e+00) (40, -1.25052273273468017578e+00) (41, -4.43682956695556640625e+00) (42, 2.51579761505126953125e-01) (43, -1.11733865737915039062e+00) (44, 1.58529236912727355957e-01) (45, 1.20433843135833740234e+00) (46, 5.37667608261108398438e+00) (47, 3.43676590919494628906e+00) (48, 1.73901736736297607422e+00) (49, -6.47694110870361328125e-01) (50, -1.58885717391967773438e+00) (51, 1.71126678586006164551e-01) (52, 1.49230551719665527344e+00) (53, -2.77406185865402221680e-01) (54, 2.11013817787170410156e+00) (55, -4.70094776153564453125e+00) (56, -1.02530872821807861328e+00) (57, 2.80295228958129882812e+00) (58, 1.26882684230804443359e+00) (59, 9.24454629421234130859e-01) (60, 8.91246020793914794922e-01) (61, 3.08769106864929199219e+00) (62, 2.00825810432434082031e+00) (63, 6.46325588226318359375e-01) (64, -2.69165849685668945312e+00) (65, 8.09891402721405029297e-01) (66, -6.97861099243164062500e+00) (67, -2.09695529937744140625e+00) (68, 8.27002346515655517578e-01) (69, 1.92742717266082763672e+00) (70, 1.83678185939788818359e+00) (71, 1.49221852421760559082e-01) (72, 1.65670990943908691406e+00) (73, -3.39980626106262207031e+00) (74, -2.36008286476135253906e+00) (75, 4.58015060424804687500e+00) (76, 5.56440532207489013672e-01) (77, -2.02143508940935134888e-02) (78, -1.42045509815216064453e+00) (79, 3.53190588951110839844e+00) (80, 1.93097651004791259766e+00) (81, -4.13111716508865356445e-01) (82, -3.21070981025695800781e+00) (83, 1.56898057460784912109e+00) (84, -4.70574438571929931641e-01) (85, -1.88648009300231933594e+00) (86, 1.69239890575408935547e+00) (87, 5.98111927509307861328e-01) (88, 5.51579141616821289062e+00) (89, -1.78179526329040527344e+00) (90, 1.20204854011535644531e+00) (91, 1.92394816875457763672e+00) (92, 2.46990609169006347656e+00) (93, 3.17201256752014160156e+00) (94, -4.08570021390914916992e-01) (95, 3.07579183578491210938e+00) (96, -1.59483659267425537109e+00) (97, -1.23499906063079833984e+00) (98, 2.72750234603881835938e+00) (99, -7.88159012794494628906e-01) (100, -2.12081134319305419922e-01) (101, -8.75819474458694458008e-02) (102, -2.52549350261688232422e-01) (103, 2.21990323066711425781e+00) (104, 1.76080489158630371094e+00) (0, -2.03169952392578125000e+02) (1, 1.50000000000000000000e+03) (2, 4.77895278930664062500e+01) (3, 1.49953662109375000000e+03) (4, 1.49953723144531250000e+03) (5, 1.49953308105468750000e+03) (6, 4.66329040527343750000e+01) (7, 1.49941235351562500000e+03) (8, -1.50000000000000000000e+03) (9, 1.56825053691864013672e+00) (10, 1.49952526855468750000e+03) (11, 1.49953332519531250000e+03) (12, 2.16794562339782714844e+00) (13, -1.50000000000000000000e+03) (14, 2.34851932525634765625e+00) (15, 3.36447715759277343750e-01) (16, 2.40770363807678222656e+00) (17, 2.03158736228942871094e+00) (18, 2.87513947486877441406e+00) (19, 5.11808109283447265625e+00) (20, 2.41147255897521972656e+00) (21, 1.80411314964294433594e+00) (22, 1.62267551422119140625e+01) (23, 4.03828573226928710938e+00) (24, 2.88799715042114257812e+00) (25, 2.33433294296264648438e+00) (26, 1.49953662109375000000e+03) (27, 1.92878699302673339844e+00) (28, 2.41685295104980468750e+00) (29, 1.49953662109375000000e+03) (30, 2.34322428703308105469e+00) (31, 2.20039510726928710938e+00) (32, 1.49953613281250000000e+03) (33, 2.38347244262695312500e+00) (34, -1.38815239071846008301e-01) (35, 2.30442309379577636719e+00) (36, 2.24606776237487792969e+00) (37, 2.19247293472290039062e+00) (38, 1.96092748641967773438e+00) (39, 1.49953662109375000000e+03) (40, 1.49953723144531250000e+03) (41, 2.71216583251953125000e+00) (42, 2.25466680526733398438e+00) (43, 1.58872711658477783203e+00) (44, 1.56432449817657470703e-01) (45, 3.90379607677459716797e-01) (46, -1.50000000000000000000e+03) (47, -1.50000000000000000000e+03) (48, -1.50000000000000000000e+03) (49, 1.49953527832031250000e+03) (50, 1.50000000000000000000e+03) (51, 1.25078821182250976562e+00) (52, 7.36491084098815917969e-02) (53, 1.91901493072509765625e+00) (54, -6.00099563598632812500e-01) (55, 4.16689720153808593750e+01) (56, 1.30167603492736816406e+00) (57, 3.04620117187500000000e+02) (58, 1.49953649902343750000e+03) (59, 1.49875878906250000000e+03) (60, 4.17842292785644531250e+00) (61, 1.49874450683593750000e+03) (62, -1.73511207103729248047e-01) (63, 1.48916995525360107422e+00) (64, 9.68309462070465087891e-01) (65, 8.87368917465209960938e-01) (66, 1.30794754028320312500e+02) (67, 9.59531784057617187500e-01) (68, 2.24358272552490234375e+00) (69, 1.07540826797485351562e+01) (70, -3.01530629396438598633e-01) (71, 7.74939358234405517578e-01) (72, -8.38990956544876098633e-02) (73, 7.19733417034149169922e-01) (74, 1.50000000000000000000e+03) (75, 6.92946577072143554688e+00) (76, 1.50000000000000000000e+03) (77, 2.42559719085693359375e+00) (78, 1.50000000000000000000e+03) (79, 1.09337818622589111328e+00) (80, 1.50000000000000000000e+03) (81, 2.89325881004333496094e+00) (82, 1.35690510272979736328e+00) (83, 1.44562447071075439453e+00) (84, 1.50000000000000000000e+03) (85, 2.95144891738891601562e+00) (86, 2.32271456718444824219e+00) (87, 2.24997329711914062500e+00) (88, 6.91163682937622070312e+00) (89, 8.50844097137451171875e+00) (90, 3.15174841880798339844e+00) (91, 1.53433580398559570312e+01) (92, 2.32755827903747558594e+00) (93, 2.18571162223815917969e+00) (94, 2.32180261611938476562e+00) (95, 4.18058824539184570312e+00) (96, 2.15380454063415527344e+00) (97, 2.35727643966674804688e+00) (98, 2.59872198104858398438e+00) (99, 2.28096604347229003906e+00) (100, 2.41915798187255859375e+00) (101, 2.37128710746765136719e+00) (102, 2.20782196044921875000e+02) (103, 2.22466186523437500000e+02) (104, -2.17514619231224060059e-01) (0, -9.92656612396240234375e+00) (1, -1.72798614501953125000e+01) (2, 6.04792356491088867188e-01) (3, -8.09586822986602783203e-01) (4, 3.91324460506439208984e-01) (5, 1.30807185173034667969e+00) (6, -9.31306719779968261719e-01) (7, -8.53956714272499084473e-02) (8, 8.20988059043884277344e-01) (9, 5.66510200500488281250e-01) (10, 9.16758000850677490234e-01) (11, 2.66021579504013061523e-01) (12, 6.20408713817596435547e-01) (13, 9.65857315063476562500e+00) (14, -2.79155671596527099609e-01) (15, 6.87971115112304687500e-01) (16, 2.29680085182189941406e+00) (17, 1.98243558406829833984e+00) (18, 1.95478403568267822266e+00) (19, 1.34285855293273925781e+00) (20, 1.71993255615234375000e-01) (21, 7.07085323333740234375e+00) (22, 2.37028670310974121094e+00) (23, 1.44878995418548583984e+00) (24, 2.19333267211914062500e+00) (25, 4.48107153177261352539e-01) (26, -8.58134150505065917969e-01) (27, 1.49994838237762451172e+00) (28, -8.18052113056182861328e-01) (29, -7.38715076446533203125e+00) (30, -9.26406979560852050781e-01) (31, -7.30683282017707824707e-02) (32, 2.48494490981101989746e-01) (33, -2.73619085550308227539e-01) (34, -7.53897070884704589844e-01) (35, 2.65745520591735839844e-01) (36, 1.74002230167388916016e+00) (37, 6.73251688480377197266e-01) (38, 3.88422966003417968750e-01) (39, 5.13648539781570434570e-02) (40, -6.02610397338867187500e+00) (41, -5.40599679946899414062e+00) (42, 1.34644145146012306213e-02) (43, 1.26896703243255615234e+00) (44, 2.14804482460021972656e+00) (45, 2.68080234527587890625e+00) (46, 2.63077950477600097656e+00) (47, 1.23200950622558593750e+01) (48, 2.78015375137329101562e+00) (49, 5.08350804448127746582e-02) (50, -1.97790563106536865234e+00) (51, 8.39989364147186279297e-01) (52, 2.21016478538513183594e+00) (53, 1.06686592102050781250e+00) (54, 1.15305960178375244141e+00) (55, -9.05008375644683837891e-01) (56, 7.48592078685760498047e-01) (57, -1.79816627502441406250e+00) (58, -2.93767869472503662109e-01) (59, 2.36221909523010253906e+00) (60, 5.78543603420257568359e-01) (61, 3.24050641059875488281e+00) (62, 1.24440324306488037109e+00) (63, 4.96659725904464721680e-01) (64, -6.90470039844512939453e-01) (65, 7.42927730083465576172e-01) (66, -2.34815859794616699219e+00) (67, -1.05016365051269531250e+01) (68, -8.96369516849517822266e-01) (69, -1.85842573642730712891e-01) (70, 1.09492433071136474609e+00) (71, 1.07562160491943359375e+00) (72, 1.16153359413146972656e+00) (73, 2.23707413673400878906e+00) (74, 6.88380375504493713379e-02) (75, 6.34673595428466796875e-01) (76, -3.31884169578552246094e+00) (77, -1.58977255225181579590e-01) (78, -1.29081201553344726562e+01) (79, -6.40080690383911132812e+00) (80, -6.02951169013977050781e-01) (81, -1.75809800624847412109e+00) (82, 4.19665861129760742188e+00) (83, -1.73195767402648925781e+00) (84, -9.99561595916748046875e+00) (85, -3.18339824676513671875e+00) (86, 5.46049118041992187500e-01) (87, 6.46681934595108032227e-02) (88, -4.37945067882537841797e-01) (89, 5.07873296737670898438e-01) (90, -1.76691389083862304688e+00) (91, 4.74966239929199218750e+00) (92, -7.61601686477661132812e-01) (93, -1.45037949085235595703e+00) (94, -1.68801337480545043945e-01) (95, -1.63581907749176025391e+00) (96, 2.60978519916534423828e-01) (97, -3.35546255111694335938e+00) (98, -8.94162476062774658203e-01) (99, -7.40860605239868164062e+00) (100, -4.57398816943168640137e-02) (101, -1.23766136169433593750e+00) (102, 2.41355784237384796143e-02) (103, 1.87749564647674560547e+00) (104, 1.87125599384307861328e+00) (0, -6.68050467967987060547e-01) (1, -1.05576395988464355469e+00) (2, 2.22903028130531311035e-01) (3, -2.02196502685546875000e+00) (4, 1.66155233979225158691e-01) (5, -3.40515553951263427734e-01) (6, -3.07875812053680419922e-01) (7, -9.80591952800750732422e-01) (8, -1.29374396800994873047e+00) (9, 2.72879749536514282227e-01) (10, -5.20146608352661132812e-01) (11, -7.01029181480407714844e-01) (12, 2.67425119876861572266e-01) (13, -1.10470509529113769531e+00) (14, -4.29056078195571899414e-01) (15, -2.68736392259597778320e-01) (16, 1.02332687377929687500e+00) (17, -7.88786530494689941406e-01) (18, -6.52025640010833740234e-01) (19, -4.56886133179068565369e-03) (20, -4.81442183256149291992e-01) (21, 9.04749453067779541016e-01) (22, 1.17341732978820800781e+00) (23, -9.87487673759460449219e-01) (24, 1.25016689300537109375e+00) (25, -1.47386491298675537109e+00) (26, -9.61228072643280029297e-01) (27, -4.46236193180084228516e-01) (28, -9.15911376476287841797e-01) (29, -5.99423527717590332031e-01) (30, -5.26569664478302001953e-01) (31, -5.21875202655792236328e-01) (32, 1.11479908227920532227e-01) (33, -4.59714889526367187500e-01) (34, -1.47502267360687255859e+00) (35, -3.69656234979629516602e-02) (36, 1.59902930259704589844e-01) (37, -5.42462885379791259766e-01) (38, -5.14681100845336914062e-01) (39, -9.50790762901306152344e-01) (40, -1.07174098491668701172e+00) (41, -1.35731828212738037109e+00) (42, -2.23149463534355163574e-01) (43, 6.63054287433624267578e-01) (44, 1.06802093982696533203e+00) (45, 1.95879101753234863281e+00) (46, -9.05073165893554687500e-01) (47, 2.55331182479858398438e+00) (48, 2.84663963317871093750e+00) (49, -5.81516802310943603516e-01) (50, -9.22556698322296142578e-01) (51, 8.77533033490180969238e-02) (52, 1.39830994606018066406e+00) (53, -8.54609608650207519531e-01) (54, 3.18880343437194824219e+00) (55, -8.25563526153564453125e+00) (56, 4.43778699263930320740e-03) (57, -8.22458192706108093262e-02) (58, -5.98904430866241455078e-01) (59, 5.64523220062255859375e-01) (60, 1.83970466256141662598e-01) (61, -1.29345691204071044922e+00) (62, 1.96394288539886474609e+00) (63, 3.06045293807983398438e-01) (64, 4.12606906890869140625e+00) (65, 2.71489948034286499023e-01) (66, 2.75009989738464355469e+00) (67, 2.27834486961364746094e+00) (68, 1.46079921722412109375e+00) (69, -2.32582426071166992188e+00) (70, 2.23338529467582702637e-01) (71, 2.89788007736206054688e-01) (72, 1.38032233715057373047e+00) (73, 4.86419469118118286133e-01) (74, -1.81094872951507568359e+00) (75, -5.48645019531250000000e+00) (76, 6.15383028984069824219e-01) (77, -1.63753315806388854980e-01) (78, 3.18539190292358398438e+00) (79, 9.82302248477935791016e-01) (80, 4.93039786815643310547e-01) (81, 4.92955827713012695312e+00) (82, 1.43592429161071777344e+00) (83, 1.18288719654083251953e+00) (84, 2.05190873146057128906e+00) (85, -3.84552836418151855469e-01) (86, -3.38888704776763916016e-01) (87, -3.71480256319046020508e-01) (88, -6.76115095615386962891e-01) (89, 5.35426998138427734375e+00) (90, 5.46671628952026367188e-01) (91, 4.13969802856445312500e+00) (92, -1.06868731975555419922e+00) (93, 7.50382661819458007812e-01) (94, -2.66175985336303710938e-01) (95, -1.00282661616802215576e-01) (96, -7.30234310030937194824e-02) (97, -1.55367577075958251953e+00) (98, -1.05254769325256347656e-01) (99, 6.61350369453430175781e-01) (100, 7.10344314575195312500e-02) (101, 3.06503232568502426147e-02) (102, 2.04620409011840820312e+00) (103, -2.75892894715070724487e-02) (104, 1.44553303718566894531e+00) (0, 2.40656828880310058594e+00) (1, -1.88834738731384277344e+00) (2, -1.43893229961395263672e+00) (3, -2.26272344589233398438e-01) (4, -9.65960800647735595703e-01) (5, 4.37563925981521606445e-01) (6, -8.72135043144226074219e-01) (7, 2.03662228584289550781e+00) (8, -6.42201483249664306641e-01) (9, -7.88183271884918212891e-01) (10, 1.28672206401824951172e+00) (11, 1.30597662925720214844e+00) (12, -1.61925673484802246094e-01) (13, 1.52833116054534912109e+00) (14, 6.98268532752990722656e-01) (15, -2.52886980772018432617e-01) (16, -3.61799657344818115234e-01) (17, 6.32595956325531005859e-01) (18, -3.94037291407585144043e-02) (19, -2.71597951650619506836e-01) (20, -3.70288252830505371094e-01) (21, 2.56978130340576171875e+00) (22, 6.58680021762847900391e-01) (23, -3.14864188432693481445e-01) (24, 9.98341023921966552734e-01) (25, 9.40359354019165039062e-01) (26, -5.23228347301483154297e-01) (27, 5.65098941326141357422e-01) (28, 3.19779664278030395508e-01) (29, -3.05850863456726074219e-01) (30, 2.61720746755599975586e-01) (31, 6.08649432659149169922e-01) (32, 5.35945177078247070312e-01) (33, -3.54145050048828125000e-01) (34, 3.07484698295593261719e+00) (35, 5.05647301673889160156e-01) (36, 6.81351542472839355469e-01) (37, -3.18642407655715942383e-01) (38, -5.21598994731903076172e-01) (39, 4.82638701796531677246e-02) (40, -2.72282540798187255859e-01) (41, -7.71280646324157714844e-01) (42, -8.84299457073211669922e-01) (43, 1.25459253787994384766e-01) (44, 1.48729634284973144531e+00) (45, 2.41873407363891601562e+00) (46, 5.99078559875488281250e+00) (47, 2.51094484329223632812e+00) (48, 1.85927796363830566406e+00) (49, 2.50890463590621948242e-01) (50, -5.79842507839202880859e-01) (51, -6.24418377876281738281e-01) (52, -2.66621828079223632812e+00) (53, 4.46151167154312133789e-01) (54, 1.70166838169097900391e+00) (55, 2.19706583023071289062e+00) (56, 7.55881592631340026855e-02) (57, 7.79947340488433837891e-01) (58, -9.96827065944671630859e-01) (59, -4.68843173980712890625e+00) (60, -1.65761172771453857422e-01) (61, 1.57940661907196044922e+00) (62, 1.07338809967041015625e+00) (63, 9.20712590217590332031e-01) (64, 1.74111449718475341797e+00) (65, -1.18544697761535644531e+00) (66, -1.90934062004089355469e+00) (67, -9.41976130008697509766e-01) (68, 1.55090048909187316895e-01) (69, -1.30416893959045410156e+00) (70, -5.50012707710266113281e-01) (71, -3.63407611846923828125e-01) (72, 5.95328174531459808350e-02) (73, -4.82093095779418945312e-01) (74, -2.19170260429382324219e+00) (75, 3.30584287643432617188e+00) (76, -2.42635059356689453125e+00) (77, -9.69067990779876708984e-01) (78, 4.20780152082443237305e-01) (79, -3.85821849107742309570e-01) (80, 1.81071245670318603516e+00) (81, -2.56560492515563964844e+00) (82, 1.67138084769248962402e-01) (83, 3.19305866956710815430e-01) (84, -2.37092947959899902344e+00) (85, -4.98435974121093750000e-01) (86, -7.40101933479309082031e-01) (87, -5.73965966701507568359e-01) (88, -5.56658601760864257812e+00) (89, -1.99349606037139892578e+00) (90, -1.11468541622161865234e+00) (91, -2.29405450820922851562e+00) (92, 1.22662627696990966797e+00) (93, -1.71885955333709716797e+00) (94, -1.23987126350402832031e+00) (95, -2.24759399890899658203e-01) (96, -8.32008779048919677734e-01) (97, -1.82645869255065917969e+00) (98, 3.92440795898437500000e-01) (99, 2.69987034797668457031e+00) (100, -1.09508514404296875000e+00) (101, -1.48115181922912597656e+00) (102, 1.64347362518310546875e+00) (103, 1.72596395015716552734e-01) (104, 2.92748570442199707031e+00) (0, 2.85578063964843750000e+02) (1, 2.13662776947021484375e+01) (2, 2.30734372138977050781e+00) (3, 1.01089649200439453125e+01) (4, 4.65961620211601257324e-02) (5, 8.05720214843750000000e+01) (6, 1.06297075748443603516e+00) (7, 1.36092996597290039062e+00) (8, 4.00765876770019531250e+01) (9, 3.43656182289123535156e-01) (10, 1.23553562164306640625e+00) (11, 3.42906594276428222656e+00) (12, 3.98003697395324707031e-01) (13, 1.10651421546936035156e+00) (14, 1.19933819770812988281e+00) (15, -1.34846374392509460449e-01) (16, 1.27453660964965820312e+00) (17, -2.31422670185565948486e-02) (18, 6.69678807258605957031e-01) (19, 6.82677567005157470703e-01) (20, 1.92725467681884765625e+00) (21, 2.15212091803550720215e-01) (22, -1.37384867668151855469e+00) (23, 5.78613698482513427734e-01) (24, 8.34528744220733642578e-01) (25, 4.21788990497589111328e-01) (26, 2.07069730758666992188e+00) (27, 3.18099081516265869141e-01) (28, 1.42817926406860351562e+00) (29, 1.00605046749114990234e+00) (30, 1.60193681716918945312e+00) (31, 6.16430044174194335938e-01) (32, 1.58341228961944580078e+00) (33, 2.15901064872741699219e+00) (34, 4.36300694942474365234e-01) (35, 1.98235726356506347656e+00) (36, 2.87158135324716567993e-03) (37, 1.11322212219238281250e+00) (38, 1.46667039394378662109e+00) (39, 1.04680240154266357422e+00) (40, 2.75645947456359863281e+00) (41, 1.41657674312591552734e+00) (42, 1.33173692226409912109e+00) (43, -6.35443255305290222168e-02) (44, 1.80048700422048568726e-02) (45, -1.31705895066261291504e-01) (46, -9.50203227996826171875e+00) (47, -1.09822905063629150391e+00) (48, -1.32177762985229492188e+01) (49, 1.04506528377532958984e+00) (50, 2.58037066459655761719e+00) (51, -4.77649778127670288086e-01) (52, -5.10736852884292602539e-02) (53, 9.36954498291015625000e-01) (54, -5.93359649181365966797e-01) (55, 3.19401645660400390625e+01) (56, -2.36754253506660461426e-01) (57, 2.40079689025878906250e+00) (58, 4.83196675777435302734e-01) (59, 1.00841009616851806641e+00) (60, 7.88198590278625488281e-01) (61, 3.92952919006347656250e-01) (62, -5.22630572319030761719e-01) (63, -2.03294128179550170898e-01) (64, 5.53953871130943298340e-02) (65, -4.08163368701934814453e-01) (66, 1.25212538242340087891e+00) (67, 1.63534319400787353516e+00) (68, 8.57366263866424560547e-01) (69, 1.73742759227752685547e+00) (70, -5.35662770271301269531e-01) (71, 4.06955063343048095703e-01) (72, -2.58090347051620483398e-01) (73, 1.03602313995361328125e+00) (74, 1.43314754962921142578e+00) (75, 2.54682707786560058594e+00) (76, 2.16436624526977539062e+00) (77, 1.21139514446258544922e+00) (78, 2.03150296211242675781e+00) (79, 1.34197592735290527344e+00) (80, 2.74158215522766113281e+00) (81, 2.24241304397583007812e+00) (82, -4.07601058483123779297e-01) (83, 1.42417430877685546875e+00) (84, 2.67267298698425292969e+00) (85, 1.56961107254028320312e+00) (86, 1.30938756465911865234e+00) (87, 1.99585950374603271484e+00) (88, 6.38402175903320312500e+00) (89, 5.50134611129760742188e+00) (90, 3.00088667869567871094e+00) (91, 1.66064701080322265625e+01) (92, 2.10599422454833984375e+00) (93, 1.31478035449981689453e+00) (94, 1.36608064174652099609e+00) (95, 2.78389716148376464844e+00) (96, 1.08925569057464599609e+00) (97, 1.37868380546569824219e+00) (98, 2.26628255844116210938e+00) (99, 1.30626368522644042969e+00) (100, 1.28123199939727783203e+00) (101, 2.09793186187744140625e+00) (102, 2.22568557739257812500e+02) (103, 2.20501113891601562500e+02) (104, 7.90862023830413818359e-01) (0, 1.46921741962432861328e+00) (1, 2.02647852897644042969e+00) (2, 7.22645461559295654297e-01) (3, 2.23046112060546875000e+00) (4, 9.64294299483299255371e-02) (5, -1.19376552104949951172e+00) (6, -6.22056066989898681641e-01) (7, -3.73661661148071289062e+00) (8, 4.80072116851806640625e+00) (9, 9.45551633834838867188e-01) (10, 2.22650527954101562500e+00) (11, -5.21606087684631347656e-01) (12, 1.81812882423400878906e+00) (13, -3.46605777740478515625e-01) (14, -3.35742759704589843750e+00) (15, 4.80399227142333984375e+00) (16, -1.49990320205688476562e+00) (17, -4.90048122406005859375e+00) (18, -1.51023554801940917969e+00) (19, 3.45574712753295898438e+00) (20, -3.61557245254516601562e+00) (21, 2.14095020294189453125e+00) (22, 2.29647946357727050781e+00) (23, 7.61059105396270751953e-01) (24, 8.97185039520263671875e+00) (25, -1.98558628559112548828e+00) (26, 7.76799082756042480469e-01) (27, -1.76337814331054687500e+00) (28, 1.28114247322082519531e+00) (29, -7.24198400974273681641e-01) (30, 3.44919061660766601562e+00) (31, 1.08625435829162597656e+00) (32, 9.12317872047424316406e-01) (33, 2.03842091560363769531e+00) (34, 2.55934906005859375000e+00) (35, -6.90104818344116210938e+00) (36, 8.48668003082275390625e+00) (37, 6.40514314174652099609e-01) (38, -8.33198165893554687500e+00) (39, -2.74668902158737182617e-01) (40, -2.33109498023986816406e+00) (41, -4.29304981231689453125e+00) (42, -1.18355154991149902344e+00) (43, -4.24595251679420471191e-02) (44, -3.14554476737976074219e+00) (45, 2.04657340049743652344e+00) (46, 2.03327202796936035156e+00) (47, 2.96061921119689941406e+00) (48, -3.96796774864196777344e+00) (49, 2.99147462844848632812e+00) (50, 4.25615072250366210938e+00) (51, 1.46882498264312744141e+00) (52, -6.85367166996002197266e-01) (53, -6.61855220794677734375e+00) (54, -9.71352696418762207031e-01) (55, -6.50377422571182250977e-02) (56, -2.10365187376737594604e-02) (57, 1.65164792537689208984e+00) (58, 7.70889639854431152344e-01) (59, 2.29775339365005493164e-01) (60, 4.72757101058959960938e-01) (61, 3.27834248542785644531e-01) (62, 3.48317313194274902344e+00) (63, 2.52143859863281250000e+00) (64, -2.57515639066696166992e-01) (65, 5.14424681663513183594e-01) (66, -7.19840347766876220703e-01) (67, 1.40705871582031250000e+00) (68, 7.03948795795440673828e-01) (69, 6.79827511310577392578e-01) (70, 2.01879000663757324219e+00) (71, -1.00552833080291748047e+00) (72, 2.26278448104858398438e+00) (73, -1.05090804398059844971e-01) (74, 7.80886173248291015625e-01) (75, -1.14175558090209960938e+00) (76, -1.16854417324066162109e+00) (77, 6.48590803146362304688e-01) (78, -1.04624676704406738281e+00) (79, -1.15410459041595458984e+00) (80, -7.68909871578216552734e-01) (81, -7.64953732490539550781e-01) (82, -8.73459458351135253906e-01) (83, -9.47238206863403320312e-01) (84, 2.52145558595657348633e-01) (85, -7.78749763965606689453e-01) (86, -8.64885926246643066406e-01) (87, -7.19841480255126953125e-01) (88, -7.38124191761016845703e-01) (89, -1.78793355822563171387e-01) (90, -8.32929193973541259766e-01) (91, -7.47871935367584228516e-01) (92, -8.02316188812255859375e-01) (93, -9.21331405639648437500e-01) (94, -7.88467764854431152344e-01) (95, -5.28166830539703369141e-01) (96, -8.37887465953826904297e-01) (97, 2.30360841751098632812e+00) (98, 4.46780872344970703125e+00) (99, 1.48548677563667297363e-01) (100, -7.83615529537200927734e-01) (101, -6.61137402057647705078e-01) (102, -5.24069778621196746826e-02) (103, 3.03102064132690429688e+00) (104, 2.79777693748474121094e+00) (0, -2.46523523330688476562e+00) (1, -1.06237602233886718750e+00) (2, 2.46169164776802062988e-01) (3, -6.94783866405487060547e-01) (4, 8.31952020525932312012e-02) (5, -6.52569353580474853516e-01) (6, -3.52473646402359008789e-01) (7, -1.24707031250000000000e+00) (8, -5.71708865463733673096e-02) (9, -4.48953211307525634766e-01) (10, -7.03429281711578369141e-01) (11, -6.32020950317382812500e-01) (12, -3.54019701480865478516e-01) (13, -2.14126515388488769531e+00) (14, -6.86909675598144531250e-01) (15, 7.20700681209564208984e-01) (16, 1.28850793838500976562e+00) (17, 4.03448075056076049805e-01) (18, -9.27325844764709472656e-01) (19, 7.36409306526184082031e-01) (20, -5.79369485378265380859e-01) (21, 4.80284720659255981445e-01) (22, 1.81341469287872314453e+00) (23, -4.84289854764938354492e-01) (24, 6.41889214515686035156e-01) (25, -8.55535447597503662109e-01) (26, -1.02335631847381591797e+00) (27, -6.44749164581298828125e-01) (28, -1.05449235439300537109e+00) (29, -8.40472102165222167969e-01) (30, -7.08438694477081298828e-01) (31, -6.72397017478942871094e-01) (32, -2.73061655461788177490e-02) (33, -5.00218152999877929688e-01) (34, -1.97975444793701171875e+00) (35, -5.49626767635345458984e-01) (36, -8.22097957134246826172e-02) (37, -1.11563837528228759766e+00) (38, -1.00104618072509765625e+00) (39, -1.06806159019470214844e+00) (40, -1.39789164066314697266e+00) (41, 6.81144237518310546875e-01) (42, 1.43661046028137207031e+00) (43, -9.08615365624427795410e-02) (44, 1.20456314086914062500e+00) (45, 1.37723088264465332031e+00) (46, 3.70023870468139648438e+00) (47, 1.87186443805694580078e+00) (48, 2.42410135269165039062e+00) (49, -7.10623681545257568359e-01) (50, -4.69423949718475341797e-01) (51, 1.28480121493339538574e-01) (52, 1.75039243698120117188e+00) (53, -8.60223412513732910156e-01) (54, 1.80479204654693603516e+00) (55, -4.81261539459228515625e+00) (56, 1.66733610630035400391e+00) (57, -2.57964491844177246094e-01) (58, 8.10827195644378662109e-01) (59, 3.71814346313476562500e+00) (60, 1.37986266613006591797e+00) (61, -1.34168410301208496094e+00) (62, 1.68722438812255859375e+00) (63, -3.05193603038787841797e-01) (64, 1.26049876213073730469e+00) (65, 1.79745554924011230469e+00) (66, 2.75192618370056152344e+00) (67, -5.29703736305236816406e-01) (68, -5.40061473846435546875e+00) (69, 7.43456959724426269531e-01) (70, 1.92506420612335205078e+00) (71, -7.50059902667999267578e-01) (72, 6.06069743633270263672e-01) (73, 3.82257252931594848633e-01) (74, -1.40481203794479370117e-01) (75, -7.14169889688491821289e-02) (76, -1.96302056312561035156e+00) (77, -4.61303412914276123047e-01) (78, 7.43414783477783203125e+00) (79, -5.93504285812377929688e+00) (80, 6.48109912872314453125e-01) (81, 2.32629489898681640625e+00) (82, 1.68502247333526611328e+00) (83, 4.20189619064331054688e+00) (84, 3.51102018356323242188e+00) (85, 3.72631072998046875000e+00) (86, -1.46411642432212829590e-01) (87, -4.41005754470825195312e+00) (88, 9.17660653591156005859e-01) (89, 9.65942025184631347656e-01) (90, 9.86204743385314941406e-01) (91, 5.44657051563262939453e-01) (92, -2.29624912142753601074e-01) (93, 1.37516927719116210938e+00) (94, -6.08365833759307861328e-02) (95, -4.46642398834228515625e+00) (96, 1.57075619697570800781e+00) (97, -2.73012500256299972534e-02) (98, 7.59528994560241699219e-01) (99, -1.41132307052612304688e+00) (100, -4.50059533119201660156e-01) (101, 1.47873950004577636719e+00) (102, 1.34273779392242431641e+00) (103, 4.07546997070312500000e-01) (104, 1.81517577171325683594e+00) (105, 4.29251827299594879150e-02) (106, 4.54901981353759765625e+00) (107, -6.14619731903076171875e-01) (108, 3.93897652626037597656e+00) (109, 2.67920708656311035156e+00) (110, 1.31087243556976318359e+00) (111, 2.81493043899536132812e+00) (112, -2.54077219963073730469e+00) (113, 2.36447644233703613281e+00) (114, 2.96488046646118164062e+00) (115, 7.88845121860504150391e-01) (116, -6.91825270652770996094e-01) (117, 4.76114559173583984375e+00) (118, -2.75192809104919433594e+00) (119, 3.12407207489013671875e+00) (120, 2.72738599777221679688e+00) (121, -1.11284542083740234375e+00) (122, 3.14069819450378417969e+00) (123, -6.73488736152648925781e-01) (124, 3.71642327308654785156e+00) (125, 2.88005018234252929688e+00) (126, 4.68865203857421875000e+00) (127, -9.90608096122741699219e-01) (128, -2.96057939529418945312e+00) (129, 3.46938133239746093750e+00) (130, 2.06770730018615722656e+00) 
