FANN_FLO_2.1
num_layers=3
learning_rate=0.700000
connection_rate=1.000000
network_type=0
learning_momentum=0.000000
training_algorithm=2
train_error_function=1
train_stop_function=0
cascade_output_change_fraction=0.010000
quickprop_decay=-0.000100
quickprop_mu=1.750000
rprop_increase_factor=1.200000
rprop_decrease_factor=0.500000
rprop_delta_min=0.000000
rprop_delta_max=50.000000
rprop_delta_zero=0.100000
cascade_output_stagnation_epochs=12
cascade_candidate_change_fraction=0.010000
cascade_candidate_stagnation_epochs=12
cascade_max_out_epochs=150
cascade_max_cand_epochs=150
cascade_num_candidate_groups=2
bit_fail_limit=3.49999994039535522461e-01
cascade_candidate_limit=1.00000000000000000000e+03
cascade_weight_multiplier=4.00000005960464477539e-01
cascade_activation_functions_count=10
cascade_activation_functions=3 5 7 8 10 11 14 15 16 17 
cascade_activation_steepnesses_count=4
cascade_activation_steepnesses=2.50000000000000000000e-01 5.00000000000000000000e-01 7.50000000000000000000e-01 1.00000000000000000000e+00 
layer_sizes=105 26 2 
scale_included=0
neurons (num_inputs, activation_function, activation_steepness)=(0, 0, 0.00000000000000000000e+00) (0, 0, 0.00000000000000000000e+00) (0, 0, 0.00000000000000000000e+00) (0, 0, 0.00000000000000000000e+00) (0, 0, 0.00000000000000000000e+00) (0, 0, 0.00000000000000000000e+00) (0, 0, 0.00000000000000000000e+00) (0, 0, 0.00000000000000000000e+00) (0, 0, 0.00000000000000000000e+00) (0, 0, 0.00000000000000000000e+00) (0, 0, 0.00000000000000000000e+00) (0, 0, 0.00000000000000000000e+00) (0, 0, 0.00000000000000000000e+00) (0, 0, 0.00000000000000000000e+00) (0, 0, 0.00000000000000000000e+00) (0, 0, 0.00000000000000000000e+00) (0, 0, 0.00000000000000000000e+00) (0, 0, 0.00000000000000000000e+00) (0, 0, 0.00000000000000000000e+00) (0, 0, 0.00000000000000000000e+00) (0, 0, 0.00000000000000000000e+00) (0, 0, 0.00000000000000000000e+00) (0, 0, 0.00000000000000000000e+00) (0, 0, 0.00000000000000000000e+00) (0, 0, 0.00000000000000000000e+00) (0, 0, 0.00000000000000000000e+00) (0, 0, 0.00000000000000000000e+00) (0, 0, 0.00000000000000000000e+00) (0, 0, 0.00000000000000000000e+00) (0, 0, 0.00000000000000000000e+00) (0, 0, 0.00000000000000000000e+00) (0, 0, 0.00000000000000000000e+00) (0, 0, 0.00000000000000000000e+00) (0, 0, 0.00000000000000000000e+00) (0, 0, 0.00000000000000000000e+00) (0, 0, 0.00000000000000000000e+00) (0, 0, 0.00000000000000000000e+00) (0, 0, 0.00000000000000000000e+00) (0, 0, 0.00000000000000000000e+00) (0, 0, 0.00000000000000000000e+00) (0, 0, 0.00000000000000000000e+00) (0, 0, 0.00000000000000000000e+00) (0, 0, 0.00000000000000000000e+00) (0, 0, 0.00000000000000000000e+00) (0, 0, 0.00000000000000000000e+00) (0, 0, 0.00000000000000000000e+00) (0, 0, 0.00000000000000000000e+00) (0, 0, 0.00000000000000000000e+00) (0, 0, 0.00000000000000000000e+00) (0, 0, 0.00000000000000000000e+00) (0, 0, 0.00000000000000000000e+00) (0, 0, 0.00000000000000000000e+00) (0, 0, 0.00000000000000000000e+00) (0, 0, 0.00000000000000000000e+00) (0, 0, 0.00000000000000000000e+00) (0, 0, 0.00000000000000000000e+00) (0, 0, 0.00000000000000000000e+00) (0, 0, 0.00000000000000000000e+00) (0, 0, 0.00000000000000000000e+00) (0, 0, 0.00000000000000000000e+00) (0, 0, 0.00000000000000000000e+00) (0, 0, 0.00000000000000000000e+00) (0, 0, 0.00000000000000000000e+00) (0, 0, 0.00000000000000000000e+00) (0, 0, 0.00000000000000000000e+00) (0, 0, 0.00000000000000000000e+00) (0, 0, 0.00000000000000000000e+00) (0, 0, 0.00000000000000000000e+00) (0, 0, 0.00000000000000000000e+00) (0, 0, 0.00000000000000000000e+00) (0, 0, 0.00000000000000000000e+00) (0, 0, 0.00000000000000000000e+00) (0, 0, 0.00000000000000000000e+00) (0, 0, 0.00000000000000000000e+00) (0, 0, 0.00000000000000000000e+00) (0, 0, 0.00000000000000000000e+00) (0, 0, 0.00000000000000000000e+00) (0, 0, 0.00000000000000000000e+00) (0, 0, 0.00000000000000000000e+00) (0, 0, 0.00000000000000000000e+00) (0, 0, 0.00000000000000000000e+00) (0, 0, 0.00000000000000000000e+00) (0, 0, 0.00000000000000000000e+00) (0, 0, 0.00000000000000000000e+00) (0, 0, 0.00000000000000000000e+00) (0, 0, 0.00000000000000000000e+00) (0, 0, 0.00000000000000000000e+00) (0, 0, 0.00000000000000000000e+00) (0, 0, 0.00000000000000000000e+00) (0, 0, 0.00000000000000000000e+00) (0, 0, 0.00000000000000000000e+00) (0, 0, 0.00000000000000000000e+00) (0, 0, 0.00000000000000000000e+00) (0, 0, 0.00000000000000000000e+00) (0, 0, 0.00000000000000000000e+00) (0, 0, 0.00000000000000000000e+00) (0, 0, 0.00000000000000000000e+00) (0, 0, 0.00000000000000000000e+00) (0, 0, 0.00000000000000000000e+00) (0, 0, 0.00000000000000000000e+00) (0, 0, 0.00000000000000000000e+00) (0, 0, 0.00000000000000000000e+00) (0, 0, 0.00000000000000000000e+00) (0, 0, 0.00000000000000000000e+00) (0, 0, 0.00000000000000000000e+00) (105, 5, 5.00000000000000000000e-01) (105, 5, 5.00000000000000000000e-01) (105, 5, 5.00000000000000000000e-01) (105, 5, 5.00000000000000000000e-01) (105, 5, 5.00000000000000000000e-01) (105, 5, 5.00000000000000000000e-01) (105, 5, 5.00000000000000000000e-01) (105, 5, 5.00000000000000000000e-01) (105, 5, 5.00000000000000000000e-01) (105, 5, 5.00000000000000000000e-01) (105, 5, 5.00000000000000000000e-01) (105, 5, 5.00000000000000000000e-01) (105, 5, 5.00000000000000000000e-01) (105, 5, 5.00000000000000000000e-01) (105, 5, 5.00000000000000000000e-01) (105, 5, 5.00000000000000000000e-01) (105, 5, 5.00000000000000000000e-01) (105, 5, 5.00000000000000000000e-01) (105, 5, 5.00000000000000000000e-01) (105, 5, 5.00000000000000000000e-01) (105, 5, 5.00000000000000000000e-01) (105, 5, 5.00000000000000000000e-01) (105, 5, 5.00000000000000000000e-01) (105, 5, 5.00000000000000000000e-01) (105, 5, 5.00000000000000000000e-01) (0, 5, 0.00000000000000000000e+00) (26, 5, 5.00000000000000000000e-01) (0, 5, 0.00000000000000000000e+00) 
connections (connected_to_neuron, weight)=(0, -1.50000000000000000000e+03) (1, -1.50000000000000000000e+03) (2, -1.50000000000000000000e+03) (3, -1.50000000000000000000e+03) (4, -1.50000000000000000000e+03) (5, -1.50000000000000000000e+03) (6, -1.50000000000000000000e+03) (7, -1.50000000000000000000e+03) (8, -1.43455615234375000000e+03) (9, -1.50000000000000000000e+03) (10, 1.49999987792968750000e+03) (11, -1.50000000000000000000e+03) (12, -1.28839953613281250000e+03) (13, -1.50000000000000000000e+03) (14, -5.91590976715087890625e+00) (15, -1.49999987792968750000e+03) (16, 1.50000000000000000000e+03) (17, 1.50000000000000000000e+03) (18, 1.50000000000000000000e+03) (19, 1.50000000000000000000e+03) (20, 1.50000000000000000000e+03) (21, 1.50000000000000000000e+03) (22, 1.50000000000000000000e+03) (23, 1.50000000000000000000e+03) (24, 1.50000000000000000000e+03) (25, 1.50000000000000000000e+03) (26, 1.50000000000000000000e+03) (27, 1.50000000000000000000e+03) (28, 1.50000000000000000000e+03) (29, 1.50000000000000000000e+03) (30, 1.50000000000000000000e+03) (31, 1.50000000000000000000e+03) (32, 1.50000000000000000000e+03) (33, 1.50000000000000000000e+03) (34, 1.50000000000000000000e+03) (35, 1.50000000000000000000e+03) (36, 1.50000000000000000000e+03) (37, 1.50000000000000000000e+03) (38, 1.50000000000000000000e+03) (39, 1.49943566894531250000e+03) (40, 1.50000000000000000000e+03) (41, 1.50000000000000000000e+03) (42, 1.49999987792968750000e+03) (43, 1.50000000000000000000e+03) (44, 1.50000000000000000000e+03) (45, 1.50000000000000000000e+03) (46, 1.50000000000000000000e+03) (47, 1.50000000000000000000e+03) (48, 1.50000000000000000000e+03) (49, 1.50000000000000000000e+03) (50, 8.99333496093750000000e+02) (51, 1.50000000000000000000e+03) (52, 1.50000000000000000000e+03) (53, 1.50000000000000000000e+03) (54, 1.50000000000000000000e+03) (55, 1.50000000000000000000e+03) (56, -1.00573077392578125000e+03) (57, -1.49795825195312500000e+03) (58, -1.45399365234375000000e+03) (59, -1.50000000000000000000e+03) (60, -1.50000000000000000000e+03) (61, -1.50000000000000000000e+03) (62, -1.49928930664062500000e+03) (63, -1.50000000000000000000e+03) (64, -1.49252893066406250000e+03) (65, -1.50000000000000000000e+03) (66, 1.49754296875000000000e+03) (67, 1.49999987792968750000e+03) (68, -1.50000000000000000000e+03) (69, -1.50000000000000000000e+03) (70, -1.50000000000000000000e+03) (71, -1.03284668922424316406e+00) (72, -1.50000000000000000000e+03) (73, -1.50000000000000000000e+03) (74, -1.50000000000000000000e+03) (75, -1.50000000000000000000e+03) (76, -1.50000000000000000000e+03) (77, -1.50000000000000000000e+03) (78, -1.50000000000000000000e+03) (79, -1.50000000000000000000e+03) (80, -1.50000000000000000000e+03) (81, -1.50000000000000000000e+03) (82, -1.50000000000000000000e+03) (83, -1.50000000000000000000e+03) (84, -1.50000000000000000000e+03) (85, -1.50000000000000000000e+03) (86, -1.50000000000000000000e+03) (87, -1.50000000000000000000e+03) (88, -1.50000000000000000000e+03) (89, -1.50000000000000000000e+03) (90, -1.50000000000000000000e+03) (91, -1.50000000000000000000e+03) (92, -1.50000000000000000000e+03) (93, -1.49999987792968750000e+03) (94, -1.50000000000000000000e+03) (95, -1.50000000000000000000e+03) (96, -1.50000000000000000000e+03) (97, -1.50000000000000000000e+03) (98, -1.50000000000000000000e+03) (99, -1.50000000000000000000e+03) (100, -1.50000000000000000000e+03) (101, -1.49670690917968750000e+03) (102, -1.50000000000000000000e+03) (103, 1.50000000000000000000e+03) (104, 4.19832944869995117188e+00) (0, 1.62866306304931640625e+01) (1, -1.16627454757690429688e+00) (2, -8.37062835693359375000e+00) (3, 1.20712289810180664062e+01) (4, 2.13240504264831542969e+00) (5, 1.32202444076538085938e+01) (6, 8.16601753234863281250e+00) (7, -1.82605800628662109375e+01) (8, 1.39809823036193847656e+00) (9, 1.84576969146728515625e+01) (10, -4.76166397333145141602e-01) (11, 5.13650608062744140625e+00) (12, -3.33674311637878417969e-01) (13, -6.07051134109497070312e+00) (14, -2.24802169799804687500e+01) (15, 6.00580501556396484375e+00) (16, 7.63383102416992187500e+00) (17, -1.69973926544189453125e+01) (18, -3.89080190658569335938e+00) (19, 5.95474660396575927734e-01) (20, 1.32474556565284729004e-01) (21, -3.15495759248733520508e-01) (22, -1.85767069458961486816e-01) (23, 1.10798500478267669678e-01) (24, 1.28200330734252929688e+01) (25, -9.02401733398437500000e+00) (26, -2.82407617568969726562e+00) (27, 7.02812373638153076172e-01) (28, 6.80019557476043701172e-01) (29, -2.98659634590148925781e+00) (30, -7.35212147235870361328e-01) (31, -1.03313598632812500000e+01) (32, 2.46198371052742004395e-01) (33, 5.36213696002960205078e-01) (34, 1.22095298767089843750e+00) (35, 1.42246990203857421875e+01) (36, 2.20991730690002441406e+00) (37, 8.36211442947387695312e-01) (38, -1.29636716842651367188e+00) (39, -4.12829685211181640625e+00) (40, 1.01105666160583496094e+00) (41, -8.07148361206054687500e+00) (42, 1.42430269718170166016e+00) (43, -1.16732060909271240234e+00) (44, 1.59068012237548828125e+00) (45, 6.50290489196777343750e-01) (46, -7.85270810127258300781e-01) (47, 8.68358993530273437500e+00) (48, 1.80804860591888427734e+00) (49, -6.34647428989410400391e-01) (50, 6.02527320384979248047e-01) (51, 1.45392978191375732422e+00) (52, 9.23740327358245849609e-01) (53, 1.02263915538787841797e+00) (54, 1.80878400802612304688e+00) (55, -3.67138534784317016602e-01) (56, 2.01431393623352050781e+00) (57, 1.74542593955993652344e+00) (58, -5.98164200782775878906e-01) (59, 7.83188939094543457031e-02) (60, -3.04100960493087768555e-01) (61, -2.31788206100463867188e+00) (62, 7.58075714111328125000e-01) (63, -2.69937425851821899414e-01) (64, -3.68518918752670288086e-01) (65, -1.18233084678649902344e+00) (66, 1.97317540645599365234e+00) (67, 6.99775040149688720703e-01) (68, -7.53297448158264160156e-01) (69, 1.70678210258483886719e+00) (70, 2.27722525596618652344e+00) (71, -4.68909054994583129883e-01) (72, -9.67621445655822753906e-01) (73, 5.97232043743133544922e-01) (74, 1.23822164535522460938e+00) (75, -1.19049191474914550781e+00) (76, -4.01281505823135375977e-01) (77, -4.02307301759719848633e-01) (78, -7.34094202518463134766e-01) (79, -5.47704994678497314453e-01) (80, -6.86738443374633789062e+00) (81, 5.84794521331787109375e-01) (82, -7.11931884288787841797e-01) (83, -1.85015723109245300293e-01) (84, -6.90328657627105712891e-01) (85, -2.65726596117019653320e-01) (86, -5.10465949773788452148e-02) (87, 2.00263768434524536133e-01) (88, 7.36543774604797363281e-01) (89, 2.74387061595916748047e-01) (90, -7.88284718990325927734e-01) (91, 4.93781059980392456055e-01) (92, 1.89000219106674194336e-01) (93, 9.07769441604614257812e-01) (94, 4.82164114713668823242e-01) (95, 4.06116783618927001953e-01) (96, 1.10081589221954345703e+00) (97, 1.02910375595092773438e+00) (98, 2.10134983062744140625e-01) (99, 3.07420670986175537109e-01) (100, 5.51495373249053955078e-01) (101, 7.62493252754211425781e-01) (102, 7.82206344604492187500e+00) (103, -2.88918757438659667969e+00) (104, 6.43759548664093017578e-01) (0, -1.77352809906005859375e+01) (1, -1.76747584342956542969e+00) (2, -2.14205086231231689453e-01) (3, 3.20594000816345214844e+00) (4, -9.45040285587310791016e-02) (5, 4.32314008474349975586e-01) (6, 1.06212794780731201172e+00) (7, -7.40864992141723632812e-01) (8, -1.25867709517478942871e-01) (9, -4.75027859210968017578e-01) (10, 2.60048890113830566406e+00) (11, 1.14797568321228027344e+00) (12, -1.62319505214691162109e+00) (13, 5.95890235900878906250e+00) (14, 2.90465259552001953125e+00) (15, 1.44787400960922241211e-01) (16, 4.88361692428588867188e+00) (17, 1.69430124759674072266e+00) (18, 1.47438669204711914062e+00) (19, -3.73508542776107788086e-01) (20, -1.73681870102882385254e-01) (21, 3.19600200653076171875e+00) (22, -1.24748671054840087891e+00) (23, 7.14970111846923828125e-01) (24, 8.07652354240417480469e-01) (25, -2.38564133644104003906e+00) (26, -1.47100138664245605469e+00) (27, -7.13734209537506103516e-01) (28, -6.68695735931396484375e+00) (29, -6.29312324523925781250e+00) (30, 2.26598906517028808594e+00) (31, 2.77779030799865722656e+00) (32, 1.13027906417846679688e+00) (33, 4.49019384384155273438e+00) (34, 6.51016902923583984375e+00) (35, -1.68401622772216796875e+00) (36, -1.07290327548980712891e+00) (37, 4.87824249267578125000e+00) (38, -1.80994594097137451172e+00) (39, -1.19717321395874023438e+01) (40, 4.91606092453002929688e+00) (41, 1.21403541564941406250e+01) (42, -1.38317808508872985840e-01) (43, -2.36481118202209472656e+00) (44, 7.01514303684234619141e-01) (45, -5.28418016433715820312e+00) (46, 2.76791191101074218750e+00) (47, -5.64324331283569335938e+00) (48, 3.92199397087097167969e+00) (49, 2.11521887779235839844e+00) (50, -8.75690364837646484375e+00) (51, 1.09737277030944824219e+00) (52, 4.08369159698486328125e+00) (53, 1.67780840396881103516e+00) (54, 3.63424229621887207031e+00) (55, -5.65624904632568359375e+00) (56, 7.60584473609924316406e-01) (57, -4.72614943981170654297e-01) (58, 5.21325647830963134766e-01) (59, 7.84776067733764648438e+00) (60, -8.92099082469940185547e-01) (61, -8.56465911865234375000e+00) (62, -9.09680426120758056641e-02) (63, -1.53063607215881347656e+00) (64, -4.67066973447799682617e-01) (65, 1.48437023162841796875e-01) (66, 1.31466126441955566406e+00) (67, 2.39819955825805664062e+00) (68, -4.67217111587524414062e+00) (69, -9.90616559982299804688e-01) (70, -9.49428260326385498047e-01) (71, 1.57332646846771240234e+00) (72, -1.81618404388427734375e+00) (73, -6.35413265228271484375e+00) (74, 6.66395306587219238281e-01) (75, 2.65057659149169921875e+00) (76, 2.19311571121215820312e+00) (77, 1.64084875583648681641e+00) (78, 3.10380458831787109375e+00) (79, -8.42520654201507568359e-01) (80, -2.42052578926086425781e+00) (81, 4.41550540924072265625e+00) (82, -1.18145775794982910156e+00) (83, 2.16687917709350585938e+00) (84, 8.49213898181915283203e-02) (85, 3.48779201507568359375e-01) (86, 2.73742914199829101562e-01) (87, 4.63545441627502441406e-01) (88, 5.20830678939819335938e+00) (89, 3.96931862831115722656e+00) (90, -1.66266596317291259766e+00) (91, 6.56607198715209960938e+00) (92, 2.53968119621276855469e+00) (93, 5.74284791946411132812e-01) (94, 3.49949091672897338867e-01) (95, -8.05330216884613037109e-01) (96, 1.08677256107330322266e+00) (97, 2.67525959014892578125e+00) (98, 1.55101442337036132812e+00) (99, -1.00332152843475341797e+00) (100, -1.35382175445556640625e-01) (101, 1.65864777565002441406e+00) (102, -4.90750312805175781250e+00) (103, 8.06833744049072265625e+00) (104, 1.11836552619934082031e+00) (0, 1.50000000000000000000e+03) (1, 1.50000000000000000000e+03) (2, 1.50000000000000000000e+03) (3, 1.29008392333984375000e+02) (4, 1.50000000000000000000e+03) (5, 1.50000000000000000000e+03) (6, 1.50000000000000000000e+03) (7, 1.50000000000000000000e+03) (8, 5.10135698318481445312e+00) (9, 1.50000000000000000000e+03) (10, 1.13692543029785156250e+02) (11, 4.72921409606933593750e+01) (12, 4.32639579772949218750e+01) (13, 1.50000000000000000000e+03) (14, 4.47042989730834960938e+00) (15, -8.19452285766601562500e+00) (16, -1.50000000000000000000e+03) (17, 1.49988916015625000000e+03) (18, -1.50000000000000000000e+03) (19, 1.43734167480468750000e+03) (20, -1.50000000000000000000e+03) (21, -1.50000000000000000000e+03) (22, -1.50000000000000000000e+03) (23, -1.50000000000000000000e+03) (24, -1.50000000000000000000e+03) (25, -1.50000000000000000000e+03) (26, -1.50000000000000000000e+03) (27, 1.49990808105468750000e+03) (28, -1.50000000000000000000e+03) (29, -1.50000000000000000000e+03) (30, -1.50000000000000000000e+03) (31, -1.50000000000000000000e+03) (32, 1.49990661621093750000e+03) (33, -1.50000000000000000000e+03) (34, -1.50000000000000000000e+03) (35, -1.50000000000000000000e+03) (36, -1.50000000000000000000e+03) (37, -1.50000000000000000000e+03) (38, 1.31518273925781250000e+03) (39, 1.32135474681854248047e+00) (40, 1.49996826171875000000e+03) (41, 1.49841894531250000000e+03) (42, 3.21402549743652343750e+00) (43, -1.50000000000000000000e+03) (44, -1.50000000000000000000e+03) (45, -1.50000000000000000000e+03) (46, -1.50000000000000000000e+03) (47, -1.50000000000000000000e+03) (48, -1.50000000000000000000e+03) (49, 1.49996801757812500000e+03) (50, 1.49652648925781250000e+03) (51, 1.49993005371093750000e+03) (52, -1.50000000000000000000e+03) (53, -1.50000000000000000000e+03) (54, -1.50000000000000000000e+03) (55, -1.50000000000000000000e+03) (56, 7.34606313705444335938e+00) (57, 1.03322849273681640625e+01) (58, -8.28911495208740234375e+00) (59, 1.50000000000000000000e+03) (60, 1.50000000000000000000e+03) (61, 1.50000000000000000000e+03) (62, 2.66421484947204589844e+00) (63, 1.50000000000000000000e+03) (64, 9.11290228366851806641e-01) (65, 1.50000000000000000000e+03) (66, 6.14089431762695312500e+01) (67, 2.04483389854431152344e+00) (68, 1.50000000000000000000e+03) (69, 1.20499789714813232422e+00) (70, 1.50000000000000000000e+03) (71, 7.70677661895751953125e+00) (72, 1.50000000000000000000e+03) (73, 1.50000000000000000000e+03) (74, 1.38171362304687500000e+03) (75, 1.50000000000000000000e+03) (76, 1.50000000000000000000e+03) (77, 1.50000000000000000000e+03) (78, 1.50000000000000000000e+03) (79, 1.50000000000000000000e+03) (80, 1.50000000000000000000e+03) (81, 1.50000000000000000000e+03) (82, 1.50000000000000000000e+03) (83, 1.50000000000000000000e+03) (84, 1.50000000000000000000e+03) (85, 1.50000000000000000000e+03) (86, 1.50000000000000000000e+03) (87, 4.71066207885742187500e+01) (88, 1.50000000000000000000e+03) (89, 1.63980782032012939453e+00) (90, 1.50000000000000000000e+03) (91, 1.07082071304321289062e+01) (92, 1.40689440917968750000e+03) (93, 8.02207648754119873047e-01) (94, 2.92529940605163574219e+00) (95, 2.68775057792663574219e+00) (96, 6.63390541076660156250e+00) (97, 2.61172914505004882812e+00) (98, 1.50000000000000000000e+03) (99, 1.50000000000000000000e+03) (100, 1.50000000000000000000e+03) (101, 3.56596529483795166016e-01) (102, 2.88801693916320800781e+00) (103, 2.36671161651611328125e+00) (104, 6.78155839443206787109e-01) (0, 3.10717916488647460938e+00) (1, 2.10070347785949707031e+00) (2, 2.06754064559936523438e+00) (3, -3.03921961784362792969e+00) (4, -4.50509738922119140625e+00) (5, -3.31745839118957519531e+00) (6, 3.49421429634094238281e+00) (7, 4.11158609390258789062e+00) (8, -5.04027986526489257812e+00) (9, 7.60908544063568115234e-01) (10, 1.80131900310516357422e+00) (11, 1.09907293319702148438e+00) (12, -2.56723594665527343750e+00) (13, 5.80479562282562255859e-01) (14, -3.71036112308502197266e-01) (15, 3.44235825538635253906e+00) (16, -1.45662689208984375000e+00) (17, 2.93983197212219238281e+00) (18, 3.64761561155319213867e-01) (19, 9.30278658866882324219e-01) (20, -3.43449741601943969727e-01) (21, 6.26535797119140625000e+00) (22, -6.55241775512695312500e+00) (23, -5.28225135803222656250e+00) (24, -9.54957783222198486328e-01) (25, 3.67059171199798583984e-01) (26, 6.45592987537384033203e-01) (27, 2.31828022003173828125e+00) (28, 4.38268232345581054688e+00) (29, -2.34905409812927246094e+00) (30, 7.32829794287681579590e-02) (31, 9.47452425956726074219e-01) (32, 3.29516291618347167969e-01) (33, 8.83200913667678833008e-02) (34, -2.14075136184692382812e+00) (35, 8.80821049213409423828e-01) (36, 1.10571765899658203125e+00) (37, -6.55293416976928710938e+00) (38, 3.14742016792297363281e+00) (39, 2.73322820663452148438e+00) (40, 1.70547589659690856934e-01) (41, -4.50837463140487670898e-02) (42, 1.16780996322631835938e+00) (43, 1.49675726890563964844e+00) (44, 3.81319975852966308594e+00) (45, -2.59373545646667480469e+00) (46, -1.92459082603454589844e+00) (47, 1.17126357555389404297e+00) (48, 3.15977787971496582031e+00) (49, 9.61086213588714599609e-01) (50, 1.02233536541461944580e-01) (51, -2.69913768768310546875e+00) (52, -3.08400541543960571289e-02) (53, -5.31691074371337890625e-01) (54, 6.98461681604385375977e-02) (55, 2.68601179122924804688e+00) (56, -1.03201484680175781250e+00) (57, 2.66339635848999023438e+00) (58, -1.74698126316070556641e+00) (59, -9.81694936752319335938e-01) (60, -3.02664786577224731445e-01) (61, -1.48834264278411865234e+00) (62, 8.04313004016876220703e-01) (63, -2.94899702072143554688e-01) (64, 1.52794206142425537109e+00) (65, -3.37314307689666748047e-02) (66, -3.01021575927734375000e+00) (67, 3.85136771202087402344e+00) (68, -6.75644636154174804688e-01) (69, 3.88305515050888061523e-01) (70, 4.25826281309127807617e-01) (71, 4.93059724569320678711e-01) (72, 1.25199747085571289062e+00) (73, -1.74275779724121093750e+00) (74, 3.94568800926208496094e-01) (75, -7.23806381225585937500e-01) (76, -2.09964796900749206543e-01) (77, -3.47483485937118530273e-01) (78, -4.14214015007019042969e-01) (79, 3.00990920513868331909e-02) (80, -1.19371318817138671875e+00) (81, -2.09122553467750549316e-01) (82, -1.38307377696037292480e-01) (83, -9.54220116138458251953e-01) (84, -2.30757522583007812500e+00) (85, -5.49895703792572021484e-01) (86, -2.41718009114265441895e-01) (87, 7.19558715820312500000e-01) (88, 1.06008636951446533203e+00) (89, -3.78160810470581054688e+00) (90, -1.27807065844535827637e-01) (91, 8.08547019958496093750e-01) (92, -9.59124565124511718750e-01) (93, 2.43194520473480224609e-01) (94, 3.76298546791076660156e-01) (95, -3.23191118240356445312e+00) (96, 1.20176815986633300781e+00) (97, -1.42588511109352111816e-01) (98, -5.64387142658233642578e-01) (99, 1.02228581905364990234e-01) (100, 3.08486610651016235352e-01) (101, 1.40265181660652160645e-01) (102, 1.32794523239135742188e+01) (103, 4.45557689666748046875e+00) (104, 1.05213296413421630859e+00) (0, 1.50000000000000000000e+03) (1, 1.50000000000000000000e+03) (2, 1.50000000000000000000e+03) (3, 1.50000000000000000000e+03) (4, 1.50000000000000000000e+03) (5, 1.50000000000000000000e+03) (6, 1.50000000000000000000e+03) (7, 1.50000000000000000000e+03) (8, 1.45479504394531250000e+03) (9, 1.50000000000000000000e+03) (10, -1.49999975585937500000e+03) (11, 1.50000000000000000000e+03) (12, 6.04556457519531250000e+02) (13, 1.50000000000000000000e+03) (14, 1.98146610260009765625e+01) (15, 1.49999987792968750000e+03) (16, -1.50000000000000000000e+03) (17, -1.49996813964843750000e+03) (18, -1.50000000000000000000e+03) (19, -1.50000000000000000000e+03) (20, -1.50000000000000000000e+03) (21, -1.50000000000000000000e+03) (22, -1.50000000000000000000e+03) (23, -1.50000000000000000000e+03) (24, -1.50000000000000000000e+03) (25, -1.50000000000000000000e+03) (26, -1.50000000000000000000e+03) (27, -1.47112500000000000000e+03) (28, -1.50000000000000000000e+03) (29, -1.50000000000000000000e+03) (30, -1.50000000000000000000e+03) (31, -1.50000000000000000000e+03) (32, -1.48285205078125000000e+03) (33, -1.50000000000000000000e+03) (34, -1.50000000000000000000e+03) (35, -1.50000000000000000000e+03) (36, -1.50000000000000000000e+03) (37, -1.50000000000000000000e+03) (38, -1.50000000000000000000e+03) (39, -1.49930822753906250000e+03) (40, -1.49020947265625000000e+03) (41, -1.48343603515625000000e+03) (42, -1.49999975585937500000e+03) (43, -1.50000000000000000000e+03) (44, -1.50000000000000000000e+03) (45, -1.50000000000000000000e+03) (46, -1.50000000000000000000e+03) (47, -1.50000000000000000000e+03) (48, -1.50000000000000000000e+03) (49, -1.48211437988281250000e+03) (50, -3.27641296386718750000e+02) (51, -1.48927856445312500000e+03) (52, -1.50000000000000000000e+03) (53, -1.50000000000000000000e+03) (54, -1.50000000000000000000e+03) (55, -1.50000000000000000000e+03) (56, 1.27868933105468750000e+03) (57, 1.49870788574218750000e+03) (58, 1.49995739746093750000e+03) (59, 1.50000000000000000000e+03) (60, 1.50000000000000000000e+03) (61, 1.50000000000000000000e+03) (62, 1.49985473632812500000e+03) (63, 1.50000000000000000000e+03) (64, 1.50000000000000000000e+03) (65, 1.50000000000000000000e+03) (66, -1.49775036621093750000e+03) (67, -1.49998742675781250000e+03) (68, 1.50000000000000000000e+03) (69, 1.50000000000000000000e+03) (70, 1.50000000000000000000e+03) (71, 2.90539860725402832031e+00) (72, 1.50000000000000000000e+03) (73, 1.50000000000000000000e+03) (74, 1.50000000000000000000e+03) (75, 1.50000000000000000000e+03) (76, 1.50000000000000000000e+03) (77, 1.50000000000000000000e+03) (78, 1.50000000000000000000e+03) (79, 1.50000000000000000000e+03) (80, 1.50000000000000000000e+03) (81, 1.50000000000000000000e+03) (82, 1.50000000000000000000e+03) (83, 1.50000000000000000000e+03) (84, 1.50000000000000000000e+03) (85, 1.50000000000000000000e+03) (86, 1.50000000000000000000e+03) (87, 1.50000000000000000000e+03) (88, 1.50000000000000000000e+03) (89, 1.50000000000000000000e+03) (90, 1.50000000000000000000e+03) (91, 1.50000000000000000000e+03) (92, 1.50000000000000000000e+03) (93, 1.50000000000000000000e+03) (94, 1.50000000000000000000e+03) (95, 1.50000000000000000000e+03) (96, 1.50000000000000000000e+03) (97, 1.50000000000000000000e+03) (98, 1.50000000000000000000e+03) (99, 1.50000000000000000000e+03) (100, 1.50000000000000000000e+03) (101, 1.50000000000000000000e+03) (102, 1.50000000000000000000e+03) (103, -1.50000000000000000000e+03) (104, -2.00171422958374023438e+00) (0, -5.91010665893554687500e+01) (1, -2.20009536743164062500e+01) (2, -5.93256950378417968750e+00) (3, -4.54158969223499298096e-02) (4, 3.78774464130401611328e-01) (5, 1.09965491294860839844e+00) (6, 1.20903944969177246094e+00) (7, 1.85908305644989013672e+00) (8, 1.60110626220703125000e+01) (9, 1.34008124470710754395e-01) (10, 2.25350022315979003906e+00) (11, 1.29707992076873779297e+00) (12, 7.18083679676055908203e-01) (13, 1.96116864681243896484e-01) (14, 1.87042331695556640625e+00) (15, -8.25685635209083557129e-02) (16, 2.32665748596191406250e+01) (17, 2.17889118194580078125e+00) (18, 5.43097162246704101562e+00) (19, 1.20474839210510253906e+00) (20, 4.26614713668823242188e+00) (21, 2.74805021286010742188e+00) (22, 1.87062187194824218750e+01) (23, 6.37380599975585937500e-01) (24, 2.38733940124511718750e+01) (25, -4.62853044271469116211e-01) (26, 2.75387787818908691406e+00) (27, 4.67896074056625366211e-01) (28, -9.15768921375274658203e-01) (29, 6.19686603546142578125e-01) (30, 1.58137245178222656250e+01) (31, 7.75374114513397216797e-01) (32, -1.28118312358856201172e+00) (33, -7.55900502204895019531e-01) (34, 2.91341247558593750000e+01) (35, -5.53562462329864501953e-01) (36, 3.18005490303039550781e+00) (37, 9.54852962493896484375e+00) (38, 3.15135502815246582031e+00) (39, 3.27753758430480957031e+00) (40, 1.84021224975585937500e+01) (41, 2.79691696166992187500e+00) (42, 2.75785684585571289062e+00) (43, 2.13183331489562988281e+00) (44, -3.48560541868209838867e-01) (45, 4.96995067596435546875e+00) (46, -5.09620571136474609375e+00) (47, 1.07057151794433593750e+01) (48, 1.17748832702636718750e+00) (49, 2.39276409149169921875e+00) (50, 9.22350788116455078125e+00) (51, 4.94623851776123046875e+00) (52, 2.10606288909912109375e+00) (53, -3.59736569225788116455e-02) (54, 2.01608872413635253906e+00) (55, 1.24966561794281005859e+00) (56, 1.08891570568084716797e+00) (57, -5.39684343338012695312e+00) (58, 8.02122414112091064453e-01) (59, 1.02765188217163085938e+01) (60, -1.58842468261718750000e+00) (61, -5.10868966579437255859e-01) (62, 2.06279605627059936523e-01) (63, -1.80757537484169006348e-01) (64, 1.44485437870025634766e+00) (65, -5.51464021205902099609e-01) (66, 1.01508159637451171875e+01) (67, 1.30988907814025878906e+00) (68, 6.50999307632446289062e+00) (69, 1.03956356048583984375e+01) (70, 3.39137017726898193359e-02) (71, 1.14863455295562744141e+00) (72, -8.47708582878112792969e-01) (73, -2.23718976974487304688e+00) (74, 2.56536096334457397461e-01) (75, -3.65017437934875488281e+00) (76, 9.81568276882171630859e-01) (77, -1.15746867656707763672e+00) (78, 2.71116709709167480469e+00) (79, -7.59967660903930664062e+00) (80, 9.11959934234619140625e+00) (81, 6.54439067840576171875e+00) (82, 6.60831153392791748047e-01) (83, 2.25954093933105468750e+01) (84, 2.52686882019042968750e+00) (85, -6.72479963302612304688e+00) (86, -7.01552748680114746094e-01) (87, 1.66432052850723266602e-01) (88, 5.50279521942138671875e+00) (89, -2.07769346237182617188e+00) (90, 3.96200275421142578125e+00) (91, 1.28972256183624267578e+00) (92, 2.38240671157836914062e+00) (93, 2.27165484428405761719e+00) (94, 6.69934451580047607422e-01) (95, -1.05102758407592773438e+01) (96, 6.26639127731323242188e-01) (97, -8.04178059101104736328e-01) (98, 4.39898848533630371094e-01) (99, -2.82022857666015625000e+00) (100, 1.99042603373527526855e-01) (101, -1.09719610214233398438e+01) (102, -5.88940200805664062500e+01) (103, 8.41957168579101562500e+01) (104, 7.92409241199493408203e-01) (0, -8.15474605560302734375e+00) (1, 5.80215597152709960938e+00) (2, 1.71161150932312011719e+00) (3, -3.35435128211975097656e+00) (4, -1.13840579986572265625e+00) (5, -7.31942844390869140625e+00) (6, 6.40541696548461914062e+00) (7, -7.95648002624511718750e+00) (8, 5.10093927383422851562e+00) (9, 1.43140256404876708984e+00) (10, 2.85671734809875488281e+00) (11, 5.16716480255126953125e+00) (12, 3.00678586959838867188e+00) (13, -2.30552029609680175781e+00) (14, 1.18270039558410644531e+00) (15, -5.33435344696044921875e+00) (16, 1.03915681838989257812e+01) (17, 3.70990991592407226562e+00) (18, -5.59608650207519531250e+00) (19, -4.39806282520294189453e-01) (20, 7.17804145812988281250e+00) (21, 5.17444670200347900391e-01) (22, 2.82440519332885742188e+00) (23, 2.69490981101989746094e+00) (24, 1.65807557106018066406e+00) (25, 1.14173851013183593750e+01) (26, 3.91406583786010742188e+00) (27, 7.61347293853759765625e+00) (28, -1.45273456573486328125e+01) (29, 1.31322469711303710938e+01) (30, -5.81472110748291015625e+00) (31, -1.50512504577636718750e+00) (32, 3.05049300193786621094e+00) (33, -4.98353600502014160156e-01) (34, -3.16927766799926757812e+00) (35, -2.57324427366256713867e-02) (36, 1.13154542446136474609e+00) (37, 1.31687462329864501953e+00) (38, 2.60559129714965820312e+00) (39, 4.18730735778808593750e+00) (40, 2.29931926727294921875e+00) (41, -2.82539534568786621094e+00) (42, 2.19972062110900878906e+00) (43, -5.19668579101562500000e+00) (44, -4.30164003372192382812e+00) (45, -3.35599136352539062500e+00) (46, 4.34531837701797485352e-01) (47, -1.25743122100830078125e+01) (48, 2.59207069873809814453e-01) (49, -1.65165472030639648438e+00) (50, -5.02265155315399169922e-01) (51, 2.11458742618560791016e-01) (52, 2.18716174364089965820e-01) (53, 5.18677425384521484375e+00) (54, 1.69847011566162109375e+00) (55, 2.22148299217224121094e+00) (56, 3.76041531562805175781e-01) (57, 4.24211072921752929688e+00) (58, -3.45818251371383666992e-01) (59, 5.78223466873168945312e+00) (60, -9.40356433391571044922e-01) (61, -1.26254975795745849609e+00) (62, 1.33214437961578369141e+00) (63, 1.13423216342926025391e+00) (64, 9.37331318855285644531e-01) (65, 2.04606633633375167847e-03) (66, 6.91695642471313476562e+00) (67, -1.43413722515106201172e+00) (68, -1.48619338870048522949e-01) (69, 1.00834310054779052734e+00) (70, -8.57844293117523193359e-01) (71, 2.82592320442199707031e+00) (72, -5.71123170852661132812e+00) (73, 2.61511778831481933594e+00) (74, 3.92635154724121093750e+00) (75, 2.11548447608947753906e+00) (76, 1.86241996288299560547e+00) (77, 1.60356354713439941406e+00) (78, -6.04052282869815826416e-03) (79, -1.50856390595436096191e-01) (80, -4.47868776321411132812e+00) (81, 9.34972241520881652832e-02) (82, -1.10683095455169677734e+00) (83, -8.59179258346557617188e-01) (84, -5.41316699981689453125e+00) (85, -1.54034316539764404297e+00) (86, -5.89515924453735351562e-01) (87, -3.14537495374679565430e-01) (88, -1.86997190117835998535e-01) (89, -5.07511913776397705078e-01) (90, -2.56328344345092773438e+00) (91, 1.82998448610305786133e-01) (92, -3.24477702379226684570e-02) (93, 2.54588961601257324219e-01) (94, 2.77012258768081665039e-01) (95, 2.97955162823200225830e-02) (96, 5.64004778861999511719e-01) (97, 5.30417799949645996094e-01) (98, -1.90262660384178161621e-01) (99, 2.03982833772897720337e-02) (100, -7.81910568475723266602e-02) (101, 2.17747375369071960449e-01) (102, -2.45002794265747070312e+00) (103, 9.40103530883789062500e+00) (104, 1.06166017055511474609e+00) (0, -6.73973007202148437500e+01) (1, -1.14983952045440673828e+00) (2, -2.40862298011779785156e+00) (3, 1.43639552593231201172e+00) (4, 1.93099224567413330078e+00) (5, 6.19086325168609619141e-02) (6, 3.08617258071899414062e+00) (7, 4.02919709682464599609e-01) (8, -2.94729423522949218750e+00) (9, 4.46862459182739257812e+00) (10, 2.74522453546524047852e-01) (11, 7.13653266429901123047e-01) (12, 2.59027838706970214844e+00) (13, 5.82307291030883789062e+00) (14, 3.98012137413024902344e+00) (15, -1.95117279887199401855e-01) (16, 2.34208822250366210938e+00) (17, 3.76460361480712890625e+00) (18, -1.00552260875701904297e+00) (19, 5.21625399589538574219e-01) (20, 8.90863513946533203125e+00) (21, -5.96782207489013671875e+00) (22, 3.69222402572631835938e+00) (23, 1.73442974090576171875e+01) (24, 2.44872117042541503906e+00) (25, -1.91537415981292724609e+00) (26, 2.36291956901550292969e+00) (27, 1.25817215442657470703e+00) (28, 9.30752515792846679688e-01) (29, -6.24071419239044189453e-01) (30, -1.54581606388092041016e-01) (31, 9.47191715240478515625e-01) (32, -2.20949506759643554688e+00) (33, -1.61655694246292114258e-01) (34, -4.69061076641082763672e-01) (35, 3.25172853469848632812e+00) (36, 2.38477531820535659790e-02) (37, 1.67068839073181152344e+00) (38, -1.00471830368041992188e+00) (39, 1.44254118204116821289e-01) (40, 2.96461462974548339844e+00) (41, 1.08923089504241943359e+00) (42, 3.36643981933593750000e+00) (43, -1.67854797840118408203e+00) (44, 1.44462406635284423828e+00) (45, -2.59288072586059570312e+00) (46, -3.65412163734436035156e+00) (47, 1.26785492897033691406e+00) (48, 7.30660498142242431641e-01) (49, 3.28441190719604492188e+00) (50, -2.30066013336181640625e+00) (51, 3.34536433219909667969e+00) (52, 2.67123198509216308594e+00) (53, 4.75620269775390625000e+00) (54, 3.79226136207580566406e+00) (55, -2.21785068511962890625e-01) (56, 2.26363635063171386719e+00) (57, 1.40053582191467285156e+00) (58, -9.63902294635772705078e-01) (59, -1.68685686588287353516e+00) (60, 1.35296559333801269531e+00) (61, 6.35820484161376953125e+00) (62, 7.65720415115356445312e+00) (63, 1.47026181221008300781e+00) (64, -2.02771520614624023438e+00) (65, 1.57985436916351318359e+00) (66, -5.70881319046020507812e+00) (67, 3.29196953773498535156e+00) (68, 2.92773032188415527344e+00) (69, -1.39288735389709472656e+00) (70, 2.08414840698242187500e+00) (71, 2.70748734474182128906e+00) (72, 1.63116812705993652344e+00) (73, 2.79771775007247924805e-01) (74, 4.01867926120758056641e-01) (75, -5.75091600418090820312e+00) (76, 1.74350619316101074219e+00) (77, 1.24053224921226501465e-01) (78, -2.45374822616577148438e+00) (79, 1.93133723735809326172e+00) (80, -1.40708599090576171875e+01) (81, -2.20871233940124511719e+00) (82, 1.22950589656829833984e+00) (83, -5.69576740264892578125e-01) (84, 4.55816936492919921875e+00) (85, -3.69165062904357910156e+00) (86, 5.82233071327209472656e-01) (87, 4.78609228134155273438e+00) (88, 9.28089332580566406250e+00) (89, 3.65380525588989257812e-01) (90, -3.44946074485778808594e+00) (91, -5.53091001510620117188e+00) (92, 1.07880010604858398438e+01) (93, 7.67252862453460693359e-01) (94, 2.03391623497009277344e+00) (95, 3.96822452545166015625e+00) (96, 6.31734371185302734375e+00) (97, 7.21027970314025878906e-01) (98, 5.09169435501098632812e+00) (99, -2.08806347846984863281e+00) (100, 1.64426410198211669922e+00) (101, 6.73696565628051757812e+00) (102, -1.77130069732666015625e+01) (103, 2.57050228118896484375e+01) (104, -6.81873798370361328125e-01) (0, -2.39782775878906250000e+02) (1, 2.76210117340087890625e+00) (2, 1.52575302124023437500e+00) (3, 6.66667556762695312500e+00) (4, 2.16823673248291015625e+00) (5, 2.15078697204589843750e+01) (6, 2.40225601196289062500e+00) (7, 2.65761804580688476562e+00) (8, 4.55911636352539062500e+00) (9, 1.70611655712127685547e+00) (10, 2.84847021102905273438e+00) (11, 1.62063515186309814453e+00) (12, 1.52243888378143310547e+00) (13, -2.81433773040771484375e+00) (14, 4.48986625671386718750e+00) (15, -6.38705253601074218750e-01) (16, 2.50260314941406250000e+01) (17, 7.89258778095245361328e-01) (18, 2.80496921539306640625e+01) (19, 1.11542043685913085938e+01) (20, 1.80950212478637695312e+00) (21, 1.17446441650390625000e+01) (22, 5.97334146499633789062e+00) (23, 7.25085926055908203125e+00) (24, -6.68579816818237304688e-01) (25, -2.49741935729980468750e+00) (26, 5.57567596435546875000e-01) (27, 4.60496246814727783203e-01) (28, 4.51325207948684692383e-01) (29, -6.11142969131469726562e+00) (30, -8.92197787761688232422e-01) (31, -4.43308925628662109375e+00) (32, -2.19837021827697753906e+00) (33, 2.93055677413940429688e+00) (34, -1.39220416545867919922e+00) (35, 4.59159755706787109375e+00) (36, 1.10682506561279296875e+01) (37, 6.98227643966674804688e+00) (38, 9.65389537811279296875e+00) (39, 1.99423146247863769531e+00) (40, 2.39624619483947753906e+00) (41, -9.20407772064208984375e+00) (42, 2.18502259254455566406e+00) (43, -2.90887415409088134766e-01) (44, -1.21817755699157714844e+00) (45, -9.31024074554443359375e-01) (46, -9.13207626342773437500e+00) (47, 1.40509796142578125000e+01) (48, 1.21245222091674804688e+01) (49, 1.94147071838378906250e+01) (50, 4.39770889282226562500e+00) (51, 1.92463636398315429688e+00) (52, 1.14186382293701171875e+01) (53, 4.72347259521484375000e+00) (54, -2.37239861488342285156e+00) (55, 3.69241256713867187500e+01) (56, 5.30958986282348632812e+00) (57, -7.06730604171752929688e+00) (58, 5.31382131576538085938e+00) (59, 1.42475919723510742188e+01) (60, -3.78594994544982910156e-01) (61, 3.71285796165466308594e+00) (62, 8.58065700531005859375e+00) (63, 1.54802799224853515625e+00) (64, 4.90298807621002197266e-01) (65, 2.23266959190368652344e+00) (66, 1.50504243373870849609e+00) (67, 2.64692091941833496094e+00) (68, -5.70181751251220703125e+00) (69, 1.14169902801513671875e+01) (70, -8.69519591331481933594e-01) (71, 2.96009750366210937500e+01) (72, -9.98747253417968750000e+00) (73, -1.31553812026977539062e+01) (74, 4.07632708549499511719e-01) (75, -4.02691602706909179688e+00) (76, 4.45681273937225341797e-01) (77, -1.30142164230346679688e+00) (78, -4.29204797744750976562e+00) (79, 9.95333099365234375000e+00) (80, 2.01221675872802734375e+01) (81, 1.70434856414794921875e+01) (82, 6.64140224456787109375e+00) (83, -3.56008505821228027344e+00) (84, -5.07640123367309570312e+00) (85, 3.33822393417358398438e+00) (86, -5.40736280381679534912e-02) (87, 1.48295819759368896484e+00) (88, 5.63800573348999023438e+00) (89, 6.97979593276977539062e+00) (90, 2.70510101318359375000e+00) (91, 1.29150371551513671875e+01) (92, 6.33282613754272460938e+00) (93, -5.59904527664184570312e+00) (94, 2.25252175331115722656e+00) (95, 3.05175453424453735352e-01) (96, 5.70172214508056640625e+00) (97, 1.57727074623107910156e+00) (98, 1.25802917480468750000e+01) (99, 9.56832885742187500000e-01) (100, 1.97488391399383544922e+00) (101, 1.85074877738952636719e+00) (102, -4.11980667114257812500e+01) (103, 5.90722999572753906250e+01) (104, -1.03831768035888671875e+00) (0, -1.50000000000000000000e+03) (1, -1.50000000000000000000e+03) (2, -1.50000000000000000000e+03) (3, -1.50000000000000000000e+03) (4, -1.50000000000000000000e+03) (5, -1.50000000000000000000e+03) (6, -1.50000000000000000000e+03) (7, -1.50000000000000000000e+03) (8, -1.43462890625000000000e+03) (9, -1.50000000000000000000e+03) (10, 1.49999987792968750000e+03) (11, -1.50000000000000000000e+03) (12, -8.68537292480468750000e+02) (13, -1.50000000000000000000e+03) (14, -6.17749834060668945312e+00) (15, -1.49999987792968750000e+03) (16, 1.50000000000000000000e+03) (17, 1.50000000000000000000e+03) (18, 1.50000000000000000000e+03) (19, 1.50000000000000000000e+03) (20, 1.50000000000000000000e+03) (21, 1.50000000000000000000e+03) (22, 1.50000000000000000000e+03) (23, 1.50000000000000000000e+03) (24, 1.50000000000000000000e+03) (25, 1.50000000000000000000e+03) (26, 1.50000000000000000000e+03) (27, 1.50000000000000000000e+03) (28, 1.50000000000000000000e+03) (29, 1.50000000000000000000e+03) (30, 1.50000000000000000000e+03) (31, 1.50000000000000000000e+03) (32, 1.50000000000000000000e+03) (33, 1.50000000000000000000e+03) (34, 1.50000000000000000000e+03) (35, 1.50000000000000000000e+03) (36, 1.50000000000000000000e+03) (37, 1.50000000000000000000e+03) (38, 1.50000000000000000000e+03) (39, 1.49999987792968750000e+03) (40, 1.50000000000000000000e+03) (41, 1.50000000000000000000e+03) (42, 1.49999987792968750000e+03) (43, 1.50000000000000000000e+03) (44, 1.50000000000000000000e+03) (45, 1.50000000000000000000e+03) (46, 1.50000000000000000000e+03) (47, 1.50000000000000000000e+03) (48, 1.50000000000000000000e+03) (49, 1.49764794921875000000e+03) (50, -1.45407324218750000000e+03) (51, 1.50000000000000000000e+03) (52, 1.50000000000000000000e+03) (53, 1.50000000000000000000e+03) (54, 1.50000000000000000000e+03) (55, 1.50000000000000000000e+03) (56, -5.63952636718750000000e+02) (57, -1.49800573730468750000e+03) (58, -1.45400207519531250000e+03) (59, -1.50000000000000000000e+03) (60, -1.50000000000000000000e+03) (61, -1.50000000000000000000e+03) (62, -1.49929687500000000000e+03) (63, -1.50000000000000000000e+03) (64, -1.49253613281250000000e+03) (65, -1.50000000000000000000e+03) (66, 1.50000000000000000000e+03) (67, 1.49999987792968750000e+03) (68, -1.50000000000000000000e+03) (69, -1.50000000000000000000e+03) (70, -1.50000000000000000000e+03) (71, -8.72685670852661132812e-01) (72, -1.50000000000000000000e+03) (73, -1.50000000000000000000e+03) (74, -1.50000000000000000000e+03) (75, -1.50000000000000000000e+03) (76, -1.50000000000000000000e+03) (77, -1.50000000000000000000e+03) (78, -1.50000000000000000000e+03) (79, -1.50000000000000000000e+03) (80, -1.50000000000000000000e+03) (81, -1.50000000000000000000e+03) (82, -1.50000000000000000000e+03) (83, -1.50000000000000000000e+03) (84, -1.50000000000000000000e+03) (85, -1.50000000000000000000e+03) (86, -1.50000000000000000000e+03) (87, -1.50000000000000000000e+03) (88, -1.50000000000000000000e+03) (89, -1.50000000000000000000e+03) (90, -1.50000000000000000000e+03) (91, -1.50000000000000000000e+03) (92, -1.50000000000000000000e+03) (93, -1.49999987792968750000e+03) (94, -1.50000000000000000000e+03) (95, -1.50000000000000000000e+03) (96, -1.50000000000000000000e+03) (97, -1.50000000000000000000e+03) (98, -1.50000000000000000000e+03) (99, -1.50000000000000000000e+03) (100, -1.50000000000000000000e+03) (101, -1.49671606445312500000e+03) (102, -1.50000000000000000000e+03) (103, 1.50000000000000000000e+03) (104, 4.06946039199829101562e+00) (0, -4.10112113952636718750e+01) (1, -1.34228897094726562500e+00) (2, -8.13999772071838378906e-02) (3, 1.07338705062866210938e+01) (4, 5.57761132717132568359e-01) (5, 1.12789452075958251953e+00) (6, 1.85562157630920410156e+00) (7, -6.23684227466583251953e-01) (8, -1.51225781440734863281e+00) (9, 2.53455132246017456055e-01) (10, 3.47744607925415039062e+00) (11, 1.60219871997833251953e+00) (12, 6.86567246913909912109e-01) (13, -5.96582889556884765625e+00) (14, 1.76475620269775390625e+00) (15, 1.14853918552398681641e+00) (16, 3.46830415725708007812e+00) (17, 4.54174965620040893555e-01) (18, 5.49167823791503906250e+00) (19, 1.12945520877838134766e+00) (20, -1.40555250644683837891e+00) (21, 4.76032674312591552734e-01) (22, 1.60361874103546142578e+00) (23, 1.50034278631210327148e-01) (24, 1.98180150985717773438e+00) (25, -3.14961671829223632812e+00) (26, 9.83237564563751220703e-01) (27, -6.95329248905181884766e-01) (28, -8.12630712985992431641e-01) (29, 1.37820124626159667969e+00) (30, 4.69327449798583984375e+00) (31, -1.89778256416320800781e+00) (32, 6.40910804271697998047e-01) (33, 1.70626974105834960938e+00) (34, 4.25981426239013671875e+00) (35, 6.49303150177001953125e+00) (36, 4.93827521800994873047e-01) (37, 3.64787012338638305664e-01) (38, -9.36819970607757568359e-01) (39, 5.93225002288818359375e-01) (40, 1.54176723957061767578e+00) (41, 5.96246957778930664062e+00) (42, 1.68423867225646972656e+00) (43, 1.39168047904968261719e+00) (44, -1.44405627250671386719e+00) (45, 9.56458759307861328125e+00) (46, -2.88698136806488037109e-01) (47, 3.24606180191040039062e+00) (48, 1.36068761348724365234e+00) (49, -1.73045945167541503906e+00) (50, 1.04339611530303955078e+00) (51, 1.64022648334503173828e+00) (52, 5.00331282615661621094e-01) (53, -2.40801310539245605469e+00) (54, 1.55514085292816162109e+00) (55, 4.04644012451171875000e+00) (56, 2.32967591285705566406e+00) (57, -2.00953674316406250000e+00) (58, 1.08903431892395019531e+00) (59, 4.06461668014526367188e+00) (60, -6.01213395595550537109e-01) (61, -8.65355968475341796875e+00) (62, 1.58337759971618652344e+00) (63, 1.02753376960754394531e+00) (64, 5.03768110275268554688e+00) (65, 1.52780461311340332031e+00) (66, 2.54297304153442382812e+00) (67, 5.43996095657348632812e+00) (68, 6.69165515899658203125e+00) (69, -5.75967407226562500000e+00) (70, 4.42309260368347167969e-01) (71, 1.30676910281181335449e-01) (72, -4.09868471324443817139e-02) (73, 5.08034610748291015625e+00) (74, -2.38167166709899902344e-01) (75, -6.13432073593139648438e+00) (76, 1.16682710647583007812e+01) (77, -4.88267280161380767822e-02) (78, -3.81774640083312988281e+00) (79, -1.32138843536376953125e+01) (80, 3.78769612312316894531e+00) (81, 7.78364610671997070312e+00) (82, -3.04554748535156250000e+00) (83, -4.85727405548095703125e+00) (84, 1.23849995434284210205e-01) (85, 7.10064077377319335938e+00) (86, -1.40341067314147949219e+00) (87, 5.23683726787567138672e-01) (88, 2.10359454154968261719e+00) (89, -6.46320044994354248047e-01) (90, 2.68688035011291503906e+00) (91, -3.01969647407531738281e-02) (92, -1.93046998977661132812e+00) (93, 3.63195329904556274414e-01) (94, 1.03986740112304687500e+00) (95, 4.31449031829833984375e+00) (96, 1.30003118515014648438e+00) (97, -1.40003967285156250000e+00) (98, -4.54243278503417968750e+00) (99, 2.17881694436073303223e-01) (100, 8.34531843662261962891e-01) (101, 1.79209041595458984375e+00) (102, -1.35788469314575195312e+01) (103, 1.97344169616699218750e+01) (104, 6.02498427033424377441e-02) (0, 1.22049131393432617188e+01) (1, 6.17935323715209960938e+00) (2, 7.20634222030639648438e+00) (3, -9.27346611022949218750e+00) (4, 4.85799646377563476562e+00) (5, 2.12737202644348144531e+00) (6, -6.40683126449584960938e+00) (7, 7.86718428134918212891e-01) (8, 4.64698600769042968750e+00) (9, 8.81731891632080078125e+00) (10, -7.87852334976196289062e+00) (11, -9.50616300106048583984e-01) (12, 1.94170629978179931641e+00) (13, -1.20842099189758300781e+00) (14, 3.38543319702148437500e+00) (15, 1.60261650085449218750e+01) (16, 1.82155430316925048828e+00) (17, -5.33356857299804687500e+00) (18, -8.23748683929443359375e+00) (19, 3.89590501785278320312e+00) (20, -1.07557249069213867188e+01) (21, 3.88099193572998046875e+00) (22, 8.63479518890380859375e+00) (23, 6.84595537185668945312e+00) (24, -1.45422661304473876953e+00) (25, 7.19249916076660156250e+00) (26, -9.92462098598480224609e-01) (27, -3.11796605587005615234e-01) (28, -4.84926795959472656250e+00) (29, 8.67374300956726074219e-01) (30, -1.47649788856506347656e+00) (31, -2.13212323188781738281e+00) (32, 5.54279375076293945312e+00) (33, 8.94850313663482666016e-01) (34, -1.62692523002624511719e+00) (35, 3.73194360733032226562e+00) (36, -8.12639951705932617188e-01) (37, 1.70927965641021728516e+00) (38, -3.33587713539600372314e-02) (39, 1.63815546035766601562e+00) (40, 6.26537561416625976562e-01) (41, -1.56607836484909057617e-01) (42, 5.32908797264099121094e-01) (43, 6.38640165328979492188e-01) (44, 2.82048553228378295898e-01) (45, 1.84170591831207275391e+00) (46, -7.85035085678100585938e+00) (47, 2.51570105552673339844e+00) (48, -1.43975687026977539062e+00) (49, -1.14611995220184326172e+00) (50, -1.96198356151580810547e+00) (51, 2.08534932136535644531e+00) (52, -7.90503323078155517578e-01) (53, -8.08486402034759521484e-01) (54, 9.55128490924835205078e-01) (55, 1.51474213600158691406e+00) (56, -5.63230276107788085938e-01) (57, 5.91862380504608154297e-01) (58, -7.42239773273468017578e-01) (59, -1.52428829669952392578e+00) (60, -1.00134146213531494141e+00) (61, -1.80515193939208984375e+01) (62, 4.30110514163970947266e-01) (63, 1.64764314889907836914e-01) (64, 1.59683120250701904297e+00) (65, 1.08008885383605957031e+00) (66, 6.78062677383422851562e+00) (67, 7.15422868728637695312e-01) (68, -1.63950115442276000977e-01) (69, 4.49331998825073242188e-01) (70, 1.66057562828063964844e+00) (71, 7.48962104320526123047e-01) (72, 3.89274775981903076172e-01) (73, 5.48346102237701416016e-01) (74, 2.78638720512390136719e-01) (75, -1.02082157135009765625e+00) (76, -2.41985186934471130371e-01) (77, -3.55002015829086303711e-01) (78, -4.82822328805923461914e-01) (79, -4.65132892131805419922e-01) (80, -4.83249282836914062500e+00) (81, 1.13134813308715820312e+00) (82, -8.91507446765899658203e-01) (83, -6.97801411151885986328e-01) (84, -8.32898855209350585938e-01) (85, -7.90741384029388427734e-01) (86, -5.56397140026092529297e-01) (87, 7.21299648284912109375e-02) (88, 1.49458706378936767578e-01) (89, -1.01858172565698623657e-02) (90, -1.00579392910003662109e+00) (91, 2.14847534894943237305e-01) (92, -3.40308099985122680664e-02) (93, 2.63546198606491088867e-01) (94, 2.57259935140609741211e-01) (95, -1.66410729289054870605e-01) (96, 7.76292324066162109375e-01) (97, 5.84892392158508300781e-01) (98, -1.87506988644599914551e-01) (99, -5.11326640844345092773e-02) (100, -1.25783002004027366638e-02) (101, 1.38777270913124084473e-01) (102, 5.45552444458007812500e+00) (103, -4.96159613132476806641e-01) (104, 9.17040824890136718750e-01) (0, -8.01263504028320312500e+01) (1, -1.80808150768280029297e+00) (2, -2.88315743207931518555e-01) (3, 9.30796051025390625000e+00) (4, 4.28994625806808471680e-01) (5, 1.03416168689727783203e+00) (6, 1.61436593532562255859e+00) (7, 4.94328022003173828125e-01) (8, -2.29257988929748535156e+00) (9, 1.57666981220245361328e-01) (10, 1.49037516117095947266e+00) (11, -8.89378562569618225098e-02) (12, 2.03035330772399902344e+00) (13, 1.30516141653060913086e-01) (14, 1.96969139575958251953e+00) (15, 5.21244741976261138916e-02) (16, 2.31377959251403808594e+00) (17, 7.95689344406127929688e-01) (18, 5.10937809944152832031e-01) (19, 1.08068203926086425781e+00) (20, 6.38242423534393310547e-01) (21, 1.24847912788391113281e+00) (22, 5.95114803314208984375e+00) (23, 1.29573988914489746094e+00) (24, 9.50615644454956054688e-01) (25, -9.74157154560089111328e-02) (26, 9.28125202655792236328e-01) (27, 9.74570751190185546875e-01) (28, -1.01299214363098144531e+00) (29, 1.24328446388244628906e+00) (30, 2.52303004264831542969e+00) (31, 5.99473528563976287842e-02) (32, 2.43702578544616699219e+00) (33, 2.03687262535095214844e+00) (34, -1.12739686965942382812e+01) (35, 6.64329242706298828125e+00) (36, 2.14329481124877929688e+00) (37, 9.22509479522705078125e+00) (38, -9.30908501148223876953e-01) (39, -6.26332283020019531250e+00) (40, 1.94426488876342773438e+00) (41, -7.94553339481353759766e-01) (42, 6.07915222644805908203e-01) (43, 1.23897266387939453125e+00) (44, -5.40813255310058593750e+00) (45, 3.77284079790115356445e-01) (46, 1.21230669021606445312e+01) (47, -6.52150058746337890625e+00) (48, 4.06316852569580078125e+00) (49, 6.82642161846160888672e-01) (50, 9.35858821868896484375e+00) (51, 3.50731468200683593750e+00) (52, 4.55057144165039062500e+00) (53, 4.64176273345947265625e+00) (54, 6.99321651458740234375e+00) (55, -5.53586073219776153564e-02) (56, 7.62492084503173828125e+00) (57, 5.76873779296875000000e+00) (58, -4.79597836732864379883e-01) (59, 5.20147895812988281250e+00) (60, 1.76775002479553222656e+00) (61, 2.96579599380493164062e+00) (62, 2.94415664672851562500e+00) (63, 1.46233868598937988281e+00) (64, 4.10605669021606445312e-01) (65, 1.97787094116210937500e+00) (66, -8.44532203674316406250e+00) (67, -6.03880643844604492188e-01) (68, 1.84378802776336669922e+00) (69, -4.83669662475585937500e+00) (70, 1.93225610256195068359e+00) (71, 2.57826662063598632812e+00) (72, -1.34585559368133544922e-01) (73, -1.20339715480804443359e+00) (74, -9.93759110569953918457e-02) (75, 5.42799139022827148438e+00) (76, 3.43801832199096679688e+00) (77, 2.87690937519073486328e-01) (78, 1.31213867664337158203e+00) (79, -1.35661435127258300781e+00) (80, -3.32229590415954589844e+00) (81, -1.96598303318023681641e+00) (82, -5.77780389785766601562e+00) (83, 2.08963918685913085938e+00) (84, -3.37934708595275878906e+00) (85, 1.07778298854827880859e+00) (86, 1.65200459957122802734e+00) (87, 1.82178795337677001953e+00) (88, 3.67646002769470214844e+00) (89, -3.66496253013610839844e+00) (90, -3.29065060615539550781e+00) (91, -3.98949980735778808594e+00) (92, 1.10600700378417968750e+01) (93, 8.54178428649902343750e+00) (94, 2.14522194862365722656e+00) (95, 6.26239395141601562500e+00) (96, 2.50973272323608398438e+00) (97, -1.02023220062255859375e+00) (98, 4.49255943298339843750e+00) (99, -1.34110081195831298828e+00) (100, 1.38128817081451416016e+00) (101, 1.18540382385253906250e+01) (102, -1.52382345199584960938e+01) (103, 2.22919349670410156250e+01) (104, -8.18963527679443359375e-01) (0, 1.00235557556152343750e+00) (1, -1.50275472551584243774e-02) (2, 1.97005167603492736816e-01) (3, -1.86688649654388427734e+00) (4, -5.80872185528278350830e-02) (5, 5.49389898777008056641e-01) (6, 3.61005254089832305908e-02) (7, 4.99234437942504882812e-01) (8, -2.39870929718017578125e+00) (9, -9.94436144828796386719e-01) (10, 1.04535043239593505859e+00) (11, -6.21315658092498779297e-01) (12, 1.11761319637298583984e+00) (13, 1.29719042778015136719e+00) (14, -3.06542634963989257812e-01) (15, -6.25891327857971191406e-01) (16, 3.82027983665466308594e-01) (17, -5.76444923877716064453e-01) (18, -5.66867113113403320312e-01) (19, -4.54603642225265502930e-01) (20, 1.61446794867515563965e-01) (21, 2.09511590003967285156e+00) (22, -4.39442008733749389648e-01) (23, -6.18187367916107177734e-01) (24, -4.50605154037475585938e-01) (25, -7.45992958545684814453e-01) (26, 2.10567802190780639648e-01) (27, 4.72594678401947021484e-01) (28, -7.96262562274932861328e-01) (29, -3.70674103498458862305e-01) (30, 8.32563221454620361328e-01) (31, -1.29983723163604736328e+00) (32, 1.20985794067382812500e+00) (33, -3.53141546249389648438e-01) (34, -1.08191418647766113281e+00) (35, -2.05734834074974060059e-01) (36, 5.83264291286468505859e-01) (37, 3.18091750144958496094e+00) (38, -4.21915233135223388672e-01) (39, 1.38062924146652221680e-01) (40, 1.78184711933135986328e+00) (41, -2.14967250823974609375e+00) (42, 2.42121744155883789062e+00) (43, -6.55140340328216552734e-01) (44, 1.90083056688308715820e-01) (45, 7.99167931079864501953e-01) (46, 8.75751301646232604980e-02) (47, -2.21144899725914001465e-01) (48, 2.57279467582702636719e+00) (49, -2.01198920607566833496e-01) (50, -9.28808867931365966797e-01) (51, -7.18025088310241699219e-01) (52, -8.67920592427253723145e-02) (53, -2.08923912048339843750e+00) (54, 5.14978027343750000000e+00) (55, -2.51541256904602050781e+00) (56, 1.81507015228271484375e+00) (57, -2.05016708374023437500e+00) (58, -7.25408256053924560547e-01) (59, -9.20672476291656494141e-01) (60, -4.63830232620239257812e-01) (61, 2.14344930648803710938e+00) (62, 6.59842729568481445312e-01) (63, 4.22007851302623748779e-02) (64, 1.04778695106506347656e+00) (65, 2.12772107124328613281e+00) (66, -8.19834470748901367188e-01) (67, -1.29497754573822021484e+00) (68, 1.97056815028190612793e-01) (69, -4.00687545537948608398e-01) (70, 2.21964907646179199219e+00) (71, 1.57997679710388183594e+00) (72, 1.01141184568405151367e-01) (73, 4.65825587511062622070e-01) (74, 2.12764516472816467285e-01) (75, 6.46110326051712036133e-02) (76, -1.21965706348419189453e+00) (77, 3.05185526609420776367e-01) (78, -6.29427075386047363281e-01) (79, 1.03208929300308227539e-01) (80, 6.70430719852447509766e-01) (81, -2.18033790588378906250e+00) (82, 7.63526678085327148438e-01) (83, -6.14411115646362304688e-01) (84, -8.20848792791366577148e-02) (85, -9.30511116981506347656e-01) (86, 1.61754083819687366486e-04) (87, 3.19260895252227783203e-01) (88, -3.33567881584167480469e+00) (89, -1.01758801937103271484e+00) (90, 4.76771622896194458008e-01) (91, -1.90273571014404296875e+00) (92, -1.26223433017730712891e+00) (93, -8.01353678107261657715e-02) (94, 6.83676660060882568359e-01) (95, -5.26265919208526611328e-01) (96, 5.03733777999877929688e+00) (97, 3.50269466638565063477e-01) (98, -1.12216234207153320312e+00) (99, 1.07622742652893066406e+00) (100, 1.59976378083229064941e-01) (101, 1.96738198399543762207e-01) (102, -3.94393444061279296875e+00) (103, 9.93558406829833984375e+00) (104, -4.10530948638916015625e+00) (0, -1.50000000000000000000e+03) (1, -1.50000000000000000000e+03) (2, -1.50000000000000000000e+03) (3, -1.50000000000000000000e+03) (4, -1.50000000000000000000e+03) (5, -1.50000000000000000000e+03) (6, -1.50000000000000000000e+03) (7, -1.50000000000000000000e+03) (8, -1.43455615234375000000e+03) (9, -1.50000000000000000000e+03) (10, 1.49999987792968750000e+03) (11, -1.50000000000000000000e+03) (12, -7.39480133056640625000e+01) (13, -1.50000000000000000000e+03) (14, -5.91445636749267578125e+00) (15, -1.49999987792968750000e+03) (16, 1.50000000000000000000e+03) (17, 1.50000000000000000000e+03) (18, 1.50000000000000000000e+03) (19, 1.50000000000000000000e+03) (20, 1.50000000000000000000e+03) (21, 1.50000000000000000000e+03) (22, 1.50000000000000000000e+03) (23, 1.50000000000000000000e+03) (24, 1.50000000000000000000e+03) (25, 1.50000000000000000000e+03) (26, 1.50000000000000000000e+03) (27, 1.50000000000000000000e+03) (28, 1.50000000000000000000e+03) (29, 1.50000000000000000000e+03) (30, 1.50000000000000000000e+03) (31, 1.50000000000000000000e+03) (32, 1.50000000000000000000e+03) (33, 1.50000000000000000000e+03) (34, 1.50000000000000000000e+03) (35, 1.50000000000000000000e+03) (36, 1.50000000000000000000e+03) (37, 1.50000000000000000000e+03) (38, 1.50000000000000000000e+03) (39, 1.49943566894531250000e+03) (40, 1.50000000000000000000e+03) (41, 1.50000000000000000000e+03) (42, 1.49999987792968750000e+03) (43, 1.50000000000000000000e+03) (44, 1.50000000000000000000e+03) (45, 1.50000000000000000000e+03) (46, 1.50000000000000000000e+03) (47, 1.50000000000000000000e+03) (48, 1.50000000000000000000e+03) (49, 1.50000000000000000000e+03) (50, 8.99333496093750000000e+02) (51, 1.50000000000000000000e+03) (52, 1.50000000000000000000e+03) (53, 1.50000000000000000000e+03) (54, 1.50000000000000000000e+03) (55, 1.50000000000000000000e+03) (56, -1.00573077392578125000e+03) (57, -1.49795996093750000000e+03) (58, -1.45399414062500000000e+03) (59, -1.50000000000000000000e+03) (60, -1.50000000000000000000e+03) (61, -1.50000000000000000000e+03) (62, -1.49928930664062500000e+03) (63, -1.50000000000000000000e+03) (64, -1.49252893066406250000e+03) (65, -1.50000000000000000000e+03) (66, 1.49754296875000000000e+03) (67, 1.49999987792968750000e+03) (68, -1.50000000000000000000e+03) (69, -1.50000000000000000000e+03) (70, -1.50000000000000000000e+03) (71, -9.85195338726043701172e-01) (72, -1.50000000000000000000e+03) (73, -1.50000000000000000000e+03) (74, -1.50000000000000000000e+03) (75, -1.50000000000000000000e+03) (76, -1.50000000000000000000e+03) (77, -1.50000000000000000000e+03) (78, -1.50000000000000000000e+03) (79, -1.50000000000000000000e+03) (80, -1.50000000000000000000e+03) (81, -1.50000000000000000000e+03) (82, -1.50000000000000000000e+03) (83, -1.50000000000000000000e+03) (84, -1.50000000000000000000e+03) (85, -1.50000000000000000000e+03) (86, -1.50000000000000000000e+03) (87, -1.50000000000000000000e+03) (88, -1.50000000000000000000e+03) (89, -1.50000000000000000000e+03) (90, -1.50000000000000000000e+03) (91, -1.50000000000000000000e+03) (92, -1.50000000000000000000e+03) (93, -1.49999987792968750000e+03) (94, -1.50000000000000000000e+03) (95, -1.50000000000000000000e+03) (96, -1.50000000000000000000e+03) (97, -1.50000000000000000000e+03) (98, -1.50000000000000000000e+03) (99, -1.50000000000000000000e+03) (100, -1.50000000000000000000e+03) (101, -1.49670690917968750000e+03) (102, -1.50000000000000000000e+03) (103, 1.50000000000000000000e+03) (104, 4.13026905059814453125e+00) (0, 1.50000000000000000000e+03) (1, 1.50000000000000000000e+03) (2, 1.50000000000000000000e+03) (3, 1.50000000000000000000e+03) (4, 1.50000000000000000000e+03) (5, 1.50000000000000000000e+03) (6, 1.50000000000000000000e+03) (7, 1.50000000000000000000e+03) (8, 1.45542687988281250000e+03) (9, 1.50000000000000000000e+03) (10, -1.49989685058593750000e+03) (11, 1.50000000000000000000e+03) (12, 1.15191452026367187500e+02) (13, 1.50000000000000000000e+03) (14, 1.98744049072265625000e+01) (15, 1.49999987792968750000e+03) (16, -1.50000000000000000000e+03) (17, -1.48853442382812500000e+03) (18, -1.50000000000000000000e+03) (19, -1.50000000000000000000e+03) (20, -1.50000000000000000000e+03) (21, -1.50000000000000000000e+03) (22, -1.50000000000000000000e+03) (23, -1.50000000000000000000e+03) (24, -1.50000000000000000000e+03) (25, -1.50000000000000000000e+03) (26, -1.50000000000000000000e+03) (27, -1.46371838378906250000e+03) (28, -1.50000000000000000000e+03) (29, -1.50000000000000000000e+03) (30, -1.50000000000000000000e+03) (31, -1.50000000000000000000e+03) (32, -1.48159545898437500000e+03) (33, -1.50000000000000000000e+03) (34, -1.50000000000000000000e+03) (35, -1.50000000000000000000e+03) (36, -1.50000000000000000000e+03) (37, -1.50000000000000000000e+03) (38, -1.50000000000000000000e+03) (39, -1.49921459960937500000e+03) (40, -1.48733068847656250000e+03) (41, -1.45930175781250000000e+03) (42, -1.49996936035156250000e+03) (43, -1.50000000000000000000e+03) (44, -1.50000000000000000000e+03) (45, -1.50000000000000000000e+03) (46, -1.50000000000000000000e+03) (47, -1.50000000000000000000e+03) (48, -1.50000000000000000000e+03) (49, -1.48080993652343750000e+03) (50, -4.43183624267578125000e+02) (51, -1.47679150390625000000e+03) (52, -1.50000000000000000000e+03) (53, -1.50000000000000000000e+03) (54, -1.50000000000000000000e+03) (55, -1.50000000000000000000e+03) (56, 1.17543029785156250000e+03) (57, 1.49874414062500000000e+03) (58, 1.50000000000000000000e+03) (59, 1.50000000000000000000e+03) (60, 1.50000000000000000000e+03) (61, 1.50000000000000000000e+03) (62, 1.50000000000000000000e+03) (63, 1.50000000000000000000e+03) (64, 1.50000000000000000000e+03) (65, 1.50000000000000000000e+03) (66, -1.49426660156250000000e+03) (67, -1.49994885253906250000e+03) (68, 1.50000000000000000000e+03) (69, 1.50000000000000000000e+03) (70, 1.50000000000000000000e+03) (71, 9.53639507293701171875e+00) (72, 1.50000000000000000000e+03) (73, 1.50000000000000000000e+03) (74, 1.50000000000000000000e+03) (75, 1.50000000000000000000e+03) (76, 1.50000000000000000000e+03) (77, 1.50000000000000000000e+03) (78, 1.50000000000000000000e+03) (79, 1.50000000000000000000e+03) (80, 1.50000000000000000000e+03) (81, 1.50000000000000000000e+03) (82, 1.50000000000000000000e+03) (83, 1.50000000000000000000e+03) (84, 1.50000000000000000000e+03) (85, 1.50000000000000000000e+03) (86, 1.50000000000000000000e+03) (87, 1.50000000000000000000e+03) (88, 1.50000000000000000000e+03) (89, 1.50000000000000000000e+03) (90, 1.50000000000000000000e+03) (91, 1.50000000000000000000e+03) (92, 1.50000000000000000000e+03) (93, 1.50000000000000000000e+03) (94, 1.50000000000000000000e+03) (95, 1.50000000000000000000e+03) (96, 1.50000000000000000000e+03) (97, 1.50000000000000000000e+03) (98, 1.50000000000000000000e+03) (99, 1.50000000000000000000e+03) (100, 1.50000000000000000000e+03) (101, 1.50000000000000000000e+03) (102, 1.50000000000000000000e+03) (103, -1.50000000000000000000e+03) (104, -4.26701116561889648438e+00) (0, -3.28596862792968750000e+02) (1, -8.38988542556762695312e-01) (2, -1.59455144405364990234e+00) (3, 7.51609115600585937500e+01) (4, 1.49273669719696044922e+00) (5, -6.85301959514617919922e-01) (6, 2.88563108444213867188e+00) (7, 1.17770671844482421875e+00) (8, 1.50569403171539306641e+00) (9, 1.31676113605499267578e+00) (10, 3.07448840141296386719e+00) (11, 1.48140120506286621094e+00) (12, 2.16402459144592285156e+00) (13, -1.35465011000633239746e-01) (14, 3.76859450340270996094e+00) (15, 1.37029361724853515625e+00) (16, 1.75214028358459472656e+00) (17, 2.51115131378173828125e+00) (18, 3.60812878608703613281e+00) (19, 1.65832269191741943359e+00) (20, 1.63138878345489501953e+00) (21, 1.76880717277526855469e+00) (22, 1.16609668731689453125e+01) (23, 1.44965171813964843750e+00) (24, 5.51642417907714843750e+00) (25, 3.04892015457153320312e+00) (26, 1.55935764312744140625e+00) (27, 1.29532301425933837891e+00) (28, 1.53199672698974609375e-01) (29, 2.96785354614257812500e+00) (30, 2.84307174682617187500e+01) (31, -1.21938593685626983643e-01) (32, 2.39209175109863281250e+00) (33, 1.08743417263031005859e+00) (34, 2.39960885047912597656e+00) (35, 8.23029232025146484375e+00) (36, 4.71249294281005859375e+00) (37, 9.92286777496337890625e+00) (38, 2.49204015731811523438e+00) (39, 9.58509624004364013672e-01) (40, 2.87554550170898437500e+00) (41, 1.42907218933105468750e+01) (42, 2.12371349334716796875e+00) (43, 1.27316808700561523438e+00) (44, 2.46887135505676269531e+00) (45, 1.35112018585205078125e+01) (46, -5.46090507507324218750e+00) (47, 3.37386775016784667969e+00) (48, 3.16670513153076171875e+00) (49, 1.97575497627258300781e+00) (50, 1.95550322532653808594e+00) (51, 1.19563751220703125000e+01) (52, 2.20883369445800781250e+00) (53, 2.23368597030639648438e+00) (54, 1.35804624557495117188e+01) (55, 2.18380141258239746094e+00) (56, 1.00029385089874267578e+00) (57, 3.20428886413574218750e+01) (58, -1.23818230628967285156e+00) (59, 1.36476147174835205078e+00) (60, -4.75427769124507904053e-02) (61, -3.08629393577575683594e+00) (62, 3.07214488983154296875e+01) (63, 4.86658096313476562500e-01) (64, 2.88182139396667480469e+00) (65, 2.11908197402954101562e+00) (66, 2.79517440795898437500e+01) (67, -2.42643070220947265625e+00) (68, 7.17319726943969726562e-01) (69, -9.60941028594970703125e+00) (70, 9.86548781394958496094e-01) (71, 2.49783253669738769531e+00) (72, 5.48470556735992431641e-01) (73, 1.52362260818481445312e+01) (74, 1.13472604751586914062e+00) (75, 1.76405295729637145996e-01) (76, 2.08680973052978515625e+01) (77, 8.83243858814239501953e-01) (78, 1.53073520660400390625e+01) (79, -1.50953321456909179688e+01) (80, -5.36342096328735351562e+00) (81, 6.31431865692138671875e+00) (82, 4.73403120040893554688e+00) (83, -2.43175792694091796875e+00) (84, 7.29051780700683593750e+00) (85, 1.08301486968994140625e+01) (86, 1.07240390777587890625e+00) (87, 1.86363112926483154297e+00) (88, 3.22677063941955566406e+00) (89, -2.91564106941223144531e+00) (90, 4.18943911790847778320e-01) (91, 1.83938961029052734375e+01) (92, -2.33083248138427734375e+00) (93, 1.74403438568115234375e+01) (94, 2.09532165527343750000e+00) (95, 3.26394653320312500000e+00) (96, 2.39330935478210449219e+00) (97, 3.17425775527954101562e+00) (98, 3.00933814048767089844e+00) (99, 6.74715089797973632812e+00) (100, 1.81725931167602539062e+00) (101, 2.79029808044433593750e+01) (102, -3.44078369140625000000e+01) (103, 4.92722854614257812500e+01) (104, -8.64899933338165283203e-01) (0, 1.50000000000000000000e+03) (1, 1.50000000000000000000e+03) (2, 1.50000000000000000000e+03) (3, 1.50000000000000000000e+03) (4, 1.50000000000000000000e+03) (5, 1.50000000000000000000e+03) (6, 1.50000000000000000000e+03) (7, 1.50000000000000000000e+03) (8, 1.45481286621093750000e+03) (9, 1.50000000000000000000e+03) (10, -1.49999816894531250000e+03) (11, 1.50000000000000000000e+03) (12, 1.13757820129394531250e+02) (13, 1.50000000000000000000e+03) (14, 1.98695888519287109375e+01) (15, 1.49999987792968750000e+03) (16, -1.50000000000000000000e+03) (17, -1.50000000000000000000e+03) (18, -1.50000000000000000000e+03) (19, -1.50000000000000000000e+03) (20, -1.50000000000000000000e+03) (21, -1.50000000000000000000e+03) (22, -1.50000000000000000000e+03) (23, -1.50000000000000000000e+03) (24, -1.50000000000000000000e+03) (25, -1.50000000000000000000e+03) (26, -1.50000000000000000000e+03) (27, -1.46411535644531250000e+03) (28, -1.50000000000000000000e+03) (29, -1.50000000000000000000e+03) (30, -1.50000000000000000000e+03) (31, -1.50000000000000000000e+03) (32, -1.48167932128906250000e+03) (33, -1.50000000000000000000e+03) (34, -1.50000000000000000000e+03) (35, -1.50000000000000000000e+03) (36, -1.50000000000000000000e+03) (37, -1.50000000000000000000e+03) (38, -1.50000000000000000000e+03) (39, -1.49924389648437500000e+03) (40, -1.48739489746093750000e+03) (41, -1.46051745605468750000e+03) (42, -1.49999975585937500000e+03) (43, -1.50000000000000000000e+03) (44, -1.50000000000000000000e+03) (45, -1.50000000000000000000e+03) (46, -1.50000000000000000000e+03) (47, -1.50000000000000000000e+03) (48, -1.50000000000000000000e+03) (49, -1.48087414550781250000e+03) (50, -4.43216430664062500000e+02) (51, -1.47817456054687500000e+03) (52, -1.50000000000000000000e+03) (53, -1.50000000000000000000e+03) (54, -1.50000000000000000000e+03) (55, -1.50000000000000000000e+03) (56, 1.17534521484375000000e+03) (57, 1.49871191406250000000e+03) (58, 1.49996618652343750000e+03) (59, 1.50000000000000000000e+03) (60, 1.50000000000000000000e+03) (61, 1.50000000000000000000e+03) (62, 1.49985974121093750000e+03) (63, 1.50000000000000000000e+03) (64, 1.50000000000000000000e+03) (65, 1.50000000000000000000e+03) (66, -1.49429406738281250000e+03) (67, -1.49998449707031250000e+03) (68, 1.50000000000000000000e+03) (69, 1.50000000000000000000e+03) (70, 1.50000000000000000000e+03) (71, 2.81218242645263671875e+00) (72, 1.50000000000000000000e+03) (73, 1.50000000000000000000e+03) (74, 1.50000000000000000000e+03) (75, 1.50000000000000000000e+03) (76, 1.50000000000000000000e+03) (77, 1.50000000000000000000e+03) (78, 1.50000000000000000000e+03) (79, 1.50000000000000000000e+03) (80, 1.50000000000000000000e+03) (81, 1.50000000000000000000e+03) (82, 1.50000000000000000000e+03) (83, 1.50000000000000000000e+03) (84, 1.50000000000000000000e+03) (85, 1.50000000000000000000e+03) (86, 1.50000000000000000000e+03) (87, 1.50000000000000000000e+03) (88, 1.50000000000000000000e+03) (89, 1.50000000000000000000e+03) (90, 1.50000000000000000000e+03) (91, 1.50000000000000000000e+03) (92, 1.50000000000000000000e+03) (93, 1.50000000000000000000e+03) (94, 1.50000000000000000000e+03) (95, 1.50000000000000000000e+03) (96, 1.50000000000000000000e+03) (97, 1.50000000000000000000e+03) (98, 1.50000000000000000000e+03) (99, 1.50000000000000000000e+03) (100, 1.50000000000000000000e+03) (101, 1.50000000000000000000e+03) (102, 1.50000000000000000000e+03) (103, -1.50000000000000000000e+03) (104, -1.98916459083557128906e+00) (0, -1.50000000000000000000e+03) (1, -1.50000000000000000000e+03) (2, -1.50000000000000000000e+03) (3, -1.50000000000000000000e+03) (4, -1.50000000000000000000e+03) (5, -1.50000000000000000000e+03) (6, -1.50000000000000000000e+03) (7, -1.50000000000000000000e+03) (8, -1.43455615234375000000e+03) (9, -1.50000000000000000000e+03) (10, 1.49999987792968750000e+03) (11, -1.50000000000000000000e+03) (12, -1.36850309371948242188e+01) (13, -1.50000000000000000000e+03) (14, -3.28704454004764556885e-02) (15, -1.49999987792968750000e+03) (16, 1.50000000000000000000e+03) (17, 1.50000000000000000000e+03) (18, 1.50000000000000000000e+03) (19, 1.50000000000000000000e+03) (20, 1.50000000000000000000e+03) (21, 1.50000000000000000000e+03) (22, 1.50000000000000000000e+03) (23, 1.50000000000000000000e+03) (24, 1.50000000000000000000e+03) (25, 1.50000000000000000000e+03) (26, 1.50000000000000000000e+03) (27, 1.50000000000000000000e+03) (28, 1.50000000000000000000e+03) (29, 1.50000000000000000000e+03) (30, 1.50000000000000000000e+03) (31, 1.50000000000000000000e+03) (32, 1.50000000000000000000e+03) (33, 1.50000000000000000000e+03) (34, 1.50000000000000000000e+03) (35, 1.50000000000000000000e+03) (36, 1.50000000000000000000e+03) (37, 1.50000000000000000000e+03) (38, 1.50000000000000000000e+03) (39, 1.49943566894531250000e+03) (40, 1.50000000000000000000e+03) (41, 1.50000000000000000000e+03) (42, 1.49999987792968750000e+03) (43, 1.50000000000000000000e+03) (44, 1.50000000000000000000e+03) (45, 1.50000000000000000000e+03) (46, 1.50000000000000000000e+03) (47, 1.50000000000000000000e+03) (48, 1.50000000000000000000e+03) (49, 1.50000000000000000000e+03) (50, 8.99333496093750000000e+02) (51, 1.50000000000000000000e+03) (52, 1.50000000000000000000e+03) (53, 1.50000000000000000000e+03) (54, 1.50000000000000000000e+03) (55, 1.50000000000000000000e+03) (56, 4.81536651611328125000e+02) (57, -1.49795825195312500000e+03) (58, -1.45399365234375000000e+03) (59, -1.50000000000000000000e+03) (60, -1.50000000000000000000e+03) (61, -1.50000000000000000000e+03) (62, -1.49928930664062500000e+03) (63, -1.50000000000000000000e+03) (64, -1.49252893066406250000e+03) (65, -1.50000000000000000000e+03) (66, 1.49754296875000000000e+03) (67, 1.49999987792968750000e+03) (68, -1.50000000000000000000e+03) (69, -1.50000000000000000000e+03) (70, -1.50000000000000000000e+03) (71, -9.41393852233886718750e-01) (72, -1.50000000000000000000e+03) (73, -1.50000000000000000000e+03) (74, -1.50000000000000000000e+03) (75, -1.50000000000000000000e+03) (76, -1.50000000000000000000e+03) (77, -1.50000000000000000000e+03) (78, -1.50000000000000000000e+03) (79, -1.50000000000000000000e+03) (80, -1.50000000000000000000e+03) (81, -1.50000000000000000000e+03) (82, -1.50000000000000000000e+03) (83, -1.50000000000000000000e+03) (84, -1.50000000000000000000e+03) (85, -1.50000000000000000000e+03) (86, -1.50000000000000000000e+03) (87, -1.50000000000000000000e+03) (88, -1.50000000000000000000e+03) (89, -1.50000000000000000000e+03) (90, -1.50000000000000000000e+03) (91, -1.50000000000000000000e+03) (92, -1.50000000000000000000e+03) (93, -1.49999987792968750000e+03) (94, -1.50000000000000000000e+03) (95, -1.50000000000000000000e+03) (96, -1.50000000000000000000e+03) (97, -1.50000000000000000000e+03) (98, -1.50000000000000000000e+03) (99, -1.50000000000000000000e+03) (100, -1.50000000000000000000e+03) (101, -1.49670690917968750000e+03) (102, -1.50000000000000000000e+03) (103, 1.50000000000000000000e+03) (104, 4.06927585601806640625e+00) (0, 1.86757719516754150391e+00) (1, -2.39131355285644531250e+00) (2, -2.40291786193847656250e+00) (3, 5.81887960433959960938e+00) (4, 9.74077045917510986328e-01) (5, 9.84689295291900634766e-01) (6, -1.36708185076713562012e-01) (7, -3.08664584159851074219e+00) (8, 1.65463030338287353516e+00) (9, -9.61245536804199218750e-01) (10, 8.31131041049957275391e-01) (11, 1.04269766807556152344e+00) (12, 6.60556459426879882812e+00) (13, -1.34278631210327148438e+00) (14, 1.45945441722869873047e+00) (15, -2.90910077095031738281e+00) (16, 2.56992387771606445312e+00) (17, -9.17193710803985595703e-01) (18, 3.04329371452331542969e+00) (19, -5.82012414932250976562e+00) (20, 8.04718881845474243164e-02) (21, -1.91325098276138305664e-01) (22, 2.47242212295532226562e+00) (23, 2.75445055961608886719e+00) (24, -2.70329952239990234375e-01) (25, -3.47744792699813842773e-01) (26, -3.62458944320678710938e-01) (27, 2.39697909355163574219e+00) (28, -3.13700103759765625000e+00) (29, 9.44019615650177001953e-01) (30, 2.93368995189666748047e-01) (31, 5.28045034408569335938e+00) (32, 2.85645937919616699219e+00) (33, -1.82920157909393310547e+00) (34, 2.43676829338073730469e+00) (35, -4.09890604019165039062e+00) (36, 3.60427916049957275391e-01) (37, 8.61751139163970947266e-02) (38, 7.68620744347572326660e-02) (39, 8.92740190029144287109e-02) (40, -1.09257423877716064453e+00) (41, -3.54545807838439941406e+00) (42, 9.66380238533020019531e-01) (43, -8.10175132751464843750e+00) (44, 1.19297139346599578857e-01) (45, 4.37921062111854553223e-02) (46, -4.17941808700561523438e+00) (47, -2.72381424903869628906e+00) (48, -6.57814145088195800781e-02) (49, -1.58835023641586303711e-01) (50, -1.57976078987121582031e+00) (51, -3.49074482917785644531e+00) (52, 1.10061275959014892578e+00) (53, 2.20770716667175292969e+00) (54, 6.41775250434875488281e-01) (55, -5.51179265975952148438e+00) (56, 1.62089192867279052734e+00) (57, 1.07961916923522949219e+00) (58, -3.89345550537109375000e+00) (59, 1.13325095176696777344e+00) (60, -7.80845463275909423828e-01) (61, -6.54820948839187622070e-02) (62, -3.26710879802703857422e-01) (63, -5.23835003376007080078e-01) (64, -5.18849229812622070312e+00) (65, 5.78747808933258056641e-01) (66, -1.53431999683380126953e+00) (67, 3.88914632797241210938e+00) (68, -7.22322559356689453125e+00) (69, 1.57519912719726562500e+00) (70, 2.99754357337951660156e+00) (71, 4.28513795137405395508e-01) (72, -4.41051006317138671875e-01) (73, -8.05665075778961181641e-01) (74, 1.78325092792510986328e+00) (75, 8.67022323608398437500e+00) (76, -3.60936355590820312500e+00) (77, -3.16849172115325927734e-01) (78, 6.37162864208221435547e-01) (79, 1.46655809879302978516e+00) (80, 2.67348098754882812500e+00) (81, 1.69557058811187744141e+00) (82, 3.95716190338134765625e-01) (83, 2.71600103378295898438e+00) (84, 2.83442354202270507812e+00) (85, -3.91978931427001953125e+00) (86, 8.45596075057983398438e-01) (87, -4.24968302249908447266e-01) (88, 9.46986794471740722656e-01) (89, 2.70916867256164550781e+00) (90, -3.37018638849258422852e-01) (91, 1.27458238601684570312e+00) (92, 8.52251350879669189453e-01) (93, 7.48481333255767822266e-01) (94, -4.64151531457901000977e-01) (95, 2.28195548057556152344e-01) (96, -5.99631965160369873047e-01) (97, 9.64210331439971923828e-01) (98, 4.41208076477050781250e+00) (99, -3.86974239349365234375e+00) (100, -2.85609364509582519531e-01) (101, 4.85986423492431640625e+00) (102, 8.10968995094299316406e-01) (103, 1.61117887496948242188e+00) (104, 1.57382428646087646484e+00) (0, -1.50000000000000000000e+03) (1, -1.50000000000000000000e+03) (2, -1.50000000000000000000e+03) (3, -1.50000000000000000000e+03) (4, -1.50000000000000000000e+03) (5, -1.50000000000000000000e+03) (6, -1.50000000000000000000e+03) (7, -1.50000000000000000000e+03) (8, -1.43455615234375000000e+03) (9, -1.50000000000000000000e+03) (10, 1.49999987792968750000e+03) (11, -1.50000000000000000000e+03) (12, -1.49980456542968750000e+03) (13, -1.50000000000000000000e+03) (14, -1.87683696746826171875e+01) (15, -1.49999987792968750000e+03) (16, 1.50000000000000000000e+03) (17, 1.50000000000000000000e+03) (18, 1.50000000000000000000e+03) (19, 1.50000000000000000000e+03) (20, 1.50000000000000000000e+03) (21, 1.50000000000000000000e+03) (22, 1.50000000000000000000e+03) (23, 1.50000000000000000000e+03) (24, 1.50000000000000000000e+03) (25, 1.50000000000000000000e+03) (26, 1.50000000000000000000e+03) (27, 1.50000000000000000000e+03) (28, 1.50000000000000000000e+03) (29, 1.50000000000000000000e+03) (30, 1.50000000000000000000e+03) (31, 1.50000000000000000000e+03) (32, 1.50000000000000000000e+03) (33, 1.50000000000000000000e+03) (34, 1.50000000000000000000e+03) (35, 1.50000000000000000000e+03) (36, 1.50000000000000000000e+03) (37, 1.50000000000000000000e+03) (38, 1.50000000000000000000e+03) (39, 1.49943566894531250000e+03) (40, 1.50000000000000000000e+03) (41, 1.50000000000000000000e+03) (42, 1.49999987792968750000e+03) (43, 1.50000000000000000000e+03) (44, 1.50000000000000000000e+03) (45, 1.50000000000000000000e+03) (46, 1.50000000000000000000e+03) (47, 1.50000000000000000000e+03) (48, 1.50000000000000000000e+03) (49, 1.50000000000000000000e+03) (50, 8.99333496093750000000e+02) (51, 1.50000000000000000000e+03) (52, 1.50000000000000000000e+03) (53, 1.50000000000000000000e+03) (54, 1.50000000000000000000e+03) (55, 1.50000000000000000000e+03) (56, -1.00573077392578125000e+03) (57, -1.49795825195312500000e+03) (58, -1.45399365234375000000e+03) (59, -1.50000000000000000000e+03) (60, -1.50000000000000000000e+03) (61, -1.50000000000000000000e+03) (62, -1.49928930664062500000e+03) (63, -1.50000000000000000000e+03) (64, -1.49252893066406250000e+03) (65, -1.50000000000000000000e+03) (66, 1.49754296875000000000e+03) (67, 1.49999987792968750000e+03) (68, -1.50000000000000000000e+03) (69, -1.50000000000000000000e+03) (70, -1.50000000000000000000e+03) (71, -1.00897550582885742188e+00) (72, -1.50000000000000000000e+03) (73, -1.50000000000000000000e+03) (74, -1.50000000000000000000e+03) (75, -1.50000000000000000000e+03) (76, -1.50000000000000000000e+03) (77, -1.50000000000000000000e+03) (78, -1.50000000000000000000e+03) (79, -1.50000000000000000000e+03) (80, -1.50000000000000000000e+03) (81, -1.50000000000000000000e+03) (82, -1.50000000000000000000e+03) (83, -1.50000000000000000000e+03) (84, -1.50000000000000000000e+03) (85, -1.50000000000000000000e+03) (86, -1.50000000000000000000e+03) (87, -1.50000000000000000000e+03) (88, -1.50000000000000000000e+03) (89, -1.50000000000000000000e+03) (90, -1.50000000000000000000e+03) (91, -1.50000000000000000000e+03) (92, -1.50000000000000000000e+03) (93, -1.49999987792968750000e+03) (94, -1.50000000000000000000e+03) (95, -1.50000000000000000000e+03) (96, -1.50000000000000000000e+03) (97, -1.50000000000000000000e+03) (98, -1.50000000000000000000e+03) (99, -1.50000000000000000000e+03) (100, -1.50000000000000000000e+03) (101, -1.49670690917968750000e+03) (102, -1.50000000000000000000e+03) (103, 1.50000000000000000000e+03) (104, 4.14181947708129882812e+00) (0, 1.50000000000000000000e+03) (1, 1.50000000000000000000e+03) (2, 1.50000000000000000000e+03) (3, 1.50000000000000000000e+03) (4, 1.50000000000000000000e+03) (5, 1.50000000000000000000e+03) (6, 1.50000000000000000000e+03) (7, 1.50000000000000000000e+03) (8, 1.45480957031250000000e+03) (9, 1.50000000000000000000e+03) (10, -1.49999084472656250000e+03) (11, 1.50000000000000000000e+03) (12, 2.52776962280273437500e+02) (13, 1.50000000000000000000e+03) (14, 1.98909969329833984375e+01) (15, 1.49999987792968750000e+03) (16, -1.50000000000000000000e+03) (17, -1.49996813964843750000e+03) (18, -1.50000000000000000000e+03) (19, -1.50000000000000000000e+03) (20, -1.50000000000000000000e+03) (21, -1.50000000000000000000e+03) (22, -1.50000000000000000000e+03) (23, -1.50000000000000000000e+03) (24, -1.50000000000000000000e+03) (25, -1.50000000000000000000e+03) (26, -1.50000000000000000000e+03) (27, -1.47112500000000000000e+03) (28, -1.50000000000000000000e+03) (29, -1.50000000000000000000e+03) (30, -1.50000000000000000000e+03) (31, -1.50000000000000000000e+03) (32, -1.48285205078125000000e+03) (33, -1.50000000000000000000e+03) (34, -1.50000000000000000000e+03) (35, -1.50000000000000000000e+03) (36, -1.50000000000000000000e+03) (37, -1.50000000000000000000e+03) (38, -1.50000000000000000000e+03) (39, -1.49930822753906250000e+03) (40, -1.49020947265625000000e+03) (41, -1.48343603515625000000e+03) (42, -1.49999975585937500000e+03) (43, -1.50000000000000000000e+03) (44, -1.50000000000000000000e+03) (45, -1.50000000000000000000e+03) (46, -1.50000000000000000000e+03) (47, -1.50000000000000000000e+03) (48, -1.50000000000000000000e+03) (49, -1.48211437988281250000e+03) (50, -2.08475509643554687500e+02) (51, -1.48927856445312500000e+03) (52, -1.50000000000000000000e+03) (53, -1.50000000000000000000e+03) (54, -1.50000000000000000000e+03) (55, -1.50000000000000000000e+03) (56, 1.29863085937500000000e+03) (57, 1.49871435546875000000e+03) (58, 1.49995788574218750000e+03) (59, 1.50000000000000000000e+03) (60, 1.50000000000000000000e+03) (61, 1.50000000000000000000e+03) (62, 1.49985522460937500000e+03) (63, 1.50000000000000000000e+03) (64, 1.50000000000000000000e+03) (65, 1.50000000000000000000e+03) (66, -1.49775036621093750000e+03) (67, -1.49998742675781250000e+03) (68, 1.50000000000000000000e+03) (69, 1.50000000000000000000e+03) (70, 1.50000000000000000000e+03) (71, 2.81637978553771972656e+00) (72, 1.50000000000000000000e+03) (73, 1.50000000000000000000e+03) (74, 1.50000000000000000000e+03) (75, 1.50000000000000000000e+03) (76, 1.50000000000000000000e+03) (77, 1.50000000000000000000e+03) (78, 1.50000000000000000000e+03) (79, 1.50000000000000000000e+03) (80, 1.50000000000000000000e+03) (81, 1.50000000000000000000e+03) (82, 1.50000000000000000000e+03) (83, 1.50000000000000000000e+03) (84, 1.50000000000000000000e+03) (85, 1.50000000000000000000e+03) (86, 1.50000000000000000000e+03) (87, 1.50000000000000000000e+03) (88, 1.50000000000000000000e+03) (89, 1.50000000000000000000e+03) (90, 1.50000000000000000000e+03) (91, 1.50000000000000000000e+03) (92, 1.50000000000000000000e+03) (93, 1.50000000000000000000e+03) (94, 1.50000000000000000000e+03) (95, 1.50000000000000000000e+03) (96, 1.50000000000000000000e+03) (97, 1.50000000000000000000e+03) (98, 1.50000000000000000000e+03) (99, 1.50000000000000000000e+03) (100, 1.50000000000000000000e+03) (101, 1.50000000000000000000e+03) (102, 1.50000000000000000000e+03) (103, -1.50000000000000000000e+03) (104, -2.10543179512023925781e+00) (0, -1.44782841205596923828e+00) (1, -9.05282497406005859375e-02) (2, 9.97205853462219238281e-01) (3, 6.42300665378570556641e-01) (4, 9.09936010837554931641e-01) (5, 1.29770720005035400391e+00) (6, 3.96523714065551757812e-01) (7, 4.28713381290435791016e-01) (8, 8.67978477478027343750e+00) (9, 1.93046212196350097656e-01) (10, 1.46991789340972900391e+00) (11, -8.84329855442047119141e-01) (12, 1.11338102817535400391e+00) (13, -6.33766698837280273438e+00) (14, 4.02051836252212524414e-01) (15, -6.80389940738677978516e-01) (16, -3.25670808553695678711e-01) (17, -1.22315958142280578613e-01) (18, 1.47332593798637390137e-01) (19, 1.33641362190246582031e-01) (20, 1.04785192012786865234e+00) (21, 1.42903864383697509766e-01) (22, 9.32521581649780273438e-01) (23, 1.22935861349105834961e-01) (24, -8.65927457809448242188e-01) (25, 5.29961436986923217773e-02) (26, 1.62185239791870117188e+00) (27, 7.63108432292938232422e-02) (28, -2.23640799522399902344e+00) (29, 6.77263140678405761719e-01) (30, 5.76873302459716796875e-01) (31, -8.67836549878120422363e-03) (32, 9.90860462188720703125e-01) (33, 4.61179113388061523438e+00) (34, -2.01082634925842285156e+00) (35, -2.93032616376876831055e-01) (36, 1.08894491195678710938e+00) (37, 5.72001993656158447266e-01) (38, -1.99539303779602050781e+00) (39, -1.42135083675384521484e+00) (40, 3.61926913261413574219e-01) (41, 2.95536279678344726562e+00) (42, 2.44365859031677246094e+00) (43, -2.65966796875000000000e+00) (44, 6.11425638198852539062e-02) (45, -7.74797320365905761719e-01) (46, 7.55506873130798339844e-01) (47, -5.13439607620239257812e+00) (48, 2.95502710342407226562e+00) (49, 6.79040372371673583984e-01) (50, 2.35407042503356933594e+00) (51, 4.36234617233276367188e+00) (52, 2.15077662467956542969e+00) (53, -2.64543867111206054688e+00) (54, 9.03334677219390869141e-01) (55, 3.57884836196899414062e+00) (56, 8.18499177694320678711e-02) (57, 6.86749982833862304688e+00) (58, 8.01686191558837890625e+00) (59, -2.77551889419555664062e+00) (60, 2.30445340275764465332e-01) (61, -9.93524551391601562500e+00) (62, 1.22569012641906738281e+00) (63, -1.66250869631767272949e-01) (64, -8.36895656585693359375e+00) (65, 1.77084946632385253906e+00) (66, 4.21457529067993164062e-01) (67, 1.04844653606414794922e+00) (68, -2.81126379966735839844e+00) (69, 2.21912646293640136719e+00) (70, 6.02243423461914062500e-01) (71, 4.05397176742553710938e-01) (72, -6.44670784473419189453e-01) (73, -1.82256829738616943359e+00) (74, 6.77586138248443603516e-01) (75, -4.32625865936279296875e+00) (76, 7.41502761840820312500e-01) (77, 6.87207803130149841309e-02) (78, 6.25055074691772460938e+00) (79, 1.19551002979278564453e+00) (80, -2.75045871734619140625e+00) (81, 6.16227912902832031250e+00) (82, -3.84258180856704711914e-02) (83, 9.02966320514678955078e-01) (84, -2.04219865798950195312e+00) (85, -6.73468172550201416016e-01) (86, 3.56762632727622985840e-02) (87, 3.78163486719131469727e-01) (88, 6.49719238281250000000e-01) (89, -6.32048249244689941406e-01) (90, 5.77417612075805664062e-02) (91, -3.10249328613281250000e+00) (92, 4.91764932870864868164e-01) (93, 2.05160212516784667969e+00) (94, 6.26460462808609008789e-02) (95, -4.37574267387390136719e-01) (96, 4.14096641540527343750e+00) (97, -1.90605758689343929291e-03) (98, -5.58533763885498046875e+00) (99, 2.57943719625473022461e-01) (100, 2.29131475090980529785e-01) (101, -4.63507384061813354492e-01) (102, -5.30494117736816406250e+00) (103, 8.79136562347412109375e+00) (104, 6.22341871261596679688e-01) (0, 1.50000000000000000000e+03) (1, 1.50000000000000000000e+03) (2, 1.50000000000000000000e+03) (3, 1.50000000000000000000e+03) (4, 1.50000000000000000000e+03) (5, 1.50000000000000000000e+03) (6, 1.50000000000000000000e+03) (7, 1.50000000000000000000e+03) (8, 1.45542687988281250000e+03) (9, 1.50000000000000000000e+03) (10, -1.49992480468750000000e+03) (11, 1.50000000000000000000e+03) (12, 1.15218528747558593750e+02) (13, 1.50000000000000000000e+03) (14, 1.98797512054443359375e+01) (15, 1.49999987792968750000e+03) (16, -1.50000000000000000000e+03) (17, -1.48853491210937500000e+03) (18, -1.50000000000000000000e+03) (19, -1.50000000000000000000e+03) (20, -1.50000000000000000000e+03) (21, -1.50000000000000000000e+03) (22, -1.50000000000000000000e+03) (23, -1.50000000000000000000e+03) (24, -1.50000000000000000000e+03) (25, -1.50000000000000000000e+03) (26, -1.50000000000000000000e+03) (27, -1.46371936035156250000e+03) (28, -1.50000000000000000000e+03) (29, -1.50000000000000000000e+03) (30, -1.50000000000000000000e+03) (31, -1.50000000000000000000e+03) (32, -1.48159680175781250000e+03) (33, -1.50000000000000000000e+03) (34, -1.50000000000000000000e+03) (35, -1.50000000000000000000e+03) (36, -1.50000000000000000000e+03) (37, -1.50000000000000000000e+03) (38, -1.50000000000000000000e+03) (39, -1.49921459960937500000e+03) (40, -1.48733142089843750000e+03) (41, -1.45930249023437500000e+03) (42, -1.49996972656250000000e+03) (43, -1.50000000000000000000e+03) (44, -1.50000000000000000000e+03) (45, -1.50000000000000000000e+03) (46, -1.50000000000000000000e+03) (47, -1.50000000000000000000e+03) (48, -1.50000000000000000000e+03) (49, -1.48081066894531250000e+03) (50, -4.43183624267578125000e+02) (51, -1.47679223632812500000e+03) (52, -1.50000000000000000000e+03) (53, -1.50000000000000000000e+03) (54, -1.50000000000000000000e+03) (55, -1.50000000000000000000e+03) (56, 1.17543029785156250000e+03) (57, 1.49874414062500000000e+03) (58, 1.50000000000000000000e+03) (59, 1.50000000000000000000e+03) (60, 1.50000000000000000000e+03) (61, 1.50000000000000000000e+03) (62, 1.50000000000000000000e+03) (63, 1.50000000000000000000e+03) (64, 1.50000000000000000000e+03) (65, 1.50000000000000000000e+03) (66, -1.49426525878906250000e+03) (67, -1.49994885253906250000e+03) (68, 1.50000000000000000000e+03) (69, 1.50000000000000000000e+03) (70, 1.50000000000000000000e+03) (71, 9.66883563995361328125e+00) (72, 1.50000000000000000000e+03) (73, 1.50000000000000000000e+03) (74, 1.50000000000000000000e+03) (75, 1.50000000000000000000e+03) (76, 1.50000000000000000000e+03) (77, 1.50000000000000000000e+03) (78, 1.50000000000000000000e+03) (79, 1.50000000000000000000e+03) (80, 1.50000000000000000000e+03) (81, 1.50000000000000000000e+03) (82, 1.50000000000000000000e+03) (83, 1.50000000000000000000e+03) (84, 1.50000000000000000000e+03) (85, 1.50000000000000000000e+03) (86, 1.50000000000000000000e+03) (87, 1.50000000000000000000e+03) (88, 1.50000000000000000000e+03) (89, 1.50000000000000000000e+03) (90, 1.50000000000000000000e+03) (91, 1.50000000000000000000e+03) (92, 1.50000000000000000000e+03) (93, 1.50000000000000000000e+03) (94, 1.50000000000000000000e+03) (95, 1.50000000000000000000e+03) (96, 1.50000000000000000000e+03) (97, 1.50000000000000000000e+03) (98, 1.50000000000000000000e+03) (99, 1.50000000000000000000e+03) (100, 1.50000000000000000000e+03) (101, 1.50000000000000000000e+03) (102, 1.50000000000000000000e+03) (103, -1.50000000000000000000e+03) (104, -4.39814567565917968750e+00) (105, 4.02991485595703125000e+00) (106, 6.74497723579406738281e-01) (107, 1.33303403854370117188e+00) (108, -4.22474622726440429688e-01) (109, 6.82637071609497070312e+00) (110, -1.93564450740814208984e+00) (111, 2.62006425857543945312e+00) (112, 3.64814710617065429688e+00) (113, 2.72162175178527832031e+00) (114, 2.97576737403869628906e+00) (115, 4.15280246734619140625e+00) (116, 3.21593070030212402344e+00) (117, 2.33527946472167968750e+00) (118, 1.51413285732269287109e+00) (119, 6.95040178298950195312e+00) (120, 3.93467354774475097656e+00) (121, -1.88031518459320068359e+00) (122, 3.45054817199707031250e+00) (123, -1.85615491867065429688e+00) (124, 1.57861018180847167969e+00) (125, 4.18842315673828125000e+00) (126, 4.07501459121704101562e+00) (127, -1.90571677684783935547e+00) (128, 3.44098234176635742188e+00) (129, -1.92805957794189453125e+00) (130, 3.67752504348754882812e+00) 
