FANN_FLO_2.1
num_layers=3
learning_rate=0.700000
connection_rate=1.000000
network_type=0
learning_momentum=0.000000
training_algorithm=2
train_error_function=1
train_stop_function=0
cascade_output_change_fraction=0.010000
quickprop_decay=-0.000100
quickprop_mu=1.750000
rprop_increase_factor=1.200000
rprop_decrease_factor=0.500000
rprop_delta_min=0.000000
rprop_delta_max=50.000000
rprop_delta_zero=0.100000
cascade_output_stagnation_epochs=12
cascade_candidate_change_fraction=0.010000
cascade_candidate_stagnation_epochs=12
cascade_max_out_epochs=150
cascade_max_cand_epochs=150
cascade_num_candidate_groups=2
bit_fail_limit=3.49999994039535522461e-01
cascade_candidate_limit=1.00000000000000000000e+03
cascade_weight_multiplier=4.00000005960464477539e-01
cascade_activation_functions_count=10
cascade_activation_functions=3 5 7 8 10 11 14 15 16 17 
cascade_activation_steepnesses_count=4
cascade_activation_steepnesses=2.50000000000000000000e-01 5.00000000000000000000e-01 7.50000000000000000000e-01 1.00000000000000000000e+00 
layer_sizes=105 26 2 
scale_included=0
neurons (num_inputs, activation_function, activation_steepness)=(0, 0, 0.00000000000000000000e+00) (0, 0, 0.00000000000000000000e+00) (0, 0, 0.00000000000000000000e+00) (0, 0, 0.00000000000000000000e+00) (0, 0, 0.00000000000000000000e+00) (0, 0, 0.00000000000000000000e+00) (0, 0, 0.00000000000000000000e+00) (0, 0, 0.00000000000000000000e+00) (0, 0, 0.00000000000000000000e+00) (0, 0, 0.00000000000000000000e+00) (0, 0, 0.00000000000000000000e+00) (0, 0, 0.00000000000000000000e+00) (0, 0, 0.00000000000000000000e+00) (0, 0, 0.00000000000000000000e+00) (0, 0, 0.00000000000000000000e+00) (0, 0, 0.00000000000000000000e+00) (0, 0, 0.00000000000000000000e+00) (0, 0, 0.00000000000000000000e+00) (0, 0, 0.00000000000000000000e+00) (0, 0, 0.00000000000000000000e+00) (0, 0, 0.00000000000000000000e+00) (0, 0, 0.00000000000000000000e+00) (0, 0, 0.00000000000000000000e+00) (0, 0, 0.00000000000000000000e+00) (0, 0, 0.00000000000000000000e+00) (0, 0, 0.00000000000000000000e+00) (0, 0, 0.00000000000000000000e+00) (0, 0, 0.00000000000000000000e+00) (0, 0, 0.00000000000000000000e+00) (0, 0, 0.00000000000000000000e+00) (0, 0, 0.00000000000000000000e+00) (0, 0, 0.00000000000000000000e+00) (0, 0, 0.00000000000000000000e+00) (0, 0, 0.00000000000000000000e+00) (0, 0, 0.00000000000000000000e+00) (0, 0, 0.00000000000000000000e+00) (0, 0, 0.00000000000000000000e+00) (0, 0, 0.00000000000000000000e+00) (0, 0, 0.00000000000000000000e+00) (0, 0, 0.00000000000000000000e+00) (0, 0, 0.00000000000000000000e+00) (0, 0, 0.00000000000000000000e+00) (0, 0, 0.00000000000000000000e+00) (0, 0, 0.00000000000000000000e+00) (0, 0, 0.00000000000000000000e+00) (0, 0, 0.00000000000000000000e+00) (0, 0, 0.00000000000000000000e+00) (0, 0, 0.00000000000000000000e+00) (0, 0, 0.00000000000000000000e+00) (0, 0, 0.00000000000000000000e+00) (0, 0, 0.00000000000000000000e+00) (0, 0, 0.00000000000000000000e+00) (0, 0, 0.00000000000000000000e+00) (0, 0, 0.00000000000000000000e+00) (0, 0, 0.00000000000000000000e+00) (0, 0, 0.00000000000000000000e+00) (0, 0, 0.00000000000000000000e+00) (0, 0, 0.00000000000000000000e+00) (0, 0, 0.00000000000000000000e+00) (0, 0, 0.00000000000000000000e+00) (0, 0, 0.00000000000000000000e+00) (0, 0, 0.00000000000000000000e+00) (0, 0, 0.00000000000000000000e+00) (0, 0, 0.00000000000000000000e+00) (0, 0, 0.00000000000000000000e+00) (0, 0, 0.00000000000000000000e+00) (0, 0, 0.00000000000000000000e+00) (0, 0, 0.00000000000000000000e+00) (0, 0, 0.00000000000000000000e+00) (0, 0, 0.00000000000000000000e+00) (0, 0, 0.00000000000000000000e+00) (0, 0, 0.00000000000000000000e+00) (0, 0, 0.00000000000000000000e+00) (0, 0, 0.00000000000000000000e+00) (0, 0, 0.00000000000000000000e+00) (0, 0, 0.00000000000000000000e+00) (0, 0, 0.00000000000000000000e+00) (0, 0, 0.00000000000000000000e+00) (0, 0, 0.00000000000000000000e+00) (0, 0, 0.00000000000000000000e+00) (0, 0, 0.00000000000000000000e+00) (0, 0, 0.00000000000000000000e+00) (0, 0, 0.00000000000000000000e+00) (0, 0, 0.00000000000000000000e+00) (0, 0, 0.00000000000000000000e+00) (0, 0, 0.00000000000000000000e+00) (0, 0, 0.00000000000000000000e+00) (0, 0, 0.00000000000000000000e+00) (0, 0, 0.00000000000000000000e+00) (0, 0, 0.00000000000000000000e+00) (0, 0, 0.00000000000000000000e+00) (0, 0, 0.00000000000000000000e+00) (0, 0, 0.00000000000000000000e+00) (0, 0, 0.00000000000000000000e+00) (0, 0, 0.00000000000000000000e+00) (0, 0, 0.00000000000000000000e+00) (0, 0, 0.00000000000000000000e+00) (0, 0, 0.00000000000000000000e+00) (0, 0, 0.00000000000000000000e+00) (0, 0, 0.00000000000000000000e+00) (0, 0, 0.00000000000000000000e+00) (0, 0, 0.00000000000000000000e+00) (0, 0, 0.00000000000000000000e+00) (0, 0, 0.00000000000000000000e+00) (0, 0, 0.00000000000000000000e+00) (105, 5, 5.00000000000000000000e-01) (105, 5, 5.00000000000000000000e-01) (105, 5, 5.00000000000000000000e-01) (105, 5, 5.00000000000000000000e-01) (105, 5, 5.00000000000000000000e-01) (105, 5, 5.00000000000000000000e-01) (105, 5, 5.00000000000000000000e-01) (105, 5, 5.00000000000000000000e-01) (105, 5, 5.00000000000000000000e-01) (105, 5, 5.00000000000000000000e-01) (105, 5, 5.00000000000000000000e-01) (105, 5, 5.00000000000000000000e-01) (105, 5, 5.00000000000000000000e-01) (105, 5, 5.00000000000000000000e-01) (105, 5, 5.00000000000000000000e-01) (105, 5, 5.00000000000000000000e-01) (105, 5, 5.00000000000000000000e-01) (105, 5, 5.00000000000000000000e-01) (105, 5, 5.00000000000000000000e-01) (105, 5, 5.00000000000000000000e-01) (105, 5, 5.00000000000000000000e-01) (105, 5, 5.00000000000000000000e-01) (105, 5, 5.00000000000000000000e-01) (105, 5, 5.00000000000000000000e-01) (105, 5, 5.00000000000000000000e-01) (0, 5, 0.00000000000000000000e+00) (26, 5, 5.00000000000000000000e-01) (0, 5, 0.00000000000000000000e+00) 
connections (connected_to_neuron, weight)=(0, -1.12514901161193847656e+00) (1, 5.80537796020507812500e-01) (2, 5.30824959278106689453e-02) (3, -1.00948786735534667969e+00) (4, -5.37983059883117675781e-01) (5, 9.54231142997741699219e-01) (6, 1.25160992145538330078e-01) (7, -9.99725222587585449219e-01) (8, -2.19025298953056335449e-01) (9, 5.27126491069793701172e-01) (10, 8.58706906437873840332e-02) (11, 1.83918491005897521973e-01) (12, 8.19165855646133422852e-02) (13, -1.21264522895216941833e-02) (14, -1.53706431388854980469e-01) (15, 3.22952419519424438477e-01) (16, 1.83224514126777648926e-01) (17, -5.70842504501342773438e-01) (18, -3.91191303730010986328e-01) (19, -1.85687661170959472656e-01) (20, -1.36837744712829589844e+00) (21, -1.18821829557418823242e-01) (22, 1.14404737949371337891e+00) (23, -8.93961071968078613281e-01) (24, 3.21637845039367675781e+00) (25, -7.66170263290405273438e-01) (26, 4.74953576922416687012e-02) (27, 1.96867957711219787598e-01) (28, -1.34757772088050842285e-01) (29, 9.22213435173034667969e-01) (30, 1.42285346984863281250e+00) (31, 8.69192779064178466797e-01) (32, -3.94168831408023834229e-02) (33, 1.02842760086059570312e+00) (34, -1.74479353427886962891e+00) (35, 5.76463162899017333984e-01) (36, 1.07654011249542236328e+00) (37, -1.70066699385643005371e-01) (38, -5.18312633037567138672e-01) (39, 7.30181932449340820312e-01) (40, -5.13348400592803955078e-01) (41, -7.94994175434112548828e-01) (42, -3.77735465764999389648e-01) (43, -5.28327107429504394531e-01) (44, -2.02415868639945983887e-01) (45, 1.92230165004730224609e+00) (46, -4.85042214393615722656e-01) (47, -3.10667991638183593750e-01) (48, -2.26237818598747253418e-01) (49, 5.51638484001159667969e-01) (50, -6.48639649152755737305e-02) (51, -1.90444707870483398438e-01) (52, 2.89563834667205810547e-01) (53, -6.54433146119117736816e-02) (54, -1.12439114600419998169e-02) (55, 8.33836972713470458984e-01) (56, -3.84803771972656250000e-01) (57, 6.01332545280456542969e-01) (58, 9.01583194732666015625e-01) (59, -3.51976364850997924805e-01) (60, 2.38648787140846252441e-01) (61, 3.34001630544662475586e-01) (62, -3.45953345298767089844e-01) (63, 3.80436509847640991211e-01) (64, -5.06656587123870849609e-01) (65, -2.76683211326599121094e-01) (66, -1.39586981385946273804e-02) (67, 3.46889227628707885742e-01) (68, 4.05330747365951538086e-01) (69, -5.04391729831695556641e-01) (70, -6.84121727943420410156e-01) (71, -2.46103256940841674805e-01) (72, 4.87167537212371826172e-01) (73, -6.57047986984252929688e-01) (74, 1.29608407616615295410e-01) (75, 1.28048613667488098145e-01) (76, 8.02387595176696777344e-01) (77, 3.36158983409404754639e-02) (78, -7.36325025558471679688e-01) (79, -3.03135365247726440430e-01) (80, -1.37760445475578308105e-01) (81, 2.25490078330039978027e-01) (82, 2.64242291450500488281e-01) (83, -5.62998615205287933350e-02) (84, -6.62995576858520507812e-01) (85, 1.89901804924011230469e+00) (86, 2.57450044155120849609e-01) (87, 2.14242056012153625488e-01) (88, 2.70539343357086181641e-01) (89, -9.74754452705383300781e-01) (90, 1.31502509117126464844e-01) (91, -2.51201689243316650391e-01) (92, -3.98966550827026367188e-01) (93, -6.57309830188751220703e-01) (94, 1.85236915946006774902e-01) (95, -6.11588299274444580078e-01) (96, -2.17374727129936218262e-01) (97, -1.66592329740524291992e-01) (98, 3.17076951265335083008e-01) (99, 9.05945599079132080078e-01) (100, 5.15722692012786865234e-01) (101, -2.95637845993041992188e-01) (102, -5.35494446754455566406e-01) (103, 2.59127998352050781250e+00) (104, 1.55143618583679199219e+00) (0, 8.40236759185791015625e+00) (1, 3.32033228874206542969e+00) (2, 7.80858576297760009766e-01) (3, -1.42256534099578857422e+00) (4, 6.27094864845275878906e-01) (5, 2.39690995216369628906e+00) (6, 3.11192661523818969727e-01) (7, 1.07095766067504882812e+00) (8, -6.50109574198722839355e-02) (9, -5.53162917494773864746e-02) (10, -2.25431799888610839844e+00) (11, 2.58412182331085205078e-01) (12, -2.24505618214607238770e-01) (13, 1.25827174633741378784e-03) (14, -4.79713380336761474609e-01) (15, 1.54858815670013427734e+00) (16, 2.71486401557922363281e-01) (17, -1.15690779685974121094e+00) (18, -4.93547737598419189453e-01) (19, 2.26492017507553100586e-01) (20, -1.21456541121006011963e-01) (21, 2.25505262613296508789e-01) (22, -2.66795247793197631836e-01) (23, 1.16794168949127197266e+00) (24, 2.31120347976684570312e-01) (25, -5.66781103610992431641e-01) (26, -2.05238640308380126953e-01) (27, 9.15221929550170898438e-01) (28, 1.30332660675048828125e+00) (29, -5.80137819051742553711e-02) (30, 1.45346510410308837891e+00) (31, 9.65376570820808410645e-02) (32, 1.18451595306396484375e+00) (33, 3.15277844667434692383e-01) (34, -3.56906509399414062500e+00) (35, 1.53644788265228271484e+00) (36, 1.04166924953460693359e+00) (37, 1.00410866737365722656e+00) (38, 5.00512957572937011719e-01) (39, 4.17910337448120117188e-01) (40, 8.04513394832611083984e-01) (41, 8.78186404705047607422e-01) (42, -7.80291110277175903320e-02) (43, -1.32948517799377441406e-01) (44, 3.37034970521926879883e-01) (45, 9.81261879205703735352e-02) (46, 3.31600606441497802734e-01) (47, 7.25410506129264831543e-02) (48, 1.26830208301544189453e+00) (49, 4.63131010532379150391e-01) (50, -2.98785299062728881836e-01) (51, 1.07894384860992431641e+00) (52, -1.82827129960060119629e-01) (53, 4.24986094236373901367e-01) (54, 8.67836952209472656250e-01) (55, 1.22294807434082031250e+00) (56, -2.97533094882965087891e-01) (57, -1.68864846229553222656e-01) (58, -2.55577385425567626953e-01) (59, -3.52158993482589721680e-01) (60, -1.83677792549133300781e-01) (61, -1.89129391219466924667e-03) (62, -3.64731460809707641602e-01) (63, -1.34577959775924682617e-01) (64, -2.32889115810394287109e-01) (65, 8.68887454271316528320e-02) (66, 6.80175006389617919922e-01) (67, 1.31592750549316406250e-01) (68, -2.44055405259132385254e-01) (69, -8.65258789062500000000e+00) (70, 3.43712258338928222656e+00) (71, -9.63267311453819274902e-02) (72, 6.02355878800153732300e-03) (73, 7.56640685722231864929e-03) (74, -1.85549333691596984863e-01) (75, -1.74897104501724243164e-01) (76, -9.16366428136825561523e-02) (77, -3.03449094295501708984e-01) (78, -2.50699490308761596680e-01) (79, -2.11241215467453002930e-01) (80, -6.47986769676208496094e-01) (81, 1.34166038036346435547e+00) (82, 1.14717081189155578613e-01) (83, -4.25916612148284912109e-02) (84, 4.67898100614547729492e-02) (85, 8.07410657405853271484e-01) (86, 1.21575459837913513184e-01) (87, -2.40613952279090881348e-01) (88, 3.70803236961364746094e-01) (89, 4.44735795259475708008e-01) (90, 2.42340460419654846191e-01) (91, 2.32935398817062377930e-01) (92, -3.75584542751312255859e-01) (93, 4.06132459640502929688e-01) (94, -2.18666955828666687012e-01) (95, -2.17655509710311889648e-01) (96, -2.16951772570610046387e-01) (97, -3.58708590269088745117e-01) (98, -2.85447508096694946289e-01) (99, 1.28277167677879333496e-02) (100, -7.78248384594917297363e-02) (101, -2.53033369779586791992e-01) (102, 2.67218995094299316406e+00) (103, -8.72538536787033081055e-02) (104, 2.21133065223693847656e+00) (0, -1.14334940910339355469e+00) (1, 1.62470102310180664062e-01) (2, -5.02823054790496826172e-01) (3, -2.02185675501823425293e-01) (4, -3.37413489818572998047e-01) (5, -6.31821751594543457031e-01) (6, 6.93541109561920166016e-01) (7, 3.01668256521224975586e-01) (8, 1.32795941829681396484e+00) (9, 1.69755327701568603516e+00) (10, 7.62774586677551269531e-01) (11, 4.27487492561340332031e-02) (12, 1.45116686820983886719e+00) (13, -1.06869804859161376953e+00) (14, 8.71880114078521728516e-01) (15, -4.21030938625335693359e-01) (16, -2.73325353860855102539e-01) (17, 1.21711528301239013672e+00) (18, 4.58122372627258300781e-01) (19, -1.64778649806976318359e+00) (20, 7.00565129518508911133e-02) (21, 1.48793315887451171875e+00) (22, -1.19158840179443359375e+00) (23, 2.87746638059616088867e-01) (24, -8.32632899284362792969e-01) (25, 1.16585528850555419922e+00) (26, 3.73410403728485107422e-01) (27, 8.85300695896148681641e-01) (28, -1.25133740901947021484e+00) (29, -3.37801277637481689453e-01) (30, -3.81076574325561523438e-01) (31, 1.01331007480621337891e+00) (32, 9.11487519741058349609e-01) (33, -6.73921644687652587891e-01) (34, 6.73858582973480224609e-01) (35, -1.66417694091796875000e+00) (36, 6.50451779365539550781e-01) (37, 6.58518671989440917969e-02) (38, -4.25677932798862457275e-02) (39, 1.32015740871429443359e+00) (40, 6.14341855049133300781e-01) (41, -7.99806118011474609375e-01) (42, 1.18489801883697509766e+00) (43, -8.99158179759979248047e-01) (44, 1.90403684973716735840e-01) (45, 1.58887887001037597656e+00) (46, -5.29717624187469482422e-01) (47, 3.60450595617294311523e-01) (48, -5.80548942089080810547e-01) (49, -1.31619381904602050781e+00) (50, 3.69589626789093017578e-01) (51, -1.72671771049499511719e+00) (52, -7.64764666557312011719e-01) (53, -6.98831006884574890137e-02) (54, -2.65327620506286621094e+00) (55, -6.18717074394226074219e-01) (56, 8.52964341640472412109e-01) (57, -1.08588278293609619141e+00) (58, -2.76362925767898559570e-01) (59, 2.07085466384887695312e+00) (60, 8.17689120769500732422e-01) (61, -1.00622558593750000000e+00) (62, 1.44391691684722900391e+00) (63, -1.24576017260551452637e-01) (64, -9.17084515094757080078e-01) (65, -4.23709541559219360352e-01) (66, -1.24163269996643066406e+00) (67, -5.05277812480926513672e-01) (68, -1.49577283859252929688e+00) (69, 4.97720897197723388672e-01) (70, 4.15232963860034942627e-02) (71, -4.12612974643707275391e-01) (72, -4.75074529647827148438e-01) (73, -7.06829596310853958130e-03) (74, 9.98641967773437500000e-01) (75, 1.09584844112396240234e+00) (76, 3.98384392261505126953e-01) (77, 6.43590390682220458984e-01) (78, 3.77325415611267089844e-02) (79, -1.39957463741302490234e+00) (80, 1.24065983295440673828e+00) (81, 1.36661291122436523438e+00) (82, -8.17511618137359619141e-01) (83, -9.91150885820388793945e-02) (84, -6.45594716072082519531e-01) (85, 1.24993932247161865234e+00) (86, -5.90115673840045928955e-02) (87, 7.84073472023010253906e-01) (88, 1.28836202621459960938e+00) (89, -1.24967254698276519775e-01) (90, 1.01534450054168701172e+00) (91, 1.15580153465270996094e+00) (92, 6.71545445919036865234e-01) (93, 5.92335760593414306641e-01) (94, 5.43447732925415039062e-01) (95, -5.27001023292541503906e-01) (96, 2.14446112513542175293e-01) (97, -4.09208357334136962891e-01) (98, 5.94542264938354492188e-01) (99, -8.47520709037780761719e-01) (100, -1.76542565226554870605e-01) (101, -2.10081458091735839844e-01) (102, 9.48902845382690429688e-01) (103, 9.49580132961273193359e-01) (104, 2.10162115097045898438e+00) (0, -2.94591808319091796875e+01) (1, 1.18679904937744140625e+00) (2, 1.49919903278350830078e+00) (3, 1.21750867366790771484e+00) (4, 8.50071549415588378906e-01) (5, 1.61104190349578857422e+00) (6, 4.83921012878417968750e+01) (7, 2.04977250099182128906e+00) (8, -4.40702867507934570312e+00) (9, 1.47657179832458496094e+00) (10, 9.99960660934448242188e-01) (11, 9.93201017379760742188e-01) (12, 1.08308887481689453125e+00) (13, 1.44207155704498291016e+00) (14, 1.42875766754150390625e+00) (15, 1.18970406055450439453e+00) (16, 6.63615226745605468750e-01) (17, 1.11896944046020507812e+00) (18, 6.62136018276214599609e-01) (19, 7.88421928882598876953e-01) (20, 1.23664951324462890625e+00) (21, 1.36444282531738281250e+00) (22, 7.54358291625976562500e-01) (23, 8.28248977661132812500e-01) (24, 1.38066685199737548828e+00) (25, 8.64188253879547119141e-01) (26, -2.94243454933166503906e+00) (27, 1.29028666019439697266e+00) (28, 1.06028330326080322266e+00) (29, 3.46856117248535156250e-01) (30, 9.59376096725463867188e-01) (31, 1.20646047592163085938e+00) (32, -1.72420711517333984375e+01) (33, 1.12224018573760986328e+00) (34, -1.93454790115356445312e+00) (35, 9.22365605831146240234e-01) (36, 8.44891369342803955078e-01) (37, 9.80215072631835937500e-01) (38, 6.06104850769042968750e-01) (39, 2.19210758805274963379e-01) (40, 2.61641949415206909180e-01) (41, 1.80107522010803222656e+00) (42, 1.37268447875976562500e+00) (43, 1.21502006053924560547e+00) (44, 1.14746558666229248047e+00) (45, 1.65775763988494873047e+00) (46, 1.25770831108093261719e+00) (47, 7.26813852787017822266e-01) (48, 3.14225435256958007812e-01) (49, 3.99284362792968750000e-02) (50, 9.57237005233764648438e-01) (51, 8.53395283222198486328e-01) (52, 1.54290425777435302734e+00) (53, 1.02230417728424072266e+00) (54, 1.68998503684997558594e+00) (55, 8.68859767913818359375e-01) (56, 3.20841461420059204102e-01) (57, -7.29907909408211708069e-03) (58, 8.40441763401031494141e-01) (59, 1.27326381206512451172e+00) (60, 6.60515487194061279297e-01) (61, 1.93678349256515502930e-01) (62, 1.30947887897491455078e+00) (63, 7.55329251289367675781e-01) (64, 1.08725595474243164062e+00) (65, 1.02067196369171142578e+00) (66, 1.14298939704895019531e+00) (67, 3.10222595930099487305e-01) (68, 1.13092446327209472656e+00) (69, -8.14116477966308593750e+00) (70, 8.29459726810455322266e-01) (71, 3.44644397497177124023e-01) (72, 9.30264532566070556641e-01) (73, 6.51313304901123046875e-01) (74, 4.08394902944564819336e-01) (75, 9.23209726810455322266e-01) (76, -1.15789789706468582153e-02) (77, 1.10234534740447998047e+00) (78, 1.09771084785461425781e+00) (79, 8.70833933353424072266e-01) (80, 1.28240191936492919922e+00) (81, 1.24225699901580810547e+00) (82, 1.09928578138351440430e-01) (83, 1.58942258358001708984e+00) (84, 7.52141535282135009766e-01) (85, -4.24183197319507598877e-02) (86, 3.87922137975692749023e-01) (87, 9.33526515960693359375e-01) (88, 7.17606186866760253906e-01) (89, 6.22176647186279296875e-01) (90, 7.00938105583190917969e-01) (91, 6.24743759632110595703e-01) (92, 1.67118883132934570312e+00) (93, 1.13162279129028320312e+00) (94, 3.67474943399429321289e-01) (95, 1.51683616638183593750e+00) (96, 1.15658473968505859375e+00) (97, 1.44124424457550048828e+00) (98, 1.26560509204864501953e+00) (99, 6.31258904933929443359e-01) (100, 3.59763115644454956055e-01) (101, 1.21250867843627929688e+00) (102, 1.62074017524719238281e+00) (103, 4.40411865711212158203e-01) (104, 7.89015829563140869141e-01) (0, -2.75292072296142578125e+01) (1, 1.61241078376770019531e+00) (2, 8.90396654605865478516e-01) (3, 9.19850230216979980469e-01) (4, 1.09406208992004394531e+00) (5, 1.53939127922058105469e+00) (6, 3.39997749328613281250e+01) (7, 8.80712211132049560547e-01) (8, 9.59156155586242675781e-01) (9, 4.35136228799819946289e-01) (10, 4.84837312251329421997e-03) (11, 4.14993286132812500000e-01) (12, 4.48355913162231445312e-01) (13, 1.63154506683349609375e+00) (14, 7.81069934368133544922e-01) (15, 1.64707088470458984375e+00) (16, 3.42077225446701049805e-01) (17, 2.18910723924636840820e-01) (18, -1.02939702570438385010e-01) (19, 1.22329998016357421875e+00) (20, 3.57361286878585815430e-01) (21, 1.03022885322570800781e+00) (22, 6.07801973819732666016e-01) (23, 5.01555144786834716797e-01) (24, 7.95734465122222900391e-01) (25, 5.15935942530632019043e-02) (26, -8.09410139918327331543e-02) (27, 9.97360825538635253906e-01) (28, 8.65724146366119384766e-01) (29, 4.30772602558135986328e-01) (30, 1.50552666187286376953e+00) (31, 1.25476896762847900391e+00) (32, -9.91432571411132812500e+00) (33, 7.28500127792358398438e-01) (34, -2.21219897270202636719e+00) (35, 9.07475650310516357422e-01) (36, 7.48002886772155761719e-01) (37, 3.42959731817245483398e-01) (38, 9.65391337871551513672e-01) (39, 5.36312818527221679688e-01) (40, 4.03058111667633056641e-01) (41, 1.01385140419006347656e+00) (42, 1.15404152870178222656e+00) (43, 6.27483248710632324219e-01) (44, 7.95243620872497558594e-01) (45, 8.77536714076995849609e-01) (46, 1.10459005832672119141e+00) (47, 6.41513586044311523438e-01) (48, 4.85516428947448730469e-01) (49, 7.16903090476989746094e-01) (50, 6.06770813465118408203e-01) (51, 1.36235463619232177734e+00) (52, 7.00366139411926269531e-01) (53, 4.53708916902542114258e-01) (54, 8.90315055847167968750e-01) (55, 1.14661502838134765625e+00) (56, 5.48588931560516357422e-01) (57, 9.18601870536804199219e-01) (58, 1.51747977733612060547e+00) (59, 1.20821809768676757812e+00) (60, 1.50112164020538330078e+00) (61, 1.43953716754913330078e+00) (62, 6.29594027996063232422e-01) (63, 1.47859370708465576172e+00) (64, 1.30472540855407714844e+00) (65, 1.39456760883331298828e+00) (66, 1.04603719711303710938e+00) (67, 1.52582335472106933594e+00) (68, 1.42092847824096679688e+00) (69, -6.93019628524780273438e+00) (70, 1.47544372081756591797e+00) (71, 1.31709372997283935547e+00) (72, 4.40435171127319335938e+00) (73, 1.24474322795867919922e+00) (74, 5.24265646934509277344e-01) (75, 4.95367109775543212891e-01) (76, 6.98343813419342041016e-01) (77, 1.36954700946807861328e+00) (78, 1.40774667263031005859e+00) (79, 1.35593771934509277344e+00) (80, 7.94794559478759765625e-01) (81, 1.42864012718200683594e+00) (82, 6.50484800338745117188e-01) (83, 9.04199004173278808594e-01) (84, 1.01563191413879394531e+00) (85, 8.20636808872222900391e-01) (86, -2.71634403616189956665e-02) (87, 7.14742004871368408203e-01) (88, 8.67986977100372314453e-01) (89, 1.38475131988525390625e+00) (90, 7.21789777278900146484e-01) (91, 1.35040318965911865234e+00) (92, 7.68511176109313964844e-01) (93, 4.56071138381958007812e-01) (94, 1.52246677875518798828e+00) (95, 1.26175260543823242188e+00) (96, 2.63339489698410034180e-01) (97, 9.67394769191741943359e-01) (98, 6.45160973072052001953e-01) (99, 7.14033722877502441406e-01) (100, 5.15091240406036376953e-01) (101, 1.14438271522521972656e+00) (102, 1.14501452445983886719e+00) (103, 1.20714831352233886719e+00) (104, 5.53396821022033691406e-01) (0, 8.14179840087890625000e+01) (1, 1.23151659965515136719e+00) (2, 1.35758864879608154297e+00) (3, 1.28582751750946044922e+00) (4, 1.29593551158905029297e+00) (5, 1.73930203914642333984e+00) (6, 4.38586692810058593750e+01) (7, 2.15235805511474609375e+00) (8, 1.25966477394104003906e+00) (9, 1.72876596450805664062e+00) (10, 1.65820926427841186523e-01) (11, 1.29196155071258544922e+00) (12, 1.76494789123535156250e+00) (13, 1.70669853687286376953e+00) (14, 1.82287442684173583984e+00) (15, 1.56177842617034912109e+00) (16, 9.98894274234771728516e-01) (17, 1.25347983837127685547e+00) (18, 6.74397110939025878906e-01) (19, 9.50876832008361816406e-01) (20, 1.10674619674682617188e+00) (21, 1.61085665225982666016e+00) (22, 1.03643298149108886719e+00) (23, 1.05406570434570312500e+00) (24, 1.08341777324676513672e+00) (25, 9.84215497970581054688e-01) (26, -2.52398252487182617188e+00) (27, 1.14719486236572265625e+00) (28, 1.15396034717559814453e+00) (29, 8.11253547668457031250e-01) (30, 1.15502059459686279297e+00) (31, 1.51636910438537597656e+00) (32, -1.69152851104736328125e+01) (33, 1.57505977153778076172e+00) (34, -2.17785477638244628906e+00) (35, 1.20109462738037109375e+00) (36, 1.06319153308868408203e+00) (37, 1.04455995559692382812e+00) (38, 7.29094803333282470703e-01) (39, 3.07162821292877197266e-01) (40, 4.17948871850967407227e-01) (41, -2.29152679443359375000e+00) (42, 1.56716632843017578125e+00) (43, 1.23160636425018310547e+00) (44, 1.21910881996154785156e+00) (45, 1.94402885437011718750e+00) (46, 1.11012995243072509766e+00) (47, 9.02913630008697509766e-01) (48, 2.58373647928237915039e-01) (49, 2.72597908973693847656e-01) (50, 1.53652799129486083984e+00) (51, 1.43478119373321533203e+00) (52, 1.87092256546020507812e+00) (53, 1.17540013790130615234e+00) (54, 2.01006984710693359375e+00) (55, -2.89608931541442871094e+00) (56, 6.32721304893493652344e-01) (57, -2.25648365020751953125e+01) (58, 9.98546004295349121094e-01) (59, 1.24567389488220214844e+00) (60, 1.03650355339050292969e+00) (61, 4.19317185878753662109e-01) (62, 1.47427070140838623047e+00) (63, 9.65992152690887451172e-01) (64, 7.65224575996398925781e-01) (65, 1.03090810775756835938e+00) (66, 8.77288341522216796875e-01) (67, -7.71755576133728027344e-02) (68, 1.20689749717712402344e+00) (69, -7.95915603637695312500e+00) (70, 1.26961302757263183594e+00) (71, 5.78622162342071533203e-01) (72, 8.97232174873352050781e-01) (73, 9.42228257656097412109e-01) (74, 6.15107595920562744141e-01) (75, 1.21049845218658447266e+00) (76, 5.60886025428771972656e-01) (77, 1.37831413745880126953e+00) (78, 1.19424951076507568359e+00) (79, 1.22852325439453125000e+00) (80, 1.26183497905731201172e+00) (81, 1.24344599246978759766e+00) (82, 2.79807955026626586914e-01) (83, 1.50318086147308349609e+00) (84, 9.90158200263977050781e-01) (85, 1.58536523580551147461e-01) (86, 4.39495742321014404297e-01) (87, 1.13938570022583007812e+00) (88, 9.59385275840759277344e-01) (89, 1.17834055423736572266e+00) (90, 1.14359760284423828125e+00) (91, 8.77287924289703369141e-01) (92, 1.75551974773406982422e+00) (93, 1.27061712741851806641e+00) (94, 6.63717031478881835938e-01) (95, 1.83509266376495361328e+00) (96, 1.40217733383178710938e+00) (97, 1.64362514019012451172e+00) (98, 1.47495818138122558594e+00) (99, 1.19083476066589355469e+00) (100, 4.62709605693817138672e-01) (101, 1.42517268657684326172e+00) (102, 1.69126248359680175781e+00) (103, 4.67070758342742919922e-01) (104, 4.46150690317153930664e-01) (0, -5.81980764865875244141e-01) (1, 3.64141404628753662109e-01) (2, 3.15377056598663330078e-01) (3, 3.04435431957244873047e-01) (4, -4.69732195138931274414e-01) (5, 6.23934686183929443359e-01) (6, 9.52993690967559814453e-01) (7, 8.67466688156127929688e-01) (8, 7.61815235018730163574e-02) (9, -2.23078179359436035156e+00) (10, 5.38581371307373046875e-01) (11, 8.49190592765808105469e-01) (12, -3.38686048984527587891e-01) (13, 1.78559020161628723145e-01) (14, 2.69617581367492675781e+00) (15, 2.48309765011072158813e-02) (16, 6.82009041309356689453e-01) (17, 1.15174019336700439453e+00) (18, -1.39760589599609375000e+00) (19, 1.62969887256622314453e+00) (20, 4.95021915435791015625e+00) (21, -2.84224009513854980469e+00) (22, 4.49813318252563476562e+00) (23, 7.01131057739257812500e+00) (24, 2.57206702232360839844e+00) (25, -2.27142453193664550781e+00) (26, 3.17719906568527221680e-01) (27, 3.15019696950912475586e-01) (28, 4.15489584207534790039e-01) (29, 3.15203928947448730469e+00) (30, 5.89704275131225585938e-01) (31, 3.38177889585494995117e-01) (32, -3.00341296195983886719e+00) (33, -1.47609457373619079590e-01) (34, -5.15009832382202148438e+00) (35, 4.49453264474868774414e-01) (36, 2.32191395759582519531e+00) (37, 1.69599771499633789062e+00) (38, 3.33276122808456420898e-01) (39, 2.94556546211242675781e+00) (40, -3.70252728462219238281e+00) (41, 3.49205923080444335938e+00) (42, 2.18073725700378417969e-01) (43, -1.09214746952056884766e+00) (44, 4.75802803039550781250e+00) (45, -1.43990206718444824219e+00) (46, 1.87846302986145019531e+00) (47, 3.05400109291076660156e+00) (48, 2.25247830152511596680e-01) (49, 6.73063397407531738281e-02) (50, 2.02065515518188476562e+00) (51, -1.00898945331573486328e+00) (52, 2.16175580024719238281e+00) (53, -2.53004550933837890625e-01) (54, -2.07916569709777832031e+00) (55, 3.83802205324172973633e-01) (56, 2.91581720113754272461e-01) (57, -3.66352081298828125000e-01) (58, -1.95409387350082397461e-01) (59, 9.06634092330932617188e-01) (60, 7.53769636154174804688e-01) (61, -2.95075774192810058594e-01) (62, -4.32487964630126953125e-01) (63, 1.06096073985099792480e-01) (64, 1.56853604316711425781e+00) (65, -1.30093293264508247375e-02) (66, -4.44076001644134521484e-01) (67, 1.37374329566955566406e+00) (68, -2.18778133392333984375e-01) (69, -1.21238107681274414062e+01) (70, -2.35470890998840332031e+00) (71, -3.98718297481536865234e-01) (72, -1.12903602421283721924e-01) (73, 6.72419190406799316406e-01) (74, -8.07249426841735839844e-01) (75, -3.45617920160293579102e-01) (76, 2.58110702037811279297e-01) (77, 1.28653788566589355469e+00) (78, -3.35925787687301635742e-01) (79, 1.54112315177917480469e+00) (80, 2.47046560049057006836e-01) (81, 5.99347829818725585938e-01) (82, 2.20871400833129882812e+00) (83, -7.67662152647972106934e-02) (84, -1.25326728820800781250e+00) (85, -5.35027980804443359375e-01) (86, 2.41641253232955932617e-01) (87, 1.37071534991264343262e-01) (88, 1.22674512863159179688e+00) (89, 8.33248853683471679688e-01) (90, 8.90279233455657958984e-01) (91, 6.49693071842193603516e-01) (92, -3.92519444227218627930e-01) (93, -9.67843979597091674805e-02) (94, 2.89189994335174560547e-01) (95, -3.03778976202011108398e-01) (96, 5.85336506366729736328e-01) (97, -3.53438913822174072266e-01) (98, -3.59976857900619506836e-01) (99, 1.02277433872222900391e+00) (100, 3.30186598002910614014e-02) (101, -3.45939725637435913086e-01) (102, 4.53321903944015502930e-01) (103, 1.71234452724456787109e+00) (104, 2.13772940635681152344e+00) (0, 3.90641479492187500000e+01) (1, 1.55726611614227294922e+00) (2, 8.11659336090087890625e-01) (3, 1.17611539363861083984e+00) (4, 1.31703639030456542969e+00) (5, 1.42759180068969726562e+00) (6, 4.79529266357421875000e+01) (7, 1.55622994899749755859e+00) (8, 7.43468642234802246094e-01) (9, 9.09017860889434814453e-01) (10, -5.60417127609252929688e+00) (11, 6.84447526931762695312e-01) (12, 7.91737020015716552734e-01) (13, 1.75443804264068603516e+00) (14, 1.00756084918975830078e+00) (15, 1.78313434123992919922e+00) (16, 9.34553861618041992188e-01) (17, 4.90218877792358398438e-01) (18, 6.13956391811370849609e-01) (19, 1.34757161140441894531e+00) (20, 8.05738806724548339844e-01) (21, 1.36605966091156005859e+00) (22, 7.58386313915252685547e-01) (23, 5.68542540073394775391e-01) (24, 1.74970078468322753906e+00) (25, 5.29618322849273681641e-01) (26, -2.20831537246704101562e+00) (27, 1.76074421405792236328e+00) (28, 1.36719107627868652344e+00) (29, 8.36194157600402832031e-01) (30, 1.46520495414733886719e+00) (31, 1.88023602962493896484e+00) (32, -1.67939224243164062500e+01) (33, 9.84944343566894531250e-01) (34, -2.32682299613952636719e+00) (35, 1.42943966388702392578e+00) (36, 1.07233357429504394531e+00) (37, 5.35063505172729492188e-01) (38, 1.12464249134063720703e+00) (39, 1.04121100902557373047e+00) (40, 1.01814544200897216797e+00) (41, 1.06708610057830810547e+00) (42, 1.12180876731872558594e+00) (43, 1.11917471885681152344e+00) (44, 6.74197256565093994141e-01) (45, 1.27556848526000976562e+00) (46, 8.77075850963592529297e-01) (47, 1.00187563896179199219e+00) (48, 1.10382246971130371094e+00) (49, 1.19255304336547851562e+00) (50, 2.20918321609497070312e+00) (51, 9.57698249816894531250e+00) (52, 1.12962377071380615234e+00) (53, 1.82374346256256103516e+00) (54, 1.37639141082763671875e+00) (55, 1.43440783023834228516e+00) (56, 1.06188809871673583984e+00) (57, 5.97424507141113281250e-01) (58, 1.00694012641906738281e+00) (59, 8.29287767410278320312e-01) (60, 1.43201982975006103516e+00) (61, 6.92478179931640625000e-01) (62, 8.90491068363189697266e-01) (63, 1.41292262077331542969e+00) (64, 1.21116757392883300781e+00) (65, 1.21988511085510253906e+00) (66, 1.19721233844757080078e+00) (67, 9.29536759853363037109e-01) (68, 1.21728098392486572266e+00) (69, -7.61470460891723632812e+00) (70, 1.48025250434875488281e+00) (71, 1.21402597427368164062e+00) (72, 1.66761910915374755859e+00) (73, 8.30332636833190917969e-01) (74, 1.20666921138763427734e+00) (75, 7.64728486537933349609e-01) (76, 5.84352374076843261719e-01) (77, 9.90526914596557617188e-01) (78, 9.01215851306915283203e-01) (79, 1.21868169307708740234e+00) (80, 1.73864483833312988281e+00) (81, 1.43534171581268310547e+00) (82, 1.29926729202270507812e+00) (83, 1.08745944499969482422e+00) (84, 1.19963872432708740234e+00) (85, 3.55462074279785156250e-01) (86, 6.62695705890655517578e-01) (87, 5.48568367958068847656e-01) (88, 5.78801393508911132812e-01) (89, 1.28106343746185302734e+00) (90, 1.51845932006835937500e+00) (91, 1.50496554374694824219e+00) (92, 1.40750372409820556641e+00) (93, 7.42825508117675781250e-01) (94, 1.02399837970733642578e+00) (95, 1.42245471477508544922e+00) (96, 9.79323506355285644531e-01) (97, 1.18482935428619384766e+00) (98, 9.31656599044799804688e-01) (99, 1.64019262790679931641e+00) (100, 9.93121147155761718750e-01) (101, 8.81148338317871093750e-01) (102, 5.99554717540740966797e-01) (103, 1.56519508361816406250e+00) (104, 1.06252300739288330078e+00) (0, 1.72588145732879638672e+00) (1, -5.63161194324493408203e-01) (2, 4.96677458286285400391e-01) (3, -1.11951792240142822266e+00) (4, -7.08422213792800903320e-02) (5, -1.62535548210144042969e-01) (6, 9.87612724304199218750e-01) (7, 3.61905813217163085938e-01) (8, 8.84573519229888916016e-01) (9, 6.48496389389038085938e-01) (10, -3.77841323614120483398e-01) (11, 8.21363367140293121338e-03) (12, 9.47542786598205566406e-01) (13, 5.66645860671997070312e-01) (14, -1.57278433442115783691e-01) (15, 2.43370264768600463867e-01) (16, 2.26627588272094726562e-01) (17, 1.29428729414939880371e-01) (18, -9.21131949871778488159e-03) (19, -4.43783067166805267334e-02) (20, 2.49620020389556884766e-01) (21, 5.50919175148010253906e-01) (22, 3.02126318216323852539e-01) (23, 6.49454712867736816406e-01) (24, -5.88201545178890228271e-02) (25, -7.18740820884704589844e-01) (26, -6.36256456375122070312e-01) (27, 1.10577784478664398193e-01) (28, -2.44916751980781555176e-01) (29, 7.10901804268360137939e-03) (30, 6.14259481430053710938e-01) (31, 3.01238536834716796875e-01) (32, -8.29163491725921630859e-02) (33, 8.72469604015350341797e-01) (34, -4.62303072214126586914e-01) (35, 1.23643822968006134033e-01) (36, -4.33083117008209228516e-01) (37, 8.37713003158569335938e-01) (38, -8.47115367650985717773e-02) (39, 2.70598173141479492188e-01) (40, -1.86962708830833435059e-01) (41, -2.51602202653884887695e-01) (42, -7.27748155593872070312e-01) (43, 7.77510225772857666016e-01) (44, -3.70190650224685668945e-01) (45, -1.58814594149589538574e-01) (46, -4.63454395532608032227e-01) (47, 1.53923869132995605469e-01) (48, 7.11911916732788085938e-01) (49, 1.68103754520416259766e-01) (50, -3.92725855112075805664e-01) (51, 3.08866292238235473633e-01) (52, 3.02805036306381225586e-01) (53, -5.56719839572906494141e-01) (54, 1.55020964145660400391e+00) (55, 1.96192979812622070312e-01) (56, -2.17989385128021240234e-01) (57, 2.48746927827596664429e-02) (58, 1.11499321460723876953e+00) (59, -4.84539806842803955078e-01) (60, -6.61940202116966247559e-02) (61, 1.14749264717102050781e+00) (62, 6.36244475841522216797e-01) (63, -6.86308503150939941406e-01) (64, -1.11523270606994628906e+00) (65, -6.13838613033294677734e-01) (66, -1.60907804965972900391e+00) (67, -6.35840356349945068359e-01) (68, -8.52219462394714355469e-01) (69, -5.47517538070678710938e-01) (70, -2.87695527076721191406e-01) (71, 3.80850583314895629883e-01) (72, 7.80502483248710632324e-02) (73, 2.82876908779144287109e-01) (74, 1.73721969127655029297e-01) (75, 5.59449978172779083252e-02) (76, -3.00100833177566528320e-01) (77, -6.94705724716186523438e-01) (78, 7.83255338668823242188e-01) (79, -7.29976519942283630371e-02) (80, -5.74785590171813964844e-01) (81, -7.00702905654907226562e-01) (82, 9.90364626049995422363e-02) (83, -9.78952646255493164062e-01) (84, -5.19239127635955810547e-01) (85, -1.90039321780204772949e-01) (86, 4.43293675780296325684e-02) (87, 5.02198755741119384766e-01) (88, 2.90931671857833862305e-01) (89, -8.16311299800872802734e-01) (90, -7.52753317356109619141e-01) (91, -4.76302981376647949219e-01) (92, 7.02460527420043945312e-01) (93, -4.11146096885204315186e-02) (94, -2.26449184119701385498e-02) (95, -8.97236317396163940430e-02) (96, 8.18442046642303466797e-01) (97, 1.57320845127105712891e+00) (98, -4.17981147766113281250e-02) (99, 7.70486071705818176270e-02) (100, -5.56507050991058349609e-01) (101, 8.04727971553802490234e-01) (102, 5.57111978530883789062e-01) (103, 1.51323807239532470703e+00) (104, 2.46122050285339355469e+00) (0, 1.98869585990905761719e+00) (1, -6.72947704792022705078e-01) (2, 1.07901275157928466797e+00) (3, 2.82227098941802978516e-01) (4, 3.11872422695159912109e-01) (5, 6.78277015686035156250e-01) (6, -4.29690331220626831055e-02) (7, -1.44046759605407714844e+00) (8, -1.25913000106811523438e+00) (9, -4.88180458545684814453e-01) (10, -4.37690317630767822266e-02) (11, -1.53873908519744873047e+00) (12, -3.00966436043381690979e-04) (13, -1.12111902236938476562e+00) (14, 3.94072264432907104492e-01) (15, 9.28835332393646240234e-01) (16, 3.95045727491378784180e-01) (17, 1.71237707138061523438e-01) (18, 5.62218129634857177734e-01) (19, 6.07115507125854492188e-01) (20, 3.32962363958358764648e-01) (21, 3.05200546979904174805e-01) (22, 1.14674136042594909668e-01) (23, -9.17753577232360839844e-02) (24, 2.50420510768890380859e-01) (25, -1.03998808190226554871e-02) (26, -1.67831853032112121582e-01) (27, 5.50199270248413085938e-01) (28, 9.73455131053924560547e-01) (29, -1.26271158456802368164e-01) (30, -5.26765286922454833984e-01) (31, 8.95532548427581787109e-01) (32, -1.42044019699096679688e+01) (33, 3.87555301189422607422e-01) (34, 1.53425727039575576782e-02) (35, 4.46692168712615966797e-01) (36, 3.40962171554565429688e-01) (37, 1.51836514472961425781e-01) (38, -3.28697860240936279297e-01) (39, -2.98459231853485107422e-02) (40, 2.48019993305206298828e-01) (41, -6.72602534294128417969e-01) (42, 3.77890974283218383789e-01) (43, 3.24571907520294189453e-01) (44, 4.76454138755798339844e-01) (45, -4.69734877347946166992e-01) (46, 7.33324527740478515625e+00) (47, 6.83932161331176757812e+00) (48, 6.04756549000740051270e-02) (49, 4.73859667778015136719e-01) (50, 1.07912802696228027344e+00) (51, 1.48727941513061523438e+00) (52, 5.85320055484771728516e-01) (53, 1.36085593700408935547e+00) (54, 1.45531892776489257812e+00) (55, 2.03103160858154296875e+00) (56, 1.99368685483932495117e-01) (57, 1.48906564712524414062e+00) (58, 2.11847496032714843750e+00) (59, 1.15378677845001220703e-01) (60, 7.08379387855529785156e-01) (61, -1.57791301608085632324e-01) (62, 5.00518500804901123047e-01) (63, 4.71823573112487792969e-01) (64, 7.80965209007263183594e-01) (65, 4.95107173919677734375e-01) (66, -3.02805995941162109375e+00) (67, 7.58057832717895507812e-01) (68, 7.46252238750457763672e-01) (69, -8.03691864013671875000e+00) (70, 4.67652559280395507812e-01) (71, 1.35645166039466857910e-01) (72, 2.50310957431793212891e-01) (73, 4.35502141714096069336e-01) (74, -1.04460227489471435547e+00) (75, 7.50772580504417419434e-02) (76, 1.04699075222015380859e-01) (77, 5.31090795993804931641e-01) (78, -4.31366711854934692383e-01) (79, -1.18495330214500427246e-01) (80, -1.25905215740203857422e+00) (81, 1.70427930355072021484e+00) (82, -4.11024838685989379883e-01) (83, 7.17358052730560302734e-01) (84, 8.36414456367492675781e-01) (85, 1.41255903244018554688e+00) (86, -1.47866129875183105469e+00) (87, 6.31091371178627014160e-02) (88, -1.39949059486389160156e+00) (89, 1.06974041461944580078e+00) (90, 2.83158659934997558594e-01) (91, 7.70476043224334716797e-01) (92, -3.13522279262542724609e-01) (93, 1.25964790582656860352e-01) (94, 1.06971395015716552734e+00) (95, -1.90134672448039054871e-03) (96, 7.87657201290130615234e-01) (97, 5.06843388080596923828e-01) (98, 1.35983479022979736328e+00) (99, 1.00128626823425292969e+00) (100, -6.22046887874603271484e-01) (101, -1.06772720813751220703e+00) (102, -6.69318795204162597656e-01) (103, 2.75436806678771972656e+00) (104, 1.28173601627349853516e+00) (0, 1.61367857456207275391e+00) (1, -7.15059638023376464844e-01) (2, -7.54453957080841064453e-01) (3, 1.42528927326202392578e+00) (4, -6.59075617790222167969e-01) (5, 2.29071840643882751465e-01) (6, 3.08890372514724731445e-01) (7, 2.10023313760757446289e-01) (8, 2.38901638984680175781e+00) (9, 1.23863495886325836182e-01) (10, 8.61721187829971313477e-02) (11, -4.00632113218307495117e-01) (12, 7.66641438007354736328e-01) (13, -1.18205809593200683594e+00) (14, -6.49442672729492187500e-01) (15, 4.79166179895401000977e-01) (16, 3.82307261228561401367e-01) (17, -7.70467221736907958984e-02) (18, -5.16069948673248291016e-01) (19, -6.22685432434082031250e-01) (20, 5.16455650329589843750e-01) (21, -2.93424844741821289062e-01) (22, -6.86253666877746582031e-01) (23, 1.40057921409606933594e+00) (24, 2.14325651526451110840e-01) (25, 3.96944358944892883301e-02) (26, 8.58589053153991699219e-01) (27, 4.19815778732299804688e-02) (28, -2.21459746360778808594e-01) (29, -5.83446957170963287354e-02) (30, -2.55244791507720947266e-01) (31, 5.20255267620086669922e-01) (32, -2.32430413365364074707e-01) (33, 1.08019903302192687988e-01) (34, -2.91838765144348144531e+00) (35, 1.03189325332641601562e+00) (36, 1.70553028583526611328e-01) (37, -6.64659380912780761719e-01) (38, 1.00280749797821044922e+00) (39, 5.51336824893951416016e-01) (40, 5.68920552730560302734e-01) (41, 1.66615808010101318359e+00) (42, -8.43785762786865234375e-01) (43, 5.27436017990112304688e-01) (44, 6.86417162418365478516e-01) (45, 1.71913236379623413086e-01) (46, 1.52744853496551513672e+00) (47, -6.90529495477676391602e-02) (48, 8.51492404937744140625e-01) (49, 2.38366886973381042480e-01) (50, 3.12530130147933959961e-01) (51, 7.65959203243255615234e-01) (52, -8.08295547962188720703e-01) (53, -1.82243257761001586914e-01) (54, -1.99630931019783020020e-01) (55, 2.15029788017272949219e+00) (56, -8.62179279327392578125e-01) (57, 3.31250429153442382812e-01) (58, 1.02490067481994628906e-01) (59, -5.03568410873413085938e-01) (60, -3.33345770835876464844e-01) (61, -4.57317560911178588867e-01) (62, 1.25932860374450683594e+00) (63, 9.71035882830619812012e-02) (64, 1.59339952468872070312e+00) (65, -4.70312118530273437500e-01) (66, 1.84807747602462768555e-01) (67, 2.50289797782897949219e+00) (68, -4.44053635001182556152e-02) (69, 1.11565899848937988281e+00) (70, -8.11305224895477294922e-01) (71, 1.64065706729888916016e+00) (72, -2.05017700791358947754e-01) (73, 3.99740743637084960938e+00) (74, -5.14073252677917480469e-01) (75, 7.21307814121246337891e-01) (76, -2.17335462570190429688e+00) (77, 4.06085476279258728027e-02) (78, 1.76969659328460693359e+00) (79, -1.71705529093742370605e-01) (80, -6.95657074451446533203e-01) (81, -4.18348121643066406250e+00) (82, -2.16377592086791992188e+00) (83, -2.56447482109069824219e+00) (84, -7.88130089640617370605e-02) (85, -1.16727352142333984375e+00) (86, 1.09564289450645446777e-01) (87, -6.19019329547882080078e-01) (88, 3.11334753036499023438e+00) (89, 5.57423174381256103516e-01) (90, 2.50736808776855468750e+00) (91, 1.72177135944366455078e+00) (92, -1.28432929515838623047e+00) (93, 2.08963707089424133301e-01) (94, -6.07829034328460693359e-01) (95, 1.66965067386627197266e-01) (96, 2.77286648750305175781e-01) (97, 1.94509828090667724609e+00) (98, 2.92511582374572753906e-01) (99, 9.24865007400512695312e-01) (100, -2.10481166839599609375e+00) (101, 5.63071310520172119141e-01) (102, -2.16339039802551269531e+00) (103, 4.74366903305053710938e+00) (104, 1.82136201858520507812e+00) (0, -5.78082418441772460938e+00) (1, 9.91721272468566894531e-01) (2, 1.48506486415863037109e+00) (3, 1.15611004829406738281e+00) (4, 6.92084491252899169922e-01) (5, 1.52942347526550292969e+00) (6, 4.75967445373535156250e+01) (7, 2.02444267272949218750e+00) (8, -2.55519151687622070312e+00) (9, 1.46997261047363281250e+00) (10, 1.06900906562805175781e+00) (11, 1.17349672317504882812e+00) (12, 1.23472714424133300781e+00) (13, 1.34526073932647705078e+00) (14, 1.85663795471191406250e+00) (15, 1.58626520633697509766e+00) (16, 8.22262108325958251953e-01) (17, 1.18236732482910156250e+00) (18, 5.51826119422912597656e-01) (19, 1.10969793796539306641e+00) (20, 9.95586872100830078125e-01) (21, 1.43674004077911376953e+00) (22, 1.08049345016479492188e+00) (23, 1.20954406261444091797e+00) (24, 1.40440368652343750000e+00) (25, 1.21411061286926269531e+00) (26, -2.65079593658447265625e+00) (27, 1.37310421466827392578e+00) (28, 1.02776348590850830078e+00) (29, 7.52765417098999023438e-01) (30, 1.18630003929138183594e+00) (31, 1.53547477722167968750e+00) (32, -1.69343986511230468750e+01) (33, 1.66743183135986328125e+00) (34, -8.61036419868469238281e-01) (35, 1.26956999301910400391e+00) (36, 1.22007286548614501953e+00) (37, 1.28440892696380615234e+00) (38, 1.15270626544952392578e+00) (39, 7.03345119953155517578e-01) (40, 5.67393183708190917969e-01) (41, 1.83867216110229492188e+00) (42, 1.72778296470642089844e+00) (43, 1.67244052886962890625e+00) (44, 1.42510735988616943359e+00) (45, 2.03252816200256347656e+00) (46, 1.53509199619293212891e+00) (47, 9.76176738739013671875e-01) (48, 8.19849729537963867188e-01) (49, 5.39344608783721923828e-01) (50, 1.42996990680694580078e+00) (51, 1.15429329872131347656e+00) (52, 1.78209114074707031250e+00) (53, 1.13947248458862304688e+00) (54, 2.04109859466552734375e+00) (55, 1.09729695320129394531e+00) (56, 8.01637947559356689453e-01) (57, 5.02435326576232910156e-01) (58, 1.36138677597045898438e+00) (59, 1.38745725154876708984e+00) (60, 1.25239408016204833984e+00) (61, 7.17266619205474853516e-01) (62, 1.40180158615112304688e+00) (63, 1.16778612136840820312e+00) (64, 1.18220889568328857422e+00) (65, 9.41991209983825683594e-01) (66, 1.13328599929809570312e+00) (67, 4.12128269672393798828e-01) (68, 1.30982327461242675781e+00) (69, -7.75996065139770507812e+00) (70, 1.34345602989196777344e+00) (71, 7.05959200859069824219e-01) (72, 9.95351374149322509766e-01) (73, 1.08089637756347656250e+00) (74, 6.26653134822845458984e-01) (75, 1.19796466827392578125e+00) (76, 3.80736917257308959961e-01) (77, 1.41486024856567382812e+00) (78, 1.43397533893585205078e+00) (79, 1.28431570529937744141e+00) (80, 1.30367445945739746094e+00) (81, 1.31411182880401611328e+00) (82, 4.75652247667312622070e-01) (83, 1.80731618404388427734e+00) (84, 1.22587203979492187500e+00) (85, 5.43108940124511718750e-01) (86, 6.65909349918365478516e-01) (87, 1.06978869438171386719e+00) (88, 1.11180651187896728516e+00) (89, 1.32049012184143066406e+00) (90, 1.15463197231292724609e+00) (91, 1.01463413238525390625e+00) (92, 1.86553120613098144531e+00) (93, 1.28893208503723144531e+00) (94, 6.36068344116210937500e-01) (95, 1.77677810192108154297e+00) (96, 1.53318655490875244141e+00) (97, 1.80432844161987304688e+00) (98, 1.52302384376525878906e+00) (99, 1.10184836387634277344e+00) (100, 5.64346134662628173828e-01) (101, 1.48488366603851318359e+00) (102, 1.68388986587524414062e+00) (103, 4.64833557605743408203e-01) (104, 4.63141232728958129883e-01) (0, 3.24121451377868652344e+00) (1, 5.69468975067138671875e-01) (2, 9.48672294616699218750e-01) (3, -7.45995998382568359375e-01) (4, 3.36234793066978454590e-02) (5, 7.31013357639312744141e-01) (6, 2.15568721294403076172e-01) (7, -1.01405251771211624146e-02) (8, -1.59930634498596191406e+00) (9, 6.86968982219696044922e-01) (10, -2.10111662745475769043e-01) (11, 6.64950022473931312561e-03) (12, -3.06232839822769165039e-01) (13, 1.79818168282508850098e-01) (14, 2.46942847967147827148e-01) (15, 9.04168426990509033203e-01) (16, 2.31327295303344726562e-01) (17, 1.31676352024078369141e+00) (18, 2.99811750650405883789e-01) (19, -3.14844101667404174805e-01) (20, -8.26388821005821228027e-02) (21, 1.48466479778289794922e+00) (22, -1.24054002761840820312e+00) (23, -9.70659732818603515625e-01) (24, 4.31478321552276611328e-01) (25, -3.36007505655288696289e-01) (26, 5.24027878418564796448e-03) (27, 1.51115560531616210938e+00) (28, -5.79513192176818847656e-01) (29, 1.93980860710144042969e+00) (30, -1.15434277057647705078e+00) (31, 7.45814740657806396484e-01) (32, 1.29329288005828857422e+00) (33, -4.40726906061172485352e-01) (34, -1.03670924901962280273e-01) (35, 1.22261011600494384766e+00) (36, 5.87682247161865234375e-01) (37, -1.09221017360687255859e+00) (38, 1.13078558444976806641e+00) (39, -2.35040202736854553223e-01) (40, 1.68547320365905761719e+00) (41, 6.39322400093078613281e-01) (42, 8.10102224349975585938e-02) (43, -7.06877470016479492188e-01) (44, -1.17013745009899139404e-01) (45, -9.09361958503723144531e-01) (46, -3.84325087070465087891e-02) (47, 1.74960589408874511719e+00) (48, -2.33162999153137207031e+00) (49, 1.29421269893646240234e+00) (50, -9.48040783405303955078e-01) (51, -1.58671408891677856445e-01) (52, 4.78326320648193359375e-01) (53, 2.12386417388916015625e+00) (54, -2.38745938986539840698e-02) (55, 7.90316522121429443359e-01) (56, 7.46195971965789794922e-01) (57, -6.38054728507995605469e-01) (58, -1.98866856098175048828e+00) (59, -1.96062311530113220215e-01) (60, 7.20496296882629394531e-01) (61, -6.46657764911651611328e-01) (62, -2.93491154909133911133e-01) (63, 6.95747554302215576172e-01) (64, 1.71215727925300598145e-01) (65, 3.40599507093429565430e-01) (66, 1.44362330436706542969e+00) (67, 1.19971551001071929932e-01) (68, -4.39048439264297485352e-01) (69, -2.22295761108398437500e-01) (70, 4.90865170955657958984e-01) (71, -7.86589682102203369141e-01) (72, -2.94138699769973754883e-01) (73, -7.72272229194641113281e-01) (74, -2.63664215803146362305e-01) (75, 9.33232009410858154297e-01) (76, -3.23239028453826904297e-01) (77, -1.45097196102142333984e-01) (78, -2.35912591218948364258e-01) (79, -4.83687251806259155273e-01) (80, -5.88008105754852294922e-01) (81, 3.17279219627380371094e-01) (82, 9.64055180549621582031e-01) (83, -4.13584738969802856445e-01) (84, -7.54203319549560546875e-01) (85, -6.86705708503723144531e-01) (86, 6.54162108898162841797e-01) (87, -1.60231366753578186035e-01) (88, 3.54269176721572875977e-01) (89, -5.61393201351165771484e-01) (90, 1.55102384090423583984e+00) (91, -2.36188963055610656738e-01) (92, -5.33583402633666992188e-01) (93, -6.07918202877044677734e-01) (94, -6.04348003864288330078e-01) (95, -3.86368721723556518555e-01) (96, -2.32293128967285156250e-01) (97, -4.29645776748657226562e-01) (98, -6.66819870471954345703e-01) (99, -8.39099466800689697266e-01) (100, -6.33164465427398681641e-01) (101, -5.51683723926544189453e-01) (102, -3.66540265083312988281e+00) (103, 6.90561771392822265625e+00) (104, 2.64293646812438964844e+00) (0, 3.73655700683593750000e+01) (1, 1.20246517658233642578e+00) (2, 1.48827636241912841797e+00) (3, 1.27003908157348632812e+00) (4, 7.71139562129974365234e-01) (5, 1.69563150405883789062e+00) (6, 4.46969223022460937500e+01) (7, 2.01728534698486328125e+00) (8, 1.18735635280609130859e+00) (9, 1.29163467884063720703e+00) (10, 1.06958532333374023438e+00) (11, 1.01597940921783447266e+00) (12, 1.19341492652893066406e+00) (13, 1.34877228736877441406e+00) (14, 1.45178925991058349609e+00) (15, 1.21952319145202636719e+00) (16, 6.71112120151519775391e-01) (17, 9.92443561553955078125e-01) (18, 5.09783208370208740234e-01) (19, 7.67128288745880126953e-01) (20, 1.25874972343444824219e+00) (21, 1.38695442676544189453e+00) (22, 6.76245987415313720703e-01) (23, 9.11174595355987548828e-01) (24, 1.36925196647644042969e+00) (25, 1.14695787429809570312e+00) (26, -2.95400309562683105469e+00) (27, 1.04600274562835693359e+00) (28, 7.85526990890502929688e-01) (29, 4.93677973747253417969e-01) (30, 9.62333202362060546875e-01) (31, 1.28919839859008789062e+00) (32, -1.73120574951171875000e+01) (33, 1.55586576461791992188e+00) (34, -1.79920065402984619141e+00) (35, 9.79605436325073242188e-01) (36, 9.83412444591522216797e-01) (37, 1.04407894611358642578e+00) (38, 5.04199266433715820312e-01) (39, 2.07261368632316589355e-01) (40, 2.36036300659179687500e-01) (41, 1.63245010375976562500e+00) (42, 1.41126036643981933594e+00) (43, 1.24807941913604736328e+00) (44, 1.40334284305572509766e+00) (45, 1.69192838668823242188e+00) (46, 1.06313931941986083984e+00) (47, 5.62463104724884033203e-01) (48, 2.63465702533721923828e-01) (49, 3.36745440959930419922e-01) (50, 1.08987605571746826172e+00) (51, 9.44655179977416992188e-01) (52, 1.67572474479675292969e+00) (53, 1.19404292106628417969e+00) (54, 1.97983491420745849609e+00) (55, 8.44967365264892578125e-01) (56, 4.47097361087799072266e-01) (57, 3.80949378013610839844e-01) (58, 9.96366500854492187500e-01) (59, 1.33964824676513671875e+00) (60, 8.16796422004699707031e-01) (61, 5.21849811077117919922e-01) (62, 1.32382762432098388672e+00) (63, 9.30345833301544189453e-01) (64, 9.40472781658172607422e-01) (65, 8.39944064617156982422e-01) (66, 1.05437171459197998047e+00) (67, 3.03054332733154296875e-01) (68, 1.27637219429016113281e+00) (69, -7.96594762802124023438e+00) (70, 1.11697578430175781250e+00) (71, 3.22818458080291748047e-01) (72, 9.19826388359069824219e-01) (73, 9.89343166351318359375e-01) (74, 6.45748972892761230469e-01) (75, 1.19887506961822509766e+00) (76, 4.11871701478958129883e-01) (77, 1.31857371330261230469e+00) (78, 1.29415488243103027344e+00) (79, 9.69325184822082519531e-01) (80, 1.40608680248260498047e+00) (81, 1.34940683841705322266e+00) (82, 3.45970511436462402344e-01) (83, 1.56937646865844726562e+00) (84, 8.77327322959899902344e-01) (85, 1.44665926694869995117e-01) (86, 4.95084702968597412109e-01) (87, 1.07037496566772460938e+00) (88, 9.13329064846038818359e-01) (89, 1.07310557365417480469e+00) (90, 7.42354750633239746094e-01) (91, 7.72426128387451171875e-01) (92, 1.81214964389801025391e+00) (93, 1.34002566337585449219e+00) (94, 6.11270785331726074219e-01) (95, 1.75568366050720214844e+00) (96, 1.40829730033874511719e+00) (97, 1.66531550884246826172e+00) (98, 1.29808473587036132812e+00) (99, 9.82876718044281005859e-01) (100, 5.76123416423797607422e-01) (101, 1.34777557849884033203e+00) (102, 1.72966086864471435547e+00) (103, 3.76777976751327514648e-01) (104, 5.78310608863830566406e-01) (0, 5.09760439395904541016e-01) (1, 2.94411659240722656250e-01) (2, 3.23510766029357910156e-01) (3, 2.22663193941116333008e-01) (4, 4.85152333974838256836e-01) (5, -5.54105639457702636719e-01) (6, -7.58206024765968322754e-02) (7, 2.59691745042800903320e-01) (8, -8.52811336517333984375e+00) (9, -3.72098588943481445312e+00) (10, 2.61454510688781738281e+00) (11, 1.41861164569854736328e+00) (12, 1.01294362545013427734e+00) (13, 9.60818588733673095703e-01) (14, -2.39379882812500000000e+00) (15, 8.52871477603912353516e-01) (16, 1.62692499160766601562e+00) (17, 1.43493425846099853516e+00) (18, -3.85139060020446777344e+00) (19, 8.38812649250030517578e-01) (20, -2.37484555691480636597e-02) (21, 4.23689603805541992188e-01) (22, -5.91772139072418212891e-01) (23, -3.82588195800781250000e+00) (24, -1.77763214111328125000e+01) (25, -1.21868431568145751953e+00) (26, 2.15340161323547363281e+00) (27, 1.73843121528625488281e+00) (28, -3.24935030937194824219e+00) (29, -3.40422439575195312500e+00) (30, 2.07387471199035644531e+00) (31, -1.59488511085510253906e+00) (32, -1.67496967315673828125e+00) (33, 7.29082003235816955566e-02) (34, 1.08908094465732574463e-01) (35, 9.21193838119506835938e-01) (36, 2.99755263328552246094e+00) (37, 1.05195868015289306641e+00) (38, 6.37115836143493652344e-01) (39, 7.24251627922058105469e-01) (40, 9.05401897430419921875e+00) (41, -2.23266005516052246094e-01) (42, 1.40001618862152099609e+00) (43, -2.25894674658775329590e-01) (44, -1.51498210430145263672e+00) (45, -1.57160592079162597656e+00) (46, -1.04675316810607910156e+00) (47, -5.56384623050689697266e-01) (48, -3.98176693916320800781e+00) (49, -4.51129627227783203125e+00) (50, 9.59347486495971679688e-01) (51, -2.03035145998001098633e-01) (52, -6.27642393112182617188e-01) (53, -8.53791475296020507812e-01) (54, -1.03250157833099365234e+00) (55, 9.51645970344543457031e-01) (56, -3.17669773101806640625e+00) (57, -6.79012417793273925781e-01) (58, -3.33906650543212890625e+00) (59, 1.34266102313995361328e+00) (60, 8.47840726375579833984e-01) (61, -4.66925650835037231445e-01) (62, -1.94848263263702392578e+00) (63, -4.99796599149703979492e-01) (64, 1.24689316749572753906e+00) (65, -5.06898999214172363281e-01) (66, -3.60811495780944824219e+00) (67, 9.43778991699218750000e-01) (68, 1.07242071628570556641e+00) (69, -1.72345125675201416016e+00) (70, -1.95786625146865844727e-01) (71, 1.08768391609191894531e+00) (72, 5.03407716751098632812e-01) (73, 6.42050877213478088379e-02) (74, 1.73001921176910400391e+00) (75, 7.35678136348724365234e-01) (76, 9.55897688865661621094e-01) (77, 9.41305980086326599121e-02) (78, 1.78953722119331359863e-01) (79, 9.98893380165100097656e-01) (80, 3.29109281301498413086e-01) (81, 2.19595327973365783691e-01) (82, 1.01075673103332519531e+00) (83, -4.13886040449142456055e-01) (84, 8.82868468761444091797e-01) (85, -5.30902802944183349609e-01) (86, -2.16319501399993896484e-01) (87, 9.79363620281219482422e-02) (88, -4.30619537830352783203e-01) (89, -4.67231184244155883789e-01) (90, 2.22865313291549682617e-01) (91, -2.65303045511245727539e-01) (92, -3.22018414735794067383e-01) (93, -3.32761794328689575195e-01) (94, 8.46131797879934310913e-03) (95, -3.13483297824859619141e-01) (96, 7.66464471817016601562e-02) (97, -2.79622465372085571289e-01) (98, -4.34570878744125366211e-01) (99, -2.00022205710411071777e-01) (100, -1.53601720929145812988e-01) (101, -5.96345245838165283203e-01) (102, 2.08904433250427246094e+00) (103, 2.27214187383651733398e-01) (104, 1.95740187168121337891e+00) (0, 1.88764071464538574219e+00) (1, 9.66764509677886962891e-01) (2, 9.66831386089324951172e-01) (3, -3.56403350830078125000e-01) (4, -2.22904264926910400391e-01) (5, 3.20262694358825683594e+00) (6, 2.05016002058982849121e-01) (7, -2.92044937610626220703e-01) (8, 1.22927749156951904297e+00) (9, 1.30292332172393798828e+00) (10, -3.75618249177932739258e-01) (11, 2.61948525905609130859e-01) (12, -5.41260540485382080078e-01) (13, -7.26651698350906372070e-02) (14, -4.65159565210342407227e-01) (15, 7.00222671031951904297e-01) (16, -6.83546140789985656738e-02) (17, 6.24400854110717773438e-01) (18, -5.18879517912864685059e-02) (19, -1.09286379814147949219e+00) (20, -1.00654327869415283203e+00) (21, 6.62051141262054443359e-01) (22, -5.84883131086826324463e-02) (23, 9.46696281433105468750e-01) (24, 2.28605344891548156738e-01) (25, 3.89402329921722412109e-01) (26, 4.09347683191299438477e-01) (27, 4.31301981210708618164e-01) (28, -7.20804810523986816406e-01) (29, 1.21944975852966308594e+00) (30, 6.03977143764495849609e-01) (31, -2.18437477946281433105e-01) (32, 1.19665050506591796875e+00) (33, -5.87495379149913787842e-02) (34, -1.83907836675643920898e-01) (35, -2.07742020487785339355e-01) (36, 1.08575925230979919434e-01) (37, -1.57012522220611572266e-01) (38, -5.57138562202453613281e-01) (39, -2.49769225716590881348e-01) (40, -6.32087349891662597656e-01) (41, 5.12940227985382080078e-01) (42, 2.02943816781044006348e-01) (43, -8.35899412631988525391e-01) (44, -9.26813483238220214844e-02) (45, -1.10042341053485870361e-01) (46, -3.37512433528900146484e-01) (47, 8.51411700248718261719e-01) (48, 1.26939117908477783203e+00) (49, 2.82676607370376586914e-01) (50, 3.58927637338638305664e-01) (51, 3.68311516940593719482e-02) (52, -1.45731106400489807129e-01) (53, -7.01885595917701721191e-02) (54, -4.93432164192199707031e-01) (55, 3.45304399728775024414e-01) (56, 8.12834426760673522949e-02) (57, 1.07853186130523681641e+00) (58, -5.35534441471099853516e-01) (59, -6.84012174606323242188e-01) (60, 6.32668972015380859375e-01) (61, -5.66133201122283935547e-01) (62, 5.19849896430969238281e-01) (63, 8.50274920463562011719e-01) (64, 2.90020834654569625854e-02) (65, 4.29533213376998901367e-01) (66, 8.18633377552032470703e-01) (67, 3.53866457939147949219e-01) (68, -8.04297566413879394531e-01) (69, 1.00109696388244628906e+00) (70, 8.37400317192077636719e-01) (71, -8.64699631929397583008e-02) (72, 2.73789227008819580078e-01) (73, -1.16987037658691406250e+00) (74, -5.97104489803314208984e-01) (75, -7.52212464809417724609e-01) (76, -8.70491147041320800781e-01) (77, 1.27428501844406127930e-01) (78, -9.06495869159698486328e-01) (79, -4.33046281337738037109e-01) (80, -7.39918828010559082031e-01) (81, -5.25742769241333007812e-01) (82, -8.52668821811676025391e-01) (83, 5.27008175849914550781e-02) (84, -5.72704970836639404297e-01) (85, -7.20835179090499877930e-02) (86, -7.73065239191055297852e-02) (87, -6.43643915653228759766e-01) (88, -1.67831659317016601562e-01) (89, 8.22946250438690185547e-01) (90, -7.89239108562469482422e-02) (91, 3.31015467643737792969e-01) (92, -1.19905531406402587891e+00) (93, 6.21513873338699340820e-02) (94, 1.87343969941139221191e-01) (95, -2.78036534786224365234e-01) (96, -2.66691949218511581421e-02) (97, -1.08575201034545898438e+00) (98, -8.24206694960594177246e-02) (99, 1.04901842772960662842e-01) (100, 5.44949829578399658203e-01) (101, -1.12516963481903076172e+00) (102, -1.23488925397396087646e-01) (103, 2.44439530372619628906e+00) (104, 2.17365431785583496094e+00) (0, 2.62549549341201782227e-01) (1, -7.20100283622741699219e-01) (2, 3.14139008522033691406e-01) (3, -1.58973887562751770020e-01) (4, -4.46255713701248168945e-01) (5, 1.65352970361709594727e-01) (6, 9.45983827114105224609e-01) (7, 7.49495089054107666016e-01) (8, 4.54986840486526489258e-02) (9, 1.51636779308319091797e-01) (10, -1.69163867831230163574e-01) (11, -1.27031743526458740234e-01) (12, 5.58390200138092041016e-01) (13, -7.20351636409759521484e-01) (14, -1.96559339761734008789e-01) (15, -3.46462786197662353516e-01) (16, 3.58669728040695190430e-01) (17, -3.25718987733125686646e-03) (18, 1.02416253089904785156e+00) (19, 1.49540444836020469666e-02) (20, 7.26684093475341796875e-01) (21, 5.86838722229003906250e-01) (22, 2.36886709928512573242e-01) (23, -2.33832478523254394531e-01) (24, 5.35297811031341552734e-01) (25, -6.39883220195770263672e-01) (26, -7.82508730888366699219e-01) (27, -3.46648931503295898438e-01) (28, -1.43067464232444763184e-01) (29, -1.81321308016777038574e-01) (30, -3.99124659597873687744e-02) (31, -5.45762181282043457031e-01) (32, -3.54469388723373413086e-01) (33, -1.94366127252578735352e-01) (34, 6.45555377006530761719e-01) (35, 1.68798550963401794434e-01) (36, 3.58447909355163574219e-01) (37, 4.60267503513023257256e-04) (38, -3.17531943321228027344e-01) (39, 6.82248473167419433594e-02) (40, -9.59860756993293762207e-02) (41, 6.93735480308532714844e-01) (42, 4.61588144302368164062e-01) (43, 5.51864922046661376953e-01) (44, 8.78726243972778320312e-02) (45, 2.40911513566970825195e-01) (46, -2.33866408467292785645e-01) (47, 2.20980674028396606445e-01) (48, 7.82043695449829101562e-01) (49, 1.72170460224151611328e-01) (50, 2.83961445093154907227e-01) (51, 2.75618404150009155273e-01) (52, 1.51643425226211547852e-01) (53, 1.10209852457046508789e-01) (54, 6.21240258216857910156e-01) (55, 2.02109709382057189941e-01) (56, 6.96341767907142639160e-02) (57, -8.72681677341461181641e-01) (58, -1.22729487717151641846e-01) (59, 9.39690619707107543945e-02) (60, -6.47205650806427001953e-01) (61, -9.35473367571830749512e-02) (62, -9.73512604832649230957e-02) (63, -7.07214295864105224609e-01) (64, -2.77544021606445312500e-01) (65, -7.08612799644470214844e-01) (66, 6.00081682205200195312e-02) (67, -1.69717401266098022461e-01) (68, -2.81956017017364501953e-01) (69, -4.52772855758666992188e-01) (70, 4.83355112373828887939e-02) (71, -6.73139274120330810547e-01) (72, -2.18705236911773681641e-01) (73, 1.80899024009704589844e-01) (74, -3.70412647724151611328e-01) (75, 3.99560183286666870117e-01) (76, -1.39067247509956359863e-01) (77, -7.00533390045166015625e-01) (78, -3.72563600540161132812e-01) (79, -2.42687180638313293457e-01) (80, 3.64010125398635864258e-01) (81, -1.59015864133834838867e-01) (82, -6.86327576637268066406e-01) (83, -7.41168810054659843445e-03) (84, 5.30109703540802001953e-01) (85, -1.13827865570783615112e-02) (86, -7.76948451995849609375e-01) (87, -1.72126442193984985352e-01) (88, 3.21262747049331665039e-01) (89, 7.71405026316642761230e-02) (90, 1.45585918426513671875e+00) (91, -2.43746966123580932617e-01) (92, 7.18708515167236328125e-01) (93, -1.72929652035236358643e-02) (94, -7.70125150680541992188e-01) (95, 2.28671923279762268066e-01) (96, -1.61987647414207458496e-01) (97, -1.67775347828865051270e-01) (98, -2.31089919805526733398e-01) (99, 5.26350438594818115234e-01) (100, -6.96290969848632812500e-01) (101, -1.89521729946136474609e-01) (102, 1.72737169265747070312e+00) (103, 1.31140068173408508301e-01) (104, 2.44788765907287597656e+00) (0, 1.40670406818389892578e+00) (1, 3.87723028659820556641e-01) (2, -8.72546195983886718750e-01) (3, -5.90153709053993225098e-02) (4, 3.59834022819995880127e-02) (5, 6.40170931816101074219e-01) (6, 7.21662938594818115234e-02) (7, 2.51010388135910034180e-01) (8, -1.12068038433790206909e-02) (9, -3.05353224277496337891e-01) (10, 5.21172165870666503906e-01) (11, 2.61095017194747924805e-01) (12, -4.51742559671401977539e-02) (13, 4.34813320636749267578e-01) (14, 2.49002262949943542480e-01) (15, 1.44645515829324722290e-02) (16, 2.01209291815757751465e-01) (17, -1.35342091321945190430e-01) (18, 7.06194877624511718750e-01) (19, -1.77928470075130462646e-02) (20, 6.40828311443328857422e-02) (21, 4.78861242532730102539e-01) (22, 6.77385389804840087891e-01) (23, 2.88431555032730102539e-01) (24, 1.75180599093437194824e-01) (25, -7.20704257488250732422e-01) (26, -1.69976934790611267090e-01) (27, 3.95376682281494140625e-02) (28, 8.73968482017517089844e-01) (29, 7.54732787609100341797e-02) (30, -7.49072790145874023438e-01) (31, -6.91889375448226928711e-02) (32, -1.36374473571777343750e+00) (33, -6.24857783317565917969e-01) (34, -2.73611038923263549805e-01) (35, -2.44059428572654724121e-01) (36, -5.57320833206176757812e-01) (37, -7.59670853614807128906e-01) (38, -4.95870292186737060547e-01) (39, 1.99103549122810363770e-01) (40, 6.52175188064575195312e-01) (41, -2.66677665710449218750e+00) (42, -6.63059234619140625000e-01) (43, 4.29531395435333251953e-01) (44, 7.80345797538757324219e-01) (45, 1.14681184291839599609e+00) (46, -2.28009605407714843750e+00) (47, 9.93423998355865478516e-01) (48, -4.84202921390533447266e-01) (49, 4.23386245965957641602e-01) (50, 6.27620339393615722656e-01) (51, 1.16133260726928710938e+00) (52, 1.78702883422374725342e-02) (53, 9.90771725773811340332e-02) (54, -7.51885950565338134766e-01) (55, -2.46442508697509765625e+00) (56, -6.99125647544860839844e-01) (57, -5.68876080214977264404e-02) (58, 2.20193004608154296875e+00) (59, -4.33876395225524902344e-01) (60, -6.32623910903930664062e-01) (61, 5.15005290508270263672e-01) (62, 3.99155378341674804688e-01) (63, 8.00972047727555036545e-04) (64, -8.92247110605239868164e-02) (65, 5.42091988027095794678e-02) (66, -7.63828396797180175781e-01) (67, 9.01218429207801818848e-02) (68, -1.04631118476390838623e-01) (69, -1.31286275386810302734e+00) (70, -6.02154433727264404297e-01) (71, -2.94119805097579956055e-01) (72, 3.57602238655090332031e-01) (73, -8.69900941848754882812e-01) (74, -2.79224723577499389648e-01) (75, 1.44930815696716308594e+00) (76, 2.85044610500335693359e-01) (77, 1.86716258525848388672e-01) (78, -1.08981013298034667969e+00) (79, 3.61193954944610595703e-01) (80, 4.19710457324981689453e-01) (81, -5.23313820362091064453e-01) (82, 3.10784846544265747070e-01) (83, 3.44412803649902343750e-01) (84, 4.53389674425125122070e-01) (85, -4.53886568546295166016e-01) (86, 1.31304144859313964844e-01) (87, -1.09138287603855133057e-01) (88, 6.71277999877929687500e-01) (89, 1.75952005386352539062e+00) (90, 1.90358683466911315918e-01) (91, 1.39574742317199707031e+00) (92, 6.56055986881256103516e-01) (93, 4.03246670961380004883e-01) (94, 8.96020159125328063965e-02) (95, 1.08036530017852783203e+00) (96, -6.87023937702178955078e-01) (97, 5.72207808494567871094e-01) (98, 1.03665423393249511719e+00) (99, -1.71499502658843994141e+00) (100, -1.07045181095600128174e-01) (101, -7.87074267864227294922e-01) (102, -2.44752205908298492432e-02) (103, 2.05667757987976074219e+00) (104, 1.94477796554565429688e+00) (0, -1.41579437255859375000e+00) (1, -7.97683179378509521484e-01) (2, 3.83918970823287963867e-01) (3, 5.17310500144958496094e-01) (4, -3.22564512491226196289e-01) (5, 9.24165606498718261719e-01) (6, 2.12819546461105346680e-01) (7, 1.03254832327365875244e-01) (8, -3.27317953109741210938e-01) (9, 7.75927258655428886414e-03) (10, 2.06937760114669799805e-01) (11, 5.07343411445617675781e-01) (12, 6.60800874233245849609e-01) (13, -1.95714461803436279297e+00) (14, 5.72487711906433105469e-01) (15, 2.64828562736511230469e-01) (16, 9.51451361179351806641e-02) (17, 1.33916568011045455933e-02) (18, 9.21345353126525878906e-01) (19, -1.03872068226337432861e-01) (20, -8.04715037345886230469e-01) (21, 6.44889771938323974609e-02) (22, -1.23842433094978332520e-01) (23, 1.19253143668174743652e-01) (24, -3.55566665530204772949e-02) (25, 5.82895874977111816406e-01) (26, 4.35406327247619628906e-01) (27, 2.54279017448425292969e-01) (28, 4.26954656839370727539e-01) (29, 1.80838370323181152344e+00) (30, 1.28186881542205810547e+00) (31, 6.06080740690231323242e-02) (32, 6.54257118701934814453e-01) (33, -6.19516670703887939453e-01) (34, -7.32622051239013671875e+00) (35, 4.49838042259216308594e-01) (36, -3.49108815193176269531e-01) (37, 9.48676466941833496094e-01) (38, -8.83134156465530395508e-02) (39, -9.96246710419654846191e-02) (40, 6.83184802532196044922e-01) (41, -1.81158244609832763672e+00) (42, -1.29049152135848999023e-01) (43, 1.10827374458312988281e+00) (44, 9.95627045631408691406e-01) (45, 1.56944304704666137695e-01) (46, -2.15753507614135742188e+00) (47, -4.02478843927383422852e-01) (48, 7.16042757034301757812e-01) (49, -8.94121155142784118652e-02) (50, -2.79708564281463623047e-01) (51, -1.16512745618820190430e-01) (52, -6.52717351913452148438e-01) (53, -5.04910528659820556641e-01) (54, 4.17995244264602661133e-01) (55, 3.99335503578186035156e-01) (56, 3.02082151174545288086e-01) (57, 2.03947305679321289062e+00) (58, -8.46551418304443359375e-01) (59, -4.34170365333557128906e-01) (60, 2.21529215574264526367e-01) (61, -1.25912261009216308594e+00) (62, 4.28353607654571533203e-01) (63, 5.64371705055236816406e-01) (64, 6.72511219978332519531e-01) (65, 9.17471587657928466797e-01) (66, 1.17748343944549560547e+00) (67, -6.41780257225036621094e-01) (68, 9.11144673824310302734e-01) (69, 1.40084847807884216309e-01) (70, 1.31881034374237060547e+00) (71, 1.00275003910064697266e+00) (72, -3.67479734122753143311e-02) (73, -4.34626787900924682617e-01) (74, -4.40863341093063354492e-01) (75, 3.76482516527175903320e-01) (76, 1.28559374809265136719e+00) (77, -5.52952468395233154297e-01) (78, -1.73782980442047119141e+00) (79, -1.73536196351051330566e-01) (80, 4.69685137271881103516e-01) (81, -4.01688367128372192383e-01) (82, 6.23234868049621582031e-01) (83, 3.78794908523559570312e-01) (84, -4.84732002019882202148e-01) (85, 7.04771339893341064453e-01) (86, -3.33465129137039184570e-01) (87, -6.55417680740356445312e-01) (88, -6.25782907009124755859e-01) (89, 2.44752705097198486328e-01) (90, 1.53151541948318481445e-01) (91, 6.30124360322952270508e-02) (92, 2.66106814146041870117e-01) (93, -2.58823692798614501953e-01) (94, -1.56285613775253295898e-02) (95, 5.52624940872192382812e-01) (96, -7.06779360771179199219e-01) (97, 4.97793614864349365234e-01) (98, 1.21682441234588623047e+00) (99, 4.72460269927978515625e-01) (100, 4.89343032240867614746e-02) (101, -1.93561479449272155762e-01) (102, -6.53127968311309814453e-01) (103, 2.89041996002197265625e+00) (104, 2.05932545661926269531e+00) (0, 2.32924675941467285156e+00) (1, 8.20751413702964782715e-02) (2, -7.81443595886230468750e-01) (3, 1.11675179004669189453e+00) (4, -2.77068495750427246094e-01) (5, 7.57797002792358398438e-01) (6, -1.45809039473533630371e-01) (7, -1.54946064949035644531e+00) (8, 1.96080791950225830078e+00) (9, -1.76638379693031311035e-01) (10, -4.73638027906417846680e-01) (11, 7.20089256763458251953e-01) (12, -9.16231572628021240234e-01) (13, 7.95542836189270019531e-01) (14, -1.15596759319305419922e+00) (15, -7.53466188907623291016e-02) (16, 1.10748362541198730469e+00) (17, -1.05406093597412109375e+00) (18, -4.11467701196670532227e-01) (19, -4.57173138856887817383e-01) (20, -1.76018312573432922363e-01) (21, 1.34746456146240234375e+00) (22, 1.43827915191650390625e+00) (23, -2.34615802764892578125e+00) (24, 4.18197822570800781250e+00) (25, 1.10301692038774490356e-02) (26, -6.24000251293182373047e-01) (27, 1.99915608391165733337e-03) (28, -1.90796077251434326172e+00) (29, -2.25747093558311462402e-01) (30, 2.69476354122161865234e-01) (31, 1.01961922645568847656e+00) (32, -8.09650123119354248047e-01) (33, 1.48688971996307373047e+00) (34, -1.76828309893608093262e-01) (35, 1.82873702049255371094e+00) (36, 1.11509370803833007812e+00) (37, -1.72381079196929931641e+00) (38, 6.61008059978485107422e-02) (39, 1.62704497575759887695e-01) (40, 1.38340258598327636719e+00) (41, -2.00030088424682617188e+00) (42, -6.02635800838470458984e-01) (43, -1.40688133239746093750e+00) (44, -5.90829730033874511719e-01) (45, -3.27543988823890686035e-02) (46, -2.80700659751892089844e+00) (47, -1.21493840217590332031e+00) (48, 4.25529813766479492188e+00) (49, 9.62511539459228515625e-01) (50, -7.62206539511680603027e-02) (51, -9.49661791324615478516e-01) (52, -7.30217099189758300781e-01) (53, -9.24778223037719726562e-01) (54, 1.32031416893005371094e+00) (55, -3.87337207794189453125e-01) (56, 8.51853191852569580078e-01) (57, 6.67482078075408935547e-01) (58, 1.53797960281372070312e+00) (59, -8.70967507362365722656e-02) (60, -7.40949869155883789062e-01) (61, -4.20747727155685424805e-01) (62, 1.19934380054473876953e+00) (63, -4.60105016827583312988e-02) (64, 1.36836910247802734375e+00) (65, 1.43787160515785217285e-01) (66, 2.82792359590530395508e-01) (67, 1.00467491149902343750e+00) (68, -5.40178298950195312500e-01) (69, -4.97654080390930175781e-02) (70, -5.74757754802703857422e-01) (71, -8.81642103195190429688e-02) (72, -6.63724124431610107422e-01) (73, 6.82618796825408935547e-01) (74, 6.62245273590087890625e-01) (75, 4.98465895652770996094e-01) (76, -5.59312462806701660156e-01) (77, 7.94546782970428466797e-01) (78, -7.80286788940429687500e-01) (79, 6.44593834877014160156e-02) (80, 1.36427506804466247559e-01) (81, 1.16041827201843261719e+00) (82, 2.07429379224777221680e-01) (83, 2.93950706720352172852e-01) (84, -4.82366204261779785156e-01) (85, -3.00803691148757934570e-01) (86, 5.61322987079620361328e-01) (87, -3.75647336244583129883e-01) (88, 3.17948535084724426270e-02) (89, -1.28217548131942749023e-01) (90, -3.48163992166519165039e-02) (91, 4.40801531076431274414e-01) (92, -8.18188369274139404297e-01) (93, 1.95935845375061035156e-01) (94, -6.24312698841094970703e-01) (95, -8.56408476829528808594e-01) (96, -1.99232831597328186035e-01) (97, -6.05660080909729003906e-01) (98, -4.37590748071670532227e-01) (99, -4.41823124885559082031e-01) (100, 3.91568690538406372070e-02) (101, -7.67739236354827880859e-01) (102, -2.79948830604553222656e+00) (103, 5.93007373809814453125e+00) (104, 2.61537623405456542969e+00) (0, -1.27580242156982421875e+01) (1, 1.21376013755798339844e+00) (2, 1.74541115760803222656e+00) (3, 1.24780476093292236328e+00) (4, 1.00770545005798339844e+00) (5, 1.47972774505615234375e+00) (6, 4.39259872436523437500e+01) (7, 1.63342845439910888672e+00) (8, -2.19175195693969726562e+00) (9, 1.73302245140075683594e+00) (10, 6.53255701065063476562e-01) (11, 1.19734203815460205078e+00) (12, 1.12402951717376708984e+00) (13, 1.44375693798065185547e+00) (14, 1.74993741512298583984e+00) (15, 1.56282436847686767578e+00) (16, 8.49079370498657226562e-01) (17, 1.02461349964141845703e+00) (18, 6.10918581485748291016e-01) (19, 1.02329123020172119141e+00) (20, 1.04430699348449707031e+00) (21, 1.46016168594360351562e+00) (22, 1.02956187725067138672e+00) (23, 1.04891753196716308594e+00) (24, 1.43722248077392578125e+00) (25, 1.04980289936065673828e+00) (26, -2.62519383430480957031e+00) (27, 1.25238943099975585938e+00) (28, 9.94065523147583007812e-01) (29, 6.73951268196105957031e-01) (30, 1.25167918205261230469e+00) (31, 1.62010467052459716797e+00) (32, -1.69878997802734375000e+01) (33, 1.73653030395507812500e+00) (34, -7.36139953136444091797e-01) (35, 1.30006146430969238281e+00) (36, 1.11051201820373535156e+00) (37, 1.53849732875823974609e+00) (38, 1.13757348060607910156e+00) (39, 6.62271559238433837891e-01) (40, 6.22513175010681152344e-01) (41, 1.86472320556640625000e+00) (42, 1.70495378971099853516e+00) (43, 1.54384505748748779297e+00) (44, 1.50203406810760498047e+00) (45, 2.05302762985229492188e+00) (46, 1.63076472282409667969e+00) (47, 1.06078827381134033203e+00) (48, 6.02710783481597900391e-01) (49, 6.42441511154174804688e-01) (50, 1.43305504322052001953e+00) (51, 1.09436988830566406250e+00) (52, 1.82314062118530273438e+00) (53, 1.25620961189270019531e+00) (54, 2.07625293731689453125e+00) (55, 1.31710839271545410156e+00) (56, 7.63755202293395996094e-01) (57, 5.50252497196197509766e-01) (58, 1.25747692584991455078e+00) (59, 1.51027464866638183594e+00) (60, 1.24665999412536621094e+00) (61, 7.37452149391174316406e-01) (62, 1.32404804229736328125e+00) (63, 9.28581714630126953125e-01) (64, 1.10172307491302490234e+00) (65, 1.28701317310333251953e+00) (66, 9.82162833213806152344e-01) (67, 4.15425866842269897461e-01) (68, 1.34622836112976074219e+00) (69, -7.65302991867065429688e+00) (70, 1.33023202419281005859e+00) (71, 7.28251159191131591797e-01) (72, 1.05147969722747802734e+00) (73, 1.38500618934631347656e+00) (74, 8.93790960311889648438e-01) (75, 1.40419316291809082031e+00) (76, 6.31365597248077392578e-01) (77, 1.74331843852996826172e+00) (78, 1.67963230609893798828e+00) (79, 1.14017558097839355469e+00) (80, 1.48611116409301757812e+00) (81, 1.27333331108093261719e+00) (82, 4.69736307859420776367e-01) (83, 1.71998047828674316406e+00) (84, 1.33494031429290771484e+00) (85, 4.37859117984771728516e-01) (86, 9.17489409446716308594e-01) (87, 1.36442255973815917969e+00) (88, 1.04255568981170654297e+00) (89, 1.22132694721221923828e+00) (90, 1.21318352222442626953e+00) (91, 1.14828944206237792969e+00) (92, 1.92068672180175781250e+00) (93, 1.62116312980651855469e+00) (94, 7.46813714504241943359e-01) (95, 2.00713133811950683594e+00) (96, 1.78065609931945800781e+00) (97, 1.73629391193389892578e+00) (98, 1.84721219539642333984e+00) (99, 1.21785283088684082031e+00) (100, 6.91650986671447753906e-01) (101, 1.72016739845275878906e+00) (102, 1.70543622970581054688e+00) (103, 5.41791319847106933594e-01) (104, 2.94830083847045898438e-01) (0, -4.68494834899902343750e+01) (1, 1.16743290424346923828e+00) (2, 1.26660239696502685547e+00) (3, 1.20099627971649169922e+00) (4, 7.61671304702758789062e-01) (5, 1.56135511398315429688e+00) (6, 4.87456321716308593750e+01) (7, 1.10599660873413085938e+01) (8, 1.51025936007499694824e-01) (9, 1.53544783592224121094e+00) (10, 8.20107996463775634766e-01) (11, 1.02172267436981201172e+00) (12, 1.21434926986694335938e+00) (13, 1.43642783164978027344e+00) (14, 1.68233847618103027344e+00) (15, 1.56875860691070556641e+00) (16, 6.70981049537658691406e-01) (17, 1.00316476821899414062e+00) (18, 7.81464040279388427734e-01) (19, 7.28096246719360351562e-01) (20, 1.19444954395294189453e+00) (21, 1.34976553916931152344e+00) (22, 1.08087313175201416016e+00) (23, 1.27737414836883544922e+00) (24, 1.36621713638305664062e+00) (25, 1.20780622959136962891e+00) (26, -2.84195804595947265625e+00) (27, 1.21913790702819824219e+00) (28, 1.14723384380340576172e+00) (29, 6.44183456897735595703e-01) (30, 1.31752133369445800781e+00) (31, 1.32150173187255859375e+00) (32, -1.72687091827392578125e+01) (33, 1.58913409709930419922e+00) (34, -2.18085432052612304688e+00) (35, 9.85823273658752441406e-01) (36, 9.47532057762145996094e-01) (37, 1.29955983161926269531e+00) (38, 7.87048399448394775391e-01) (39, 2.74623841047286987305e-01) (40, 5.36947250366210937500e-01) (41, 1.99932289123535156250e+00) (42, 1.80465567111968994141e+00) (43, 1.61256074905395507812e+00) (44, 1.43714213371276855469e+00) (45, 1.94822645187377929688e+00) (46, 9.21928167343139648438e-01) (47, 1.12333953380584716797e+00) (48, 6.51217520236968994141e-01) (49, 5.30705928802490234375e-01) (50, 1.35350644588470458984e+00) (51, 1.18582510948181152344e+00) (52, 1.80637693405151367188e+00) (53, 1.29138934612274169922e+00) (54, 2.04857850074768066406e+00) (55, -8.64805459976196289062e-01) (56, 6.35809421539306640625e-01) (57, -2.29144954681396484375e+00) (58, 1.26508879661560058594e+00) (59, 3.00577092170715332031e+00) (60, 1.12316596508026123047e+00) (61, 8.05104255676269531250e-01) (62, 1.62756896018981933594e+00) (63, 1.07013833522796630859e+00) (64, 1.07879514694213867188e+01) (65, 1.17985153198242187500e+00) (66, 1.03061485290527343750e+00) (67, 5.02402961254119873047e-01) (68, 1.26078021526336669922e+00) (69, -7.71436262130737304688e+00) (70, 1.31290507316589355469e+00) (71, 8.33868741989135742188e-01) (72, 1.21786856651306152344e+00) (73, 1.07009565830230712891e+00) (74, 9.72381412982940673828e-01) (75, 1.54006469249725341797e+00) (76, 6.81904435157775878906e-01) (77, 1.59960389137268066406e+00) (78, 1.44685471057891845703e+00) (79, 1.27710962295532226562e+00) (80, 1.37381362915039062500e+00) (81, 1.21363043785095214844e+00) (82, 5.42518258094787597656e-01) (83, 1.76481294631958007812e+00) (84, 1.20249843597412109375e+00) (85, 2.76086479425430297852e-01) (86, 8.42259526252746582031e-01) (87, 1.25525879859924316406e+00) (88, 1.21624243259429931641e+00) (89, 1.23121654987335205078e+00) (90, 8.73027503490447998047e-01) (91, 1.04100716114044189453e+00) (92, 2.04448509216308593750e+00) (93, 1.42774510383605957031e+00) (94, 6.90800249576568603516e-01) (95, 2.07326555252075195312e+00) (96, 1.57907712459564208984e+00) (97, 1.71155250072479248047e+00) (98, 1.58823764324188232422e+00) (99, 1.28250932693481445312e+00) (100, 7.18950033187866210938e-01) (101, 1.67728567123413085938e+00) (102, 1.69184792041778564453e+00) (103, 4.69405770301818847656e-01) (104, 3.82169812917709350586e-01) (0, 6.32320165634155273438e-01) (1, 2.73314177989959716797e-01) (2, -5.60580432415008544922e-01) (3, 1.89433664083480834961e-01) (4, -3.02994400262832641602e-01) (5, -2.79632472991943359375e+00) (6, 5.30784606933593750000e-01) (7, 2.23019456863403320312e+00) (8, 1.96396374702453613281e+00) (9, 1.45773434638977050781e+00) (10, -4.11873310804367065430e-01) (11, -5.62994956970214843750e-01) (12, 1.04314554482698440552e-02) (13, 6.38938665390014648438e-01) (14, -1.89938604831695556641e-01) (15, 1.61366611719131469727e-01) (16, 3.04099798202514648438e-01) (17, -1.30147024989128112793e-01) (18, -1.35195851325988769531e+00) (19, 2.45198398828506469727e-01) (20, 3.54164671897888183594e+00) (21, 4.39495849609375000000e+00) (22, 1.72923192381858825684e-01) (23, 4.84290644526481628418e-02) (24, 2.11883640289306640625e+00) (25, -5.02617895603179931641e-01) (26, -2.38932624459266662598e-01) (27, -7.76047050952911376953e-01) (28, 9.50861036777496337891e-01) (29, 1.54520857334136962891e+00) (30, -1.27837106585502624512e-01) (31, 5.25252401828765869141e-01) (32, -5.88384032249450683594e-01) (33, -7.24856704473495483398e-02) (34, 4.90501451492309570312e+00) (35, 5.69193601608276367188e-01) (36, -9.88034546375274658203e-01) (37, -1.26444931030273437500e+01) (38, -5.49353313446044921875e+00) (39, -1.35572361946105957031e+00) (40, -1.13384151458740234375e+00) (41, -8.41957926750183105469e-01) (42, -1.71915793418884277344e+00) (43, -2.49918520450592041016e-01) (44, 3.75568437576293945312e+00) (45, 1.29194271564483642578e+00) (46, 4.16742134094238281250e+00) (47, 1.04461443424224853516e+00) (48, -5.82777976989746093750e-01) (49, -2.60093696415424346924e-02) (50, 7.98015415668487548828e-01) (51, 5.26767194271087646484e-01) (52, -1.21475863456726074219e+00) (53, 5.27864933013916015625e-01) (54, -1.52729973196983337402e-01) (55, -6.08009517192840576172e-01) (56, -2.69920647144317626953e-01) (57, -2.45534488931298255920e-03) (58, 1.57370042800903320312e+00) (59, -2.07335281372070312500e+00) (60, -8.19677591323852539062e-01) (61, 1.83449053764343261719e+00) (62, 5.08618831634521484375e-01) (63, -6.95743858814239501953e-01) (64, 2.41910338401794433594e+00) (65, -5.80228626728057861328e-01) (66, -1.37649610638618469238e-01) (67, -5.39279341697692871094e-01) (68, 2.13919147849082946777e-01) (69, -4.86291825771331787109e-01) (70, 9.29158270359039306641e-01) (71, 2.32587866485118865967e-02) (72, -1.86370444297790527344e+00) (73, 1.87104940414428710938e-01) (74, 1.66935443878173828125e+00) (75, 1.61221146583557128906e+00) (76, -2.43191614747047424316e-01) (77, -3.87879788875579833984e-01) (78, 1.25008985400199890137e-01) (79, -1.53692364692687988281e+00) (80, 1.46576678752899169922e+00) (81, -1.61966419219970703125e+00) (82, 5.13173229992389678955e-02) (83, 3.45646917819976806641e-01) (84, -1.02902114391326904297e-01) (85, 2.76542216539382934570e-01) (86, -8.82912516593933105469e-01) (87, 6.00836336612701416016e-01) (88, 7.00796604156494140625e-01) (89, 8.31645131111145019531e-01) (90, -1.74139821529388427734e+00) (91, -2.23751127719879150391e-01) (92, -2.56964445114135742188e-01) (93, -1.92807108163833618164e-01) (94, -6.84737265110015869141e-01) (95, 5.69419384002685546875e-01) (96, -5.09053468704223632812e-01) (97, -4.81554687023162841797e-01) (98, 9.53434035181999206543e-02) (99, 1.87957763671875000000e+00) (100, -7.93411135673522949219e-01) (101, -6.75466597080230712891e-01) (102, -1.21652081608772277832e-01) (103, 2.33214426040649414062e+00) (104, 2.42722082138061523438e+00) (0, -7.97607421875000000000e+00) (1, 1.38676321506500244141e+00) (2, 1.50801551342010498047e+00) (3, 1.13962793350219726562e+00) (4, 9.23616528511047363281e-01) (5, 1.58801150321960449219e+00) (6, 4.53126525878906250000e+01) (7, 1.54757511615753173828e+00) (8, 8.49322617053985595703e-01) (9, 1.49549400806427001953e+00) (10, -5.19942092895507812500e+00) (11, 1.24856853485107421875e+00) (12, 1.11744606494903564453e+00) (13, 1.57489478588104248047e+00) (14, 1.32743346691131591797e+00) (15, 1.66309762001037597656e+00) (16, 6.78468346595764160156e-01) (17, 1.01175737380981445312e+00) (18, 9.88094568252563476562e-01) (19, 9.67097580432891845703e-01) (20, 1.31172895431518554688e+00) (21, 1.49210572242736816406e+00) (22, 1.02494621276855468750e+00) (23, 1.05259406566619873047e+00) (24, 1.49348497390747070312e+00) (25, 8.93638670444488525391e-01) (26, -2.58822011947631835938e+00) (27, 9.18942809104919433594e-01) (28, 1.15325832366943359375e+00) (29, 8.75059545040130615234e-01) (30, 1.35343837738037109375e+00) (31, 1.62431704998016357422e+00) (32, -1.69518871307373046875e+01) (33, 1.76913142204284667969e+00) (34, -1.16910815238952636719e+00) (35, 1.32135951519012451172e+00) (36, 1.06854736804962158203e+00) (37, 1.23814415931701660156e+00) (38, 1.07428848743438720703e+00) (39, 8.85709166526794433594e-01) (40, 4.07376796007156372070e-01) (41, 1.91718232631683349609e+00) (42, 1.78618860244750976562e+00) (43, 1.54035091400146484375e+00) (44, 1.47116482257843017578e+00) (45, 2.19345784187316894531e+00) (46, 1.35794639587402343750e+00) (47, 9.41547870635986328125e-01) (48, 8.98063957691192626953e-01) (49, 5.01366734504699707031e-01) (50, 1.91440618038177490234e+00) (51, 1.52792060375213623047e+00) (52, 1.83489382266998291016e+00) (53, 1.21157693862915039062e+00) (54, 2.13785147666931152344e+00) (55, 8.85050952434539794922e-01) (56, 6.68104112148284912109e-01) (57, -6.85328900814056396484e-01) (58, 9.64519977569580078125e-01) (59, 1.33065783977508544922e+00) (60, 1.02558052539825439453e+00) (61, 7.17112123966217041016e-01) (62, 1.48099231719970703125e+00) (63, 9.49312627315521240234e-01) (64, 9.25605833530426025391e-01) (65, 9.67659294605255126953e-01) (66, 1.15265798568725585938e+00) (67, 1.59472763538360595703e-01) (68, 1.17294609546661376953e+00) (69, -7.82425403594970703125e+00) (70, 1.25849163532257080078e+00) (71, 6.72098278999328613281e-01) (72, 1.05410921573638916016e+00) (73, 1.29742848873138427734e+00) (74, 5.97165942192077636719e-01) (75, 5.12641549110412597656e-01) (76, 5.16059160232543945312e-01) (77, 1.42107880115509033203e+00) (78, 1.35045695304870605469e+00) (79, 1.26988589763641357422e+00) (80, 1.40174746513366699219e+00) (81, 1.31146371364593505859e+00) (82, 5.05086362361907958984e-01) (83, 1.38225853443145751953e+00) (84, 1.30536317825317382812e+00) (85, 4.77039039134979248047e-01) (86, 5.96901535987854003906e-01) (87, 1.27213633060455322266e+00) (88, 9.40145969390869140625e-01) (89, 1.30013751983642578125e+00) (90, 1.17270660400390625000e+00) (91, 9.69852685928344726562e-01) (92, 1.87789559364318847656e+00) (93, 1.34195101261138916016e+00) (94, 5.86761057376861572266e-01) (95, 1.88554441928863525391e+00) (96, 1.29940927028656005859e+00) (97, 1.74433028697967529297e+00) (98, 1.48051929473876953125e+00) (99, 1.08219444751739501953e+00) (100, 6.05367004871368408203e-01) (101, 1.25258886814117431641e+00) (102, 1.68316018581390380859e+00) (103, 4.91646409034729003906e-01) (104, 4.09130990505218505859e-01) (0, 3.22922796010971069336e-01) (1, -2.76033431291580200195e-01) (2, 8.09631705284118652344e-01) (3, 3.56017708778381347656e-01) (4, 1.18135130405426025391e+00) (5, 2.24756598472595214844e+00) (6, 1.13438701629638671875e+00) (7, -1.18658649921417236328e+00) (8, 1.76432877779006958008e-01) (9, 9.58814322948455810547e-02) (10, -8.53694260120391845703e-01) (11, -8.26717674732208251953e-01) (12, -3.75861734151840209961e-01) (13, -1.21723234653472900391e+00) (14, -3.86594198644161224365e-02) (15, -5.61169981956481933594e-01) (16, 9.89413678646087646484e-01) (17, 6.34933471679687500000e-01) (18, 1.64063796401023864746e-01) (19, 7.15976655483245849609e-01) (20, 2.87615585327148437500e+00) (21, 4.77082803845405578613e-02) (22, 8.50955545902252197266e-02) (23, 2.22968712449073791504e-01) (24, -3.21656823158264160156e-01) (25, -9.45397377014160156250e-01) (26, -2.67123244702816009521e-02) (27, -2.75990273803472518921e-03) (28, -7.95011937618255615234e-01) (29, 2.29091748595237731934e-01) (30, 1.16001456975936889648e-01) (31, -6.21436893939971923828e-01) (32, 1.07712440192699432373e-01) (33, -3.17106872797012329102e-01) (34, -1.33820161223411560059e-01) (35, 7.52445161342620849609e-01) (36, -8.56178104877471923828e-02) (37, 4.52388972043991088867e-02) (38, 7.25749731063842773438e-02) (39, 8.17424729466438293457e-02) (40, 2.24446728825569152832e-01) (41, 9.46304261684417724609e-01) (42, -2.87714391946792602539e-01) (43, -4.11192297935485839844e-01) (44, 7.02895820140838623047e-02) (45, 1.06611885130405426025e-01) (46, 1.81554865837097167969e+00) (47, 1.14601218700408935547e+00) (48, -1.32013320922851562500e+00) (49, 1.38267770409584045410e-01) (50, -2.06701800227165222168e-01) (51, -1.49968182668089866638e-02) (52, -1.39549314975738525391e+00) (53, 4.51697081327438354492e-01) (54, 7.79646933078765869141e-01) (55, 2.26663041114807128906e+00) (56, 1.23024535179138183594e+00) (57, -8.34053277969360351562e-01) (58, -1.93872213363647460938e+00) (59, 2.62353718280792236328e-01) (60, -3.01779597997665405273e-01) (61, 9.07207280397415161133e-02) (62, -5.03738284111022949219e-01) (63, 3.34958642721176147461e-01) (64, 5.29595971107482910156e-01) (65, 1.61585677415132522583e-02) (66, 1.43242850899696350098e-01) (67, -3.61753535270690917969e+00) (68, -4.40080970525741577148e-01) (69, 2.99422413110733032227e-01) (70, 7.87808418273925781250e-01) (71, -4.20753091573715209961e-01) (72, 1.24722518026828765869e-01) (73, 1.15582656860351562500e+00) (74, 1.10248589515686035156e+00) (75, -1.71851694583892822266e-01) (76, -4.02171552181243896484e-01) (77, 3.77274304628372192383e-01) (78, -1.38812154531478881836e-01) (79, -1.43065601587295532227e-01) (80, 2.61516511440277099609e-01) (81, 8.32171916961669921875e-01) (82, -1.11806146800518035889e-01) (83, -3.30685861408710479736e-02) (84, 1.64930462837219238281e-01) (85, 2.86264240741729736328e-01) (86, -1.01635813713073730469e-01) (87, -1.61910831928253173828e-01) (88, -2.90914833545684814453e-01) (89, -7.64032304286956787109e-01) (90, -8.88141274452209472656e-01) (91, -4.22911614179611206055e-01) (92, 7.61227726936340332031e-01) (93, -3.44933643937110900879e-02) (94, -1.81799396872520446777e-01) (95, 4.26953107118606567383e-01) (96, 2.50326007604598999023e-01) (97, 3.69578629732131958008e-01) (98, 7.51998424530029296875e-01) (99, 5.75632512569427490234e-01) (100, 9.43546965718269348145e-02) (101, -1.84175610542297363281e-01) (102, -1.43563020229339599609e+00) (103, 3.61444735527038574219e+00) (104, 1.62146818637847900391e+00) (105, -2.35479354858398437500e+00) (106, 1.49281275272369384766e+00) (107, 2.77702188491821289062e+00) (108, 1.20454120635986328125e+00) (109, 7.51650154590606689453e-01) (110, 1.23393404483795166016e+00) (111, 2.46922516822814941406e+00) (112, 7.12015211582183837891e-01) (113, 2.44585585594177246094e+00) (114, 1.06607270240783691406e+00) (115, -3.40836048126220703125e+00) (116, 1.25355494022369384766e+00) (117, 3.72728085517883300781e+00) (118, 1.23324763774871826172e+00) (119, 2.64011406898498535156e+00) (120, -2.26553702354431152344e+00) (121, 2.22331213951110839844e+00) (122, -2.88925170898437500000e+00) (123, 2.19660592079162597656e+00) (124, 3.85723567008972167969e+00) (125, 1.21986687183380126953e+00) (126, 1.25816845893859863281e+00) (127, 2.09581995010375976562e+00) (128, 1.27115714550018310547e+00) (129, -3.21976017951965332031e+00) (130, 1.08685302734375000000e+00) 
