FANN_FLO_2.1
num_layers=3
learning_rate=0.700000
connection_rate=1.000000
network_type=0
learning_momentum=0.000000
training_algorithm=2
train_error_function=1
train_stop_function=0
cascade_output_change_fraction=0.010000
quickprop_decay=-0.000100
quickprop_mu=1.750000
rprop_increase_factor=1.200000
rprop_decrease_factor=0.500000
rprop_delta_min=0.000000
rprop_delta_max=50.000000
rprop_delta_zero=0.100000
cascade_output_stagnation_epochs=12
cascade_candidate_change_fraction=0.010000
cascade_candidate_stagnation_epochs=12
cascade_max_out_epochs=150
cascade_max_cand_epochs=150
cascade_num_candidate_groups=2
bit_fail_limit=3.49999994039535522461e-01
cascade_candidate_limit=1.00000000000000000000e+03
cascade_weight_multiplier=4.00000005960464477539e-01
cascade_activation_functions_count=10
cascade_activation_functions=3 5 7 8 10 11 14 15 16 17 
cascade_activation_steepnesses_count=4
cascade_activation_steepnesses=2.50000000000000000000e-01 5.00000000000000000000e-01 7.50000000000000000000e-01 1.00000000000000000000e+00 
layer_sizes=105 26 2 
scale_included=0
neurons (num_inputs, activation_function, activation_steepness)=(0, 0, 0.00000000000000000000e+00) (0, 0, 0.00000000000000000000e+00) (0, 0, 0.00000000000000000000e+00) (0, 0, 0.00000000000000000000e+00) (0, 0, 0.00000000000000000000e+00) (0, 0, 0.00000000000000000000e+00) (0, 0, 0.00000000000000000000e+00) (0, 0, 0.00000000000000000000e+00) (0, 0, 0.00000000000000000000e+00) (0, 0, 0.00000000000000000000e+00) (0, 0, 0.00000000000000000000e+00) (0, 0, 0.00000000000000000000e+00) (0, 0, 0.00000000000000000000e+00) (0, 0, 0.00000000000000000000e+00) (0, 0, 0.00000000000000000000e+00) (0, 0, 0.00000000000000000000e+00) (0, 0, 0.00000000000000000000e+00) (0, 0, 0.00000000000000000000e+00) (0, 0, 0.00000000000000000000e+00) (0, 0, 0.00000000000000000000e+00) (0, 0, 0.00000000000000000000e+00) (0, 0, 0.00000000000000000000e+00) (0, 0, 0.00000000000000000000e+00) (0, 0, 0.00000000000000000000e+00) (0, 0, 0.00000000000000000000e+00) (0, 0, 0.00000000000000000000e+00) (0, 0, 0.00000000000000000000e+00) (0, 0, 0.00000000000000000000e+00) (0, 0, 0.00000000000000000000e+00) (0, 0, 0.00000000000000000000e+00) (0, 0, 0.00000000000000000000e+00) (0, 0, 0.00000000000000000000e+00) (0, 0, 0.00000000000000000000e+00) (0, 0, 0.00000000000000000000e+00) (0, 0, 0.00000000000000000000e+00) (0, 0, 0.00000000000000000000e+00) (0, 0, 0.00000000000000000000e+00) (0, 0, 0.00000000000000000000e+00) (0, 0, 0.00000000000000000000e+00) (0, 0, 0.00000000000000000000e+00) (0, 0, 0.00000000000000000000e+00) (0, 0, 0.00000000000000000000e+00) (0, 0, 0.00000000000000000000e+00) (0, 0, 0.00000000000000000000e+00) (0, 0, 0.00000000000000000000e+00) (0, 0, 0.00000000000000000000e+00) (0, 0, 0.00000000000000000000e+00) (0, 0, 0.00000000000000000000e+00) (0, 0, 0.00000000000000000000e+00) (0, 0, 0.00000000000000000000e+00) (0, 0, 0.00000000000000000000e+00) (0, 0, 0.00000000000000000000e+00) (0, 0, 0.00000000000000000000e+00) (0, 0, 0.00000000000000000000e+00) (0, 0, 0.00000000000000000000e+00) (0, 0, 0.00000000000000000000e+00) (0, 0, 0.00000000000000000000e+00) (0, 0, 0.00000000000000000000e+00) (0, 0, 0.00000000000000000000e+00) (0, 0, 0.00000000000000000000e+00) (0, 0, 0.00000000000000000000e+00) (0, 0, 0.00000000000000000000e+00) (0, 0, 0.00000000000000000000e+00) (0, 0, 0.00000000000000000000e+00) (0, 0, 0.00000000000000000000e+00) (0, 0, 0.00000000000000000000e+00) (0, 0, 0.00000000000000000000e+00) (0, 0, 0.00000000000000000000e+00) (0, 0, 0.00000000000000000000e+00) (0, 0, 0.00000000000000000000e+00) (0, 0, 0.00000000000000000000e+00) (0, 0, 0.00000000000000000000e+00) (0, 0, 0.00000000000000000000e+00) (0, 0, 0.00000000000000000000e+00) (0, 0, 0.00000000000000000000e+00) (0, 0, 0.00000000000000000000e+00) (0, 0, 0.00000000000000000000e+00) (0, 0, 0.00000000000000000000e+00) (0, 0, 0.00000000000000000000e+00) (0, 0, 0.00000000000000000000e+00) (0, 0, 0.00000000000000000000e+00) (0, 0, 0.00000000000000000000e+00) (0, 0, 0.00000000000000000000e+00) (0, 0, 0.00000000000000000000e+00) (0, 0, 0.00000000000000000000e+00) (0, 0, 0.00000000000000000000e+00) (0, 0, 0.00000000000000000000e+00) (0, 0, 0.00000000000000000000e+00) (0, 0, 0.00000000000000000000e+00) (0, 0, 0.00000000000000000000e+00) (0, 0, 0.00000000000000000000e+00) (0, 0, 0.00000000000000000000e+00) (0, 0, 0.00000000000000000000e+00) (0, 0, 0.00000000000000000000e+00) (0, 0, 0.00000000000000000000e+00) (0, 0, 0.00000000000000000000e+00) (0, 0, 0.00000000000000000000e+00) (0, 0, 0.00000000000000000000e+00) (0, 0, 0.00000000000000000000e+00) (0, 0, 0.00000000000000000000e+00) (0, 0, 0.00000000000000000000e+00) (0, 0, 0.00000000000000000000e+00) (0, 0, 0.00000000000000000000e+00) (0, 0, 0.00000000000000000000e+00) (0, 0, 0.00000000000000000000e+00) (105, 5, 5.00000000000000000000e-01) (105, 5, 5.00000000000000000000e-01) (105, 5, 5.00000000000000000000e-01) (105, 5, 5.00000000000000000000e-01) (105, 5, 5.00000000000000000000e-01) (105, 5, 5.00000000000000000000e-01) (105, 5, 5.00000000000000000000e-01) (105, 5, 5.00000000000000000000e-01) (105, 5, 5.00000000000000000000e-01) (105, 5, 5.00000000000000000000e-01) (105, 5, 5.00000000000000000000e-01) (105, 5, 5.00000000000000000000e-01) (105, 5, 5.00000000000000000000e-01) (105, 5, 5.00000000000000000000e-01) (105, 5, 5.00000000000000000000e-01) (105, 5, 5.00000000000000000000e-01) (105, 5, 5.00000000000000000000e-01) (105, 5, 5.00000000000000000000e-01) (105, 5, 5.00000000000000000000e-01) (105, 5, 5.00000000000000000000e-01) (105, 5, 5.00000000000000000000e-01) (105, 5, 5.00000000000000000000e-01) (105, 5, 5.00000000000000000000e-01) (105, 5, 5.00000000000000000000e-01) (105, 5, 5.00000000000000000000e-01) (0, 5, 0.00000000000000000000e+00) (26, 5, 5.00000000000000000000e-01) (0, 5, 0.00000000000000000000e+00) 
connections (connected_to_neuron, weight)=(0, -9.20065760612487792969e-01) (1, -5.49167871475219726562e-01) (2, -3.70956033468246459961e-01) (3, -3.50355327129364013672e-01) (4, -3.04431527853012084961e-01) (5, -6.59461669921875000000e+01) (6, -5.19813358783721923828e-01) (7, -1.46972405910491943359e+00) (8, 4.92463302612304687500e+00) (9, -3.25332492589950561523e-01) (10, -1.23099029064178466797e+00) (11, -1.36274290084838867188e+00) (12, -1.05943620204925537109e+00) (13, 1.19686090946197509766e+00) (14, -6.30242526531219482422e-02) (15, -9.79437828063964843750e-01) (16, -1.27657842636108398438e+00) (17, -6.07786953449249267578e-01) (18, -1.25966703891754150391e+00) (19, -1.11593711376190185547e+00) (20, -1.56048977375030517578e+00) (21, 1.73371434211730957031e+00) (22, -1.09891927242279052734e+00) (23, -1.20648884773254394531e+00) (24, 1.78153407573699951172e+00) (25, 1.86270976066589355469e+00) (26, 1.73350942134857177734e+00) (27, 7.88038349151611328125e+00) (28, 2.13136982917785644531e+00) (29, 9.12606525421142578125e+00) (30, 7.59543800354003906250e+00) (31, 4.74086475372314453125e+00) (32, 2.25217032432556152344e+00) (33, 1.41087305545806884766e+00) (34, -3.77094197273254394531e+00) (35, 3.98566305637359619141e-01) (36, 8.68466913700103759766e-01) (37, -1.03391194343566894531e+00) (38, -9.73274409770965576172e-01) (39, -1.04481780529022216797e+00) (40, -1.45177733898162841797e+00) (41, 3.48759198188781738281e+00) (42, -1.35584250092506408691e-01) (43, -2.84989625215530395508e-02) (44, -1.08591294288635253906e+00) (45, 1.61965698003768920898e-01) (46, 3.21228325366973876953e-01) (47, 5.54709017276763916016e-01) (48, -2.98249721527099609375e+00) (49, -5.89258337020874023438e+00) (50, -1.66482520103454589844e+00) (51, -1.26086306571960449219e+00) (52, -1.01363468170166015625e+00) (53, 2.50692158937454223633e-01) (54, 1.91625940799713134766e+00) (55, 9.76447963714599609375e+00) (56, 2.57836914062500000000e+00) (57, -4.09910106658935546875e+00) (58, 3.80169749259948730469e+00) (59, 8.13178157806396484375e+00) (60, -1.40567824244499206543e-01) (61, 2.44602775573730468750e+00) (62, -3.16106885671615600586e-01) (63, -1.34668275713920593262e-01) (64, -8.20495307445526123047e-01) (65, -1.52706414461135864258e-01) (66, 1.37255179882049560547e+00) (67, 3.61352777481079101562e+00) (68, -2.71850407123565673828e-01) (69, 4.22481346130371093750e+00) (70, 1.57147493362426757812e+01) (71, -2.50841230154037475586e-01) (72, -4.87425029277801513672e-01) (73, -1.23607552051544189453e+00) (74, 4.40477848052978515625e-01) (75, 2.25298810005187988281e+00) (76, -2.88337278366088867188e+00) (77, -2.50101685523986816406e-01) (78, 2.49262189865112304688e+00) (79, -1.05304110050201416016e+00) (80, 7.78707742691040039062e+00) (81, 8.85921573638916015625e+00) (82, 8.31174087524414062500e+00) (83, 5.36634731292724609375e+00) (84, -5.77056169509887695312e-01) (85, 5.73802375793457031250e+00) (86, -2.90872186422348022461e-01) (87, -3.36090922355651855469e-01) (88, -2.54688531160354614258e-01) (89, 1.43056476116180419922e+00) (90, -3.83634239435195922852e-01) (91, 3.21565961837768554688e+00) (92, 2.47858929634094238281e+00) (93, -3.10131199657917022705e-02) (94, -2.91243642568588256836e-01) (95, -2.40098908543586730957e-01) (96, -1.14967688918113708496e-01) (97, -2.23914670944213867188e+00) (98, 2.75545191764831542969e+00) (99, -1.73758530616760253906e+00) (100, -2.87760704755783081055e-01) (101, 5.83170175552368164062e+00) (102, -1.68999993801116943359e+00) (103, 3.97189521789550781250e+00) (104, 2.02403497695922851562e+00) (0, 1.50000000000000000000e+03) (1, 1.50000000000000000000e+03) (2, 1.50000000000000000000e+03) (3, 1.50000000000000000000e+03) (4, 1.50000000000000000000e+03) (5, 1.50000000000000000000e+03) (6, 1.50000000000000000000e+03) (7, 1.50000000000000000000e+03) (8, 1.50000000000000000000e+03) (9, 1.50000000000000000000e+03) (10, 1.50000000000000000000e+03) (11, 1.50000000000000000000e+03) (12, 1.50000000000000000000e+03) (13, -1.50000000000000000000e+03) (14, 1.50000000000000000000e+03) (15, 1.50000000000000000000e+03) (16, 1.50000000000000000000e+03) (17, -1.50000000000000000000e+03) (18, 1.50000000000000000000e+03) (19, 6.61013889312744140625e+00) (20, 1.50000000000000000000e+03) (21, -1.50000000000000000000e+03) (22, 1.50000000000000000000e+03) (23, 1.50000000000000000000e+03) (24, -1.50000000000000000000e+03) (25, -1.50000000000000000000e+03) (26, 2.09153032302856445312e+00) (27, -1.50000000000000000000e+03) (28, -1.11003065109252929688e+00) (29, -1.50000000000000000000e+03) (30, -1.50000000000000000000e+03) (31, -1.50000000000000000000e+03) (32, -1.50000000000000000000e+03) (33, -9.01819646358489990234e-01) (34, -1.50000000000000000000e+03) (35, 1.89945769309997558594e+00) (36, 2.13092088699340820312e+00) (37, 2.08008742332458496094e+00) (38, 1.50000000000000000000e+03) (39, 1.50000000000000000000e+03) (40, 1.50000000000000000000e+03) (41, -1.11698162555694580078e+00) (42, 1.50000000000000000000e+03) (43, 1.50000000000000000000e+03) (44, 3.10971188545227050781e+00) (45, 2.11832928657531738281e+00) (46, 1.50000000000000000000e+03) (47, 2.03197979927062988281e+00) (48, 1.50000000000000000000e+03) (49, 1.50000000000000000000e+03) (50, 1.50000000000000000000e+03) (51, 1.50000000000000000000e+03) (52, 1.50000000000000000000e+03) (53, 1.44599365234375000000e+03) (54, 2.94851899147033691406e+00) (55, -1.50000000000000000000e+03) (56, 1.50000000000000000000e+03) (57, 1.50000000000000000000e+03) (58, 1.50000000000000000000e+03) (59, -3.78332175314426422119e-02) (60, 1.50000000000000000000e+03) (61, 1.50000000000000000000e+03) (62, 1.50000000000000000000e+03) (63, 1.50000000000000000000e+03) (64, 1.50000000000000000000e+03) (65, 1.50000000000000000000e+03) (66, 3.20414352416992187500e+01) (67, 1.50000000000000000000e+03) (68, 1.50000000000000000000e+03) (69, 1.50000000000000000000e+03) (70, -1.50000000000000000000e+03) (71, 6.67285871505737304688e+00) (72, 1.50000000000000000000e+03) (73, 1.50000000000000000000e+03) (74, 2.39489151000976562500e+02) (75, 1.50000000000000000000e+03) (76, 1.50000000000000000000e+03) (77, 1.50000000000000000000e+03) (78, 1.50000000000000000000e+03) (79, 1.50000000000000000000e+03) (80, 1.50000000000000000000e+03) (81, 1.50000000000000000000e+03) (82, 1.50000000000000000000e+03) (83, 1.50000000000000000000e+03) (84, 1.50000000000000000000e+03) (85, 1.50000000000000000000e+03) (86, 1.50000000000000000000e+03) (87, 1.50000000000000000000e+03) (88, 1.50000000000000000000e+03) (89, 1.50000000000000000000e+03) (90, 1.50000000000000000000e+03) (91, 4.83373689651489257812e+00) (92, 1.50000000000000000000e+03) (93, 4.80710554122924804688e+00) (94, 1.50000000000000000000e+03) (95, 1.50000000000000000000e+03) (96, 2.94455218315124511719e+00) (97, 1.50000000000000000000e+03) (98, 1.50000000000000000000e+03) (99, 1.50000000000000000000e+03) (100, 1.50000000000000000000e+03) (101, 1.50000000000000000000e+03) (102, 1.50000000000000000000e+03) (103, -1.50000000000000000000e+03) (104, -3.76788401603698730469e+00) (0, -1.43681883811950683594e+00) (1, -4.62287843227386474609e-01) (2, -9.85980689525604248047e-01) (3, -7.78439566493034362793e-02) (4, -7.64258325099945068359e-01) (5, 4.84360128641128540039e-01) (6, -1.32796037197113037109e+00) (7, -1.70582962036132812500e+00) (8, 1.49114310741424560547e+00) (9, 4.11501932144165039062e+00) (10, -1.19668900966644287109e+00) (11, 8.60879480838775634766e-01) (12, -1.07344530522823333740e-01) (13, 1.57784581184387207031e+00) (14, -7.06030353903770446777e-02) (15, 1.65935564041137695312e+00) (16, -3.79058551788330078125e+00) (17, -2.34430462121963500977e-01) (18, 4.54402893781661987305e-01) (19, 2.45060157775878906250e+00) (20, -5.25857985019683837891e-01) (21, 1.56664860248565673828e+00) (22, 5.59217691421508789062e-01) (23, 6.72364175319671630859e-01) (24, 1.30056250095367431641e+00) (25, -2.27761483192443847656e+00) (26, -7.97437071800231933594e-01) (27, 5.03737211227416992188e-01) (28, 6.15263164043426513672e-01) (29, -2.86100506782531738281e+00) (30, 2.41765475273132324219e+00) (31, 1.00304687023162841797e+00) (32, 8.04611966013908386230e-02) (33, -2.19978943467140197754e-01) (34, 1.69410860538482666016e+00) (35, -2.39092063903808593750e+00) (36, 1.14837300777435302734e+00) (37, 8.40610802173614501953e-01) (38, -4.18562412261962890625e-01) (39, 1.78555440902709960938e+00) (40, -2.72931671142578125000e+00) (41, 2.25333404541015625000e+00) (42, -1.36333572864532470703e+00) (43, -6.65543556213378906250e-01) (44, 1.92643201351165771484e+00) (45, 1.95896995067596435547e+00) (46, 3.31437659263610839844e+00) (47, 2.91333365440368652344e+00) (48, -1.43052303791046142578e+00) (49, 1.79032817482948303223e-01) (50, 1.36401033401489257812e+00) (51, 2.52489018440246582031e+00) (52, -1.08650743961334228516e+00) (53, -2.21934556961059570312e-01) (54, -5.73712408542633056641e-01) (55, 2.76177334785461425781e+00) (56, -1.19216477870941162109e+00) (57, -2.01897239685058593750e+00) (58, -2.12548166513442993164e-01) (59, 3.53835493326187133789e-01) (60, -6.46718978881835937500e-01) (61, 3.55893969535827636719e+00) (62, 4.85372453927993774414e-01) (63, 2.09018898010253906250e+00) (64, -1.55892920494079589844e+00) (65, -9.24061715602874755859e-01) (66, 2.56543421745300292969e+00) (67, -5.01743316650390625000e+00) (68, -9.32410776615142822266e-01) (69, -9.26991999149322509766e-01) (70, -8.06789845228195190430e-02) (71, -6.98096081614494323730e-02) (72, 8.37380945682525634766e-01) (73, 4.12258237600326538086e-01) (74, -1.45159697532653808594e+00) (75, 2.03138446807861328125e+00) (76, 1.13871860504150390625e+00) (77, -1.00710678100585937500e+00) (78, 1.44958388805389404297e+00) (79, -5.75956583023071289062e-01) (80, 7.15742707252502441406e-01) (81, 4.93854284286499023438e-01) (82, -8.94656300544738769531e-01) (83, 8.85234773159027099609e-01) (84, -6.02063238620758056641e-01) (85, 1.30138778686523437500e+00) (86, -9.34239864349365234375e-01) (87, -9.91172611713409423828e-01) (88, -9.53212976455688476562e-01) (89, 3.21197915077209472656e+00) (90, -1.48798894882202148438e+00) (91, -5.03197848796844482422e-01) (92, 5.20124912261962890625e-01) (93, 1.17078773677349090576e-01) (94, -9.60248947143554687500e-01) (95, -6.82610809803009033203e-01) (96, -1.14418244361877441406e+00) (97, -1.00895118713378906250e+00) (98, 1.04995620250701904297e+00) (99, -8.31780552864074707031e-01) (100, -9.17873740196228027344e-01) (101, 2.10557055473327636719e+00) (102, -4.76309210062026977539e-02) (103, 2.44059896469116210938e+00) (104, 2.66854739189147949219e+00) (0, 1.11814999580383300781e+00) (1, -9.70344841480255126953e-01) (2, -8.69186758995056152344e-01) (3, -6.32638990879058837891e-01) (4, -7.73198246955871582031e-01) (5, -8.14043521881103515625e-01) (6, 1.19866466522216796875e+00) (7, 2.68283343315124511719e+00) (8, -2.27612957358360290527e-01) (9, -6.09194934368133544922e-01) (10, 2.12878894805908203125e+00) (11, 1.52404880523681640625e+00) (12, -6.16593360900878906250e-01) (13, -3.63852232694625854492e-01) (14, 2.61718273162841796875e+00) (15, 2.16560029983520507812e+00) (16, -4.39143478870391845703e-01) (17, -2.18112960457801818848e-01) (18, 1.80773353576660156250e+00) (19, 1.57699954509735107422e+00) (20, -5.10085284709930419922e-01) (21, 2.65204429626464843750e+00) (22, -9.96295139193534851074e-02) (23, -1.41451731324195861816e-01) (24, 1.24761509895324707031e+00) (25, 2.73235845565795898438e+00) (26, -3.40843945741653442383e-01) (27, -2.39001736044883728027e-01) (28, -7.48918810859322547913e-03) (29, -3.16533416509628295898e-01) (30, 2.50382709503173828125e+00) (31, -2.59978860616683959961e-01) (32, -3.89135330915451049805e-01) (33, -1.59440234303474426270e-01) (34, -3.44730705022811889648e-01) (35, -2.76286453008651733398e-01) (36, -2.18156859278678894043e-01) (37, -9.72712337970733642578e-02) (38, -4.27542507648468017578e-01) (39, 1.49721229076385498047e+00) (40, 1.84654855728149414062e+00) (41, 1.90707969665527343750e+00) (42, 1.40198051929473876953e+00) (43, 2.81734108924865722656e+00) (44, -1.58254042267799377441e-01) (45, -2.56365597248077392578e-01) (46, 2.34112247824668884277e-01) (47, -1.98515787720680236816e-01) (48, -2.86602050065994262695e-01) (49, -4.24805879592895507812e-01) (50, 1.92957520484924316406e+00) (51, -7.33848512172698974609e-01) (52, 2.09074234962463378906e+00) (53, -2.83295363187789916992e-01) (54, 1.35478830337524414062e+00) (55, -9.27688777446746826172e-01) (56, 7.67045855522155761719e-01) (57, -6.58130764961242675781e-01) (58, -1.07781136035919189453e+00) (59, 1.00197005271911621094e+00) (60, -1.00681030750274658203e+00) (61, -3.69280695915222167969e-01) (62, -1.03422379493713378906e+00) (63, -1.12024450302124023438e+00) (64, -5.66073715686798095703e-01) (65, -1.11631727218627929688e+00) (66, -9.66856777667999267578e-02) (67, 3.21137428283691406250e-01) (68, -4.70217078924179077148e-01) (69, -1.39742672443389892578e+00) (70, -1.02443516254425048828e+00) (71, -1.09911453723907470703e+00) (72, -1.23200666904449462891e+00) (73, -2.41968348622322082520e-01) (74, -1.02232277393341064453e+00) (75, -2.36548855900764465332e-01) (76, 9.71374034881591796875e-01) (77, -1.17159926891326904297e+00) (78, 5.42466342449188232422e-01) (79, -1.09174385666847229004e-01) (80, -1.07948601245880126953e+00) (81, -5.11660695075988769531e-01) (82, 1.70119774341583251953e+00) (83, -1.10100233554840087891e+00) (84, 4.61231842637062072754e-02) (85, -1.12444496154785156250e+00) (86, -1.12971949577331542969e+00) (87, -8.78235399723052978516e-01) (88, -9.44933593273162841797e-01) (89, 1.68946254253387451172e+00) (90, -1.18158149719238281250e+00) (91, -9.29496109485626220703e-01) (92, -1.07152080535888671875e+00) (93, 1.84452116489410400391e+00) (94, -1.13453698158264160156e+00) (95, -9.60474073886871337891e-01) (96, -8.97528648376464843750e-01) (97, -9.86380338668823242188e-01) (98, -1.29682517051696777344e+00) (99, -8.81679475307464599609e-01) (100, -1.16821062564849853516e+00) (101, -1.05625820159912109375e+00) (102, -3.70644986629486083984e-01) (103, 2.27648735046386718750e+00) (104, 2.94451451301574707031e+00) (0, -2.52431797981262207031e+00) (1, -5.97476661205291748047e-01) (2, -3.95381748676300048828e-01) (3, 7.77715384960174560547e-01) (4, -4.02082741260528564453e-01) (5, -3.08728456497192382812e+00) (6, -4.08713340759277343750e-01) (7, -1.32577395439147949219e+00) (8, 2.14663887023925781250e+00) (9, -2.99595326185226440430e-01) (10, -1.20866155624389648438e+00) (11, -1.27094960212707519531e+00) (12, -1.05591547489166259766e+00) (13, -1.25342786312103271484e+00) (14, -1.06539666652679443359e+00) (15, -1.00276386737823486328e+00) (16, -1.37832105159759521484e+00) (17, -1.03241813182830810547e+00) (18, -1.05109083652496337891e+00) (19, -1.01667654514312744141e+00) (20, -3.57207918167114257812e+00) (21, 1.67286360263824462891e+00) (22, -1.01951277256011962891e+00) (23, -1.03817141056060791016e+00) (24, 2.68931722640991210938e+00) (25, 1.91040909290313720703e+00) (26, 2.60608643293380737305e-01) (27, 2.27234935760498046875e+00) (28, -9.39721107482910156250e-01) (29, 2.02794313430786132812e+00) (30, 4.56531095504760742188e+00) (31, 1.93151152133941650391e+00) (32, 2.27887129783630371094e+00) (33, -9.03178334236145019531e-01) (34, 1.25273256301879882812e+01) (35, -1.07158410549163818359e+00) (36, -2.09243035316467285156e+00) (37, -9.70589697360992431641e-01) (38, -1.10457170009613037109e+00) (39, -1.12328588962554931641e+00) (40, -1.02366411685943603516e+00) (41, 4.29559373855590820312e+00) (42, -2.16987714171409606934e-01) (43, -8.63579094409942626953e-01) (44, -9.57199811935424804688e-01) (45, -9.35717880725860595703e-01) (46, -9.97953355312347412109e-01) (47, 2.55527257919311523438e-01) (48, -1.48812627792358398438e+00) (49, -1.38247263431549072266e+00) (50, -1.22879779338836669922e+00) (51, -1.30635571479797363281e+00) (52, -1.07459533214569091797e+00) (53, -1.05577468872070312500e+00) (54, -1.73323020339012145996e-01) (55, 1.59738361835479736328e+00) (56, -6.68313503265380859375e-02) (57, -4.32456922531127929688e+00) (58, 7.24978065490722656250e+00) (59, 3.58206343650817871094e+00) (60, -2.29731753468513488770e-01) (61, 3.60750770568847656250e+00) (62, -1.66594311594963073730e-01) (63, -2.53225386142730712891e-01) (64, -6.71181440353393554688e-01) (65, 7.92027354240417480469e-01) (66, -2.01272869110107421875e+00) (67, 4.91682827472686767578e-01) (68, 1.09425868988037109375e+01) (69, 2.06998968124389648438e+00) (70, 1.37897443771362304688e+00) (71, -3.68929892778396606445e-01) (72, -2.51050263643264770508e-01) (73, 1.79475331306457519531e+00) (74, 9.69575464725494384766e-01) (75, -2.29442787170410156250e+00) (76, 3.39714288711547851562e+00) (77, -4.14069235324859619141e-01) (78, 2.62696218490600585938e+00) (79, -3.75060844421386718750e+00) (80, 5.17164325714111328125e+00) (81, 5.19979715347290039062e+00) (82, 1.09986878931522369385e-01) (83, 3.12585115432739257812e+00) (84, -4.09639477729797363281e-01) (85, -1.02690286636352539062e+01) (86, -4.28138554096221923828e-01) (87, -2.62108445167541503906e-01) (88, 3.44549107551574707031e+00) (89, -1.25334775447845458984e+00) (90, 5.60005140304565429688e+00) (91, 2.92226672172546386719e+00) (92, 8.85396301746368408203e-02) (93, -1.13345062732696533203e+00) (94, -2.52568393945693969727e-01) (95, 1.44627392292022705078e-01) (96, -1.02424450218677520752e-01) (97, 1.77617650479078292847e-02) (98, -2.61178433895111083984e-01) (99, -5.58955132961273193359e-01) (100, -1.30020022392272949219e+00) (101, -1.82613149285316467285e-01) (102, -6.21831119060516357422e-01) (103, 2.44189429283142089844e+00) (104, 2.11013340950012207031e+00) (0, -1.42371344566345214844e+00) (1, -4.45552408695220947266e-01) (2, -3.66585105657577514648e-01) (3, -4.31118160486221313477e-01) (4, -4.52819943428039550781e-01) (5, -6.11989879608154296875e+00) (6, -4.68920975923538208008e-01) (7, -1.70650792121887207031e+00) (8, -1.02306485176086425781e+00) (9, -3.08447986841201782227e-01) (10, -1.19175791740417480469e+00) (11, -1.23765933513641357422e+00) (12, -1.01135885715484619141e+00) (13, -1.01394581794738769531e+00) (14, -9.87691581249237060547e-01) (15, -1.19220519065856933594e+00) (16, -1.02377510070800781250e+00) (17, -1.15081822872161865234e+00) (18, -1.07488691806793212891e+00) (19, -1.10573744773864746094e+00) (20, -1.30428385734558105469e+00) (21, 1.88807344436645507812e+00) (22, -1.11764121055603027344e+00) (23, -1.09955990314483642578e+00) (24, 1.96842825412750244141e+00) (25, 1.85775208473205566406e+00) (26, -1.04703652858734130859e+00) (27, 3.25778985023498535156e+00) (28, 1.94053840637207031250e+00) (29, 1.92791748046875000000e+00) (30, 1.96432948112487792969e+00) (31, 2.13323998451232910156e+00) (32, 4.52976083755493164062e+00) (33, 1.92555975914001464844e+00) (34, -6.59941434860229492188e+00) (35, 1.89340054988861083984e+00) (36, -1.00673508644104003906e+00) (37, -1.03266501426696777344e+00) (38, -1.25754904747009277344e+00) (39, -1.21551275253295898438e+00) (40, -1.19586765766143798828e+00) (41, 1.87860679626464843750e+00) (42, -1.02747701108455657959e-01) (43, 1.85498023033142089844e+00) (44, -1.80141590535640716553e-02) (45, -1.14351344108581542969e+00) (46, 8.78465652465820312500e-01) (47, 1.78968346118927001953e+00) (48, -1.06507134437561035156e+00) (49, -4.52374315261840820312e+00) (50, -1.43927609920501708984e+00) (51, -1.08631849288940429688e+00) (52, -1.08381903171539306641e+00) (53, -1.25348758697509765625e+00) (54, 1.65645527839660644531e+00) (55, -3.18735790252685546875e+00) (56, -1.84823647141456604004e-01) (57, -7.92636060714721679688e+00) (58, 1.87568140029907226562e+00) (59, 6.72057199478149414062e+00) (60, -2.15238973498344421387e-01) (61, -1.03366720676422119141e+00) (62, -3.29417467117309570312e-01) (63, -2.42447480559349060059e-01) (64, 7.65121030807495117188e+00) (65, -2.37601742148399353027e-01) (66, 2.45118594169616699219e+00) (67, 4.93245410919189453125e+00) (68, 8.82789552211761474609e-01) (69, -1.35187292098999023438e+00) (70, -4.24151271581649780273e-01) (71, -2.85717964172363281250e-01) (72, -3.64841073751449584961e-01) (73, 1.96563446521759033203e+00) (74, -3.04067790508270263672e-01) (75, -6.95677816867828369141e-01) (76, -8.91041815280914306641e-01) (77, -2.34325841069221496582e-01) (78, -2.97468805313110351562e+00) (79, -2.07144021987915039062e+00) (80, 2.87833786010742187500e+00) (81, 6.36426877975463867188e+00) (82, 3.17565798759460449219e+00) (83, 3.12780261039733886719e+00) (84, 1.15446686744689941406e+00) (85, 2.61451435089111328125e+00) (86, -2.48793050646781921387e-01) (87, -1.89310356974601745605e-01) (88, -2.21443867683410644531e+00) (89, 2.35776692628860473633e-01) (90, -2.01459789276123046875e+00) (91, 5.17940807342529296875e+00) (92, 1.87234067916870117188e+00) (93, 1.67423141002655029297e+00) (94, -2.10855975747108459473e-01) (95, -3.39727520942687988281e+00) (96, -5.45981228351593017578e-02) (97, 3.11003112792968750000e+00) (98, 1.97200822830200195312e+00) (99, 2.79271769523620605469e+00) (100, -2.41031542420387268066e-01) (101, 7.27026844024658203125e+00) (102, -5.60522735118865966797e-01) (103, 2.40928864479064941406e+00) (104, 1.98156094551086425781e+00) (0, -4.58299636840820312500e+00) (1, -1.53951573371887207031e+00) (2, -1.07573807239532470703e+00) (3, 3.15703439712524414062e+00) (4, -1.20498955249786376953e+00) (5, -1.42418003082275390625e+00) (6, -2.90006585419178009033e-03) (7, -2.45848321914672851562e+00) (8, -6.03682577610015869141e-01) (9, 2.78905105590820312500e+00) (10, -1.71396005153656005859e+00) (11, -2.24372696876525878906e+00) (12, 3.09799051284790039062e+00) (13, 1.21922230720520019531e+00) (14, -8.95428240299224853516e-01) (15, -9.44865345954895019531e-01) (16, -1.43260145187377929688e+00) (17, -9.90483045578002929688e-01) (18, -9.57816481590270996094e-01) (19, -9.87064957618713378906e-01) (20, -1.18555068969726562500e+00) (21, 2.04014015197753906250e+00) (22, -9.98590469360351562500e-01) (23, 9.63488459587097167969e-01) (24, -4.01578158140182495117e-01) (25, -2.19833105802536010742e-01) (26, -9.66741740703582763672e-01) (27, -1.04432260990142822266e+00) (28, 3.32084965705871582031e+00) (29, -1.72504439949989318848e-01) (30, -9.82738494873046875000e-01) (31, 2.42246508598327636719e+00) (32, 5.39383172988891601562e-01) (33, 2.78192925453186035156e+00) (34, -4.45443201065063476562e+00) (35, 1.10413265228271484375e+00) (36, -1.04399502277374267578e+00) (37, 1.26172709465026855469e+00) (38, -8.72843682765960693359e-01) (39, -1.01680397987365722656e+00) (40, -1.56218692660331726074e-01) (41, -5.19288361072540283203e-01) (42, -5.73536217212677001953e-01) (43, 2.02204132080078125000e+00) (44, -9.12749946117401123047e-01) (45, 1.98594236373901367188e+00) (46, -1.36913764476776123047e+00) (47, 7.57178783416748046875e-01) (48, -6.84211015701293945312e-01) (49, -1.21995913982391357422e+00) (50, -1.05175888538360595703e+00) (51, 2.62973070144653320312e+00) (52, -9.62328255176544189453e-01) (53, 1.13537573814392089844e+00) (54, 2.17368513345718383789e-01) (55, -4.38489294052124023438e+00) (56, -6.28453195095062255859e-01) (57, -1.59403011202812194824e-01) (58, -1.18970942497253417969e+00) (59, -2.01838564872741699219e+00) (60, -3.75441223382949829102e-01) (61, 4.90172338485717773438e+00) (62, 2.72772479057312011719e+00) (63, -8.26149702072143554688e-01) (64, -6.87588393688201904297e-01) (65, -6.18388056755065917969e-01) (66, -4.18679141998291015625e+00) (67, -1.67176055908203125000e+00) (68, -1.45436525344848632812e+00) (69, 2.94100832939147949219e+00) (70, 1.58922672271728515625e+00) (71, 4.14906406402587890625e+00) (72, -3.49066585302352905273e-01) (73, 1.36449229717254638672e+00) (74, 1.91403353214263916016e+00) (75, 2.96494817733764648438e+00) (76, -2.23846063017845153809e-01) (77, -8.75337600708007812500e-01) (78, -1.17603766918182373047e+00) (79, 1.29856538772583007812e+00) (80, -4.83802032470703125000e+00) (81, -1.35648059844970703125e+00) (82, -1.65023279190063476562e+00) (83, -4.12850379943847656250e-01) (84, -2.33001813292503356934e-01) (85, -2.13754987716674804688e+00) (86, -5.38544118404388427734e-01) (87, 4.20086526870727539062e+00) (88, 2.45086860656738281250e+00) (89, 1.52622199058532714844e+00) (90, -1.94979667663574218750e-01) (91, 1.09640449285507202148e-01) (92, 2.89414453506469726562e+00) (93, 5.83076357841491699219e-01) (94, -4.23926651477813720703e-01) (95, 2.08890843391418457031e+00) (96, 4.23681068420410156250e+00) (97, 3.30389404296875000000e+00) (98, 4.51464653015136718750e+00) (99, -6.45063340663909912109e-01) (100, -9.45992052555084228516e-01) (101, 2.66841816902160644531e+00) (102, -9.23303142189979553223e-02) (103, 2.12113046646118164062e+00) (104, 2.03562355041503906250e+00) (0, 1.50000000000000000000e+03) (1, 1.50000000000000000000e+03) (2, 1.50000000000000000000e+03) (3, 1.50000000000000000000e+03) (4, 1.50000000000000000000e+03) (5, 1.50000000000000000000e+03) (6, 1.50000000000000000000e+03) (7, 1.50000000000000000000e+03) (8, 1.50000000000000000000e+03) (9, 1.50000000000000000000e+03) (10, 1.50000000000000000000e+03) (11, 1.50000000000000000000e+03) (12, 1.50000000000000000000e+03) (13, -1.50000000000000000000e+03) (14, 1.50000000000000000000e+03) (15, 1.50000000000000000000e+03) (16, 1.50000000000000000000e+03) (17, -1.50000000000000000000e+03) (18, 1.50000000000000000000e+03) (19, 6.49606275558471679688e+00) (20, 1.50000000000000000000e+03) (21, -1.50000000000000000000e+03) (22, 1.50000000000000000000e+03) (23, 1.50000000000000000000e+03) (24, -1.50000000000000000000e+03) (25, -1.50000000000000000000e+03) (26, 2.16380643844604492188e+00) (27, -1.50000000000000000000e+03) (28, -1.03002488613128662109e+00) (29, -1.50000000000000000000e+03) (30, -1.50000000000000000000e+03) (31, -1.50000000000000000000e+03) (32, -1.50000000000000000000e+03) (33, -9.90094363689422607422e-01) (34, -1.50000000000000000000e+03) (35, 2.03859257698059082031e+00) (36, 2.18765139579772949219e+00) (37, 2.12125205993652343750e+00) (38, 1.50000000000000000000e+03) (39, 1.50000000000000000000e+03) (40, 1.50000000000000000000e+03) (41, -1.17896950244903564453e+00) (42, 1.50000000000000000000e+03) (43, 1.50000000000000000000e+03) (44, 3.20000743865966796875e+00) (45, 2.17123794555664062500e+00) (46, 1.50000000000000000000e+03) (47, 2.08361887931823730469e+00) (48, 1.50000000000000000000e+03) (49, 1.50000000000000000000e+03) (50, 1.50000000000000000000e+03) (51, 1.50000000000000000000e+03) (52, 1.50000000000000000000e+03) (53, 1.44604980468750000000e+03) (54, 2.91354846954345703125e+00) (55, -1.50000000000000000000e+03) (56, 1.50000000000000000000e+03) (57, 1.50000000000000000000e+03) (58, 1.50000000000000000000e+03) (59, 7.23879560828208923340e-02) (60, 1.50000000000000000000e+03) (61, 1.50000000000000000000e+03) (62, 1.50000000000000000000e+03) (63, 1.50000000000000000000e+03) (64, 1.50000000000000000000e+03) (65, 1.50000000000000000000e+03) (66, 3.20755081176757812500e+01) (67, 1.50000000000000000000e+03) (68, 1.50000000000000000000e+03) (69, 1.50000000000000000000e+03) (70, -1.50000000000000000000e+03) (71, 6.76644754409790039062e+00) (72, 1.50000000000000000000e+03) (73, 1.50000000000000000000e+03) (74, 2.39552810668945312500e+02) (75, 1.50000000000000000000e+03) (76, 1.50000000000000000000e+03) (77, 1.50000000000000000000e+03) (78, 1.50000000000000000000e+03) (79, 1.50000000000000000000e+03) (80, 1.50000000000000000000e+03) (81, 1.50000000000000000000e+03) (82, 1.50000000000000000000e+03) (83, 1.50000000000000000000e+03) (84, 1.50000000000000000000e+03) (85, 1.50000000000000000000e+03) (86, 1.50000000000000000000e+03) (87, 1.50000000000000000000e+03) (88, 1.50000000000000000000e+03) (89, 1.50000000000000000000e+03) (90, 1.50000000000000000000e+03) (91, 3.80385541915893554688e+00) (92, 1.50000000000000000000e+03) (93, 4.89827919006347656250e+00) (94, 1.50000000000000000000e+03) (95, 1.50000000000000000000e+03) (96, 3.01178503036499023438e+00) (97, 1.50000000000000000000e+03) (98, 1.50000000000000000000e+03) (99, 1.50000000000000000000e+03) (100, 1.50000000000000000000e+03) (101, 1.50000000000000000000e+03) (102, 1.50000000000000000000e+03) (103, -1.50000000000000000000e+03) (104, -3.76222634315490722656e+00) (0, -6.17464876174926757812e+00) (1, -2.71770805120468139648e-01) (2, -2.86930114030838012695e-01) (3, -5.85528850555419921875e-01) (4, -2.30111524462699890137e-01) (5, -2.45613503456115722656e+00) (6, -3.07888329029083251953e-01) (7, -1.93421804904937744141e+00) (8, -1.75152659416198730469e+00) (9, -2.75099307298660278320e-01) (10, -9.70634639263153076172e-01) (11, -1.08046162128448486328e+00) (12, -9.58906173706054687500e-01) (13, 2.56874656677246093750e+00) (14, -8.10169398784637451172e-01) (15, -1.07555496692657470703e+00) (16, -1.11788964271545410156e+00) (17, -1.01276981830596923828e+00) (18, -9.62182760238647460938e-01) (19, -9.51596081256866455078e-01) (20, -3.78180718421936035156e+00) (21, 2.04723763465881347656e+00) (22, -1.14570844173431396484e+00) (23, -1.08167374134063720703e+00) (24, 1.92159879207611083984e+00) (25, 1.96567237377166748047e+00) (26, -9.62174296379089355469e-01) (27, 2.04415607452392578125e+00) (28, 1.93267548084259033203e+00) (29, 2.12460017204284667969e+00) (30, 2.00156497955322265625e+00) (31, 2.09527325630187988281e+00) (32, 1.98577558994293212891e+00) (33, 1.79773199558258056641e+00) (34, 2.70241785049438476562e+00) (35, -9.10126447677612304688e-01) (36, -7.98528075218200683594e-01) (37, -1.07257115840911865234e+00) (38, -1.15129923820495605469e+00) (39, -1.04448914527893066406e+00) (40, -1.01004076004028320312e+00) (41, 1.07889127731323242188e+00) (42, -2.53028534352779388428e-02) (43, -7.60243296623229980469e-01) (44, -9.92543160915374755859e-01) (45, -1.60056924819946289062e+00) (46, -9.87139105796813964844e-01) (47, 1.92064559459686279297e+00) (48, -2.33500480651855468750e+00) (49, -1.13884329795837402344e+00) (50, -1.40409600734710693359e+00) (51, -1.10351979732513427734e+00) (52, 6.35837435722351074219e-01) (53, 2.01671075820922851562e+00) (54, 4.96844172477722167969e-01) (55, -2.49070391058921813965e-01) (56, -1.34983733296394348145e-01) (57, 4.07938212156295776367e-01) (58, 3.77220654487609863281e+00) (59, 3.72866988182067871094e+00) (60, -3.48047465085983276367e-02) (61, -1.14028358459472656250e+00) (62, -1.59719631075859069824e-01) (63, -6.70780241489410400391e-02) (64, 1.50960326194763183594e+00) (65, -8.00660327076911926270e-02) (66, -5.53367662429809570312e+00) (67, 7.37050831317901611328e-01) (68, 2.05642509460449218750e+00) (69, 3.77072882652282714844e+00) (70, -1.15383870899677276611e-01) (71, -3.84877502918243408203e-01) (72, -2.79192984104156494141e-01) (73, 7.61066079139709472656e-02) (74, 7.43689417839050292969e-01) (75, 1.21866428852081298828e+00) (76, 1.34754037857055664062e+00) (77, -3.50076049566268920898e-01) (78, -6.46971607208251953125e+00) (79, 9.51028156280517578125e+00) (80, 1.20665967464447021484e+00) (81, -9.26989197731018066406e-01) (82, -2.28337064385414123535e-01) (83, 9.97792109847068786621e-02) (84, 6.14116668701171875000e-01) (85, -2.64403998851776123047e-01) (86, -1.70512691140174865723e-01) (87, 1.93698060512542724609e+00) (88, 2.67198300361633300781e+00) (89, 3.80182933807373046875e+00) (90, 1.73590183258056640625e+00) (91, -3.61859977245330810547e-01) (92, 1.10062599182128906250e+00) (93, 3.64786982536315917969e-01) (94, -1.53073683381080627441e-01) (95, 1.92757833003997802734e+00) (96, 1.03336000442504882812e+00) (97, -1.16712403297424316406e+00) (98, 5.08186101913452148438e+00) (99, -3.24440097808837890625e+00) (100, -2.65351176261901855469e-01) (101, 2.66503310203552246094e+00) (102, 1.01949656009674072266e+00) (103, 1.62070560455322265625e+00) (104, 1.95370030403137207031e+00) (0, 1.50000000000000000000e+03) (1, 1.50000000000000000000e+03) (2, 1.50000000000000000000e+03) (3, 1.50000000000000000000e+03) (4, 1.50000000000000000000e+03) (5, 1.50000000000000000000e+03) (6, 1.50000000000000000000e+03) (7, 1.50000000000000000000e+03) (8, 1.50000000000000000000e+03) (9, 1.50000000000000000000e+03) (10, 1.50000000000000000000e+03) (11, 1.50000000000000000000e+03) (12, 1.50000000000000000000e+03) (13, -1.50000000000000000000e+03) (14, 1.50000000000000000000e+03) (15, 1.50000000000000000000e+03) (16, 1.50000000000000000000e+03) (17, -1.50000000000000000000e+03) (18, 1.50000000000000000000e+03) (19, 4.66241455078125000000e+00) (20, 1.50000000000000000000e+03) (21, -1.50000000000000000000e+03) (22, 1.50000000000000000000e+03) (23, 1.50000000000000000000e+03) (24, -1.50000000000000000000e+03) (25, -1.50000000000000000000e+03) (26, 2.20043683052062988281e+00) (27, -1.50000000000000000000e+03) (28, -1.12612175941467285156e+00) (29, -1.50000000000000000000e+03) (30, -1.50000000000000000000e+03) (31, -1.50000000000000000000e+03) (32, -1.50000000000000000000e+03) (33, -9.54118311405181884766e-01) (34, -1.50000000000000000000e+03) (35, 2.08068609237670898438e+00) (36, 2.17461109161376953125e+00) (37, 2.00594496726989746094e+00) (38, 1.50000000000000000000e+03) (39, 1.50000000000000000000e+03) (40, 1.50000000000000000000e+03) (41, -1.18709099292755126953e+00) (42, 1.50000000000000000000e+03) (43, 1.50000000000000000000e+03) (44, 3.12695932388305664062e+00) (45, 2.10738635063171386719e+00) (46, 1.50000000000000000000e+03) (47, 2.10364365577697753906e+00) (48, 1.50000000000000000000e+03) (49, 1.50000000000000000000e+03) (50, 1.50000000000000000000e+03) (51, 1.50000000000000000000e+03) (52, 1.50000000000000000000e+03) (53, 1.44607507324218750000e+03) (54, 2.14066290855407714844e+00) (55, -1.50000000000000000000e+03) (56, 1.50000000000000000000e+03) (57, 1.50000000000000000000e+03) (58, 1.50000000000000000000e+03) (59, 7.72775709629058837891e-02) (60, 1.50000000000000000000e+03) (61, 1.50000000000000000000e+03) (62, 1.50000000000000000000e+03) (63, 1.50000000000000000000e+03) (64, 1.50000000000000000000e+03) (65, 1.50000000000000000000e+03) (66, 7.66242446899414062500e+01) (67, 1.50000000000000000000e+03) (68, 1.50000000000000000000e+03) (69, 1.50000000000000000000e+03) (70, -1.50000000000000000000e+03) (71, 6.71798753738403320312e+00) (72, 1.50000000000000000000e+03) (73, 1.50000000000000000000e+03) (74, 2.39461547851562500000e+02) (75, 1.50000000000000000000e+03) (76, 1.50000000000000000000e+03) (77, 1.50000000000000000000e+03) (78, 1.50000000000000000000e+03) (79, 1.50000000000000000000e+03) (80, 1.50000000000000000000e+03) (81, 1.50000000000000000000e+03) (82, 1.50000000000000000000e+03) (83, 1.50000000000000000000e+03) (84, 1.50000000000000000000e+03) (85, 1.50000000000000000000e+03) (86, 1.50000000000000000000e+03) (87, 1.50000000000000000000e+03) (88, 1.50000000000000000000e+03) (89, 1.50000000000000000000e+03) (90, 1.50000000000000000000e+03) (91, 3.90102314949035644531e+00) (92, 1.50000000000000000000e+03) (93, 4.55685091018676757812e+00) (94, 1.50000000000000000000e+03) (95, 1.50000000000000000000e+03) (96, 2.95125007629394531250e+00) (97, 1.50000000000000000000e+03) (98, 1.50000000000000000000e+03) (99, 1.50000000000000000000e+03) (100, 1.50000000000000000000e+03) (101, 1.50000000000000000000e+03) (102, 1.50000000000000000000e+03) (103, -1.50000000000000000000e+03) (104, -3.72596383094787597656e+00) (0, 1.50000000000000000000e+03) (1, 1.50000000000000000000e+03) (2, 1.50000000000000000000e+03) (3, 1.50000000000000000000e+03) (4, 1.50000000000000000000e+03) (5, 1.50000000000000000000e+03) (6, 1.50000000000000000000e+03) (7, 1.50000000000000000000e+03) (8, 1.50000000000000000000e+03) (9, 1.50000000000000000000e+03) (10, 1.50000000000000000000e+03) (11, 1.50000000000000000000e+03) (12, 1.50000000000000000000e+03) (13, -1.50000000000000000000e+03) (14, 1.50000000000000000000e+03) (15, 1.50000000000000000000e+03) (16, 1.50000000000000000000e+03) (17, -1.50000000000000000000e+03) (18, 1.50000000000000000000e+03) (19, 5.42988300323486328125e+00) (20, 1.50000000000000000000e+03) (21, -1.50000000000000000000e+03) (22, 1.50000000000000000000e+03) (23, 1.50000000000000000000e+03) (24, -1.50000000000000000000e+03) (25, -1.50000000000000000000e+03) (26, 2.07966256141662597656e+00) (27, -1.50000000000000000000e+03) (28, -9.45162773132324218750e-01) (29, -1.50000000000000000000e+03) (30, -1.50000000000000000000e+03) (31, -1.50000000000000000000e+03) (32, -1.50000000000000000000e+03) (33, -1.02266669273376464844e+00) (34, -1.50000000000000000000e+03) (35, 1.98777735233306884766e+00) (36, 2.21680784225463867188e+00) (37, 2.18419170379638671875e+00) (38, 1.50000000000000000000e+03) (39, 1.50000000000000000000e+03) (40, 1.50000000000000000000e+03) (41, -1.15800881385803222656e+00) (42, 1.50000000000000000000e+03) (43, 1.50000000000000000000e+03) (44, 3.05529952049255371094e+00) (45, 2.08075642585754394531e+00) (46, 1.50000000000000000000e+03) (47, 1.96557104587554931641e+00) (48, 1.50000000000000000000e+03) (49, 1.50000000000000000000e+03) (50, 1.50000000000000000000e+03) (51, 1.50000000000000000000e+03) (52, 1.50000000000000000000e+03) (53, 1.44592822265625000000e+03) (54, 2.05861759185791015625e+00) (55, -1.50000000000000000000e+03) (56, 1.50000000000000000000e+03) (57, 1.50000000000000000000e+03) (58, 1.50000000000000000000e+03) (59, -6.08521737158298492432e-02) (60, 1.50000000000000000000e+03) (61, 1.50000000000000000000e+03) (62, 1.50000000000000000000e+03) (63, 1.50000000000000000000e+03) (64, 1.50000000000000000000e+03) (65, 1.50000000000000000000e+03) (66, 3.22157783508300781250e+01) (67, 1.50000000000000000000e+03) (68, 1.50000000000000000000e+03) (69, 1.50000000000000000000e+03) (70, -1.50000000000000000000e+03) (71, 4.49335432052612304688e+00) (72, 1.50000000000000000000e+03) (73, 1.50000000000000000000e+03) (74, 9.76581649780273437500e+01) (75, 1.50000000000000000000e+03) (76, 1.50000000000000000000e+03) (77, 1.50000000000000000000e+03) (78, 1.50000000000000000000e+03) (79, 1.50000000000000000000e+03) (80, 1.50000000000000000000e+03) (81, 1.50000000000000000000e+03) (82, 1.50000000000000000000e+03) (83, 1.50000000000000000000e+03) (84, 1.50000000000000000000e+03) (85, 1.50000000000000000000e+03) (86, 1.50000000000000000000e+03) (87, 1.50000000000000000000e+03) (88, 1.50000000000000000000e+03) (89, 1.50000000000000000000e+03) (90, 1.50000000000000000000e+03) (91, 4.90908432006835937500e+00) (92, 1.50000000000000000000e+03) (93, 4.51828956604003906250e+00) (94, 1.50000000000000000000e+03) (95, 1.50000000000000000000e+03) (96, 2.95822095870971679688e+00) (97, 1.50000000000000000000e+03) (98, 1.50000000000000000000e+03) (99, 1.50000000000000000000e+03) (100, 1.50000000000000000000e+03) (101, 1.50000000000000000000e+03) (102, 1.50000000000000000000e+03) (103, -1.50000000000000000000e+03) (104, -2.35099554061889648438e+00) (0, -7.89119386672973632812e+00) (1, -2.03814387321472167969e+00) (2, -3.22806239128112792969e-01) (3, 5.97575306892395019531e-01) (4, -3.19222807884216308594e-01) (5, -7.71702051162719726562e+00) (6, -3.75362515449523925781e-01) (7, -1.25985014438629150391e+00) (8, 4.34546232223510742188e+00) (9, -2.97175973653793334961e-01) (10, 1.70909333229064941406e+00) (11, -1.28025221824645996094e+00) (12, -1.07839477062225341797e+00) (13, -1.87296283245086669922e+00) (14, -9.50395762920379638672e-01) (15, -8.81151020526885986328e-01) (16, -1.29720616340637207031e+00) (17, -9.47477281093597412109e-01) (18, -1.06151890754699707031e+00) (19, -1.04107010364532470703e+00) (20, -6.38413810729980468750e+00) (21, 3.01543259620666503906e+00) (22, 1.66799974441528320312e+00) (23, -1.22849047183990478516e+00) (24, 2.65401554107666015625e+00) (25, -8.13132762908935546875e-01) (26, 1.55094373226165771484e+00) (27, 2.19682836532592773438e+00) (28, 1.77370440959930419922e+00) (29, 2.16641974449157714844e+00) (30, 1.90925383567810058594e+00) (31, 8.89756679534912109375e+00) (32, 2.96046161651611328125e+00) (33, 1.86857068538665771484e+00) (34, -9.44730937480926513672e-01) (35, 1.30105495452880859375e+00) (36, -8.33892643451690673828e-01) (37, -8.03775310516357421875e-01) (38, -1.07949590682983398438e+00) (39, -1.14814782142639160156e+00) (40, -1.11572909355163574219e+00) (41, -1.16618895530700683594e+00) (42, -6.16372898221015930176e-02) (43, -1.38600230216979980469e+00) (44, -1.12903785705566406250e+00) (45, -1.59212386608123779297e+00) (46, -2.79795670509338378906e+00) (47, -1.17639338970184326172e+00) (48, -1.03811192512512207031e+00) (49, -3.01323604583740234375e+00) (50, -4.41881608963012695312e+00) (51, -1.11529362201690673828e+00) (52, -4.27287101745605468750e+00) (53, 1.91957604885101318359e+00) (54, 1.77125370502471923828e+00) (55, 4.74984741210937500000e+00) (56, 2.63728618621826171875e+00) (57, -2.04635453224182128906e+00) (58, -1.67059588432312011719e+00) (59, -2.55876564979553222656e+00) (60, -2.90637940168380737305e-01) (61, 6.39699268341064453125e+00) (62, -2.41148576140403747559e-01) (63, -3.11346799135208129883e-01) (64, 1.21171331405639648438e+00) (65, -2.36203774809837341309e-01) (66, -2.61438161134719848633e-01) (67, 4.08447599411010742188e+00) (68, -4.76659297943115234375e+00) (69, 5.28295710682868957520e-02) (70, 2.63865995407104492188e+00) (71, 5.92215728759765625000e+00) (72, -8.07412028312683105469e-01) (73, -6.77613735198974609375e-01) (74, 5.98482549190521240234e-01) (75, 3.93680715560913085938e+00) (76, 5.62465143203735351562e+00) (77, 2.33885502815246582031e+00) (78, -3.98233366012573242188e+00) (79, -1.35893547534942626953e+00) (80, 7.62083864212036132812e+00) (81, 3.28030133247375488281e+00) (82, -6.85851991176605224609e-01) (83, 6.97362613677978515625e+00) (84, 9.35934782028198242188e-01) (85, -2.99960041046142578125e+00) (86, -4.12171936035156250000e+00) (87, -2.07088306546211242676e-01) (88, 3.21462178230285644531e+00) (89, 1.22484552860260009766e+00) (90, 3.25329518318176269531e+00) (91, 3.38672780990600585938e+00) (92, 3.63021874427795410156e+00) (93, -1.32805004715919494629e-01) (94, -1.90719038248062133789e-01) (95, -8.92641544342041015625e-01) (96, 2.63066220283508300781e+00) (97, 6.66728138923645019531e-01) (98, -1.32518863677978515625e+00) (99, -8.93460273742675781250e-01) (100, -2.47416689991950988770e-01) (101, -5.59838116168975830078e-01) (102, -4.94046062231063842773e-01) (103, 2.45536708831787109375e+00) (104, 1.96353340148925781250e+00) (0, 1.50000000000000000000e+03) (1, 1.50000000000000000000e+03) (2, 1.50000000000000000000e+03) (3, 1.50000000000000000000e+03) (4, 1.50000000000000000000e+03) (5, 1.50000000000000000000e+03) (6, 1.50000000000000000000e+03) (7, 1.50000000000000000000e+03) (8, 1.50000000000000000000e+03) (9, 1.50000000000000000000e+03) (10, 1.50000000000000000000e+03) (11, 1.50000000000000000000e+03) (12, 1.50000000000000000000e+03) (13, -1.50000000000000000000e+03) (14, 1.50000000000000000000e+03) (15, 1.50000000000000000000e+03) (16, 1.50000000000000000000e+03) (17, -1.50000000000000000000e+03) (18, 1.50000000000000000000e+03) (19, 5.38304185867309570312e+00) (20, 1.50000000000000000000e+03) (21, -1.50000000000000000000e+03) (22, 1.50000000000000000000e+03) (23, 1.50000000000000000000e+03) (24, -1.50000000000000000000e+03) (25, -1.50000000000000000000e+03) (26, 2.05525040626525878906e+00) (27, -1.50000000000000000000e+03) (28, -9.38255727291107177734e-01) (29, -1.50000000000000000000e+03) (30, -1.50000000000000000000e+03) (31, -1.50000000000000000000e+03) (32, -1.50000000000000000000e+03) (33, -9.58184182643890380859e-01) (34, -1.50000000000000000000e+03) (35, 2.07932186126708984375e+00) (36, 2.14161467552185058594e+00) (37, 2.06245112419128417969e+00) (38, 1.50000000000000000000e+03) (39, 1.50000000000000000000e+03) (40, 1.50000000000000000000e+03) (41, -1.02963876724243164062e+00) (42, 1.50000000000000000000e+03) (43, 1.50000000000000000000e+03) (44, 3.10878062248229980469e+00) (45, 2.09759449958801269531e+00) (46, 1.50000000000000000000e+03) (47, 1.97506034374237060547e+00) (48, 1.50000000000000000000e+03) (49, 1.50000000000000000000e+03) (50, 1.50000000000000000000e+03) (51, 1.50000000000000000000e+03) (52, 1.50000000000000000000e+03) (53, 1.44595800781250000000e+03) (54, 2.07916307449340820312e+00) (55, -1.50000000000000000000e+03) (56, 1.50000000000000000000e+03) (57, 1.50000000000000000000e+03) (58, 1.50000000000000000000e+03) (59, 2.82266028225421905518e-02) (60, 1.50000000000000000000e+03) (61, 1.50000000000000000000e+03) (62, 1.50000000000000000000e+03) (63, 1.50000000000000000000e+03) (64, 1.50000000000000000000e+03) (65, 1.50000000000000000000e+03) (66, 7.70367736816406250000e+01) (67, 1.50000000000000000000e+03) (68, 1.50000000000000000000e+03) (69, 1.50000000000000000000e+03) (70, -1.50000000000000000000e+03) (71, 3.57410931587219238281e+00) (72, 1.50000000000000000000e+03) (73, 1.50000000000000000000e+03) (74, 4.38966903686523437500e+01) (75, 1.50000000000000000000e+03) (76, 1.50000000000000000000e+03) (77, 1.50000000000000000000e+03) (78, 1.50000000000000000000e+03) (79, 1.50000000000000000000e+03) (80, 1.50000000000000000000e+03) (81, 1.50000000000000000000e+03) (82, 1.50000000000000000000e+03) (83, 1.50000000000000000000e+03) (84, 1.50000000000000000000e+03) (85, 1.50000000000000000000e+03) (86, 1.50000000000000000000e+03) (87, 1.50000000000000000000e+03) (88, 1.50000000000000000000e+03) (89, 1.50000000000000000000e+03) (90, 1.50000000000000000000e+03) (91, 3.42699217796325683594e+00) (92, 1.50000000000000000000e+03) (93, 4.50308847427368164062e+00) (94, 1.50000000000000000000e+03) (95, 1.50000000000000000000e+03) (96, 2.90364551544189453125e+00) (97, 1.50000000000000000000e+03) (98, 1.50000000000000000000e+03) (99, 1.50000000000000000000e+03) (100, 1.50000000000000000000e+03) (101, 1.50000000000000000000e+03) (102, 1.50000000000000000000e+03) (103, -1.50000000000000000000e+03) (104, -1.72464096546173095703e+00) (0, -4.71355819702148437500e+01) (1, -7.52934142947196960449e-02) (2, 2.16067284345626831055e-01) (3, 7.32902109622955322266e-01) (4, 4.21076178550720214844e-01) (5, -1.36878023147583007812e+01) (6, -2.65349769592285156250e+00) (7, -2.71647334098815917969e+00) (8, 1.62488174438476562500e+00) (9, 2.23480518907308578491e-02) (10, 4.76664400100708007812e+00) (11, -4.15461826324462890625e+00) (12, 1.65276169776916503906e+00) (13, 1.18810844421386718750e+01) (14, 6.30590772628784179688e+00) (15, 9.51416850090026855469e-01) (16, -1.11736421585083007812e+01) (17, 1.36000986099243164062e+01) (18, -8.94244685769081115723e-02) (19, 1.68325531482696533203e+00) (20, 9.93045330047607421875e+00) (21, 1.77135276794433593750e+01) (22, 7.24566745758056640625e+00) (23, -1.33736550807952880859e+00) (24, -4.78134489059448242188e+00) (25, 1.50827884674072265625e+00) (26, 2.31116700172424316406e+00) (27, 1.14855785369873046875e+01) (28, 9.16178882122039794922e-01) (29, -3.59692001342773437500e+00) (30, 7.35270977020263671875e+00) (31, 1.78864192962646484375e+00) (32, -3.03932046890258789062e+00) (33, 3.51464271545410156250e-01) (34, 1.04205484390258789062e+01) (35, 6.38100290298461914062e+00) (36, -6.05531394481658935547e-01) (37, -5.82817935943603515625e+00) (38, 1.33943243026733398438e+01) (39, 3.15423607826232910156e+00) (40, -3.59135007858276367188e+00) (41, 3.34210896492004394531e+00) (42, 9.31245803833007812500e-01) (43, -5.54077482223510742188e+00) (44, 1.95726799964904785156e+00) (45, -4.91009056568145751953e-01) (46, -9.47433769702911376953e-01) (47, 1.18156948089599609375e+01) (48, 5.99744510650634765625e+00) (49, 6.52696180343627929688e+00) (50, 2.88740897178649902344e+00) (51, 2.64817667007446289062e+00) (52, 1.88898086547851562500e+00) (53, -8.77518713474273681641e-01) (54, 1.45183920860290527344e+00) (55, 5.02760267257690429688e+00) (56, 1.91873168945312500000e+00) (57, -2.33341264724731445312e+00) (58, -1.05390989780426025391e+00) (59, 3.74229049682617187500e+00) (60, 4.96839210391044616699e-02) (61, 1.75758790969848632812e+00) (62, 2.09202671051025390625e+00) (63, -8.48093152046203613281e-01) (64, 2.39118075370788574219e+00) (65, 1.80128931999206542969e+00) (66, 1.82194590568542480469e+00) (67, -5.26895618438720703125e+00) (68, 2.03350329399108886719e+00) (69, 2.55605012178421020508e-01) (70, 2.21096968650817871094e+00) (71, 1.84809875488281250000e+00) (72, -5.45537531375885009766e-01) (73, 1.38409912586212158203e+00) (74, 5.28941750526428222656e-01) (75, 2.04080581665039062500e+00) (76, 1.92696377635002136230e-01) (77, -4.90176588296890258789e-01) (78, 1.16915833950042724609e+00) (79, 1.23775362968444824219e-01) (80, -6.37593448162078857422e-01) (81, -5.35865545272827148438e-01) (82, 2.83980369567871093750e-01) (83, 9.55637693405151367188e-01) (84, -2.07697248458862304688e+00) (85, -6.92316532135009765625e-01) (86, 1.45333215594291687012e-01) (87, 9.50659811496734619141e-02) (88, -4.07644361257553100586e-01) (89, 1.77233755588531494141e-01) (90, -2.92656332254409790039e-01) (91, 2.03665924072265625000e+00) (92, 1.84892803430557250977e-01) (93, 2.24426954984664916992e-01) (94, 1.78508543968200683594e+00) (95, -4.87743884325027465820e-01) (96, 2.26190733909606933594e+00) (97, 7.66384601593017578125e-02) (98, 2.05526188015937805176e-01) (99, 2.59613156318664550781e+00) (100, 1.95784556865692138672e+00) (101, -4.38137650489807128906e-01) (102, -2.60440254211425781250e+01) (103, 4.06955833435058593750e+01) (104, 2.96365410089492797852e-01) (0, 1.50000000000000000000e+03) (1, 1.50000000000000000000e+03) (2, 1.50000000000000000000e+03) (3, 1.50000000000000000000e+03) (4, 1.50000000000000000000e+03) (5, 1.50000000000000000000e+03) (6, 1.50000000000000000000e+03) (7, 1.50000000000000000000e+03) (8, 1.50000000000000000000e+03) (9, 1.50000000000000000000e+03) (10, 1.50000000000000000000e+03) (11, 1.50000000000000000000e+03) (12, 1.50000000000000000000e+03) (13, -1.50000000000000000000e+03) (14, 1.50000000000000000000e+03) (15, 1.50000000000000000000e+03) (16, 1.50000000000000000000e+03) (17, -1.50000000000000000000e+03) (18, 1.50000000000000000000e+03) (19, 4.38570880889892578125e+00) (20, 1.50000000000000000000e+03) (21, -1.50000000000000000000e+03) (22, 1.50000000000000000000e+03) (23, 1.50000000000000000000e+03) (24, -1.50000000000000000000e+03) (25, -1.50000000000000000000e+03) (26, 2.11014676094055175781e+00) (27, -1.50000000000000000000e+03) (28, -1.07914066314697265625e+00) (29, -1.50000000000000000000e+03) (30, -1.50000000000000000000e+03) (31, -1.50000000000000000000e+03) (32, -1.50000000000000000000e+03) (33, -8.90265285968780517578e-01) (34, -1.50000000000000000000e+03) (35, 1.94944345951080322266e+00) (36, 2.19998788833618164062e+00) (37, 2.08188533782958984375e+00) (38, 1.50000000000000000000e+03) (39, 1.50000000000000000000e+03) (40, 1.50000000000000000000e+03) (41, -1.15601778030395507812e+00) (42, 1.50000000000000000000e+03) (43, 1.50000000000000000000e+03) (44, 3.07114815711975097656e+00) (45, 2.09694314002990722656e+00) (46, 1.50000000000000000000e+03) (47, 1.92807126045227050781e+00) (48, 1.50000000000000000000e+03) (49, 1.50000000000000000000e+03) (50, 1.50000000000000000000e+03) (51, 1.50000000000000000000e+03) (52, 1.50000000000000000000e+03) (53, 1.44592919921875000000e+03) (54, 2.18110513687133789062e+00) (55, -1.50000000000000000000e+03) (56, 1.50000000000000000000e+03) (57, 1.50000000000000000000e+03) (58, 1.50000000000000000000e+03) (59, 1.40834292396903038025e-02) (60, 1.50000000000000000000e+03) (61, 1.50000000000000000000e+03) (62, 1.50000000000000000000e+03) (63, 1.50000000000000000000e+03) (64, 1.50000000000000000000e+03) (65, 1.50000000000000000000e+03) (66, 1.44846982955932617188e+01) (67, 1.50000000000000000000e+03) (68, 1.50000000000000000000e+03) (69, 1.50000000000000000000e+03) (70, -1.50000000000000000000e+03) (71, 3.28242588043212890625e+00) (72, 1.50000000000000000000e+03) (73, 1.50000000000000000000e+03) (74, 1.98995513916015625000e+01) (75, 1.50000000000000000000e+03) (76, 1.50000000000000000000e+03) (77, 1.50000000000000000000e+03) (78, 1.50000000000000000000e+03) (79, 1.50000000000000000000e+03) (80, 1.50000000000000000000e+03) (81, 1.50000000000000000000e+03) (82, 1.50000000000000000000e+03) (83, 1.50000000000000000000e+03) (84, 1.50000000000000000000e+03) (85, 1.50000000000000000000e+03) (86, 1.50000000000000000000e+03) (87, 1.50000000000000000000e+03) (88, 1.50000000000000000000e+03) (89, 1.50000000000000000000e+03) (90, 1.50000000000000000000e+03) (91, 3.19003438949584960938e+00) (92, 1.50000000000000000000e+03) (93, 4.34180116653442382812e+00) (94, 1.50000000000000000000e+03) (95, 1.50000000000000000000e+03) (96, 2.88359498977661132812e+00) (97, 1.50000000000000000000e+03) (98, 1.50000000000000000000e+03) (99, 1.28694564819335937500e+02) (100, 1.50000000000000000000e+03) (101, 1.50000000000000000000e+03) (102, 1.50000000000000000000e+03) (103, -1.50000000000000000000e+03) (104, -1.69487786293029785156e+00) (0, 1.50000000000000000000e+03) (1, 1.50000000000000000000e+03) (2, 1.50000000000000000000e+03) (3, 1.50000000000000000000e+03) (4, 1.50000000000000000000e+03) (5, 1.50000000000000000000e+03) (6, 1.50000000000000000000e+03) (7, 1.50000000000000000000e+03) (8, 1.50000000000000000000e+03) (9, 1.50000000000000000000e+03) (10, 1.50000000000000000000e+03) (11, 1.50000000000000000000e+03) (12, 1.50000000000000000000e+03) (13, -1.50000000000000000000e+03) (14, 1.50000000000000000000e+03) (15, 1.50000000000000000000e+03) (16, 1.50000000000000000000e+03) (17, -1.50000000000000000000e+03) (18, 1.50000000000000000000e+03) (19, 8.30791378021240234375e+00) (20, 1.50000000000000000000e+03) (21, -1.50000000000000000000e+03) (22, 1.50000000000000000000e+03) (23, 1.50000000000000000000e+03) (24, -1.50000000000000000000e+03) (25, -1.50000000000000000000e+03) (26, 2.16352152824401855469e+00) (27, -1.50000000000000000000e+03) (28, -1.06760573387145996094e+00) (29, -1.50000000000000000000e+03) (30, -1.50000000000000000000e+03) (31, -1.50000000000000000000e+03) (32, -1.50000000000000000000e+03) (33, -9.74620521068572998047e-01) (34, -1.50000000000000000000e+03) (35, 1.93329548835754394531e+00) (36, 2.04304599761962890625e+00) (37, 2.02031135559082031250e+00) (38, 1.50000000000000000000e+03) (39, 1.50000000000000000000e+03) (40, 1.50000000000000000000e+03) (41, -1.05397200584411621094e+00) (42, 1.50000000000000000000e+03) (43, 1.50000000000000000000e+03) (44, 3.08468842506408691406e+00) (45, 2.17122864723205566406e+00) (46, 1.50000000000000000000e+03) (47, 2.11194181442260742188e+00) (48, 1.50000000000000000000e+03) (49, 1.50000000000000000000e+03) (50, 1.50000000000000000000e+03) (51, 1.50000000000000000000e+03) (52, 1.50000000000000000000e+03) (53, 1.44597119140625000000e+03) (54, 2.87680912017822265625e+00) (55, -1.50000000000000000000e+03) (56, 1.50000000000000000000e+03) (57, 1.50000000000000000000e+03) (58, 1.50000000000000000000e+03) (59, -5.84644079208374023438e-02) (60, 1.50000000000000000000e+03) (61, 1.50000000000000000000e+03) (62, 1.50000000000000000000e+03) (63, 1.50000000000000000000e+03) (64, 1.50000000000000000000e+03) (65, 1.50000000000000000000e+03) (66, 3.20192413330078125000e+01) (67, 1.50000000000000000000e+03) (68, 1.50000000000000000000e+03) (69, 1.50000000000000000000e+03) (70, -1.50000000000000000000e+03) (71, 6.74080324172973632812e+00) (72, 1.50000000000000000000e+03) (73, 1.50000000000000000000e+03) (74, 2.39578369140625000000e+02) (75, 1.50000000000000000000e+03) (76, 1.50000000000000000000e+03) (77, 1.50000000000000000000e+03) (78, 1.50000000000000000000e+03) (79, 1.50000000000000000000e+03) (80, 1.50000000000000000000e+03) (81, 1.50000000000000000000e+03) (82, 1.50000000000000000000e+03) (83, 1.50000000000000000000e+03) (84, 1.50000000000000000000e+03) (85, 1.50000000000000000000e+03) (86, 1.50000000000000000000e+03) (87, 1.50000000000000000000e+03) (88, 1.50000000000000000000e+03) (89, 1.50000000000000000000e+03) (90, 1.50000000000000000000e+03) (91, 7.56910324096679687500e+00) (92, 1.50000000000000000000e+03) (93, 4.90377855300903320312e+00) (94, 1.50000000000000000000e+03) (95, 1.50000000000000000000e+03) (96, 2.94585561752319335938e+00) (97, 1.50000000000000000000e+03) (98, 1.50000000000000000000e+03) (99, 1.50000000000000000000e+03) (100, 1.50000000000000000000e+03) (101, 1.50000000000000000000e+03) (102, 1.50000000000000000000e+03) (103, -1.50000000000000000000e+03) (104, -3.61171078681945800781e+00) (0, -3.59366089105606079102e-01) (1, -4.76398497819900512695e-01) (2, -1.84235021471977233887e-01) (3, -4.25865858793258666992e-01) (4, -2.87355542182922363281e-01) (5, -1.94606935977935791016e+00) (6, -3.69358837604522705078e-01) (7, -2.32554650306701660156e+00) (8, 4.91229712963104248047e-01) (9, -3.03699582815170288086e-01) (10, 1.89243996143341064453e+00) (11, -1.20071744918823242188e+00) (12, -1.05264854431152343750e+00) (13, -1.08457839488983154297e+00) (14, -1.09119141101837158203e+00) (15, -9.79962766170501708984e-01) (16, -1.84571743011474609375e+00) (17, -1.16123247146606445312e+00) (18, -1.09703636169433593750e+00) (19, -9.90426898002624511719e-01) (20, 8.34557533264160156250e-01) (21, -1.10496890544891357422e+00) (22, 3.71429085731506347656e-01) (23, -1.02848672866821289062e+00) (24, 1.45039916038513183594e+00) (25, 1.70284378528594970703e+00) (26, 1.79782879352569580078e+00) (27, 1.93645668029785156250e+00) (28, 1.91455829143524169922e+00) (29, 1.83985006809234619141e+00) (30, 1.78823673725128173828e+00) (31, 3.85623872280120849609e-01) (32, 2.07371449470520019531e+00) (33, 1.93279540538787841797e+00) (34, 3.59287834167480468750e+00) (35, 1.98565161228179931641e+00) (36, 2.00257778167724609375e+00) (37, -8.52272391319274902344e-01) (38, -9.65227186679840087891e-01) (39, -1.02573394775390625000e+00) (40, -1.05009508132934570312e+00) (41, -8.46916377544403076172e-01) (42, -2.55702167749404907227e-01) (43, 1.98705279827117919922e+00) (44, -1.18652737140655517578e+00) (45, -9.78076875209808349609e-01) (46, 1.90773272514343261719e+00) (47, 2.56721317768096923828e-01) (48, -3.89034247398376464844e+00) (49, -2.02384877204895019531e+00) (50, -1.11115789413452148438e+00) (51, -1.00400733947753906250e+00) (52, -8.63879799842834472656e-01) (53, -8.83893668651580810547e-01) (54, -7.86807060241699218750e-01) (55, 2.55572962760925292969e+00) (56, 2.69393873214721679688e+00) (57, -6.28709554672241210938e+00) (58, -8.97673511505126953125e+00) (59, 1.20024414062500000000e+01) (60, -1.82400211691856384277e-01) (61, 3.82158303260803222656e+00) (62, -1.92324891686439514160e-01) (63, -8.45562145113945007324e-02) (64, 5.77443242073059082031e-01) (65, -2.21275761723518371582e-01) (66, 4.42300367355346679688e+00) (67, 7.71300268173217773438e+00) (68, 8.37961077690124511719e-01) (69, -2.84194111824035644531e+00) (70, -4.42214235663414001465e-02) (71, -1.50342538952827453613e-01) (72, -4.14606332778930664062e-01) (73, -2.84446096420288085938e+00) (74, -1.65263161063194274902e-01) (75, -7.23712503910064697266e-01) (76, 3.18035316467285156250e+00) (77, -1.40107825398445129395e-01) (78, -2.88795852661132812500e+00) (79, -4.55887365341186523438e+00) (80, 7.07143068313598632812e+00) (81, 2.64706087112426757812e+00) (82, 1.36035335063934326172e+00) (83, -5.22150659561157226562e+00) (84, -9.20519173145294189453e-01) (85, 6.82877588272094726562e+00) (86, -2.22358912229537963867e-01) (87, -3.01389247179031372070e-01) (88, -2.08555483818054199219e+00) (89, -3.12710618972778320312e+00) (90, -2.92840361595153808594e+00) (91, 4.44046926498413085938e+00) (92, 1.45191401243209838867e-01) (93, -4.48379188776016235352e-01) (94, -2.13948652148246765137e-01) (95, 3.14403247833251953125e+00) (96, -5.01874573528766632080e-02) (97, -1.42511045932769775391e+00) (98, 2.18903756141662597656e+00) (99, 2.63797259330749511719e+00) (100, -2.34512656927108764648e-01) (101, 6.72764539718627929688e+00) (102, -1.63021206855773925781e+00) (103, 3.43054270744323730469e+00) (104, 1.99271416664123535156e+00) (0, 7.75019359588623046875e+00) (1, 3.36415410041809082031e+00) (2, 3.21471905708312988281e+00) (3, -2.31024765968322753906e+00) (4, -7.66678035259246826172e-01) (5, 1.83228397369384765625e+00) (6, 1.56355929374694824219e+00) (7, -4.80921417474746704102e-01) (8, -1.12807106971740722656e+00) (9, 2.59995079040527343750e+00) (10, -5.36684179306030273438e+00) (11, -1.71198952198028564453e+00) (12, 1.44343590736389160156e+00) (13, -1.38920795917510986328e+00) (14, -1.23147642612457275391e+00) (15, 2.33245301246643066406e+00) (16, 1.54445636272430419922e+00) (17, -1.30735063552856445312e+00) (18, 1.73610270023345947266e+00) (19, 1.53163957595825195312e+00) (20, -1.56457948684692382812e+00) (21, 1.82301402091979980469e+00) (22, -1.40289115905761718750e+00) (23, 1.52043986320495605469e+00) (24, 2.25561380386352539062e+00) (25, -1.36013913154602050781e+00) (26, -1.10517120361328125000e+00) (27, 1.69846832752227783203e+00) (28, 1.66299438476562500000e+00) (29, 6.78056254982948303223e-02) (30, 2.27238559722900390625e+00) (31, -1.25220167636871337891e+00) (32, -7.34685420989990234375e-01) (33, -1.19407331943511962891e+00) (34, 4.22734357416629791260e-02) (35, 2.25848793983459472656e-01) (36, -1.30486810207366943359e+00) (37, -1.23474216461181640625e+00) (38, -1.71113169193267822266e+00) (39, -1.24419236183166503906e+00) (40, -9.81000781059265136719e-01) (41, 2.25919693708419799805e-01) (42, -3.01070272922515869141e-01) (43, -9.04259264469146728516e-01) (44, -1.11280703544616699219e+00) (45, -1.39156794548034667969e+00) (46, -1.16574633121490478516e+00) (47, 1.64229965209960937500e+00) (48, -9.81427788734436035156e-01) (49, -1.23721730709075927734e+00) (50, -1.10858404636383056641e+00) (51, -1.07077932357788085938e+00) (52, -1.00287139415740966797e+00) (53, 1.45336997509002685547e+00) (54, 3.85645508766174316406e-01) (55, 7.63297259807586669922e-01) (56, 2.04048657417297363281e+00) (57, -3.50953847169876098633e-01) (58, 9.97209072113037109375e-01) (59, 4.91467356681823730469e-01) (60, -2.83362060785293579102e-01) (61, -2.22125515341758728027e-01) (62, -2.17843934893608093262e-01) (63, -3.15523058176040649414e-01) (64, 8.08240890502929687500e-01) (65, -2.49716058373451232910e-01) (66, 2.65265130996704101562e+00) (67, -1.04942433536052703857e-01) (68, 5.86967527866363525391e-01) (69, -1.80707827210426330566e-01) (70, 2.60973525047302246094e+00) (71, -1.74104228615760803223e-01) (72, -3.59508804976940155029e-02) (73, -1.15694665908813476562e+00) (74, 2.57292127609252929688e+00) (75, -4.55096542835235595703e-01) (76, -3.10345470905303955078e-01) (77, -2.86228626966476440430e-01) (78, -4.87794399261474609375e-01) (79, 1.11610305309295654297e+00) (80, 5.84963187575340270996e-02) (81, -1.75974830985069274902e-01) (82, -2.13028505444526672363e-01) (83, 1.04911756515502929688e+00) (84, -3.42760473489761352539e-01) (85, -3.78885030746459960938e+00) (86, -3.37666481733322143555e-01) (87, 1.80228590965270996094e+00) (88, 1.79057836532592773438e+00) (89, 2.01926946640014648438e+00) (90, 1.58719897270202636719e+00) (91, 3.75933194160461425781e+00) (92, -4.63383108377456665039e-01) (93, -6.96299195289611816406e-01) (94, -2.49146029353141784668e-01) (95, -1.71626493334770202637e-01) (96, -2.11274638772010803223e-01) (97, -6.84034943580627441406e-01) (98, -2.64232724905014038086e-01) (99, -6.69746518135070800781e-01) (100, 2.63148689270019531250e+00) (101, -9.90420997142791748047e-01) (102, 3.58610010147094726562e+00) (103, -5.96154257655143737793e-02) (104, 1.98438262939453125000e+00) (0, -2.18300418853759765625e+01) (1, -1.08912456035614013672e+00) (2, -7.59045779705047607422e-01) (3, 1.54467010498046875000e+00) (4, -7.43770658969879150391e-01) (5, -3.54910802841186523438e+00) (6, 3.27011823654174804688e-01) (7, 2.18402713537216186523e-01) (8, 4.22375392913818359375e+00) (9, -3.37560623884201049805e-01) (10, 3.60142493247985839844e+00) (11, 3.44111013412475585938e+00) (12, 4.01647567749023437500e+00) (13, 1.59343910217285156250e+00) (14, 4.53244781494140625000e+00) (15, 3.34773874282836914062e+00) (16, 5.30996561050415039062e-01) (17, 6.65720462799072265625e-01) (18, -2.74283576011657714844e+00) (19, 5.53532838821411132812e-01) (20, 8.54772090911865234375e+00) (21, 1.85189437866210937500e+01) (22, 3.88695955276489257812e-01) (23, 2.37972080707550048828e-01) (24, -3.07601749897003173828e-01) (25, 1.71724724769592285156e+00) (26, 3.69259095191955566406e+00) (27, 4.83706378936767578125e+00) (28, -4.02605891227722167969e-01) (29, -5.20174980163574218750e+00) (30, 4.80822181701660156250e+00) (31, -1.75900125503540039062e+00) (32, -1.15722703933715820312e+00) (33, -3.34116995334625244141e-01) (34, 2.84294915199279785156e+00) (35, -1.93279886245727539062e+00) (36, 4.23398351669311523438e+00) (37, 3.24102687835693359375e+00) (38, 2.10370111465454101562e+00) (39, -6.27457201480865478516e-01) (40, 1.87006187438964843750e+00) (41, 7.21729326248168945312e+00) (42, 1.05797505378723144531e+00) (43, -3.55389642715454101562e+00) (44, 1.64162337779998779297e-01) (45, 1.96187639236450195312e+00) (46, 3.94342947006225585938e+00) (47, 3.20398807525634765625e+00) (48, 6.15546405315399169922e-01) (49, -2.24199199676513671875e+00) (50, -1.99163937941193580627e-03) (51, -8.54423999786376953125e-01) (52, 2.85068929195404052734e-01) (53, 1.47484898567199707031e+00) (54, -8.13721939921379089355e-02) (55, 4.38135027885437011719e-01) (56, 3.50236082077026367188e+00) (57, -6.09089851379394531250e+00) (58, 3.77237868309020996094e+00) (59, 2.95062518119812011719e+00) (60, -6.74996495246887207031e-01) (61, -6.19509172439575195312e+00) (62, -1.11458492279052734375e+00) (63, -9.08322393894195556641e-01) (64, -1.19311237335205078125e+00) (65, 2.20652055740356445312e+00) (66, -1.03099024295806884766e+00) (67, -7.39579617977142333984e-01) (68, -9.10432815551757812500e-01) (69, -1.50737032294273376465e-01) (70, -7.34071671962738037109e-01) (71, -6.07976913452148437500e-01) (72, -7.15882837772369384766e-01) (73, -2.88689565658569335938e+00) (74, -1.68567383289337158203e+00) (75, -1.19587159156799316406e+00) (76, -5.37123084068298339844e-01) (77, -5.43074011802673339844e-01) (78, 5.98336791992187500000e+00) (79, -4.60877895355224609375e-01) (80, 2.21829891204833984375e+00) (81, -9.54530179500579833984e-01) (82, -4.77288633584976196289e-01) (83, 5.00490248203277587891e-01) (84, 3.85403275489807128906e-01) (85, -6.99908494949340820312e-01) (86, -5.16588270664215087891e-01) (87, -5.71482658386230468750e-01) (88, 7.45431184768676757812e-01) (89, 4.13252401351928710938e+00) (90, -2.14537978172302246094e+00) (91, 1.96161437034606933594e+00) (92, 2.35848093032836914062e+00) (93, 1.11448943614959716797e+00) (94, -5.13368129730224609375e-01) (95, -5.68900108337402343750e-01) (96, 2.32461047172546386719e+00) (97, -1.74462661147117614746e-01) (98, -5.42389392852783203125e-01) (99, 2.26235675811767578125e+00) (100, 2.18308949470520019531e+00) (101, 2.38018894195556640625e+00) (102, -1.85565681457519531250e+01) (103, 2.91978416442871093750e+01) (104, 2.30634427070617675781e+00) (0, -3.15273070335388183594e+00) (1, -1.50696015357971191406e+00) (2, 7.32053875923156738281e-01) (3, -8.75335514545440673828e-01) (4, -4.15081679821014404297e-01) (5, -4.08605766296386718750e+01) (6, -3.94840657711029052734e-01) (7, -1.74077200889587402344e+00) (8, 2.89753437042236328125e-01) (9, 7.81055867671966552734e-01) (10, -1.27430009841918945312e+00) (11, -2.14228659868240356445e-01) (12, 1.04756996035575866699e-01) (13, -3.36002677679061889648e-01) (14, 1.63146421313285827637e-01) (15, -3.09050120413303375244e-02) (16, -1.24313437938690185547e+00) (17, 1.39144465327262878418e-01) (18, -1.12481009960174560547e+00) (19, 1.02590069174766540527e-01) (20, -4.56832468509674072266e-01) (21, 1.82516610622406005859e+00) (22, 5.33035676926374435425e-03) (23, -1.10654413700103759766e+00) (24, 6.17477846145629882812e+00) (25, 3.34899353981018066406e+00) (26, -1.05368590354919433594e+00) (27, 1.13283510208129882812e+01) (28, 1.97517085075378417969e+00) (29, 2.14077520370483398438e+00) (30, 7.23121881484985351562e+00) (31, 1.35680651664733886719e+00) (32, 2.00776267051696777344e+00) (33, 1.98132109642028808594e+00) (34, 1.15240204334259033203e+00) (35, -5.94793081283569335938e-01) (36, 5.99337276071310043335e-03) (37, -1.07272624969482421875e+00) (38, -1.16452980041503906250e+00) (39, -1.09985399246215820312e+00) (40, -2.80502581596374511719e+00) (41, 1.11518287658691406250e+00) (42, 8.48439991474151611328e-01) (43, -8.87668371200561523438e-01) (44, -4.98172998428344726562e+00) (45, 1.28328457474708557129e-01) (46, -2.22920775413513183594e+00) (47, 1.74318909645080566406e+00) (48, -4.42163228988647460938e+00) (49, -3.30175209045410156250e+00) (50, -1.85528087615966796875e+00) (51, -1.20493423938751220703e+00) (52, -1.14841032028198242188e+00) (53, -5.92800676822662353516e-01) (54, 2.30961546301841735840e-01) (55, 5.00773954391479492188e+00) (56, 2.66775059700012207031e+00) (57, -8.40628087520599365234e-01) (58, 5.17351448535919189453e-01) (59, 4.61038208007812500000e+00) (60, -2.27047681808471679688e-01) (61, -1.86961722373962402344e+00) (62, -2.48174026608467102051e-01) (63, -2.35101014375686645508e-01) (64, 1.67728400230407714844e+00) (65, 8.05521011352539062500e-01) (66, 7.21793556213378906250e+00) (67, 1.48529291152954101562e+00) (68, 7.37236118316650390625e+00) (69, 3.03738260269165039062e+00) (70, 1.24137711524963378906e+00) (71, 6.37772023677825927734e-01) (72, 6.42288327217102050781e-01) (73, 7.40728318691253662109e-01) (74, 1.55723318457603454590e-01) (75, 1.88741886615753173828e+00) (76, -4.10479354858398437500e+00) (77, 7.51049518585205078125e-01) (78, 1.89666604995727539062e+00) (79, -7.83854532241821289062e+00) (80, 6.03709840774536132812e+00) (81, -6.40630185604095458984e-01) (82, 6.13246822357177734375e+00) (83, 6.47098636627197265625e+00) (84, -2.23851871490478515625e+00) (85, 3.83034396171569824219e+00) (86, -1.04711270332336425781e+00) (87, 5.26684403419494628906e-01) (88, 4.31354427337646484375e+00) (89, 2.47247815132141113281e+00) (90, 6.23747968673706054688e+00) (91, 3.49634265899658203125e+00) (92, 2.87944078445434570312e+00) (93, 2.70434832572937011719e+00) (94, 7.64872431755065917969e-01) (95, -4.95896637439727783203e-01) (96, 9.16262805461883544922e-01) (97, -5.65359020233154296875e+00) (98, 2.76680517196655273438e+00) (99, -9.04184520244598388672e-01) (100, 4.30533021688461303711e-01) (101, 3.23413610458374023438e-01) (102, -8.58557283878326416016e-01) (103, 2.63429546356201171875e+00) (104, 8.66574823856353759766e-01) (0, 1.07361090183258056641e+00) (1, 2.38814043998718261719e+00) (2, 1.94189357757568359375e+00) (3, 1.37944865226745605469e+00) (4, 1.91572117805480957031e+00) (5, 2.61357355117797851562e+00) (6, -6.93215012550354003906e-01) (7, -3.13785403966903686523e-01) (8, 1.34635210037231445312e+00) (9, -1.70312809944152832031e+00) (10, -2.93334782123565673828e-01) (11, 2.64368748664855957031e+00) (12, -1.46323561668395996094e+00) (13, 2.71537923812866210938e+00) (14, -8.35910856723785400391e-01) (15, -4.61165994405746459961e-01) (16, 2.54618740081787109375e+00) (17, 2.50585913658142089844e+00) (18, -3.29425007104873657227e-01) (19, -2.14539706707000732422e-01) (20, 2.54473495483398437500e+00) (21, -3.84261906147003173828e-01) (22, -1.03606379032135009766e+00) (23, -3.03881496191024780273e-01) (24, 9.69933439046144485474e-03) (25, -5.23043811321258544922e-01) (26, 2.59524178504943847656e+00) (27, 6.79729282855987548828e-01) (28, -6.05915129184722900391e-01) (29, 6.72506034374237060547e-01) (30, -2.99022078514099121094e-01) (31, -3.09384554624557495117e-01) (32, -3.29151928424835205078e-01) (33, -4.71109032630920410156e-01) (34, 1.23885333538055419922e+00) (35, 7.09690272808074951172e-01) (36, -2.46670410037040710449e-01) (37, -2.48106852173805236816e-01) (38, 2.73376512527465820312e+00) (39, 2.71122598648071289062e+00) (40, 2.59094142913818359375e+00) (41, 1.99745309352874755859e+00) (42, 4.90807861089706420898e-01) (43, -1.48586630821228027344e+00) (44, -4.00245398283004760742e-01) (45, -1.71327859163284301758e-01) (46, -1.87435877323150634766e+00) (47, 6.61132276058197021484e-01) (48, -7.43501245975494384766e-01) (49, 4.33506160974502563477e-01) (50, 3.18688184022903442383e-01) (51, -1.72398436069488525391e+00) (52, -6.42790138721466064453e-01) (53, 2.75629878044128417969e+00) (54, 1.25498831272125244141e-01) (55, -7.29341268539428710938e-01) (56, -3.01213949918746948242e-01) (57, -1.26795637607574462891e+00) (58, -2.29225659370422363281e+00) (59, 1.70034253597259521484e+00) (60, -7.35054075717926025391e-01) (61, -2.06704664230346679688e+00) (62, -1.41668415069580078125e+00) (63, 7.52710923552513122559e-02) (64, 3.64629119634628295898e-01) (65, 7.12750256061553955078e-02) (66, -1.47229886054992675781e+00) (67, -1.07004761695861816406e+00) (68, -2.49210333824157714844e+00) (69, -1.20044112205505371094e+00) (70, -1.04867994785308837891e+00) (71, -9.71109151840209960938e-01) (72, 2.27606948465108871460e-02) (73, -1.27248835563659667969e+00) (74, -1.00024592876434326172e+00) (75, 1.64408493041992187500e+00) (76, -1.42422568798065185547e+00) (77, -4.84493188560009002686e-02) (78, -2.06507492065429687500e+00) (79, 4.94681298732757568359e-01) (80, -5.51637172698974609375e-01) (81, 6.11836552619934082031e-01) (82, 1.77989327907562255859e+00) (83, -4.75362837314605712891e-01) (84, 6.27783298492431640625e-01) (85, 2.09721016883850097656e+00) (86, 6.29372075200080871582e-02) (87, -9.89078521728515625000e-01) (88, -5.14035642147064208984e-01) (89, -9.69925642013549804688e-01) (90, 2.30422303080558776855e-01) (91, 2.04972529411315917969e+00) (92, -1.20205628871917724609e+00) (93, -1.11379194259643554688e+00) (94, -6.39495730400085449219e-01) (95, -1.66577851772308349609e+00) (96, -1.11036181449890136719e+00) (97, -1.01954472064971923828e+00) (98, -7.18264102935791015625e-01) (99, -1.43583238124847412109e+00) (100, -6.49340689182281494141e-01) (101, -2.63540148735046386719e-01) (102, -9.30537283420562744141e-01) (103, 3.03908562660217285156e+00) (104, 2.79813623428344726562e+00) (0, -2.05668659210205078125e+01) (1, -2.49791339039802551270e-01) (2, -1.29884767532348632812e+00) (3, 1.70054733753204345703e-01) (4, -1.65819263458251953125e+00) (5, -3.04643893241882324219e+00) (6, 1.99248099327087402344e+00) (7, -5.64728593826293945312e+00) (8, 1.56080090999603271484e+00) (9, 2.84302306175231933594e+00) (10, 3.14287281036376953125e+00) (11, 7.25962066650390625000e+00) (12, -1.37861168384552001953e+00) (13, 6.06006717681884765625e+00) (14, -2.21853211522102355957e-01) (15, 2.45849132537841796875e+00) (16, 1.71499371528625488281e+00) (17, -9.96435806155204772949e-02) (18, 1.49619054794311523438e+00) (19, -5.08885145187377929688e-01) (20, 7.37402796745300292969e-01) (21, -8.68198776245117187500e+00) (22, -2.13031053543090820312e-01) (23, 1.77530627697706222534e-02) (24, 4.62539815902709960938e+00) (25, -4.87768411636352539062e+00) (26, 3.03802442550659179688e+00) (27, 1.55988287925720214844e+00) (28, -6.06525611877441406250e+00) (29, -4.18747520446777343750e+00) (30, 5.95176982879638671875e+00) (31, 3.25971198081970214844e+00) (32, 3.17928218841552734375e+00) (33, 1.12683212757110595703e+00) (34, -2.58680582046508789062e+00) (35, -2.65544009208679199219e+00) (36, 3.40953207015991210938e+00) (37, 5.64312994480133056641e-01) (38, -1.58748328685760498047e+00) (39, 3.20176863670349121094e+00) (40, 4.85153770446777343750e+00) (41, -1.62468957901000976562e+00) (42, 2.85724496841430664062e+00) (43, -2.18712306022644042969e+00) (44, 1.52298889160156250000e+01) (45, -2.42069387435913085938e+00) (46, 2.94669961929321289062e+00) (47, 2.48804020881652832031e+00) (48, 8.23845291137695312500e+00) (49, -3.62702822685241699219e+00) (50, 4.36832571029663085938e+00) (51, 4.27368968725204467773e-01) (52, 1.98946571350097656250e+00) (53, 6.74040019512176513672e-01) (54, 3.44913673400878906250e+00) (55, 8.07732295989990234375e+00) (56, 2.05829024314880371094e+00) (57, -2.35933795571327209473e-01) (58, 2.61568689346313476562e+00) (59, 7.44283795356750488281e-01) (60, 2.37741851806640625000e+00) (61, 3.26359343528747558594e+00) (62, 3.23221182823181152344e+00) (63, -4.92761880159378051758e-01) (64, 1.52285659313201904297e+00) (65, 2.35274720191955566406e+00) (66, -2.82441020011901855469e+00) (67, 1.18550932407379150391e+00) (68, -3.39407831430435180664e-01) (69, 2.86377310752868652344e+00) (70, 1.15376460552215576172e+00) (71, -2.81449460983276367188e+00) (72, 1.82729518413543701172e+00) (73, -2.02447080612182617188e+00) (74, -1.10651838779449462891e+00) (75, 2.51735091209411621094e+00) (76, -9.17905390262603759766e-01) (77, -3.15436124801635742188e-01) (78, 2.94246494770050048828e-01) (79, -8.19620907306671142578e-01) (80, 2.10782384872436523438e+00) (81, -3.90020418167114257812e+00) (82, 1.10300886631011962891e+00) (83, -5.36715507507324218750e-01) (84, -4.69815444946289062500e+00) (85, -1.56252074241638183594e+00) (86, -6.09291553497314453125e-01) (87, -1.04123830795288085938e+00) (88, -1.04441511631011962891e+00) (89, -1.18237829208374023438e+00) (90, -1.14733970165252685547e+00) (91, 2.35688686370849609375e+00) (92, -5.52972555160522460938e-01) (93, 2.43119621276855468750e+00) (94, -5.04329383373260498047e-01) (95, -1.89875352382659912109e+00) (96, 2.25648212432861328125e+00) (97, -5.31458318233489990234e-01) (98, -4.44883680343627929688e+00) (99, -6.23578727245330810547e-01) (100, -4.88805741071701049805e-01) (101, 1.05301165580749511719e+00) (102, -8.07909011840820312500e+00) (103, 1.37596406936645507812e+01) (104, 2.33574986457824707031e+00) (0, -1.57241976261138916016e+00) (1, -5.12631237506866455078e-01) (2, -4.90979641675949096680e-01) (3, 6.29699945449829101562e-01) (4, -4.31406348943710327148e-01) (5, -7.83614301681518554688e+00) (6, -3.84211272001266479492e-01) (7, -1.80985021591186523438e+00) (8, 3.34233760833740234375e+00) (9, -2.86074072122573852539e-01) (10, -9.64572787284851074219e-01) (11, -1.15442311763763427734e+00) (12, -1.10810744762420654297e+00) (13, 1.18498969078063964844e+00) (14, -1.06899917125701904297e+00) (15, -1.05322551727294921875e+00) (16, -1.19836986064910888672e+00) (17, -1.04919373989105224609e+00) (18, -1.16676318645477294922e+00) (19, -1.05034077167510986328e+00) (20, -1.38316035270690917969e+00) (21, 1.82762062549591064453e+00) (22, -1.03597831726074218750e+00) (23, -1.11880791187286376953e+00) (24, 1.88286948204040527344e+00) (25, 3.05071377754211425781e+00) (26, -9.63518142700195312500e-01) (27, 1.97998976707458496094e+00) (28, 2.03960871696472167969e+00) (29, 3.37530994415283203125e+00) (30, 3.24115967750549316406e+00) (31, 3.03394365310668945312e+00) (32, 2.47652196884155273438e+00) (33, 1.89191401004791259766e+00) (34, 4.78619670867919921875e+00) (35, -1.01710832118988037109e+00) (36, -1.09815609455108642578e+00) (37, -1.04212999343872070312e+00) (38, -1.23048448562622070312e+00) (39, -1.12748932838439941406e+00) (40, -1.27636468410491943359e+00) (41, -3.89658093452453613281e-01) (42, -1.08093976974487304688e-01) (43, -1.00541543960571289062e+00) (44, -1.19042611122131347656e+00) (45, -1.11894118785858154297e+00) (46, -1.44953346252441406250e+00) (47, -1.09639334678649902344e+00) (48, -1.61126196384429931641e+00) (49, -1.34945452213287353516e+00) (50, -6.52703857421875000000e+00) (51, -1.29049885272979736328e+00) (52, -2.22313928604125976562e+00) (53, -1.43963301181793212891e+00) (54, 1.72193181514739990234e+00) (55, 1.70842492580413818359e+00) (56, 2.43524503707885742188e+00) (57, 5.25384187698364257812e+00) (58, -2.86442399024963378906e+00) (59, 2.85168600082397460938e+00) (60, -1.67614057660102844238e-01) (61, 1.50492906570434570312e+00) (62, -1.62328138947486877441e-01) (63, -3.76186102628707885742e-01) (64, -2.85311639308929443359e-01) (65, -1.95003047585487365723e-01) (66, 5.98884248733520507812e+00) (67, -3.54040288925170898438e+00) (68, 1.32938027381896972656e+00) (69, 7.13382601737976074219e-01) (70, 2.71828556060791015625e+00) (71, -2.72570639848709106445e-01) (72, -3.67114871740341186523e-01) (73, -1.51404559612274169922e+00) (74, -2.20337733626365661621e-01) (75, 3.74397349357604980469e+00) (76, -1.38715040683746337891e+00) (77, -3.08988690376281738281e-01) (78, 3.58276653289794921875e+00) (79, -4.41871976852416992188e+00) (80, 4.18454980850219726562e+00) (81, -3.70493078231811523438e+00) (82, -7.30647146701812744141e-01) (83, 9.04558849334716796875e+00) (84, 1.45246088504791259766e+00) (85, 1.37980628013610839844e+00) (86, -4.45758342742919921875e-01) (87, -3.80119234323501586914e-01) (88, 8.69256687164306640625e+00) (89, -5.58741426467895507812e+00) (90, 3.15139651298522949219e+00) (91, 2.71486115455627441406e+00) (92, 4.42278909683227539062e+00) (93, 1.32189601659774780273e-01) (94, -1.26346722245216369629e-01) (95, -7.59669184684753417969e-01) (96, -3.21148782968521118164e-01) (97, 5.81510841846466064453e-01) (98, 8.59696045517921447754e-02) (99, 2.51343965530395507812e+00) (100, -1.06096327304840087891e+00) (101, 6.67421460151672363281e-01) (102, -6.06198072433471679688e-01) (103, 2.38436198234558105469e+00) (104, 1.98935353755950927734e+00) (0, -6.37378501892089843750e+00) (1, -1.19134545326232910156e+00) (2, -3.66344004869461059570e-01) (3, -1.76813387870788574219e+00) (4, -3.83886069059371948242e-01) (5, -1.53248481750488281250e+01) (6, -4.35293376445770263672e-01) (7, -3.10366606712341308594e+00) (8, -2.98424631357192993164e-01) (9, 2.59530043601989746094e+00) (10, 1.65539538860321044922e+00) (11, -1.43159985542297363281e+00) (12, 1.74954640865325927734e+00) (13, 4.35188579559326171875e+00) (14, 1.87711274623870849609e+00) (15, 1.76882672309875488281e+00) (16, -2.21773862838745117188e+00) (17, 1.87269544601440429688e+00) (18, -8.88055741786956787109e-01) (19, 1.71779716014862060547e+00) (20, -4.57578611373901367188e+00) (21, 1.89500498771667480469e+00) (22, -9.66412484645843505859e-01) (23, 1.62286996841430664062e+00) (24, -1.11469542980194091797e+00) (25, -9.81667757034301757812e-01) (26, -1.06722939014434814453e+00) (27, 1.92464721202850341797e+00) (28, 1.80084455013275146484e+00) (29, 1.95334303379058837891e+00) (30, 1.93074214458465576172e+00) (31, 6.49530649185180664062e+00) (32, 2.51462388038635253906e+00) (33, -7.00723826885223388672e-01) (34, -3.57878088951110839844e+00) (35, 2.06710958480834960938e+00) (36, -1.03974795341491699219e+00) (37, -1.05254864692687988281e+00) (38, -1.15490186214447021484e+00) (39, -1.19683384895324707031e+00) (40, -1.04321753978729248047e+00) (41, -4.62213850021362304688e+00) (42, 9.97631192207336425781e-01) (43, -4.29540205001831054688e+00) (44, -1.62169706821441650391e+00) (45, -8.99262785911560058594e-01) (46, -4.44140148162841796875e+00) (47, 1.86391007900238037109e+00) (48, 1.66796004772186279297e+00) (49, -5.66422033309936523438e+00) (50, -1.07941508293151855469e+00) (51, -1.16340792179107666016e+00) (52, -1.09002256393432617188e+00) (53, 8.73722910881042480469e-01) (54, 1.80605745315551757812e+00) (55, -2.89007282257080078125e+00) (56, 1.49476850032806396484e+00) (57, 1.22935831546783447266e+00) (58, 6.45690536499023437500e+00) (59, 2.57745957374572753906e+00) (60, 2.31254792213439941406e+00) (61, -3.46198052167892456055e-01) (62, -1.12444132566452026367e-01) (63, 2.47232151031494140625e+00) (64, -1.83327889442443847656e+00) (65, 2.56090736389160156250e+00) (66, -4.36421364545822143555e-01) (67, -4.32688188552856445312e+00) (68, -3.01109719276428222656e+00) (69, -5.07027149200439453125e-01) (70, 2.74314570426940917969e+00) (71, 2.54136466979980468750e+00) (72, -3.20353925228118896484e-01) (73, -4.19306844472885131836e-01) (74, 1.08470678329467773438e+00) (75, 7.71551179885864257812e+00) (76, 6.09710311889648437500e+00) (77, -2.46361717581748962402e-01) (78, -1.37676930427551269531e+00) (79, -4.17241239547729492188e+00) (80, 5.56346750259399414062e+00) (81, -1.64196598529815673828e+00) (82, -1.03500986099243164062e+00) (83, 6.38456249237060546875e+00) (84, 2.78339290618896484375e+00) (85, -5.65497875213623046875e-01) (86, -2.49619469046592712402e-01) (87, -2.59251028299331665039e-01) (88, 5.15036058425903320312e+00) (89, -7.80119597911834716797e-01) (90, -1.06260299682617187500e+00) (91, 2.51703310012817382812e+00) (92, -3.89358162879943847656e-01) (93, -7.66771674156188964844e-01) (94, 2.55473828315734863281e+00) (95, 7.02824592590332031250e-01) (96, -2.13242903351783752441e-01) (97, -2.28287220001220703125e+00) (98, 2.93284749984741210938e+00) (99, 3.69915533065795898438e+00) (100, -4.16811972856521606445e-01) (101, 6.46794462203979492188e+00) (102, -3.11885547637939453125e+00) (103, 5.63405799865722656250e+00) (104, 2.03361797332763671875e+00) (0, 2.81792581081390380859e-01) (1, 1.33864498138427734375e+00) (2, -1.10917568206787109375e+00) (3, -1.10281133651733398438e+00) (4, -1.09020054340362548828e+00) (5, -1.11272549629211425781e+00) (6, -9.82464134693145751953e-01) (7, 2.13127493858337402344e+00) (8, -1.47522759437561035156e+00) (9, -9.80809509754180908203e-01) (10, 2.61300492286682128906e+00) (11, -2.58369654417037963867e-01) (12, -9.24990415573120117188e-01) (13, 7.63125061988830566406e-01) (14, -5.75508289039134979248e-02) (15, -8.67499291896820068359e-01) (16, -2.50625312328338623047e-01) (17, -9.13535729050636291504e-02) (18, -1.21244184672832489014e-01) (19, -2.02060893177986145020e-01) (20, -3.56825292110443115234e-01) (21, 2.73123192787170410156e+00) (22, -2.38686785101890563965e-01) (23, -1.90627649426460266113e-01) (24, 2.62066984176635742188e+00) (25, 2.59349465370178222656e+00) (26, -2.62855917215347290039e-01) (27, 2.68787765502929687500e+00) (28, 2.71742677688598632812e+00) (29, 2.69127559661865234375e+00) (30, 2.75052547454833984375e+00) (31, 8.16208776086568832397e-04) (32, 2.63398194313049316406e+00) (33, -1.62284955382347106934e-01) (34, 2.05279040336608886719e+00) (35, -1.68405041098594665527e-01) (36, -2.94989526271820068359e-01) (37, -1.34576126933097839355e-01) (38, -4.09485459327697753906e-01) (39, -2.69686788320541381836e-01) (40, -3.42015802860260009766e-01) (41, 1.37286230921745300293e-01) (42, 1.96648073196411132812e+00) (43, 2.73855185508728027344e+00) (44, 2.69298577308654785156e+00) (45, -2.03568503260612487793e-01) (46, 2.19080495834350585938e+00) (47, 2.70037579536437988281e+00) (48, -2.56109625101089477539e-01) (49, -3.79239618778228759766e-01) (50, -3.23077082633972167969e-01) (51, -1.01591193675994873047e+00) (52, -1.35311797261238098145e-01) (53, -1.95434018969535827637e-01) (54, 2.03690743446350097656e+00) (55, 6.14131331443786621094e-01) (56, -1.08666443824768066406e+00) (57, 1.04276430606842041016e+00) (58, 4.32632684707641601562e-01) (59, -3.93831896781921386719e+00) (60, -9.85340356826782226562e-01) (61, -1.83174714446067810059e-01) (62, 8.26201558113098144531e-01) (63, -1.03902518749237060547e+00) (64, -5.02403020858764648438e-01) (65, -9.75679457187652587891e-01) (66, -1.06139797717332839966e-02) (67, -1.78484785556793212891e+00) (68, -2.74027854204177856445e-01) (69, 9.23959612846374511719e-01) (70, -8.36061060428619384766e-01) (71, -9.82935965061187744141e-01) (72, -1.06568348407745361328e+00) (73, 8.18619966506958007812e-01) (74, -8.13783764839172363281e-01) (75, -1.17228448390960693359e+00) (76, -2.37164235115051269531e+00) (77, -1.01079714298248291016e+00) (78, 4.33942914009094238281e-01) (79, -3.45305204391479492188e-01) (80, -1.23234629631042480469e+00) (81, -8.75822603702545166016e-02) (82, -1.11664378643035888672e+00) (83, -1.22654664516448974609e+00) (84, -3.52450728416442871094e-01) (85, 2.16341352462768554688e+00) (86, -1.06182920932769775391e+00) (87, -8.88203442096710205078e-01) (88, -4.11597537994384765625e+00) (89, -1.34586155414581298828e+00) (90, -4.54846948385238647461e-01) (91, -2.27237510681152343750e+00) (92, -1.22592413425445556641e+00) (93, -1.57045173645019531250e+00) (94, -1.02737820148468017578e+00) (95, 6.10640227794647216797e-01) (96, -9.76792216300964355469e-01) (97, -1.30623412132263183594e+00) (98, -2.65087902545928955078e-01) (99, -8.94120931625366210938e-01) (100, -1.07097971439361572266e+00) (101, 6.50780022144317626953e-01) (102, 2.12347364425659179688e+00) (103, -9.30180549621582031250e-02) (104, 2.88439297676086425781e+00) (105, 9.93788361549377441406e-01) (106, -1.73856401443481445312e+00) (107, -3.91384100914001464844e+00) (108, 7.04073572158813476562e+00) (109, 2.43673038482666015625e+00) (110, 1.30075907707214355469e+00) (111, 3.87675094604492187500e+00) (112, -1.71745574474334716797e+00) (113, 3.44661140441894531250e+00) (114, -1.65762388706207275391e+00) (115, -1.69208872318267822266e+00) (116, 2.41905951499938964844e+00) (117, -1.71950364112854003906e+00) (118, 2.02116727828979492188e+00) (119, -1.58403146266937255859e+00) (120, -1.71110022068023681641e+00) (121, 3.19594287872314453125e+00) (122, 1.61914622783660888672e+00) (123, 1.38495969772338867188e+00) (124, 1.16281020641326904297e+00) (125, -2.06893610954284667969e+00) (126, 2.54678130149841308594e+00) (127, 3.07841300964355468750e+00) (128, 2.40783286094665527344e+00) (129, 8.11398506164550781250e+00) (130, 2.99769115447998046875e+00) 
