FANN_FLO_2.1
num_layers=3
learning_rate=0.700000
connection_rate=1.000000
network_type=0
learning_momentum=0.000000
training_algorithm=2
train_error_function=1
train_stop_function=0
cascade_output_change_fraction=0.010000
quickprop_decay=-0.000100
quickprop_mu=1.750000
rprop_increase_factor=1.200000
rprop_decrease_factor=0.500000
rprop_delta_min=0.000000
rprop_delta_max=50.000000
rprop_delta_zero=0.100000
cascade_output_stagnation_epochs=12
cascade_candidate_change_fraction=0.010000
cascade_candidate_stagnation_epochs=12
cascade_max_out_epochs=150
cascade_max_cand_epochs=150
cascade_num_candidate_groups=2
bit_fail_limit=3.49999994039535522461e-01
cascade_candidate_limit=1.00000000000000000000e+03
cascade_weight_multiplier=4.00000005960464477539e-01
cascade_activation_functions_count=10
cascade_activation_functions=3 5 7 8 10 11 14 15 16 17 
cascade_activation_steepnesses_count=4
cascade_activation_steepnesses=2.50000000000000000000e-01 5.00000000000000000000e-01 7.50000000000000000000e-01 1.00000000000000000000e+00 
layer_sizes=105 26 2 
scale_included=0
neurons (num_inputs, activation_function, activation_steepness)=(0, 0, 0.00000000000000000000e+00) (0, 0, 0.00000000000000000000e+00) (0, 0, 0.00000000000000000000e+00) (0, 0, 0.00000000000000000000e+00) (0, 0, 0.00000000000000000000e+00) (0, 0, 0.00000000000000000000e+00) (0, 0, 0.00000000000000000000e+00) (0, 0, 0.00000000000000000000e+00) (0, 0, 0.00000000000000000000e+00) (0, 0, 0.00000000000000000000e+00) (0, 0, 0.00000000000000000000e+00) (0, 0, 0.00000000000000000000e+00) (0, 0, 0.00000000000000000000e+00) (0, 0, 0.00000000000000000000e+00) (0, 0, 0.00000000000000000000e+00) (0, 0, 0.00000000000000000000e+00) (0, 0, 0.00000000000000000000e+00) (0, 0, 0.00000000000000000000e+00) (0, 0, 0.00000000000000000000e+00) (0, 0, 0.00000000000000000000e+00) (0, 0, 0.00000000000000000000e+00) (0, 0, 0.00000000000000000000e+00) (0, 0, 0.00000000000000000000e+00) (0, 0, 0.00000000000000000000e+00) (0, 0, 0.00000000000000000000e+00) (0, 0, 0.00000000000000000000e+00) (0, 0, 0.00000000000000000000e+00) (0, 0, 0.00000000000000000000e+00) (0, 0, 0.00000000000000000000e+00) (0, 0, 0.00000000000000000000e+00) (0, 0, 0.00000000000000000000e+00) (0, 0, 0.00000000000000000000e+00) (0, 0, 0.00000000000000000000e+00) (0, 0, 0.00000000000000000000e+00) (0, 0, 0.00000000000000000000e+00) (0, 0, 0.00000000000000000000e+00) (0, 0, 0.00000000000000000000e+00) (0, 0, 0.00000000000000000000e+00) (0, 0, 0.00000000000000000000e+00) (0, 0, 0.00000000000000000000e+00) (0, 0, 0.00000000000000000000e+00) (0, 0, 0.00000000000000000000e+00) (0, 0, 0.00000000000000000000e+00) (0, 0, 0.00000000000000000000e+00) (0, 0, 0.00000000000000000000e+00) (0, 0, 0.00000000000000000000e+00) (0, 0, 0.00000000000000000000e+00) (0, 0, 0.00000000000000000000e+00) (0, 0, 0.00000000000000000000e+00) (0, 0, 0.00000000000000000000e+00) (0, 0, 0.00000000000000000000e+00) (0, 0, 0.00000000000000000000e+00) (0, 0, 0.00000000000000000000e+00) (0, 0, 0.00000000000000000000e+00) (0, 0, 0.00000000000000000000e+00) (0, 0, 0.00000000000000000000e+00) (0, 0, 0.00000000000000000000e+00) (0, 0, 0.00000000000000000000e+00) (0, 0, 0.00000000000000000000e+00) (0, 0, 0.00000000000000000000e+00) (0, 0, 0.00000000000000000000e+00) (0, 0, 0.00000000000000000000e+00) (0, 0, 0.00000000000000000000e+00) (0, 0, 0.00000000000000000000e+00) (0, 0, 0.00000000000000000000e+00) (0, 0, 0.00000000000000000000e+00) (0, 0, 0.00000000000000000000e+00) (0, 0, 0.00000000000000000000e+00) (0, 0, 0.00000000000000000000e+00) (0, 0, 0.00000000000000000000e+00) (0, 0, 0.00000000000000000000e+00) (0, 0, 0.00000000000000000000e+00) (0, 0, 0.00000000000000000000e+00) (0, 0, 0.00000000000000000000e+00) (0, 0, 0.00000000000000000000e+00) (0, 0, 0.00000000000000000000e+00) (0, 0, 0.00000000000000000000e+00) (0, 0, 0.00000000000000000000e+00) (0, 0, 0.00000000000000000000e+00) (0, 0, 0.00000000000000000000e+00) (0, 0, 0.00000000000000000000e+00) (0, 0, 0.00000000000000000000e+00) (0, 0, 0.00000000000000000000e+00) (0, 0, 0.00000000000000000000e+00) (0, 0, 0.00000000000000000000e+00) (0, 0, 0.00000000000000000000e+00) (0, 0, 0.00000000000000000000e+00) (0, 0, 0.00000000000000000000e+00) (0, 0, 0.00000000000000000000e+00) (0, 0, 0.00000000000000000000e+00) (0, 0, 0.00000000000000000000e+00) (0, 0, 0.00000000000000000000e+00) (0, 0, 0.00000000000000000000e+00) (0, 0, 0.00000000000000000000e+00) (0, 0, 0.00000000000000000000e+00) (0, 0, 0.00000000000000000000e+00) (0, 0, 0.00000000000000000000e+00) (0, 0, 0.00000000000000000000e+00) (0, 0, 0.00000000000000000000e+00) (0, 0, 0.00000000000000000000e+00) (0, 0, 0.00000000000000000000e+00) (0, 0, 0.00000000000000000000e+00) (0, 0, 0.00000000000000000000e+00) (0, 0, 0.00000000000000000000e+00) (0, 0, 0.00000000000000000000e+00) (105, 5, 5.00000000000000000000e-01) (105, 5, 5.00000000000000000000e-01) (105, 5, 5.00000000000000000000e-01) (105, 5, 5.00000000000000000000e-01) (105, 5, 5.00000000000000000000e-01) (105, 5, 5.00000000000000000000e-01) (105, 5, 5.00000000000000000000e-01) (105, 5, 5.00000000000000000000e-01) (105, 5, 5.00000000000000000000e-01) (105, 5, 5.00000000000000000000e-01) (105, 5, 5.00000000000000000000e-01) (105, 5, 5.00000000000000000000e-01) (105, 5, 5.00000000000000000000e-01) (105, 5, 5.00000000000000000000e-01) (105, 5, 5.00000000000000000000e-01) (105, 5, 5.00000000000000000000e-01) (105, 5, 5.00000000000000000000e-01) (105, 5, 5.00000000000000000000e-01) (105, 5, 5.00000000000000000000e-01) (105, 5, 5.00000000000000000000e-01) (105, 5, 5.00000000000000000000e-01) (105, 5, 5.00000000000000000000e-01) (105, 5, 5.00000000000000000000e-01) (105, 5, 5.00000000000000000000e-01) (105, 5, 5.00000000000000000000e-01) (0, 5, 0.00000000000000000000e+00) (26, 5, 5.00000000000000000000e-01) (0, 5, 0.00000000000000000000e+00) 
connections (connected_to_neuron, weight)=(0, -2.91170835494995117188e+00) (1, -1.68979301452636718750e+01) (2, -5.61863541603088378906e-01) (3, 2.26098895072937011719e+00) (4, 1.32597774267196655273e-01) (5, 1.18690025806427001953e+00) (6, 1.20282208919525146484e+00) (7, -6.88397073745727539062e+00) (8, -8.67341160774230957031e-01) (9, 1.32108986377716064453e+00) (10, -1.08952084556221961975e-02) (11, -7.30272531509399414062e+00) (12, 2.21613168716430664062e-01) (13, 7.33299970626831054688e+00) (14, 2.32464861869812011719e+00) (15, -1.38431167602539062500e+00) (16, 2.31759619712829589844e+00) (17, 7.17243313789367675781e-01) (18, -9.31824302673339843750e+00) (19, 5.52858173847198486328e-01) (20, 1.25791108608245849609e+00) (21, 9.00957107543945312500e+00) (22, 4.55376243591308593750e+00) (23, 7.26425170898437500000e-01) (24, 6.33726596832275390625e-01) (25, -2.88597106933593750000e+00) (26, -5.81969356536865234375e+00) (27, 1.15541315078735351562e+00) (28, 3.03643587976694107056e-02) (29, -5.42003250122070312500e+00) (30, 2.87199711799621582031e+00) (31, 1.77012300491333007812e+00) (32, -6.95629119873046875000e+00) (33, 2.44757366180419921875e+00) (34, 2.82831072807312011719e+00) (35, -2.15434408187866210938e+00) (36, 4.81556177139282226562e+00) (37, 2.09803962707519531250e+00) (38, 8.10825824737548828125e+00) (39, 3.04139733314514160156e+00) (40, -8.92548322677612304688e-01) (41, -2.61230564117431640625e+00) (42, 1.77991259098052978516e+00) (43, 1.32347726821899414062e+00) (44, 1.91745328903198242188e+00) (45, 3.95843911170959472656e+00) (46, 4.21420335769653320312e+00) (47, 1.07294645309448242188e+01) (48, -5.30897569656372070312e+00) (49, -5.96233844757080078125e-01) (50, 2.76781558990478515625e+00) (51, 6.77726864814758300781e-01) (52, 9.29453182220458984375e+00) (53, -7.00618982315063476562e+00) (54, 2.45917081832885742188e+00) (55, -3.08981060981750488281e+00) (56, 5.37253677845001220703e-01) (57, -2.96062803268432617188e+00) (58, -1.52352142333984375000e+00) (59, -3.82153183221817016602e-01) (60, 5.34415524452924728394e-03) (61, 9.12009358406066894531e-01) (62, 1.22852647304534912109e+00) (63, -6.55987679958343505859e-01) (64, 7.47730910778045654297e-01) (65, 1.37490975856781005859e+00) (66, 6.61890566349029541016e-01) (67, 2.54404592514038085938e+00) (68, 2.43523740768432617188e+00) (69, 9.15935397148132324219e-01) (70, 2.51859474182128906250e+00) (71, 6.15259349346160888672e-01) (72, 1.97675943374633789062e+00) (73, -3.54207694530487060547e-01) (74, 2.09096598625183105469e+00) (75, -2.40925714373588562012e-01) (76, -6.70684754848480224609e-01) (77, 1.95509552955627441406e+00) (78, 2.66324937343597412109e-01) (79, 2.18601560592651367188e+00) (80, -3.23630183935165405273e-01) (81, -3.07916730642318725586e-01) (82, 1.89436087384819984436e-03) (83, -3.85691612958908081055e-01) (84, -2.94076502323150634766e-01) (85, -3.00724089145660400391e-01) (86, -5.84346288815140724182e-03) (87, 9.38747301697731018066e-02) (88, -3.76680791378021240234e-01) (89, 4.85931158065795898438e-01) (90, -2.66574680805206298828e-01) (91, -4.50207442045211791992e-01) (92, -2.15978518128395080566e-01) (93, -2.32469171285629272461e-01) (94, -4.74628269672393798828e-01) (95, -4.16847765445709228516e-01) (96, -4.62642312049865722656e-02) (97, -3.82405936717987060547e-01) (98, -4.40266132354736328125e-01) (99, -4.27449136972427368164e-01) (100, -3.77249360084533691406e-01) (101, -2.10709676146507263184e-01) (102, 3.86902308464050292969e+00) (103, -3.11093907803297042847e-02) (104, 2.13249230384826660156e+00) (0, 1.10353004932403564453e+00) (1, 3.01637395750731229782e-04) (2, 1.02879428863525390625e+00) (3, -1.95349180698394775391e+00) (4, -1.10262143611907958984e+00) (5, -3.78677892684936523438e+00) (6, 1.48482930660247802734e+00) (7, -7.84270644187927246094e-01) (8, 2.89282870292663574219e+00) (9, -1.90027430653572082520e-02) (10, 1.11986231803894042969e+00) (11, -3.96824479103088378906e-02) (12, 1.87763285636901855469e+00) (13, -5.79548299312591552734e-01) (14, 4.44837760925292968750e+00) (15, 1.38834571838378906250e+00) (16, 2.46048092842102050781e+00) (17, 5.59579849243164062500e-01) (18, -2.07620811462402343750e+00) (19, 1.23389625549316406250e+00) (20, 2.08410573005676269531e+00) (21, 2.73446297645568847656e+00) (22, -2.49891877174377441406e+00) (23, -1.50803327560424804688e+00) (24, 4.66921746730804443359e-01) (25, 5.12574720382690429688e+00) (26, 3.92019009590148925781e+00) (27, 4.82258081436157226562e+00) (28, -8.34702551364898681641e-01) (29, 2.85672044754028320312e+00) (30, -4.19492340087890625000e+00) (31, -7.34722256660461425781e-01) (32, 5.95765948295593261719e-01) (33, 4.19328212738037109375e-02) (34, -6.27774715423583984375e-01) (35, 1.85497015714645385742e-01) (36, 2.59574365615844726562e+00) (37, -8.09364438056945800781e-01) (38, 2.28642940521240234375e+00) (39, 2.23684048652648925781e+00) (40, -1.63406148552894592285e-01) (41, 7.47633278369903564453e-01) (42, -2.46074900031089782715e-01) (43, -3.51702976226806640625e+00) (44, -6.75101220607757568359e-01) (45, -3.19896507263183593750e+00) (46, 1.91237479448318481445e-01) (47, -4.78045272827148437500e+00) (48, -1.71686851978302001953e+00) (49, -2.42559885978698730469e+00) (50, 2.49388480186462402344e+00) (51, -7.94358015060424804688e-01) (52, 1.56436550617218017578e+00) (53, 1.42855441570281982422e+00) (54, -7.71819949150085449219e-01) (55, 1.53725802898406982422e-01) (56, 1.47527182102203369141e+00) (57, 1.41352403163909912109e+00) (58, 1.32214522361755371094e+00) (59, 8.86334061622619628906e-01) (60, 1.52858150005340576172e+00) (61, 1.24726198613643646240e-01) (62, 9.41518172621726989746e-02) (63, -6.51525557041168212891e-01) (64, -7.48940855264663696289e-02) (65, 2.05783700942993164062e+00) (66, -6.50928556919097900391e-01) (67, 1.21282809413969516754e-03) (68, 2.20246887207031250000e+00) (69, -1.45005032420158386230e-01) (70, -2.33386754989624023438e-02) (71, 2.14368915557861328125e+00) (72, -2.84313344955444335938e+00) (73, 1.55278193950653076172e+00) (74, 1.47242319583892822266e+00) (75, 1.67254626750946044922e+00) (76, 9.50806796550750732422e-01) (77, 7.02768191695213317871e-02) (78, 3.90266120433807373047e-01) (79, 3.46921950578689575195e-01) (80, 1.08250796794891357422e-01) (81, 3.49363796412944793701e-02) (82, 8.01813006401062011719e-02) (83, -3.66238921880722045898e-01) (84, -1.71458625793457031250e+00) (85, -9.55358564853668212891e-01) (86, -6.11986041069030761719e-01) (87, -1.65081769227981567383e-01) (88, -8.76474142074584960938e-01) (89, -6.19460403919219970703e-01) (90, -6.54032111167907714844e-01) (91, -6.47870481014251708984e-01) (92, -4.50672239065170288086e-01) (93, -4.91205662488937377930e-01) (94, -1.49858638644218444824e-01) (95, -6.22953474521636962891e-02) (96, -2.83111006021499633789e-01) (97, -5.16558289527893066406e-01) (98, -6.60826325416564941406e-01) (99, -6.35998487472534179688e-01) (100, -5.65820455551147460938e-01) (101, -4.31570172309875488281e-01) (102, 5.65456962585449218750e+00) (103, 1.20396976470947265625e+01) (104, 2.16531062126159667969e+00) (0, 1.50000000000000000000e+03) (1, 6.30055618286132812500e+01) (2, 2.63990521430969238281e+00) (3, 2.66185784339904785156e+00) (4, 2.82265210151672363281e+00) (5, 2.60868477821350097656e+00) (6, 1.50000000000000000000e+03) (7, 3.04989528656005859375e+00) (8, 1.57810592651367187500e+00) (9, 2.53372836112976074219e+00) (10, 2.75562429428100585938e+00) (11, 6.75920820236206054688e+00) (12, 1.81467890739440917969e+00) (13, 1.50000000000000000000e+03) (14, 2.70345807075500488281e+00) (15, 2.80120587348937988281e+00) (16, 2.79382634162902832031e+00) (17, 2.74002385139465332031e+00) (18, 2.81213164329528808594e+00) (19, 2.95126867294311523438e+00) (20, 2.74085521697998046875e+00) (21, 2.49717855453491210938e+00) (22, 1.97612845897674560547e+00) (23, 2.88727569580078125000e+00) (24, 3.26600956916809082031e+00) (25, 2.82922959327697753906e+00) (26, 1.83344669342041015625e+01) (27, 2.91629981994628906250e+00) (28, 2.78971195220947265625e+00) (29, 5.50635566711425781250e+01) (30, 1.98853225708007812500e+01) (31, 2.96405029296875000000e+00) (32, 2.75918889045715332031e+00) (33, 2.70749878883361816406e+00) (34, 9.75217998027801513672e-01) (35, 2.85782957077026367188e+00) (36, 2.75012087821960449219e+00) (37, 2.58000349998474121094e+00) (38, 2.80007219314575195312e+00) (39, 2.71201443672180175781e+00) (40, 2.75684237480163574219e+00) (41, 2.15796875953674316406e+00) (42, 2.65387272834777832031e+00) (43, 2.62206482887268066406e+00) (44, 2.68974566459655761719e+00) (45, 2.70772194862365722656e+00) (46, 2.42261338233947753906e+00) (47, 3.11152005195617675781e+00) (48, 2.76339101791381835938e+00) (49, 2.73160266876220703125e+00) (50, 2.66665649414062500000e+00) (51, 2.55604934692382812500e+00) (52, 2.66784572601318359375e+00) (53, 2.75047063827514648438e+00) (54, 2.70838570594787597656e+00) (55, 4.83667230606079101562e+00) (56, 2.64928793907165527344e+00) (57, 1.50000000000000000000e+03) (58, 2.62270832061767578125e+00) (59, 2.77877521514892578125e+00) (60, 2.85952472686767578125e+00) (61, 2.62043499946594238281e+00) (62, 2.60240960121154785156e+00) (63, 2.86776471138000488281e+00) (64, 2.75589752197265625000e+00) (65, 2.81086564064025878906e+00) (66, 2.22654247283935546875e+00) (67, 2.60405874252319335938e+00) (68, 2.52086615562438964844e+00) (69, 2.21747922897338867188e+00) (70, 2.79412007331848144531e+00) (71, 2.59209990501403808594e+00) (72, 2.66108441352844238281e+00) (73, 2.77992963790893554688e+00) (74, 2.50039434432983398438e+00) (75, 1.50000000000000000000e+03) (76, 1.50000000000000000000e+03) (77, 2.52450275421142578125e+00) (78, 2.10658740997314453125e+00) (79, 2.75931382179260253906e+00) (80, 6.22340536117553710938e+00) (81, 2.79828166961669921875e+00) (82, 2.64818382263183593750e+00) (83, 3.40952515602111816406e+00) (84, 2.97928857803344726562e+00) (85, 2.71231412887573242188e+00) (86, 2.61708140373229980469e+00) (87, 2.48129701614379882812e+00) (88, 1.50000000000000000000e+03) (89, 1.32410644531250000000e+02) (90, 2.90067219734191894531e+00) (91, 1.50000000000000000000e+03) (92, 2.55472350120544433594e+00) (93, 2.55482268333435058594e+00) (94, 2.70840024948120117188e+00) (95, 2.64047837257385253906e+00) (96, 2.55375003814697265625e+00) (97, 2.81557440757751464844e+00) (98, 2.78053879737854003906e+00) (99, 2.85429263114929199219e+00) (100, 2.76552462577819824219e+00) (101, 2.71260285377502441406e+00) (102, 1.50000000000000000000e+03) (103, -1.07058874511718750000e+03) (104, -8.36961209774017333984e-01) (0, 4.63922500610351562500e+00) (1, 2.41682672500610351562e+00) (2, -1.77020764350891113281e+00) (3, 4.04023885726928710938e+00) (4, -2.54613828659057617188e+00) (5, -4.63590860366821289062e+00) (6, 1.94694709777832031250e+00) (7, 2.60555100440979003906e+00) (8, -6.47659122943878173828e-01) (9, -1.40725648403167724609e+00) (10, 2.50793337821960449219e+00) (11, 2.20869278907775878906e+00) (12, -8.14044654369354248047e-01) (13, -1.89808928966522216797e+00) (14, -7.75468587875366210938e-01) (15, 1.28117233514785766602e-01) (16, 9.14883852005004882812e-01) (17, 5.70267140865325927734e-01) (18, 3.03017735481262207031e+00) (19, -9.31843698024749755859e-01) (20, 1.25997197628021240234e+00) (21, -3.56088423728942871094e+00) (22, -1.00760364532470703125e+00) (23, 1.44674885272979736328e+00) (24, -2.15086698532104492188e+00) (25, 2.78475284576416015625e+00) (26, 2.18788003921508789062e+00) (27, -5.54213583469390869141e-01) (28, -3.12348556518554687500e+00) (29, 1.42433035373687744141e+00) (30, 1.96644902229309082031e+00) (31, -4.68425273895263671875e-01) (32, -1.04526197910308837891e+00) (33, 4.73016321659088134766e-01) (34, -3.08069872856140136719e+00) (35, 2.96324753761291503906e+00) (36, -4.17477667331695556641e-01) (37, -2.43543720245361328125e+00) (38, 1.46257126331329345703e+00) (39, 1.20735013484954833984e+00) (40, 5.23034524917602539062e+00) (41, -2.87360477447509765625e+00) (42, 1.67638754844665527344e+00) (43, 1.10533332824707031250e+00) (44, 4.99771013855934143066e-02) (45, -2.02801203727722167969e+00) (46, -3.92831891775131225586e-01) (47, -4.52664256095886230469e-01) (48, -2.06391596794128417969e+00) (49, 9.75510120391845703125e-01) (50, -2.39363002777099609375e+00) (51, -3.47811222076416015625e+00) (52, -8.65399658679962158203e-01) (53, 3.51956081390380859375e+00) (54, -1.71935722231864929199e-01) (55, 4.90007591247558593750e+00) (56, 1.23999965190887451172e+00) (57, -5.83019554615020751953e-01) (58, -5.81104338169097900391e-01) (59, 6.87251746654510498047e-01) (60, 1.10102653503417968750e+00) (61, -2.61786848306655883789e-01) (62, -9.70875740051269531250e-01) (63, -7.07841694355010986328e-01) (64, 3.29390615224838256836e-01) (65, 1.46880233287811279297e+00) (66, 1.24906373023986816406e+00) (67, 1.11326783895492553711e-01) (68, 3.10260713100433349609e-01) (69, 1.73138752579689025879e-01) (70, 9.17247030884027481079e-03) (71, -6.10047996044158935547e-01) (72, -5.03699660301208496094e-01) (73, -1.06087669730186462402e-01) (74, -1.24389421939849853516e+00) (75, -1.12021422386169433594e+00) (76, -9.12699937820434570312e-01) (77, 5.77925503253936767578e-01) (78, -2.11829915642738342285e-02) (79, -1.05007076263427734375e+00) (80, -2.32456594705581665039e-01) (81, -7.62353911995887756348e-02) (82, 1.60094535350799560547e+00) (83, -5.19031941890716552734e-01) (84, -8.15188825130462646484e-01) (85, -5.14557182788848876953e-01) (86, -1.19825027883052825928e-01) (87, -5.98303735256195068359e-01) (88, -8.44638288021087646484e-01) (89, -6.57021105289459228516e-01) (90, 1.42666947841644287109e+00) (91, -8.34769904613494873047e-01) (92, 2.48567506670951843262e-01) (93, 1.62560129165649414062e+00) (94, -6.53281152248382568359e-01) (95, -6.57466888427734375000e-01) (96, -3.14069420099258422852e-01) (97, -6.52916193008422851562e-01) (98, -7.97940373420715332031e-01) (99, -6.21291935443878173828e-01) (100, 2.06622462719678878784e-02) (101, -4.84903186559677124023e-01) (102, -1.07395886230468750000e+03) (103, 1.50000000000000000000e+03) (104, 1.82000982761383056641e+00) (0, -1.08933395385742187500e+02) (1, 8.99579620361328125000e+01) (2, -5.16526699066162109375e-02) (3, 1.47214543819427490234e+00) (4, 7.66938388347625732422e-01) (5, 7.65842556953430175781e-01) (6, 9.04438018798828125000e+00) (7, 2.70504856109619140625e+00) (8, 3.54528933763504028320e-01) (9, -3.28186154365539550781e-02) (10, 2.61301636695861816406e+00) (11, 1.32187261581420898438e+01) (12, 5.55666625499725341797e-01) (13, 2.40825700759887695312e+00) (14, 3.36480662226676940918e-02) (15, 6.59702420234680175781e-01) (16, 6.14923715591430664062e-01) (17, 6.72737121582031250000e-01) (18, 2.77018284797668457031e+00) (19, 2.54981577396392822266e-01) (20, 2.74812126159667968750e+00) (21, -3.68716418743133544922e-01) (22, 1.60827234387397766113e-01) (23, 2.60889959335327148438e+00) (24, 3.25839018821716308594e+00) (25, 8.44576060771942138672e-01) (26, 5.65138196945190429688e+00) (27, 6.07862845063209533691e-02) (28, 3.82179543375968933105e-02) (29, 2.58002033233642578125e+01) (30, 3.16674685478210449219e+00) (31, 2.97336745262145996094e+00) (32, 6.38858079910278320312e-01) (33, -2.53243893384933471680e-01) (34, -1.03922069072723388672e+00) (35, 2.50287151336669921875e+00) (36, 1.09218323230743408203e+00) (37, 2.07601904869079589844e+00) (38, 2.60927259922027587891e-01) (39, 1.30783128738403320312e+00) (40, 1.17986774444580078125e+00) (41, 6.18105590343475341797e-01) (42, 1.20983188971877098083e-02) (43, 2.73090934753417968750e+00) (44, 3.03017425537109375000e+00) (45, 1.32398939132690429688e+00) (46, 4.42211836576461791992e-01) (47, 1.21190416812896728516e+00) (48, 5.27351284027099609375e+00) (49, 2.63757419586181640625e+00) (50, 8.81799161434173583984e-01) (51, 8.36413800716400146484e-01) (52, 2.66123723983764648438e+00) (53, 2.07951092720031738281e+00) (54, 2.59782958030700683594e+00) (55, 1.21714029312133789062e+01) (56, 5.06310403347015380859e-01) (57, 2.99583320617675781250e+01) (58, 4.63989943265914916992e-01) (59, 5.90587615966796875000e-01) (60, 6.44268691539764404297e-01) (61, 1.55349230766296386719e+00) (62, 4.26316052675247192383e-01) (63, 1.90844997763633728027e-01) (64, 2.26998209953308105469e+00) (65, 4.96219322085380554199e-02) (66, 6.49242103099822998047e-01) (67, 4.70839068293571472168e-02) (68, -3.22271913290023803711e-01) (69, -2.41505995392799377441e-01) (70, 5.30163496732711791992e-02) (71, 5.46270981431007385254e-02) (72, 6.06654226779937744141e-01) (73, 1.41696345806121826172e+00) (74, -2.93277353048324584961e-02) (75, 1.02755379676818847656e+00) (76, 2.03884124755859375000e+00) (77, 2.01883986592292785645e-02) (78, 1.56757552176713943481e-02) (79, 5.69968760013580322266e-01) (80, 2.24992489814758300781e+00) (81, 4.57118302583694458008e-01) (82, 4.46918681263923645020e-02) (83, 1.52433109283447265625e+00) (84, 1.54311910271644592285e-01) (85, 5.63108205795288085938e-01) (86, -7.67403990030288696289e-02) (87, -2.75178402662277221680e-01) (88, 2.59915661811828613281e+00) (89, 3.41887855529785156250e+00) (90, 6.47483408451080322266e-01) (91, 2.15755128860473632812e+00) (92, 4.67844337224960327148e-01) (93, -1.90747193992137908936e-02) (94, 1.02933362126350402832e-01) (95, -7.63244107365608215332e-02) (96, -4.34639275074005126953e-01) (97, 4.90530639886856079102e-01) (98, 5.65173685550689697266e-01) (99, 4.50328320264816284180e-01) (100, 7.65194073319435119629e-02) (101, 3.80087882280349731445e-01) (102, 1.50000000000000000000e+03) (103, -1.07060583496093750000e+03) (104, 1.80459892749786376953e+00) (0, -8.12236450195312500000e+02) (1, 6.23872833251953125000e+01) (2, 1.31287097930908203125e+00) (3, 1.19166481494903564453e+00) (4, 1.57144832611083984375e+00) (5, 2.03217291831970214844e+00) (6, 1.82578308105468750000e+02) (7, 5.90682566165924072266e-01) (8, 1.01517176628112792969e+00) (9, 1.06165325641632080078e+00) (10, 1.44800579547882080078e+00) (11, 5.55541229248046875000e+00) (12, 1.13132822513580322266e+00) (13, 1.50000000000000000000e+03) (14, 1.51169073581695556641e+00) (15, 1.59677124023437500000e+00) (16, 1.63685250282287597656e+00) (17, 1.42514801025390625000e+00) (18, 3.24081587791442871094e+00) (19, 1.92557322978973388672e+00) (20, 3.06435298919677734375e+00) (21, -3.42927090823650360107e-02) (22, 1.28421998023986816406e+00) (23, 1.43871307373046875000e+00) (24, 2.21657156944274902344e+00) (25, 1.99405610561370849609e+00) (26, 1.02004079818725585938e+01) (27, 9.96049702167510986328e-01) (28, -1.66016840934753417969e+00) (29, 2.27938594818115234375e+01) (30, 2.86843204498291015625e+00) (31, 2.23490047454833984375e+00) (32, 1.56093406677246093750e+00) (33, 1.16961264610290527344e+00) (34, -3.96170692443847656250e+01) (35, 1.93378460407257080078e+00) (36, 1.29013216495513916016e+00) (37, 1.67527818679809570312e+00) (38, 1.37697029113769531250e+00) (39, 1.00923871994018554688e+00) (40, 1.43853485584259033203e+00) (41, 9.69024002552032470703e-01) (42, 6.41262054443359375000e-01) (43, 1.81609666347503662109e+00) (44, 8.07829916477203369141e-01) (45, 1.23823273181915283203e+00) (46, 7.13344871997833251953e-01) (47, 1.65015935897827148438e+00) (48, 1.23537242412567138672e+00) (49, 2.31096029281616210938e+00) (50, 7.71883189678192138672e-01) (51, 1.38522779941558837891e+00) (52, 1.19631779193878173828e+00) (53, -1.10310971736907958984e+00) (54, 1.28667020797729492188e+00) (55, 6.43279969692230224609e-01) (56, 8.25966358184814453125e-01) (57, -6.21539062500000000000e+02) (58, 1.12873423099517822266e+00) (59, -9.01757359504699707031e-01) (60, 1.36490845680236816406e+00) (61, 1.20604932308197021484e+00) (62, 1.15151560306549072266e+00) (63, 1.27735662460327148438e+00) (64, 1.24292612075805664062e+00) (65, 1.16562294960021972656e+00) (66, 1.56645059585571289062e+00) (67, 3.68399322032928466797e-01) (68, -1.42640423774719238281e+00) (69, 4.74500983953475952148e-01) (70, 8.49770307540893554688e-01) (71, 7.46160864830017089844e-01) (72, 7.43168354034423828125e-01) (73, 1.01883637905120849609e+00) (74, 7.99203634262084960938e-01) (75, 4.78000593185424804688e+00) (76, 1.49890563964843750000e+03) (77, 8.50790500640869140625e-01) (78, 8.64656984806060791016e-01) (79, 7.64336824417114257812e-01) (80, 4.17324018478393554688e+00) (81, 1.30198311805725097656e+00) (82, 6.52196347713470458984e-01) (83, 8.18827867507934570312e-01) (84, 1.00280380249023437500e+00) (85, 1.22340679168701171875e+00) (86, 8.45748603343963623047e-01) (87, 3.23069632053375244141e-01) (88, -1.07833412170410156250e+02) (89, 2.53707412719726562500e+02) (90, 5.43384611606597900391e-01) (91, 1.92388176918029785156e+00) (92, 1.14988112449645996094e+00) (93, 6.67661547660827636719e-01) (94, 7.84377098083496093750e-01) (95, 7.20667898654937744141e-01) (96, -3.88751357793807983398e-01) (97, 1.12126672267913818359e+00) (98, 7.74538040161132812500e-01) (99, 1.31997668743133544922e+00) (100, 1.26959788799285888672e+00) (101, 1.08425378799438476562e+00) (102, 1.50000000000000000000e+03) (103, -1.06985571289062500000e+03) (104, 6.96051299571990966797e-01) (0, 2.16420459747314453125e+01) (1, -2.15692157745361328125e+01) (2, -3.62367182970046997070e-01) (3, -2.60913014411926269531e-01) (4, 2.76785492897033691406e-01) (5, 2.08929926156997680664e-01) (6, 7.40131258964538574219e-01) (7, 7.57397747039794921875e+00) (8, 7.32445120811462402344e-01) (9, 1.47009861469268798828e+00) (10, 1.98834204673767089844e+00) (11, 6.32140994071960449219e-01) (12, 1.73363417387008666992e-01) (13, 2.38317161798477172852e-01) (14, -5.31451813876628875732e-02) (15, 1.35171875357627868652e-01) (16, -2.00227811932563781738e-01) (17, -5.19314128905534744263e-03) (18, -3.78114402294158935547e-01) (19, -2.76597857475280761719e-01) (20, -4.01621550321578979492e-01) (21, 7.68782436847686767578e-01) (22, 7.95838013291358947754e-02) (23, -3.13194766640663146973e-02) (24, -1.94558918476104736328e+00) (25, -1.15072953701019287109e+00) (26, -1.87339082360267639160e-01) (27, -2.16393440961837768555e-01) (28, -2.30172902345657348633e-01) (29, -6.07062399387359619141e-01) (30, -3.44922155141830444336e-01) (31, -2.57486850023269653320e-01) (32, -1.51582881808280944824e-01) (33, -2.79142051935195922852e-01) (34, 9.70262169837951660156e-01) (35, 4.58359062671661376953e-01) (36, 5.31661152839660644531e-01) (37, -9.56322401762008666992e-02) (38, 3.05530667304992675781e-01) (39, -1.87242060899734497070e-01) (40, -1.83463409543037414551e-01) (41, 5.03394722938537597656e-01) (42, 1.02064764499664306641e+00) (43, -1.36530339717864990234e-01) (44, -2.52987927524372935295e-04) (45, -2.47368142008781433105e-01) (46, 9.83403086662292480469e-01) (47, 4.60508048534393310547e-01) (48, -1.02209029719233512878e-02) (49, 3.08214694261550903320e-01) (50, 4.23091113567352294922e-01) (51, 7.28692471981048583984e-01) (52, 4.39586877822875976562e-01) (53, 5.83802044391632080078e-01) (54, 7.34662041068077087402e-02) (55, 3.79501014947891235352e-01) (56, 8.15952122211456298828e-01) (57, -2.16498041152954101562e+00) (58, 5.54644584655761718750e-01) (59, 8.91128420829772949219e-01) (60, 3.66596400737762451172e-01) (61, 1.08411955833435058594e+00) (62, 8.33014309406280517578e-01) (63, 5.25320947170257568359e-01) (64, 5.80154061317443847656e-01) (65, 6.64239048957824707031e-01) (66, 1.96642541885375976562e+00) (67, 1.12416160106658935547e+00) (68, 1.39542996883392333984e+00) (69, 1.45922756195068359375e+00) (70, 7.72949874401092529297e-01) (71, 7.53239691257476806641e-01) (72, 5.61237633228302001953e-02) (73, 3.30589413642883300781e-01) (74, 7.25001394748687744141e-01) (75, 5.11799082159996032715e-02) (76, 4.58526730537414550781e-01) (77, 7.17523097991943359375e-01) (78, 1.14572966098785400391e+00) (79, 6.81559205055236816406e-01) (80, 2.75064557790756225586e-01) (81, 1.20055384933948516846e-01) (82, 7.22116470336914062500e-01) (83, 4.36801612377166748047e-02) (84, 4.79869157075881958008e-01) (85, 5.63629627227783203125e-01) (86, 1.56939059495925903320e-01) (87, 1.41616094112396240234e+00) (88, -3.13445240259170532227e-01) (89, 2.67167150974273681641e-01) (90, 9.27683472633361816406e-01) (91, 1.09755896031856536865e-01) (92, 1.91361933946609497070e-01) (93, 5.04319190979003906250e-01) (94, 1.05801379680633544922e+00) (95, 1.08628273010253906250e+00) (96, 8.51856410503387451172e-01) (97, 7.33087897300720214844e-01) (98, 7.62336790561676025391e-01) (99, 6.50581300258636474609e-01) (100, 1.93287700414657592773e-01) (101, 2.84283697605133056641e-01) (102, 4.91269445419311523438e+00) (103, -1.34869766235351562500e+00) (104, 7.08356738090515136719e-01) (0, -6.93789577484130859375e+00) (1, -1.63834114074707031250e+01) (2, -3.50767582654953002930e-01) (3, 2.95163512229919433594e-01) (4, -2.13432073593139648438e-01) (5, 2.52137124538421630859e-01) (6, -3.47385555505752563477e-02) (7, -2.01364874839782714844e+00) (8, -2.29019498825073242188e+00) (9, 2.39095136523246765137e-01) (10, 1.22294092178344726562e+00) (11, -1.78986340761184692383e-01) (12, -2.09284946322441101074e-01) (13, 3.52268171310424804688e+00) (14, -2.78861612081527709961e-01) (15, 2.79476952552795410156e+00) (16, 1.41358399391174316406e+00) (17, 4.10871863365173339844e-01) (18, 1.61132305860519409180e-01) (19, 1.60195922851562500000e+00) (20, -1.89085826277732849121e-01) (21, 2.81823658943176269531e+00) (22, 1.08715665340423583984e+00) (23, -4.59558397531509399414e-01) (24, 8.05703103542327880859e-01) (25, -7.12491083145141601562e+00) (26, -4.65559214353561401367e-01) (27, 3.81977140903472900391e-01) (28, 1.65746223926544189453e+00) (29, -3.28470492362976074219e+00) (30, 1.14675033092498779297e+00) (31, 1.36211407184600830078e+00) (32, 1.03848779201507568359e+00) (33, -2.25705608725547790527e-01) (34, -1.40564823150634765625e+00) (35, 1.91939905285835266113e-01) (36, 2.88767218589782714844e-01) (37, 7.12006688117980957031e-01) (38, -2.73372560739517211914e-01) (39, 2.69943737983703613281e+00) (40, 1.59612286090850830078e+00) (41, -2.28156638145446777344e+00) (42, 1.04955816268920898438e+00) (43, 1.06379795074462890625e+00) (44, 1.97152709960937500000e+00) (45, -6.64302527904510498047e-01) (46, 1.55141979455947875977e-01) (47, -3.23132336139678955078e-01) (48, 1.36055290699005126953e+00) (49, 7.46767342090606689453e-01) (50, -5.48758983612060546875e-01) (51, -2.84074187278747558594e-01) (52, 1.53876495361328125000e+00) (53, -2.36340165138244628906e-01) (54, -3.82362335920333862305e-01) (55, -3.57811355590820312500e+00) (56, 7.85449087619781494141e-01) (57, -6.91521263122558593750e+00) (58, 2.72545719146728515625e+00) (59, -2.02279543876647949219e+00) (60, -4.71196472644805908203e-01) (61, 1.30290937423706054688e+00) (62, 1.94620323181152343750e+00) (63, -4.40022736787796020508e-01) (64, -7.35044181346893310547e-01) (65, 5.88703751564025878906e-01) (66, -1.04935407638549804688e+00) (67, 3.26546740531921386719e+00) (68, -2.17971992492675781250e+00) (69, 2.46906113624572753906e+00) (70, 1.59345638751983642578e+00) (71, -3.52429628372192382812e-01) (72, 9.85103964805603027344e-01) (73, 2.13127756118774414062e+00) (74, 1.27976393699645996094e+00) (75, 4.33822536468505859375e+00) (76, -1.92130386829376220703e+00) (77, 8.16970467567443847656e-02) (78, -3.83735966682434082031e+00) (79, 6.03864431381225585938e+00) (80, -2.30344152450561523438e+00) (81, -2.85700607299804687500e+00) (82, -6.60161912441253662109e-01) (83, 1.91284096240997314453e+00) (84, 1.77285540103912353516e+00) (85, -3.92331576347351074219e+00) (86, -1.19697749614715576172e-01) (87, 1.96436238288879394531e+00) (88, 8.50871324539184570312e-01) (89, 1.60645437240600585938e+00) (90, -1.29441750049591064453e+00) (91, -3.69420975446701049805e-01) (92, 1.35140585899353027344e+00) (93, 1.56497800350189208984e+00) (94, 1.81468141078948974609e+00) (95, 1.78839802742004394531e+00) (96, -7.77879834175109863281e-01) (97, 3.92644572257995605469e+00) (98, 4.65153121948242187500e+00) (99, 1.26894757151603698730e-01) (100, 1.81246697902679443359e+00) (101, 2.11210155487060546875e+00) (102, 2.72014528512954711914e-01) (103, 1.61372816562652587891e+00) (104, 1.85742366313934326172e+00) (0, -1.60409343242645263672e+00) (1, -6.42223358154296875000e-01) (2, 5.92112183570861816406e-01) (3, -8.41387808322906494141e-01) (4, 7.15049028396606445312e-01) (5, 8.88826608657836914062e-01) (6, 1.87809312343597412109e+00) (7, -2.60435402393341064453e-01) (8, 4.38445568084716796875e-01) (9, 1.78723955154418945312e+00) (10, 1.53020429611206054688e+00) (11, 3.70832741260528564453e-01) (12, -7.04544782638549804688e-01) (13, 1.00366342067718505859e+00) (14, -4.32366788387298583984e-01) (15, -1.21548352763056755066e-02) (16, 5.42599976062774658203e-01) (17, -5.51769286394119262695e-02) (18, 3.55496436357498168945e-01) (19, -7.01688051223754882812e-01) (20, -9.74066674709320068359e-01) (21, 1.77200531959533691406e+00) (22, -5.63122332096099853516e-01) (23, -1.41479146480560302734e+00) (24, 1.90642476081848144531e+00) (25, -1.64710044860839843750e+00) (26, 2.68696069717407226562e-01) (27, -1.47855982184410095215e-01) (28, -3.97552895545959472656e+00) (29, -3.62716257572174072266e-01) (30, -1.69259071350097656250e-01) (31, -9.43012237548828125000e-01) (32, 1.35070765018463134766e+00) (33, 1.85339879989624023438e+00) (34, 3.11417698860168457031e+00) (35, -1.22420144081115722656e+00) (36, 1.12514805793762207031e+00) (37, 1.95072185993194580078e+00) (38, -9.45238232612609863281e-01) (39, -1.21187412738800048828e+00) (40, 8.06410253047943115234e-01) (41, 1.12973153591156005859e+00) (42, 7.62839019298553466797e-01) (43, 1.97214853763580322266e+00) (44, -3.59331101179122924805e-01) (45, -6.86962664127349853516e-01) (46, -2.86347985267639160156e-01) (47, -2.23551297187805175781e+00) (48, -1.58063709735870361328e+00) (49, -1.57144880294799804688e+00) (50, -3.12036228179931640625e+00) (51, -7.21768617630004882812e-01) (52, 5.93572914600372314453e-01) (53, -8.56102943420410156250e-01) (54, 4.29760038852691650391e-01) (55, -3.94546270370483398438e+00) (56, 1.36320698261260986328e+00) (57, -1.21565413475036621094e+00) (58, 1.26297092437744140625e+00) (59, 2.66256308555603027344e+00) (60, 9.84512984752655029297e-01) (61, -1.40303647518157958984e+00) (62, -1.54941380023956298828e+00) (63, 1.14405289292335510254e-01) (64, 6.80638253688812255859e-01) (65, 1.97352087497711181641e+00) (66, -2.02329367399215698242e-01) (67, 4.56052899360656738281e-01) (68, -9.46441471576690673828e-01) (69, 1.65554553270339965820e-01) (70, 1.02708435058593750000e+00) (71, -3.74796569347381591797e-01) (72, 1.58906865119934082031e+00) (73, -2.15687751770019531250e+00) (74, 8.98391678929328918457e-02) (75, 2.44530200958251953125e+00) (76, -1.91406682133674621582e-02) (77, 1.46086680889129638672e+00) (78, 6.24210178852081298828e-01) (79, -8.27196359634399414062e-01) (80, 3.08094000816345214844e+00) (81, 8.26814591884613037109e-01) (82, -2.50643223524093627930e-01) (83, 1.57298541069030761719e+00) (84, 1.73843383789062500000e+00) (85, -2.09570765495300292969e+00) (86, -6.97321236133575439453e-01) (87, 6.98357164859771728516e-01) (88, -4.52542871236801147461e-01) (89, -2.16572672128677368164e-01) (90, 1.12231600284576416016e+00) (91, 7.17410564422607421875e-01) (92, 2.20922440290451049805e-01) (93, 9.63219285011291503906e-01) (94, 4.20150905847549438477e-03) (95, -8.84403645992279052734e-01) (96, -6.03611692786216735840e-02) (97, -1.07681481167674064636e-02) (98, -5.53123950958251953125e-01) (99, -1.58551776409149169922e+00) (100, -7.16094970703125000000e-01) (101, 1.07884478569030761719e+00) (102, 2.99545466899871826172e-01) (103, 1.87231290340423583984e+00) (104, 6.36982440948486328125e-01) (0, -1.47432934570312500000e+03) (1, 1.00545234680175781250e+02) (2, -2.89710211753845214844e+00) (3, 1.99618160724639892578e+00) (4, 2.83871740102767944336e-01) (5, 7.54682600498199462891e-01) (6, 8.37241268157958984375e+00) (7, 3.50589599609375000000e+01) (8, -1.32488858699798583984e+00) (9, 7.74580314755439758301e-02) (10, 2.55580568313598632812e+00) (11, 1.16741552352905273438e+01) (12, 2.18440461158752441406e+00) (13, -2.87225508689880371094e+00) (14, 6.08889639377593994141e-01) (15, 2.33942246437072753906e+00) (16, 8.57675015926361083984e-01) (17, 2.25082683563232421875e+00) (18, 2.80790019035339355469e+00) (19, 2.34482169151306152344e+00) (20, 2.90178108215332031250e+00) (21, 3.27247470617294311523e-01) (22, 2.26341104507446289062e+00) (23, 3.38001775741577148438e+00) (24, 3.07511615753173828125e+00) (25, 2.93163180351257324219e+00) (26, 6.24339485168457031250e+00) (27, 8.84848177433013916016e-01) (28, 2.31224727630615234375e+00) (29, 2.46051635742187500000e+01) (30, 3.06992220878601074219e+00) (31, 2.04668164253234863281e+00) (32, 2.27144098281860351562e+00) (33, 1.29573810100555419922e+00) (34, 1.49684607982635498047e+00) (35, 2.63338375091552734375e+00) (36, 2.60147643089294433594e+00) (37, 2.22640085220336914062e+00) (38, 1.55249404907226562500e+00) (39, 2.38043761253356933594e+00) (40, 2.21619081497192382812e+00) (41, -1.31193053722381591797e+00) (42, 1.54207670688629150391e+00) (43, 2.85378408432006835938e+00) (44, 3.09270691871643066406e+00) (45, 2.42799401283264160156e+00) (46, 1.37128162384033203125e+00) (47, 9.61145937442779541016e-01) (48, 4.79674577713012695312e+00) (49, 3.23212122917175292969e+00) (50, 1.98761117458343505859e+00) (51, 1.99137377738952636719e+00) (52, 2.61099886894226074219e+00) (53, 2.65497469902038574219e+00) (54, 2.75686907768249511719e+00) (55, 3.86556768417358398438e+00) (56, 1.91609776020050048828e+00) (57, 1.50000000000000000000e+03) (58, 1.52460932731628417969e+00) (59, 1.76494467258453369141e+00) (60, 1.73253440856933593750e+00) (61, 1.10716593265533447266e+00) (62, 1.44820690155029296875e+00) (63, 1.63690030574798583984e+00) (64, 1.58591222763061523438e+00) (65, 1.53175222873687744141e+00) (66, -1.34023690223693847656e+00) (67, 1.46278476715087890625e+00) (68, 4.25882965326309204102e-01) (69, -1.18938371539115905762e-01) (70, 1.58819890022277832031e+00) (71, 1.57621431350708007812e+00) (72, 1.63651096820831298828e+00) (73, 1.43551397323608398438e+00) (74, 1.42381262779235839844e+00) (75, 2.25554966926574707031e+00) (76, 1.91915762424468994141e+00) (77, 1.57765996456146240234e+00) (78, 1.51649582386016845703e+00) (79, 1.59690499305725097656e+00) (80, 2.61538982391357421875e+00) (81, 1.63545000553131103516e+00) (82, 1.53616297245025634766e+00) (83, 6.75793528556823730469e-01) (84, 1.59693193435668945312e+00) (85, 2.13013195991516113281e+00) (86, 1.47083485126495361328e+00) (87, 1.27511060237884521484e+00) (88, 8.49425315856933593750e+00) (89, 2.27120852470397949219e+00) (90, 1.67545950412750244141e+00) (91, 2.33520054817199707031e+00) (92, 1.36347079277038574219e+00) (93, 1.59030461311340332031e+00) (94, 1.62273144721984863281e+00) (95, 1.51412773132324218750e+00) (96, 1.70059883594512939453e+00) (97, 1.45921039581298828125e+00) (98, 1.52552580833435058594e+00) (99, 1.58420598506927490234e+00) (100, 1.53761565685272216797e+00) (101, 1.42714595794677734375e+00) (102, 1.50000000000000000000e+03) (103, -1.07066931152343750000e+03) (104, 2.69170582294464111328e-01) (0, 1.87780749797821044922e+00) (1, -2.64169275760650634766e-01) (2, 8.47465753555297851562e-01) (3, -5.69386601448059082031e-01) (4, 4.56706076860427856445e-01) (5, 1.51318979263305664062e+00) (6, -1.13432295620441436768e-01) (7, -1.36873543262481689453e+00) (8, -3.29700082540512084961e-01) (9, -1.17426693439483642578e+00) (10, -8.18200230598449707031e-01) (11, -5.19317328929901123047e-01) (12, -5.56165277957916259766e-01) (13, -2.53987282514572143555e-01) (14, -1.03712093830108642578e+00) (15, 1.68530440330505371094e+00) (16, 1.27894318103790283203e+00) (17, -7.04588830471038818359e-01) (18, -7.42282509803771972656e-01) (19, -7.47565329074859619141e-01) (20, -9.97053086757659912109e-01) (21, -9.13865685462951660156e-01) (22, -8.90630185604095458984e-01) (23, -9.79824364185333251953e-01) (24, 7.46461451053619384766e-02) (25, -7.98667445778846740723e-02) (26, 1.41068720817565917969e+00) (27, 1.51335406303405761719e+00) (28, -1.03414618968963623047e+00) (29, 1.69311702251434326172e+00) (30, 3.96640062332153320312e-01) (31, -6.13024413585662841797e-01) (32, 7.65198349952697753906e-01) (33, -7.22209334373474121094e-01) (34, 1.56000351905822753906e+00) (35, -2.92828798294067382812e-01) (36, 5.44877350330352783203e-01) (37, 1.18948325514793395996e-01) (38, 7.59708404541015625000e-01) (39, 2.27349519729614257812e+00) (40, 6.93412184715270996094e-01) (41, 3.64927917718887329102e-01) (42, 1.18080735206604003906e+00) (43, -1.82066941261291503906e+00) (44, -7.45642602443695068359e-01) (45, -5.20767569541931152344e-01) (46, -4.60560709238052368164e-01) (47, 7.66387343406677246094e-01) (48, -3.37737649679183959961e-02) (49, 9.89798963069915771484e-01) (50, -8.21285247802734375000e-01) (51, -2.44149267673492431641e-01) (52, -3.93303751945495605469e-01) (53, 1.36861908435821533203e+00) (54, -8.66811394691467285156e-01) (55, 5.11441648006439208984e-01) (56, -9.78928357362747192383e-02) (57, 5.33077597618103027344e-01) (58, -1.28819561004638671875e+00) (59, -2.45189756155014038086e-01) (60, 1.46373629570007324219e+00) (61, -1.06748759746551513672e+00) (62, -9.24751400947570800781e-01) (63, 2.15142226219177246094e+00) (64, 1.62705063819885253906e+00) (65, 1.54265534877777099609e+00) (66, 1.34648931026458740234e+00) (67, -2.14065790176391601562e-01) (68, -7.17184662818908691406e-01) (69, 1.48188185691833496094e+00) (70, 6.86645746231079101562e-01) (71, -9.12264704704284667969e-01) (72, 4.62262421846389770508e-01) (73, -6.44886434078216552734e-01) (74, -1.01309314370155334473e-01) (75, 5.10176777839660644531e-01) (76, -1.08610522747039794922e+00) (77, -2.49427165836095809937e-02) (78, -6.76151573657989501953e-01) (79, 1.29334855079650878906e+00) (80, 2.60236084461212158203e-01) (81, 9.88224446773529052734e-01) (82, -4.74479436874389648438e-01) (83, 1.06900477409362792969e+00) (84, -4.86630678176879882812e-01) (85, -1.26278054714202880859e+00) (86, -3.07843565940856933594e-01) (87, -8.48629534244537353516e-01) (88, 1.10079026222229003906e+00) (89, 5.49167215824127197266e-01) (90, -4.38085496425628662109e-01) (91, 3.71663630008697509766e-01) (92, -1.24797499179840087891e+00) (93, -5.34680366516113281250e-01) (94, 1.24645018577575683594e+00) (95, -9.30963397026062011719e-01) (96, -7.90642440319061279297e-01) (97, 1.53327688574790954590e-01) (98, -9.17793512344360351562e-02) (99, 8.55007767677307128906e-03) (100, 1.32683384418487548828e+00) (101, -2.86698222160339355469e-01) (102, -1.67879819869995117188e+00) (103, 4.87747240066528320312e+00) (104, 2.64141607284545898438e+00) (0, 1.50000000000000000000e+03) (1, 5.68399314880371093750e+01) (2, 8.43313157558441162109e-01) (3, 1.61656022071838378906e+00) (4, 1.33097410202026367188e+00) (5, 1.87731182575225830078e+00) (6, 9.91679916381835937500e+01) (7, -3.77366781234741210938e+00) (8, -3.07427525520324707031e+00) (9, 6.55185222625732421875e-01) (10, 1.58665823936462402344e+00) (11, 3.10569810867309570312e+00) (12, 9.65280115604400634766e-01) (13, 1.50000000000000000000e+03) (14, 8.11776041984558105469e-01) (15, 1.40869379043579101562e+00) (16, 1.55065095424652099609e+00) (17, 1.53920006752014160156e+00) (18, 1.56492030620574951172e+00) (19, 1.64955687522888183594e+00) (20, 1.57220792770385742188e+00) (21, 4.27601397037506103516e-01) (22, 1.26273441314697265625e+00) (23, 1.68560636043548583984e+00) (24, 2.18666672706604003906e+00) (25, 1.72510480880737304688e+00) (26, 3.35807824134826660156e+00) (27, 1.29508244991302490234e+00) (28, 1.62940311431884765625e+00) (29, 1.49906940460205078125e+01) (30, 2.33378028869628906250e+00) (31, 1.92592799663543701172e+00) (32, 1.56505095958709716797e+00) (33, 1.15631282329559326172e+00) (34, -1.62673175334930419922e-01) (35, 1.69180727005004882812e+00) (36, 1.71485829353332519531e+00) (37, 1.56785464286804199219e+00) (38, 1.32736778259277343750e+00) (39, 1.59570562839508056641e+00) (40, 1.59761130809783935547e+00) (41, 2.38190793991088867188e+00) (42, 9.89573955535888671875e-01) (43, 1.39961826801300048828e+00) (44, 1.18686223030090332031e+00) (45, 1.27554404735565185547e+00) (46, 9.38774764537811279297e-01) (47, 2.16552186012268066406e+00) (48, 1.29542994499206542969e+00) (49, 2.17155647277832031250e+00) (50, 1.04705119132995605469e+00) (51, 1.47000026702880859375e+00) (52, 1.16236436367034912109e+00) (53, 1.22593462467193603516e+00) (54, 1.52630245685577392578e+00) (55, 1.93177974224090576172e+00) (56, 1.17127525806427001953e+00) (57, 1.50000000000000000000e+03) (58, 9.91303920745849609375e-01) (59, 1.71651327610015869141e+00) (60, 1.27295994758605957031e+00) (61, 7.73559033870697021484e-01) (62, 9.25251424312591552734e-01) (63, 1.14579701423645019531e+00) (64, 6.91625714302062988281e-01) (65, 1.06375646591186523438e+00) (66, 1.59034526348114013672e+00) (67, 5.79134404659271240234e-01) (68, 1.08798241615295410156e+00) (69, 1.10959506034851074219e+00) (70, 1.12337851524353027344e+00) (71, 1.08983850479125976562e+00) (72, 1.55708074569702148438e+00) (73, 1.06610417366027832031e+00) (74, 1.08665060997009277344e+00) (75, 4.64448547363281250000e+00) (76, 1.49942956542968750000e+03) (77, 1.01373147964477539062e+00) (78, 1.18049263954162597656e+00) (79, 1.06697964668273925781e+00) (80, 1.78876650333404541016e+00) (81, 1.11140966415405273438e+00) (82, 1.05783843994140625000e+00) (83, 1.26711273193359375000e+00) (84, 1.35001850128173828125e+00) (85, 1.19221270084381103516e+00) (86, 1.15863645076751708984e+00) (87, 1.98717355728149414062e-01) (88, -7.50537475585937500000e+02) (89, 2.58764495849609375000e+02) (90, 1.35193192958831787109e+00) (91, 1.16951811313629150391e+00) (92, 1.08495140075683593750e+00) (93, 9.85961914062500000000e-01) (94, 1.18011891841888427734e+00) (95, 1.17708659172058105469e+00) (96, 3.99739414453506469727e-01) (97, 1.20746088027954101562e+00) (98, 1.11299669742584228516e+00) (99, 1.12079620361328125000e+00) (100, 1.16330373287200927734e+00) (101, 1.12967610359191894531e+00) (102, 1.50000000000000000000e+03) (103, -1.06977587890625000000e+03) (104, 7.44120240211486816406e-01) (0, -1.55147994995117187500e+02) (1, 9.15155792236328125000e+01) (2, -2.17518830299377441406e+00) (3, 1.46924698352813720703e+00) (4, 8.03108751773834228516e-01) (5, 7.49591052532196044922e-01) (6, 5.17035102844238281250e+00) (7, 3.75157966613769531250e+01) (8, 4.28926080465316772461e-01) (9, 1.47373199462890625000e+00) (10, 2.70555186271667480469e+00) (11, 9.93327140808105468750e+00) (12, 2.08414483070373535156e+00) (13, -4.17298030853271484375e+00) (14, 1.67339634895324707031e+00) (15, 2.37788462638854980469e+00) (16, 2.71105718612670898438e+00) (17, 2.33968114852905273438e+00) (18, 2.84536027908325195312e+00) (19, 1.96903264522552490234e+00) (20, 2.68362164497375488281e+00) (21, -2.96789914369583129883e-01) (22, 1.13051187992095947266e+00) (23, 1.80742430686950683594e+00) (24, 2.43852925300598144531e+00) (25, 2.17217636108398437500e+00) (26, 4.98703956604003906250e+00) (27, 8.15799534320831298828e-01) (28, 4.57647770643234252930e-01) (29, 2.32790794372558593750e+01) (30, 2.08071327209472656250e+00) (31, 1.90910434722900390625e+00) (32, 2.04211592674255371094e+00) (33, 1.13575029373168945312e+00) (34, -1.79604017734527587891e+00) (35, 2.21497058868408203125e+00) (36, 1.97785079479217529297e+00) (37, 2.02821063995361328125e+00) (38, 1.71264076232910156250e+00) (39, 2.47502517700195312500e+00) (40, 2.28341102600097656250e+00) (41, -3.81556600332260131836e-01) (42, 1.44575476646423339844e+00) (43, 2.78854417800903320312e+00) (44, 2.91864323616027832031e+00) (45, 2.42171835899353027344e+00) (46, 1.08229053020477294922e+00) (47, 2.27949500083923339844e+00) (48, 4.62947416305541992188e+00) (49, 3.20783805847167968750e+00) (50, 2.23316359519958496094e+00) (51, 1.96864199638366699219e+00) (52, 2.77518415451049804688e+00) (53, 1.51260161399841308594e+00) (54, 2.58184671401977539062e+00) (55, 3.56175065040588378906e+00) (56, 2.01212525367736816406e+00) (57, 1.86013717651367187500e+01) (58, 1.53180193901062011719e+00) (59, 1.64724004268646240234e+00) (60, 1.68871402740478515625e+00) (61, 1.40132248401641845703e+00) (62, 1.61073839664459228516e+00) (63, 1.77677154541015625000e+00) (64, 2.08927536010742187500e+00) (65, 1.98951494693756103516e+00) (66, -9.07024979591369628906e-01) (67, 1.27310669422149658203e+00) (68, 9.61830198764801025391e-01) (69, 2.71336406469345092773e-01) (70, 1.58523917198181152344e+00) (71, 1.71262586116790771484e+00) (72, 1.57232630252838134766e+00) (73, 1.45551252365112304688e+00) (74, 1.75384533405303955078e+00) (75, 1.78986680507659912109e+00) (76, 2.06801843643188476562e+00) (77, 1.63127684593200683594e+00) (78, 1.64625108242034912109e+00) (79, 1.53883492946624755859e+00) (80, 2.70245051383972167969e+00) (81, 1.68978238105773925781e+00) (82, 1.23664939403533935547e+00) (83, 1.34029555320739746094e+00) (84, 1.62796771526336669922e+00) (85, 1.77368962764739990234e+00) (86, 1.49301171302795410156e+00) (87, 1.28140139579772949219e+00) (88, 2.27316832542419433594e+00) (89, 1.84657883644104003906e+00) (90, 1.66853356361389160156e+00) (91, 2.46403121948242187500e+00) (92, 1.43994772434234619141e+00) (93, 1.66315746307373046875e+00) (94, 1.77120792865753173828e+00) (95, 1.72243678569793701172e+00) (96, 1.25242066383361816406e+00) (97, 1.56932818889617919922e+00) (98, 1.73281264305114746094e+00) (99, 1.59256708621978759766e+00) (100, 1.79563391208648681641e+00) (101, 1.51412117481231689453e+00) (102, 1.50000000000000000000e+03) (103, -1.07064465332031250000e+03) (104, 2.40360125899314880371e-01) (0, -1.98001837730407714844e+00) (1, -1.55072183609008789062e+01) (2, 3.83744746446609497070e-01) (3, 5.66280937194824218750e+00) (4, -1.17683678865432739258e-01) (5, 1.76213204860687255859e+00) (6, 1.18414357304573059082e-01) (7, -1.29227593541145324707e-01) (8, -3.89795994758605957031e+00) (9, -2.48779967427253723145e-01) (10, -3.41140508651733398438e-01) (11, -2.76134997606277465820e-01) (12, -6.00192695856094360352e-02) (13, -1.00036196410655975342e-01) (14, -3.46185177564620971680e-01) (15, -2.67052561044692993164e-01) (16, -2.42050096392631530762e-01) (17, -2.85986989736557006836e-01) (18, -2.30860054492950439453e-01) (19, -3.76240938901901245117e-01) (20, -1.93499609827995300293e-01) (21, -4.57358062267303466797e-02) (22, 5.73482275009155273438e-01) (23, -2.78873831033706665039e-01) (24, -3.58112961053848266602e-01) (25, -4.94937276840209960938e+00) (26, 2.67235755920410156250e-01) (27, 3.91200304031372070312e-01) (28, 2.62318402528762817383e-01) (29, -4.62283223867416381836e-01) (30, 1.36243736743927001953e+00) (31, 7.19774663448333740234e-01) (32, 7.34848141670227050781e-01) (33, 1.24880981445312500000e+00) (34, 2.85252094268798828125e-01) (35, -3.35204213857650756836e-01) (36, 1.01612734794616699219e+00) (37, -3.81798535585403442383e-01) (38, -3.67060333490371704102e-01) (39, -2.64753460884094238281e-01) (40, -3.43937247991561889648e-01) (41, 3.93515682220458984375e+00) (42, 6.61864578723907470703e-01) (43, -2.27471888065338134766e-02) (44, 6.84321343898773193359e-01) (45, -3.29629987478256225586e-01) (46, 3.45338374376296997070e-01) (47, 2.93897557258605957031e+00) (48, 8.42952355742454528809e-02) (49, -1.77120909094810485840e-01) (50, 2.41817164421081542969e+00) (51, -7.40589154884219169617e-03) (52, -2.84129023551940917969e-01) (53, 2.45420551300048828125e+00) (54, 1.05557404458522796631e-01) (55, -4.58485555648803710938e+00) (56, 2.49680256843566894531e+00) (57, 5.72398662567138671875e+00) (58, -8.42637825012207031250e+00) (59, 6.26843631267547607422e-01) (60, 1.70629990100860595703e+00) (61, 2.73753619194030761719e+00) (62, 1.85620045661926269531e+00) (63, -3.47741156816482543945e-01) (64, 1.93176436424255371094e+00) (65, 2.33595997095108032227e-01) (66, 6.78792238235473632812e-01) (67, -2.13811874389648437500e+00) (68, 1.53970360755920410156e+00) (69, -4.94836282730102539062e+00) (70, 2.48105549812316894531e+00) (71, -1.15986272692680358887e-01) (72, -4.43528294563293457031e-02) (73, 2.91694283485412597656e+00) (74, -8.99838581681251525879e-02) (75, -4.18248891830444335938e+00) (76, 8.41086578369140625000e+00) (77, 5.59831023216247558594e-01) (78, 7.05433988571166992188e+00) (79, -8.88460731506347656250e+00) (80, -9.80126917362213134766e-01) (81, 1.80037200450897216797e+00) (82, 1.87622058391571044922e+00) (83, -3.54566884040832519531e+00) (84, 3.13949823379516601562e+00) (85, 2.52076411247253417969e+00) (86, -1.07383334636688232422e+00) (87, 5.82918107509613037109e-01) (88, 5.46381354331970214844e-01) (89, 4.27751809358596801758e-01) (90, 1.60736477375030517578e+00) (91, 3.13264441490173339844e+00) (92, -1.12934291362762451172e-01) (93, 2.37401723861694335938e+00) (94, 2.06643626093864440918e-01) (95, 1.12949025630950927734e+00) (96, 1.09963440895080566406e+00) (97, -5.86204099655151367188e+00) (98, -1.29109847545623779297e+00) (99, 4.66663980484008789062e+00) (100, -2.38523468375205993652e-01) (101, -8.12838494777679443359e-01) (102, 2.02083253860473632812e+00) (103, -6.73652812838554382324e-02) (104, 2.02603054046630859375e+00) (0, -9.10284709930419921875e+00) (1, -1.77628631591796875000e+01) (2, 1.91699951887130737305e-01) (3, -4.05707031488418579102e-01) (4, -4.72974538803100585938e-01) (5, -4.10156548023223876953e-02) (6, 3.98631915450096130371e-02) (7, 9.43633764982223510742e-02) (8, 2.32512235641479492188e+00) (9, -3.10397148132324218750e-01) (10, 3.62560391426086425781e-01) (11, -3.68407905101776123047e-01) (12, -3.51465702056884765625e-01) (13, 2.24155974388122558594e+00) (14, 1.56267136335372924805e-01) (15, -4.45004463195800781250e-01) (16, 3.59975606203079223633e-01) (17, -3.72109830379486083984e-01) (18, -2.81664609909057617188e-01) (19, -3.80454659461975097656e-01) (20, -1.66477546095848083496e-01) (21, 7.70129323005676269531e-01) (22, 6.42130970954895019531e-02) (23, -5.51604628562927246094e-01) (24, 1.45767137408256530762e-01) (25, -6.23709297180175781250e+00) (26, 8.73322859406471252441e-02) (27, 1.75425887107849121094e-01) (28, 1.66963100433349609375e-01) (29, -2.77482151985168457031e+00) (30, 4.19197648763656616211e-01) (31, -4.00570720434188842773e-01) (32, -2.52392292022705078125e-01) (33, 2.08130404353141784668e-01) (34, 2.43087601661682128906e+00) (35, -3.61429750919342041016e-01) (36, 3.37573170661926269531e-01) (37, -1.97590231895446777344e-01) (38, -3.67729067802429199219e-01) (39, -3.71631145477294921875e-01) (40, -4.95481751859188079834e-02) (41, -4.89640903472900390625e+00) (42, 2.81653642654418945312e-01) (43, -3.30563366413116455078e-01) (44, 7.81115710735321044922e-01) (45, 2.62772351503372192383e-01) (46, 2.83410143852233886719e+00) (47, 1.51838064193725585938e-01) (48, 4.61628198623657226562e-01) (49, 9.58110168576240539551e-02) (50, 2.51353907585144042969e+00) (51, -1.83616235852241516113e-01) (52, 3.35203051567077636719e-01) (53, 2.13462591171264648438e+00) (54, 5.82053959369659423828e-01) (55, -1.33339285850524902344e+00) (56, 2.52179622650146484375e+00) (57, -4.30403423309326171875e+00) (58, -7.45354056358337402344e-01) (59, 3.39364767074584960938e+00) (60, 9.40869092941284179688e-01) (61, -3.04212737083435058594e+00) (62, -3.91929179430007934570e-01) (63, 9.07369494438171386719e-01) (64, 3.26855349540710449219e+00) (65, 1.52621579170227050781e+00) (66, 4.88109111785888671875e+00) (67, 1.38629817962646484375e+00) (68, 7.50524520874023437500e+00) (69, 4.43742334842681884766e-01) (70, 2.45928931236267089844e+00) (71, -3.35184991359710693359e-01) (72, 1.83125388622283935547e+00) (73, 2.68494892120361328125e+00) (74, 6.22614681720733642578e-01) (75, -5.20422697067260742188e+00) (76, 9.64156389236450195312e-01) (77, 2.77969479560852050781e-01) (78, -2.43865919113159179688e+00) (79, 7.64131247997283935547e-01) (80, -3.34510564804077148438e+00) (81, 4.82038402557373046875e+00) (82, 4.40055322647094726562e+00) (83, -7.34984993934631347656e-01) (84, -1.66573214530944824219e+00) (85, 1.02407419681549072266e+00) (86, -4.93380248546600341797e-01) (87, 2.92250299453735351562e+00) (88, 5.23909759521484375000e+00) (89, 5.64138352870941162109e-01) (90, 6.07083415985107421875e+00) (91, 2.82287335395812988281e+00) (92, 1.99270260334014892578e+00) (93, 7.50420570373535156250e-01) (94, 2.27609276771545410156e+00) (95, 2.21726727485656738281e+00) (96, 2.00042939186096191406e+00) (97, -5.07149410247802734375e+00) (98, -8.89125108718872070312e-01) (99, 1.31248319149017333984e+00) (100, 1.81979525089263916016e+00) (101, -1.28979897499084472656e+00) (102, 7.87506341934204101562e-01) (103, 9.90950524806976318359e-01) (104, 2.30880215764045715332e-01) (0, 1.44018798828125000000e+02) (1, 4.10514211654663085938e+00) (2, 4.35111403465270996094e-01) (3, -4.54649782180786132812e+00) (4, 7.91694343090057373047e-01) (5, 3.79715204238891601562e-01) (6, -2.28124618530273437500e+00) (7, 3.17908430099487304688e+00) (8, 1.94057679176330566406e+00) (9, -3.72344017028808593750e-01) (10, -3.45467758178710937500e+00) (11, 2.19647097587585449219e+00) (12, -3.92022430896759033203e-01) (13, 1.71279096603393554688e+00) (14, -6.06022000312805175781e-01) (15, -4.23790305852890014648e-01) (16, -4.06803989410400390625e+00) (17, -2.50494748353958129883e-01) (18, 4.02343869209289550781e-01) (19, -3.45579594373703002930e-01) (20, 6.23538315296173095703e-01) (21, -3.88352900743484497070e-01) (22, 8.77616584300994873047e-01) (23, 2.11247229576110839844e+00) (24, 2.02056735754013061523e-01) (25, 2.94638514518737792969e+00) (26, 3.59601885080337524414e-01) (27, 1.58414959907531738281e+00) (28, 1.11904573440551757812e+00) (29, 1.08709192276000976562e+00) (30, 1.46896660327911376953e+00) (31, 2.26042658090591430664e-01) (32, 1.81132268905639648438e+00) (33, 1.26115918159484863281e+00) (34, 4.74113035202026367188e+00) (35, 1.19599330425262451172e+00) (36, 2.77346706390380859375e+00) (37, 2.41701412200927734375e+00) (38, 4.50255537033081054688e+00) (39, 2.80735611915588378906e+00) (40, 2.27053904533386230469e+00) (41, 1.08269453048706054688e+00) (42, 8.60587656497955322266e-01) (43, 6.86650648713111877441e-02) (44, 1.29139411449432373047e+00) (45, 4.07959365844726562500e+00) (46, 7.11983203887939453125e+00) (47, 7.19630908966064453125e+00) (48, 2.40275359153747558594e+00) (49, 1.39431107044219970703e+00) (50, 8.11994373798370361328e-01) (51, 1.21869349479675292969e+00) (52, 1.47922694683074951172e+00) (53, 2.45261931419372558594e+00) (54, 3.70907604694366455078e-01) (55, 1.74329776763916015625e+01) (56, 2.29226016998291015625e+00) (57, -1.54253244400024414062e+01) (58, -2.27733388543128967285e-01) (59, 1.41504991054534912109e+00) (60, 7.08077549934387207031e-01) (61, 1.39914131164550781250e+00) (62, -1.45983546972274780273e-01) (63, 3.04344296455383300781e-01) (64, 4.51600849628448486328e-01) (65, 1.02575695514678955078e+00) (66, 8.66069698333740234375e+00) (67, 7.75233268737792968750e-01) (68, 1.60674834251403808594e+00) (69, 2.59189963340759277344e+00) (70, 2.08407425880432128906e+00) (71, 2.16840934753417968750e+00) (72, 1.75768494606018066406e+00) (73, 1.17826681137084960938e+01) (74, 2.19739556312561035156e+00) (75, -4.15841937065124511719e-01) (76, -7.14193522930145263672e-01) (77, 2.31218531727790832520e-01) (78, 1.35270142555236816406e+00) (79, 6.65989518165588378906e-01) (80, -1.00416982173919677734e+00) (81, 1.09085488319396972656e+00) (82, 2.02752709388732910156e+00) (83, 3.77659916877746582031e-01) (84, 9.59780633449554443359e-01) (85, 1.27826422452926635742e-01) (86, 1.85417890548706054688e+00) (87, 9.97933387756347656250e-01) (88, -2.88493424654006958008e-01) (89, -2.17375755310058593750e-01) (90, 2.57431119680404663086e-01) (91, 2.82016545534133911133e-01) (92, 5.73104508221149444580e-02) (93, 3.74069869518280029297e-01) (94, 2.31624507904052734375e+00) (95, 6.02562427520751953125e-01) (96, 1.33541822433471679688e-01) (97, 1.45964488387107849121e-01) (98, 1.53582766652107238770e-01) (99, 2.11292505264282226562e+00) (100, 2.33860433101654052734e-01) (101, -3.86973530054092407227e-01) (102, -6.84073333740234375000e+01) (103, 1.19504966735839843750e+02) (104, 1.56839168071746826172e+00) (0, -5.74328041076660156250e+00) (1, -1.47292690277099609375e+01) (2, 1.77995574474334716797e+00) (3, 2.45970153808593750000e+00) (4, 1.56064128875732421875e+00) (5, 1.77038395404815673828e+00) (6, -1.04661686345934867859e-02) (7, -6.35981082916259765625e-01) (8, 4.66549307107925415039e-01) (9, 1.59979474544525146484e+00) (10, -2.57462739944458007812e-01) (11, 9.20742988586425781250e-01) (12, -8.88940021395683288574e-02) (13, -2.24733066558837890625e+00) (14, -3.00204902887344360352e-01) (15, -3.73681813478469848633e-01) (16, 1.84930491447448730469e+00) (17, -4.04905825853347778320e-01) (18, -2.86104351282119750977e-01) (19, -3.52481573820114135742e-01) (20, -4.24839317798614501953e-01) (21, 1.41058027744293212891e-01) (22, -1.63502544164657592773e-01) (23, -3.63130122423171997070e-01) (24, 2.61375010013580322266e-01) (25, -3.15264487266540527344e+00) (26, 7.58394300937652587891e-02) (27, 1.32096126675605773926e-01) (28, -1.67304977774620056152e-01) (29, -9.46953654289245605469e-01) (30, 3.42034965753555297852e-01) (31, -2.92955189943313598633e-01) (32, 3.29558879137039184570e-01) (33, 3.63788604736328125000e-01) (34, -4.42194795608520507812e+00) (35, 1.85763671994209289551e-01) (36, 3.14476490020751953125e-01) (37, -4.41523998975753784180e-01) (38, -5.33101499080657958984e-01) (39, 1.51906847953796386719e+00) (40, -2.88343548774719238281e-01) (41, 1.37366402149200439453e+00) (42, 7.00581073760986328125e-01) (43, 1.57987356185913085938e+00) (44, -4.35316443443298339844e-01) (45, -6.02854073047637939453e-01) (46, -1.04336988925933837891e+00) (47, 2.94636309146881103516e-01) (48, 2.64439678192138671875e+00) (49, -2.44713246822357177734e-01) (50, -1.32768929004669189453e-01) (51, -3.54697704315185546875e-02) (52, 1.61078798770904541016e+00) (53, -2.31424975395202636719e+00) (54, 1.79364597797393798828e+00) (55, 7.75120687484741210938e+00) (56, 2.27581596374511718750e+00) (57, -1.64005136489868164062e+00) (58, 2.43867468833923339844e+00) (59, 1.69647479057312011719e+00) (60, -4.60898101329803466797e-01) (61, 6.22475910186767578125e+00) (62, 4.17816489934921264648e-01) (63, 1.61796495318412780762e-01) (64, 4.88271027803421020508e-01) (65, 2.51584947109222412109e-01) (66, -4.28991317749023437500e+00) (67, 4.48329567909240722656e-01) (68, 1.34465444087982177734e+00) (69, 6.66147112846374511719e-01) (70, -2.69452095031738281250e-01) (71, 1.71203148365020751953e+00) (72, 1.54899132251739501953e+00) (73, 3.75161886215209960938e-01) (74, -3.09275090694427490234e-01) (75, 1.22027516365051269531e+00) (76, -2.91394025087356567383e-01) (77, 2.55568861961364746094e+00) (78, 2.33833098411560058594e+00) (79, -4.36000049114227294922e-01) (80, 1.09770698547363281250e+01) (81, -1.35810926556587219238e-01) (82, 1.15098404884338378906e+00) (83, 8.15842807292938232422e-01) (84, -2.46639442443847656250e+00) (85, 3.29398465156555175781e+00) (86, 1.02158701419830322266e+00) (87, 1.99257349967956542969e+00) (88, -4.34452295303344726562e+00) (89, -1.28798854351043701172e+00) (90, 2.69730806350708007812e+00) (91, -3.12010097503662109375e+00) (92, -8.09363424777984619141e-01) (93, -7.38765597343444824219e-01) (94, 2.63753235340118408203e-01) (95, -1.25160074234008789062e+00) (96, 2.52603411674499511719e+00) (97, 1.85521766543388366699e-02) (98, 2.28200793266296386719e+00) (99, -7.73009598255157470703e-01) (100, 1.46821349859237670898e-01) (101, -3.15360516309738159180e-01) (102, -6.18518888950347900391e-01) (103, 2.78647017478942871094e+00) (104, 1.50571227073669433594e+00) (0, -1.19391162109375000000e+03) (1, 2.64267520904541015625e+01) (2, 9.94099438190460205078e-01) (3, 2.30908656120300292969e+00) (4, 1.41868066787719726562e+00) (5, 1.52672064304351806641e+00) (6, -1.09907434082031250000e+03) (7, 1.25196337699890136719e+00) (8, 2.02482628822326660156e+00) (9, 1.60138845443725585938e-01) (10, 2.40818452835083007812e+00) (11, 3.39412927627563476562e+00) (12, -9.43435728549957275391e-02) (13, 1.49935571289062500000e+03) (14, 2.28414702415466308594e+00) (15, 1.70060741901397705078e+00) (16, 1.58822679519653320312e+00) (17, 7.25201666355133056641e-01) (18, 1.53655219078063964844e+00) (19, 7.49654591083526611328e-01) (20, 5.17786383628845214844e-01) (21, 1.29000961780548095703e+00) (22, 8.88761997222900390625e-01) (23, 9.62101221084594726562e-01) (24, 2.33240127563476562500e+00) (25, 1.85980677604675292969e+00) (26, 5.74245738983154296875e+00) (27, 2.26598119735717773438e+00) (28, 4.58637416362762451172e-01) (29, 6.02000951766967773438e+00) (30, 2.30494403839111328125e+00) (31, 1.64101779460906982422e+00) (32, 1.35222101211547851562e+00) (33, 1.37550616264343261719e+00) (34, 1.61387038230895996094e+00) (35, 1.71377134323120117188e+00) (36, 1.37791717052459716797e+00) (37, 6.59554123878479003906e-01) (38, 1.71291792392730712891e+00) (39, 8.54047179222106933594e-01) (40, 6.59345448017120361328e-01) (41, 2.38452863693237304688e+00) (42, 8.66272568702697753906e-01) (43, 5.03148078918457031250e-01) (44, 1.93238759040832519531e+00) (45, 2.18023276329040527344e+00) (46, 2.22876787185668945312e+00) (47, 2.42025780677795410156e+00) (48, 1.52635562419891357422e+00) (49, 1.14461147785186767578e+00) (50, 5.36403298377990722656e-01) (51, 2.22826212644577026367e-01) (52, 2.47957682609558105469e+00) (53, 1.99002587795257568359e+00) (54, 1.17748832702636718750e+00) (55, 4.07390975952148437500e+00) (56, 1.22541058063507080078e+00) (57, -1.71872100830078125000e+02) (58, 8.81867229938507080078e-01) (59, 2.19270777702331542969e+00) (60, 1.21131467819213867188e+00) (61, 1.47636151313781738281e+00) (62, 8.39612007141113281250e-01) (63, 1.21139800548553466797e+00) (64, 9.84629452228546142578e-01) (65, 1.15324461460113525391e+00) (66, 2.53531670570373535156e+00) (67, 1.00043177604675292969e+00) (68, 1.65563178062438964844e+00) (69, 1.08521986007690429688e+00) (70, 8.95009875297546386719e-01) (71, 1.22912001609802246094e+00) (72, 1.23070979118347167969e+00) (73, 1.57367765903472900391e+00) (74, 1.16643023490905761719e+00) (75, 3.33368468284606933594e+00) (76, 1.49606481933593750000e+03) (77, 1.21417140960693359375e+00) (78, 1.24192786216735839844e+00) (79, 1.50528833270072937012e-01) (80, 1.01088392734527587891e+00) (81, 2.30760312080383300781e+00) (82, 1.12317001819610595703e+00) (83, 1.19421875476837158203e+00) (84, 1.26493442058563232422e+00) (85, 1.01283323764801025391e+00) (86, 1.04990017414093017578e+00) (87, 6.85844421386718750000e-01) (88, -3.78119888305664062500e+01) (89, 7.56333862304687500000e+02) (90, 1.23014259338378906250e+00) (91, 7.81005561351776123047e-01) (92, 1.02238404750823974609e+00) (93, 1.02469563484191894531e+00) (94, 1.15394544601440429688e+00) (95, 1.22557449340820312500e+00) (96, 4.74997043609619140625e-01) (97, 9.80461359024047851562e-01) (98, 8.95156800746917724609e-01) (99, 1.08600139617919921875e+00) (100, 1.14168417453765869141e+00) (101, 7.70578324794769287109e-01) (102, 7.17356018066406250000e+02) (103, -3.34656738281250000000e+02) (104, 9.60867464542388916016e-01) (0, 5.07410392761230468750e+01) (1, 1.06086318969726562500e+02) (2, 1.45574378967285156250e+00) (3, 1.83571875095367431641e+00) (4, 1.71627473831176757812e+00) (5, 1.86260356903076171875e+01) (6, 1.68213409423828125000e+02) (7, 4.62203865051269531250e+01) (8, 3.97038865089416503906e+00) (9, 2.20308828353881835938e+00) (10, 1.75371372699737548828e+00) (11, 8.42042922973632812500e+00) (12, 2.32550287246704101562e+00) (13, 2.61399960517883300781e+00) (14, 2.53143382072448730469e+00) (15, 2.29789042472839355469e+00) (16, 1.68938028812408447266e+00) (17, 2.24594020843505859375e+00) (18, 3.05383753776550292969e+00) (19, 1.95495188236236572266e+00) (20, 7.77886772155761718750e+00) (21, 8.89428496360778808594e-01) (22, 1.14301216602325439453e+00) (23, 3.74649071693420410156e+00) (24, 2.73197793960571289062e+00) (25, 3.17404246330261230469e+00) (26, 5.96785402297973632812e+00) (27, 1.58915150165557861328e+00) (28, 1.44969534873962402344e+00) (29, 2.52229003906250000000e+01) (30, 2.18090724945068359375e+00) (31, 1.74927902221679687500e+00) (32, 5.75109481811523437500e-01) (33, 6.34524285793304443359e-01) (34, -1.47458391189575195312e+01) (35, 1.39953482151031494141e+00) (36, 1.30341410636901855469e+00) (37, 1.48859226703643798828e+00) (38, 8.22777330875396728516e-01) (39, 1.00683081150054931641e+00) (40, 1.03394591808319091797e+00) (41, -2.49328994750976562500e+00) (42, 1.78276872634887695312e+00) (43, 3.31688165664672851562e+00) (44, 2.08383774757385253906e+00) (45, 1.19361138343811035156e+00) (46, 1.45900690555572509766e+00) (47, 8.05279612541198730469e-01) (48, 3.64006471633911132812e+00) (49, 1.99482691287994384766e+00) (50, 1.68873918056488037109e+00) (51, 1.91825652122497558594e+00) (52, 1.58865463733673095703e+00) (53, 1.84184896945953369141e+00) (54, 2.38068437576293945312e+00) (55, 3.31964039802551269531e+00) (56, 1.60267198085784912109e+00) (57, 1.34849987030029296875e+01) (58, -1.24685490131378173828e+00) (59, -3.40379029512405395508e-01) (60, 1.96027934551239013672e+00) (61, 1.59407305717468261719e+00) (62, 2.08667778968811035156e+00) (63, 2.11407780647277832031e+00) (64, 1.52878820896148681641e+00) (65, 1.11979901790618896484e+00) (66, -1.70882630348205566406e+00) (67, -2.77220892906188964844e+00) (68, -4.37355905771255493164e-01) (69, -1.77277415990829467773e-01) (70, 1.59574437141418457031e+00) (71, 1.67815661430358886719e+00) (72, 1.92536485195159912109e+00) (73, 1.90435445308685302734e+00) (74, 1.55037355422973632812e+00) (75, 2.19864654541015625000e+00) (76, 2.32200312614440917969e+00) (77, 1.84836137294769287109e+00) (78, 1.55676126480102539062e+00) (79, 1.86257183551788330078e+00) (80, 2.95101833343505859375e+00) (81, 9.65314865112304687500e-01) (82, 1.04912710189819335938e+00) (83, 1.08475649356842041016e+00) (84, 1.64932560920715332031e+00) (85, 1.66705727577209472656e+00) (86, 1.62099719047546386719e+00) (87, 1.23663079738616943359e+00) (88, 2.18965601921081542969e+00) (89, 3.94925665855407714844e+00) (90, 1.75365972518920898438e+00) (91, 2.41576075553894042969e+00) (92, 1.54605758190155029297e+00) (93, 1.57576501369476318359e+00) (94, 1.97674393653869628906e+00) (95, 1.53255915641784667969e+00) (96, 1.57365119457244873047e+00) (97, 1.69598436355590820312e+00) (98, 1.78517174720764160156e+00) (99, 1.68591833114624023438e+00) (100, 1.83174884319305419922e+00) (101, 1.44025397300720214844e+00) (102, 1.50000000000000000000e+03) (103, -1.07061962890625000000e+03) (104, 5.59385493397712707520e-02) (0, 9.26573991775512695312e-01) (1, -5.00697433948516845703e-01) (2, -2.96048998832702636719e-01) (3, -1.70237839221954345703e-01) (4, 1.69444954395294189453e+00) (5, 6.83221444487571716309e-02) (6, -6.42626166343688964844e-01) (7, -2.74226665496826171875e-01) (8, -1.17446213960647583008e-01) (9, -3.80865111947059631348e-02) (10, -8.50569605827331542969e-01) (11, 2.01061484403908252716e-04) (12, 1.28924846649169921875e+00) (13, -1.22448766231536865234e+00) (14, -7.42330253124237060547e-01) (15, -7.70302355289459228516e-01) (16, 6.25667095184326171875e-01) (17, -7.39666044712066650391e-01) (18, -7.46520757675170898438e-01) (19, -7.80264675617218017578e-01) (20, -6.25443041324615478516e-01) (21, 1.53697741031646728516e+00) (22, 3.05915921926498413086e-01) (23, -7.40679681301116943359e-01) (24, 1.65905151516199111938e-02) (25, 2.90836811065673828125e-01) (26, -7.03689038753509521484e-01) (27, -3.68662700057029724121e-02) (28, -5.59061229228973388672e-01) (29, -6.13605201244354248047e-01) (30, 3.37462306022644042969e-01) (31, 1.11618880182504653931e-02) (32, 1.46663308143615722656e+00) (33, 2.41254374384880065918e-01) (34, -1.54029026627540588379e-01) (35, 1.97835445404052734375e-01) (36, -3.89787197113037109375e-01) (37, 7.34290003776550292969e-01) (38, 1.04790306091308593750e+00) (39, -6.48463249206542968750e-01) (40, 1.35407269001007080078e+00) (41, 1.81832921504974365234e+00) (42, 1.24586760997772216797e+00) (43, -6.49868965148925781250e-01) (44, -6.84462368488311767578e-01) (45, -2.27937683463096618652e-01) (46, -4.88421171903610229492e-01) (47, 8.20012629032135009766e-01) (48, 1.14764022827148437500e+00) (49, 1.50166183710098266602e-01) (50, -3.15862268209457397461e-01) (51, 2.13347649574279785156e+00) (52, -7.48546198010444641113e-02) (53, 5.25034725666046142578e-01) (54, -7.58812308311462402344e-01) (55, 3.33105504512786865234e-01) (56, -5.81362962722778320312e-01) (57, 2.20830845832824707031e+00) (58, 2.36250862479209899902e-01) (59, -6.31144940853118896484e-01) (60, 1.23215723037719726562e+00) (61, -8.97699117660522460938e-01) (62, -4.89545643329620361328e-01) (63, -4.45886626839637756348e-02) (64, 1.24847090244293212891e+00) (65, -1.33257195353507995605e-01) (66, -1.11422210931777954102e-01) (67, -1.79321289062500000000e-01) (68, -6.04683279991149902344e-01) (69, 1.41803467273712158203e+00) (70, 1.14684033393859863281e+00) (71, -1.66172347962856292725e-02) (72, -6.27871334552764892578e-01) (73, -6.32201135158538818359e-01) (74, -4.85487848520278930664e-01) (75, -1.31546929478645324707e-01) (76, -2.07579329609870910645e-01) (77, -3.15840616822242736816e-02) (78, -7.33693003654479980469e-01) (79, 1.08228397369384765625e+00) (80, -6.68837666511535644531e-01) (81, -1.26552492380142211914e-01) (82, -1.50670856237411499023e-01) (83, 1.14086937904357910156e+00) (84, -5.89161455631256103516e-01) (85, -1.19402897357940673828e+00) (86, -6.27097666263580322266e-01) (87, 1.51893091201782226562e+00) (88, -1.01713752746582031250e+00) (89, -7.48844444751739501953e-01) (90, -7.44978189468383789062e-01) (91, -1.64562189579010009766e+00) (92, -5.45705378055572509766e-01) (93, -7.30543851852416992188e-01) (94, -2.44807243347167968750e-01) (95, -1.72490343451499938965e-01) (96, 1.65447664260864257812e+00) (97, -7.02883362770080566406e-01) (98, -7.00728356838226318359e-01) (99, -7.52414405345916748047e-01) (100, -2.30820521712303161621e-01) (101, 1.47272968292236328125e+00) (102, -2.80861705541610717773e-01) (103, 2.17517590522766113281e+00) (104, 1.54443100094795227051e-01) (0, -1.50000000000000000000e+03) (1, -1.11754932403564453125e+01) (2, 8.84040713310241699219e-01) (3, 1.28598183393478393555e-01) (4, 9.98488187789916992188e-01) (5, 1.12575244903564453125e+00) (6, -8.18902111053466796875e+00) (7, -1.11894786357879638672e+00) (8, 6.56366884708404541016e-01) (9, 1.08498036861419677734e+00) (10, -9.01987314224243164062e-01) (11, -3.87489981949329376221e-02) (12, 7.54401743412017822266e-01) (13, -2.90140175819396972656e+00) (14, 2.87741303443908691406e-01) (15, 1.00191009044647216797e+00) (16, 1.94434285163879394531e-01) (17, -4.13952648639678955078e-01) (18, 1.04713129997253417969e+00) (19, 6.94744139909744262695e-02) (20, -8.71789753437042236328e-01) (21, 1.32325971126556396484e+00) (22, 2.83518042415380477905e-02) (23, 9.66792702674865722656e-01) (24, -1.21140718460083007812e+00) (25, 1.46490577608346939087e-02) (26, -2.29117441177368164062e+00) (27, 1.19742184877395629883e-01) (28, -4.66169834136962890625e-01) (29, -3.46611309051513671875e+00) (30, -4.84923392534255981445e-01) (31, -2.23998188972473144531e-01) (32, 1.27609997987747192383e-01) (33, 2.72602915763854980469e-01) (34, 1.31305675506591796875e+01) (35, 7.41919353604316711426e-02) (36, 3.24874639511108398438e-01) (37, -9.39124941825866699219e-01) (38, -1.01517474651336669922e+00) (39, -8.25794637203216552734e-01) (40, -7.79351055622100830078e-01) (41, -1.19495272636413574219e-01) (42, 1.31010138988494873047e+00) (43, -7.85490393638610839844e-01) (44, -6.96472823619842529297e-01) (45, -8.45483243465423583984e-01) (46, 4.54505562782287597656e-01) (47, 9.09764289855957031250e-01) (48, 2.71759867668151855469e-01) (49, 1.06275953352451324463e-01) (50, 1.02460658550262451172e+00) (51, 1.61543369293212890625e-01) (52, -9.45255219936370849609e-01) (53, -8.57180118560791015625e-01) (54, -7.25631058216094970703e-01) (55, -1.49167597293853759766e+00) (56, -7.82969474792480468750e-01) (57, -1.50000000000000000000e+03) (58, 3.41698557138442993164e-01) (59, 1.64937138557434082031e-01) (60, 9.75727915763854980469e-01) (61, 2.89283037185668945312e-01) (62, 1.14224469661712646484e+00) (63, 2.40055501461029052734e-01) (64, 6.09982982277870178223e-02) (65, 1.19080340862274169922e+00) (66, 6.64605021476745605469e-01) (67, 9.12109136581420898438e-01) (68, 6.48888051509857177734e-01) (69, 1.73449218273162841797e+00) (70, 3.68047297000885009766e-01) (71, -9.34818029403686523438e-01) (72, -7.94474601745605468750e-01) (73, 7.16823697090148925781e-01) (74, -6.74611508846282958984e-01) (75, -5.45184183120727539062e+00) (76, -5.97403488159179687500e+01) (77, 2.70089745521545410156e-01) (78, 1.77896368503570556641e+00) (79, 2.53149420022964477539e-01) (80, -2.26146697998046875000e+01) (81, 9.76480245590209960938e-01) (82, -7.15297341346740722656e-01) (83, 5.87522312998771667480e-02) (84, -1.45248210430145263672e+00) (85, 2.27156043052673339844e-01) (86, -7.45253801345825195312e-01) (87, 1.18941676616668701172e+00) (88, -2.71853313446044921875e+01) (89, -1.81072540283203125000e+02) (90, -1.30229011178016662598e-01) (91, -3.76600354909896850586e-01) (92, 7.97733962535858154297e-02) (93, -7.39540517330169677734e-01) (94, -8.25209856033325195312e-01) (95, -7.76479542255401611328e-01) (96, 1.34902226924896240234e+00) (97, 1.89005583524703979492e-01) (98, 3.55969011783599853516e-01) (99, -1.29978701472282409668e-01) (100, -9.18953537940979003906e-01) (101, 7.90577232837677001953e-01) (102, -1.07059973144531250000e+03) (103, 1.50000000000000000000e+03) (104, 7.15013325214385986328e-01) (0, 7.96610355377197265625e-01) (1, -1.11347293853759765625e+00) (2, 1.48658239841461181641e+00) (3, 2.10227239876985549927e-02) (4, -9.96823906898498535156e-01) (5, 1.31003963947296142578e+00) (6, 5.92125773429870605469e-01) (7, -1.38304543495178222656e+00) (8, 7.15385377407073974609e-01) (9, 1.35415863990783691406e+00) (10, -1.16573549807071685791e-01) (11, -1.12668478488922119141e+00) (12, 1.30754613876342773438e+00) (13, -1.00752949714660644531e+00) (14, -4.05971333384513854980e-02) (15, 1.06568515300750732422e+00) (16, -6.51049256324768066406e-01) (17, 1.34044158458709716797e+00) (18, -1.09794646501541137695e-01) (19, -7.76014983654022216797e-01) (20, -7.60274887084960937500e-01) (21, 2.60073208808898925781e+00) (22, 8.99468243122100830078e-01) (23, -9.24827277660369873047e-01) (24, -1.20930981636047363281e+00) (25, -6.33085310459136962891e-01) (26, -9.47079956531524658203e-01) (27, -7.83355757594108581543e-02) (28, -2.15916767716407775879e-01) (29, 6.73375930637121200562e-03) (30, -9.73082780838012695312e-02) (31, -7.45439052581787109375e-01) (32, 1.45730525255203247070e-01) (33, -6.43666386604309082031e-01) (34, 1.81043899059295654297e+00) (35, -7.27302551269531250000e-01) (36, 1.57151237130165100098e-01) (37, -3.48903626203536987305e-01) (38, -1.21835954487323760986e-01) (39, 1.28136885166168212891e+00) (40, -6.29922211170196533203e-01) (41, -1.06218367815017700195e-01) (42, 2.04606437683105468750e+00) (43, 1.31310713291168212891e+00) (44, 1.33223569393157958984e+00) (45, 1.16583549976348876953e+00) (46, 1.32548248767852783203e+00) (47, 2.85672456026077270508e-01) (48, -4.84903067350387573242e-01) (49, 6.14932850003242492676e-02) (50, -8.72756838798522949219e-01) (51, -3.86660605669021606445e-01) (52, -9.67827662825584411621e-02) (53, 2.35060498118400573730e-01) (54, 2.55945920944213867188e+00) (55, 1.20758402347564697266e+00) (56, -8.67576897144317626953e-02) (57, -3.01195830106735229492e-01) (58, -1.15369772911071777344e+00) (59, -7.66995608806610107422e-01) (60, -7.96368300914764404297e-01) (61, -5.18145322799682617188e-01) (62, 1.77277898788452148438e+00) (63, -2.40751311182975769043e-01) (64, -6.81246221065521240234e-01) (65, -7.67900466918945312500e-01) (66, 1.12387931346893310547e+00) (67, -1.15928947925567626953e+00) (68, 2.72136807441711425781e-01) (69, -5.15843033790588378906e-01) (70, -4.09246757626533508301e-02) (71, 5.73611911386251449585e-03) (72, 1.80443239212036132812e+00) (73, -1.39222657680511474609e+00) (74, -7.05734431743621826172e-01) (75, -7.44593679904937744141e-01) (76, -8.68238449096679687500e-01) (77, -5.29251158237457275391e-01) (78, -7.36911237239837646484e-01) (79, -2.80104577541351318359e-01) (80, -7.59865880012512207031e-01) (81, 1.40750154852867126465e-01) (82, -1.87826044857501983643e-02) (83, 4.39734605606645345688e-04) (84, -2.60278820991516113281e-01) (85, 2.12413221597671508789e-01) (86, -8.25234770774841308594e-01) (87, 2.16803574562072753906e+00) (88, 9.69249725341796875000e-01) (89, 1.12307703495025634766e+00) (90, -8.89978528022766113281e-01) (91, -1.54500627517700195312e+00) (92, -5.47303557395935058594e-01) (93, -3.24193030595779418945e-01) (94, -1.09282039105892181396e-01) (95, -7.21745550632476806641e-01) (96, 2.10469007492065429688e+00) (97, -8.88959646224975585938e-01) (98, -3.61327111721038818359e-01) (99, -8.08173656463623046875e-01) (100, -8.03861379623413085938e-01) (101, -6.17275118827819824219e-01) (102, -3.02518278360366821289e-01) (103, 2.26275515556335449219e+00) (104, 1.98769199848175048828e+00) (0, 2.82095879316329956055e-01) (1, 1.32168805599212646484e+00) (2, 5.51163852214813232422e-01) (3, -7.56022155284881591797e-01) (4, -7.20134198665618896484e-01) (5, -1.84799686074256896973e-01) (6, 2.04157069325447082520e-01) (7, 8.13883364200592041016e-01) (8, -8.51181387901306152344e-01) (9, -2.07445491105318069458e-02) (10, -7.58229851722717285156e-01) (11, -5.31906068325042724609e-01) (12, -2.68943727016448974609e-01) (13, 1.03805685043334960938e+00) (14, 2.38730777055025100708e-02) (15, 1.61996591091156005859e+00) (16, -2.95840889215469360352e-01) (17, -5.46259164810180664062e-01) (18, 9.42238092422485351562e-01) (19, -1.40296563506126403809e-01) (20, 7.69121646881103515625e-01) (21, 8.97848978638648986816e-02) (22, -2.07766842842102050781e+00) (23, -4.33451592922210693359e-01) (24, 3.29043245315551757812e+00) (25, -9.38801944255828857422e-01) (26, -6.62163943052291870117e-02) (27, 1.52176606655120849609e+00) (28, 5.19544422626495361328e-01) (29, 1.51891076564788818359e+00) (30, 3.86732012033462524414e-01) (31, 6.29768669605255126953e-01) (32, -1.93001016974449157715e-01) (33, 1.31013855338096618652e-01) (34, -8.16378951072692871094e-01) (35, 7.81529307365417480469e-01) (36, -5.44246017932891845703e-01) (37, -1.32626771926879882812e+00) (38, -9.53757464885711669922e-01) (39, -7.44763314723968505859e-01) (40, -6.47872209548950195312e-01) (41, -7.01577305793762207031e-01) (42, 2.12746500968933105469e+00) (43, -1.06455206871032714844e+00) (44, 2.28783697821199893951e-04) (45, -7.78431713581085205078e-01) (46, -5.63442885875701904297e-01) (47, -7.19609081745147705078e-01) (48, 4.45725011825561523438e+00) (49, 1.37398943305015563965e-01) (50, -4.24028217792510986328e-01) (51, -1.42624214291572570801e-01) (52, -8.45861911773681640625e-01) (53, -1.02149152755737304688e+00) (54, 1.97832137346267700195e-02) (55, -1.97825050354003906250e+00) (56, -5.14641642570495605469e-01) (57, 7.88753330707550048828e-01) (58, -1.26700410619378089905e-02) (59, -6.29293262958526611328e-01) (60, 1.13820242881774902344e+00) (61, -6.45092368125915527344e-01) (62, -2.13757753372192382812e-01) (63, -6.28875553607940673828e-01) (64, 5.00868931412696838379e-02) (65, -5.60846507549285888672e-01) (66, 6.61497294902801513672e-01) (67, 1.27580022811889648438e+00) (68, -6.99813723564147949219e-01) (69, -2.49636545777320861816e-01) (70, -6.63296163082122802734e-01) (71, -8.74193191528320312500e-01) (72, -8.83600115776062011719e-01) (73, -1.74729242920875549316e-01) (74, -3.74941620975732803345e-03) (75, 1.59027445316314697266e+00) (76, 1.15536367893218994141e+00) (77, 4.47039484977722167969e-01) (78, -3.27365547418594360352e-01) (79, 3.20794552564620971680e-01) (80, -6.27104341983795166016e-01) (81, 1.29425644874572753906e+00) (82, 1.22813165187835693359e+00) (83, 1.23386776447296142578e+00) (84, -8.64402830600738525391e-01) (85, -4.08446609973907470703e-01) (86, 1.39952325820922851562e+00) (87, -4.02862429618835449219e-01) (88, -5.56577444076538085938e-02) (89, 6.45492151379585266113e-02) (90, -5.50806820392608642578e-01) (91, 1.30384325981140136719e+00) (92, -7.46240437030792236328e-01) (93, 4.03165996074676513672e-01) (94, -6.40182077884674072266e-01) (95, -1.51413679122924804688e+00) (96, 1.67057502269744873047e+00) (97, -7.69689083099365234375e-01) (98, -6.35279119014739990234e-01) (99, 1.08511161804199218750e+00) (100, -7.61274695396423339844e-01) (101, -6.23954892158508300781e-01) (102, -1.47627031803131103516e+00) (103, 3.73215389251708984375e+00) (104, 2.56670904159545898438e+00) (0, 1.50000000000000000000e+03) (1, 5.81458015441894531250e+01) (2, 2.61895465850830078125e+00) (3, 2.70582365989685058594e+00) (4, 2.85672783851623535156e+00) (5, 2.66320276260375976562e+00) (6, 1.50000000000000000000e+03) (7, 2.54596281051635742188e+00) (8, 1.94434121251106262207e-01) (9, 2.23522877693176269531e+00) (10, 2.71164250373840332031e+00) (11, 4.09749746322631835938e+00) (12, 2.36831617355346679688e+00) (13, 1.49951416015625000000e+03) (14, 2.71889710426330566406e+00) (15, 2.70850419998168945312e+00) (16, 2.67849159240722656250e+00) (17, 2.69432377815246582031e+00) (18, 2.69617772102355957031e+00) (19, 2.91145849227905273438e+00) (20, 2.62478208541870117188e+00) (21, 2.02188563346862792969e+00) (22, 7.94243752956390380859e-01) (23, 2.82133793830871582031e+00) (24, 3.38341760635375976562e+00) (25, 2.85321497917175292969e+00) (26, 4.54008913040161132812e+00) (27, 2.80018949508666992188e+00) (28, 2.79040765762329101562e+00) (29, 1.60129432678222656250e+01) (30, 3.41775202751159667969e+00) (31, 3.06172299385070800781e+00) (32, 2.67217063903808593750e+00) (33, 2.42066955566406250000e+00) (34, 1.50193595886230468750e+00) (35, 2.78545951843261718750e+00) (36, 2.71537685394287109375e+00) (37, 2.88854312896728515625e+00) (38, 2.83752512931823730469e+00) (39, 2.84588789939880371094e+00) (40, 2.66608905792236328125e+00) (41, 2.16267156600952148438e+00) (42, 2.61103796958923339844e+00) (43, 2.64611172676086425781e+00) (44, 2.71312737464904785156e+00) (45, 2.70145964622497558594e+00) (46, 2.42260527610778808594e+00) (47, 3.03676509857177734375e+00) (48, 2.64320683479309082031e+00) (49, 2.88104176521301269531e+00) (50, 2.57482457160949707031e+00) (51, 2.55140948295593261719e+00) (52, 2.73266601562500000000e+00) (53, 2.81859302520751953125e+00) (54, 2.65976691246032714844e+00) (55, 3.87872815132141113281e+00) (56, 2.69728612899780273438e+00) (57, 1.50000000000000000000e+03) (58, 2.59463500976562500000e+00) (59, 2.43619871139526367188e+00) (60, 2.73438310623168945312e+00) (61, 2.40053129196166992188e+00) (62, 2.40466928482055664062e+00) (63, 2.67986726760864257812e+00) (64, 7.87023365497589111328e-01) (65, 2.72788429260253906250e+00) (66, 1.84914267063140869141e+00) (67, 2.34578180313110351562e+00) (68, 2.07303380966186523438e+00) (69, 1.81454706192016601562e+00) (70, 2.66001081466674804688e+00) (71, 2.65071082115173339844e+00) (72, 2.73089241981506347656e+00) (73, 2.57663893699645996094e+00) (74, 2.66825389862060546875e+00) (75, 1.50000000000000000000e+03) (76, 1.50000000000000000000e+03) (77, 2.64582681655883789062e+00) (78, 1.96818220615386962891e+00) (79, 2.59253787994384765625e+00) (80, 3.22735166549682617188e+00) (81, 2.70348501205444335938e+00) (82, 2.60755729675292968750e+00) (83, 2.73919510841369628906e+00) (84, 2.82083082199096679688e+00) (85, 2.70849418640136718750e+00) (86, 2.67770886421203613281e+00) (87, 2.15631604194641113281e+00) (88, 1.50000000000000000000e+03) (89, 2.59991058349609375000e+02) (90, 2.89870047569274902344e+00) (91, 1.50000000000000000000e+03) (92, 2.45940685272216796875e+00) (93, 2.52343320846557617188e+00) (94, 2.65932893753051757812e+00) (95, 2.69982838630676269531e+00) (96, 2.06566309928894042969e+00) (97, 2.64892673492431640625e+00) (98, 2.60376858711242675781e+00) (99, 2.70618057250976562500e+00) (100, 2.70724868774414062500e+00) (101, 2.67850470542907714844e+00) (102, 1.50000000000000000000e+03) (103, -1.07071655273437500000e+03) (104, -8.57928156852722167969e-01) (0, 5.51145935058593750000e+00) (1, -1.60873908996582031250e+01) (2, 4.43909376859664916992e-01) (3, 8.85614693164825439453e-01) (4, 5.88621079921722412109e-01) (5, 6.07999324798583984375e-01) (6, -2.03169765472412109375e+01) (7, 1.72073769569396972656e+00) (8, -1.44168210029602050781e+00) (9, 6.13050460815429687500e-01) (10, -1.43606364727020263672e-01) (11, -3.24457705020904541016e-01) (12, 1.33511376380920410156e+00) (13, -2.92527049779891967773e-01) (14, -1.12129521369934082031e+00) (15, 1.37651383876800537109e+00) (16, 1.52971482276916503906e+00) (17, 5.65693426132202148438e+00) (18, 5.91069459915161132812e+00) (19, 8.30171287059783935547e-01) (20, 1.84679484367370605469e+00) (21, 4.79700517654418945312e+00) (22, 1.51125288009643554688e+00) (23, 1.66874074935913085938e+00) (24, 1.04469509124755859375e+01) (25, -3.07234978675842285156e+00) (26, 7.17703163623809814453e-01) (27, 2.80867576599121093750e+00) (28, 3.39395666122436523438e+00) (29, -2.47149896621704101562e+00) (30, 5.12013530731201171875e+00) (31, -5.27940571308135986328e-01) (32, -5.61364603042602539062e+00) (33, 2.38524317741394042969e+00) (34, 2.38630130887031555176e-01) (35, 1.39771425724029541016e+00) (36, 4.54054927825927734375e+00) (37, 7.80516564846038818359e-01) (38, 2.05394887924194335938e+00) (39, 6.75754964351654052734e-01) (40, 2.49282264709472656250e+00) (41, 5.49211621284484863281e-01) (42, 1.84866070747375488281e+00) (43, 2.17026424407958984375e+00) (44, 6.28143501281738281250e+00) (45, -2.27403175085783004761e-02) (46, 1.51705968379974365234e+00) (47, 2.99006485939025878906e+00) (48, 2.65287351608276367188e+00) (49, 2.01724052429199218750e+00) (50, -1.68763113021850585938e+00) (51, 1.05198037624359130859e+00) (52, 1.11798012256622314453e+00) (53, 2.12054300308227539062e+00) (54, 1.80094802379608154297e+00) (55, 5.29949855804443359375e+00) (56, 8.77239257097244262695e-02) (57, -1.63664131164550781250e+01) (58, 5.20504713058471679688e-02) (59, 1.01585157215595245361e-01) (60, 2.88592325523495674133e-03) (61, 9.68864485621452331543e-02) (62, 6.73581361770629882812e-01) (63, 4.05693352222442626953e-02) (64, 4.51060742139816284180e-01) (65, -8.39146524667739868164e-02) (66, 1.94130074977874755859e+00) (67, 5.15408456325531005859e-01) (68, 3.22585105895996093750e-01) (69, 3.26822921633720397949e-02) (70, 2.26226735115051269531e+00) (71, 2.13866233825683593750e-02) (72, 7.15288043022155761719e-01) (73, -3.27401185035705566406e+00) (74, -1.02629160881042480469e+00) (75, 1.32080030441284179688e+00) (76, 6.37007832527160644531e-01) (77, 1.03985168039798736572e-01) (78, 2.33812406659126281738e-01) (79, 5.32965064048767089844e-02) (80, 1.29905119538307189941e-01) (81, 3.67352932691574096680e-01) (82, -1.19645565748214721680e-01) (83, 8.92150625586509704590e-02) (84, 4.28653284907341003418e-02) (85, 4.19974237680435180664e-01) (86, 1.69468685984611511230e-01) (87, 7.96921491622924804688e-01) (88, 1.13247644901275634766e+00) (89, 4.37615364789962768555e-02) (90, 4.61312383413314819336e-01) (91, 1.02125799655914306641e+00) (92, 1.39170989394187927246e-01) (93, 2.17389479279518127441e-01) (94, 3.29048275947570800781e-01) (95, 5.04414513707160949707e-02) (96, 7.30391621589660644531e-01) (97, 6.09982898458838462830e-03) (98, 6.91350996494293212891e-02) (99, 2.69556138664484024048e-02) (100, 1.42050907015800476074e-01) (101, 1.17949381470680236816e-01) (102, 5.97683898925781250000e+02) (103, -4.32568389892578125000e+02) (104, 1.54769337177276611328e+00) (105, 3.38837432861328125000e+00) (106, 3.90142345428466796875e+00) (107, -7.92917311191558837891e-01) (108, 3.79701757431030273438e+00) (109, -8.70510160923004150391e-01) (110, -3.36911797523498535156e-01) (111, 5.97888290882110595703e-01) (112, 3.87057900428771972656e+00) (113, 3.36179113388061523438e+00) (114, -8.03709626197814941406e-01) (115, -3.57298636436462402344e+00) (116, -2.96495914459228515625e-01) (117, -8.16423416137695312500e-01) (118, 3.02362322807312011719e+00) (119, 2.59171628952026367188e+00) (120, 1.61860138177871704102e-01) (121, 2.45533776283264160156e+00) (122, 7.61901497840881347656e-01) (123, -8.62846553325653076172e-01) (124, 2.77143931388854980469e+00) (125, 2.67834520339965820312e+00) (126, 2.94343757629394531250e+00) (127, 5.66792011260986328125e+00) (128, -8.33824098110198974609e-01) (129, -1.34665405750274658203e+00) (130, 2.64001250267028808594e+00) 
