FANN_FLO_2.1
num_layers=3
learning_rate=0.700000
connection_rate=1.000000
network_type=0
learning_momentum=0.000000
training_algorithm=2
train_error_function=1
train_stop_function=0
cascade_output_change_fraction=0.010000
quickprop_decay=-0.000100
quickprop_mu=1.750000
rprop_increase_factor=1.200000
rprop_decrease_factor=0.500000
rprop_delta_min=0.000000
rprop_delta_max=50.000000
rprop_delta_zero=0.100000
cascade_output_stagnation_epochs=12
cascade_candidate_change_fraction=0.010000
cascade_candidate_stagnation_epochs=12
cascade_max_out_epochs=150
cascade_max_cand_epochs=150
cascade_num_candidate_groups=2
bit_fail_limit=3.49999994039535522461e-01
cascade_candidate_limit=1.00000000000000000000e+03
cascade_weight_multiplier=4.00000005960464477539e-01
cascade_activation_functions_count=10
cascade_activation_functions=3 5 7 8 10 11 14 15 16 17 
cascade_activation_steepnesses_count=4
cascade_activation_steepnesses=2.50000000000000000000e-01 5.00000000000000000000e-01 7.50000000000000000000e-01 1.00000000000000000000e+00 
layer_sizes=105 26 2 
scale_included=0
neurons (num_inputs, activation_function, activation_steepness)=(0, 0, 0.00000000000000000000e+00) (0, 0, 0.00000000000000000000e+00) (0, 0, 0.00000000000000000000e+00) (0, 0, 0.00000000000000000000e+00) (0, 0, 0.00000000000000000000e+00) (0, 0, 0.00000000000000000000e+00) (0, 0, 0.00000000000000000000e+00) (0, 0, 0.00000000000000000000e+00) (0, 0, 0.00000000000000000000e+00) (0, 0, 0.00000000000000000000e+00) (0, 0, 0.00000000000000000000e+00) (0, 0, 0.00000000000000000000e+00) (0, 0, 0.00000000000000000000e+00) (0, 0, 0.00000000000000000000e+00) (0, 0, 0.00000000000000000000e+00) (0, 0, 0.00000000000000000000e+00) (0, 0, 0.00000000000000000000e+00) (0, 0, 0.00000000000000000000e+00) (0, 0, 0.00000000000000000000e+00) (0, 0, 0.00000000000000000000e+00) (0, 0, 0.00000000000000000000e+00) (0, 0, 0.00000000000000000000e+00) (0, 0, 0.00000000000000000000e+00) (0, 0, 0.00000000000000000000e+00) (0, 0, 0.00000000000000000000e+00) (0, 0, 0.00000000000000000000e+00) (0, 0, 0.00000000000000000000e+00) (0, 0, 0.00000000000000000000e+00) (0, 0, 0.00000000000000000000e+00) (0, 0, 0.00000000000000000000e+00) (0, 0, 0.00000000000000000000e+00) (0, 0, 0.00000000000000000000e+00) (0, 0, 0.00000000000000000000e+00) (0, 0, 0.00000000000000000000e+00) (0, 0, 0.00000000000000000000e+00) (0, 0, 0.00000000000000000000e+00) (0, 0, 0.00000000000000000000e+00) (0, 0, 0.00000000000000000000e+00) (0, 0, 0.00000000000000000000e+00) (0, 0, 0.00000000000000000000e+00) (0, 0, 0.00000000000000000000e+00) (0, 0, 0.00000000000000000000e+00) (0, 0, 0.00000000000000000000e+00) (0, 0, 0.00000000000000000000e+00) (0, 0, 0.00000000000000000000e+00) (0, 0, 0.00000000000000000000e+00) (0, 0, 0.00000000000000000000e+00) (0, 0, 0.00000000000000000000e+00) (0, 0, 0.00000000000000000000e+00) (0, 0, 0.00000000000000000000e+00) (0, 0, 0.00000000000000000000e+00) (0, 0, 0.00000000000000000000e+00) (0, 0, 0.00000000000000000000e+00) (0, 0, 0.00000000000000000000e+00) (0, 0, 0.00000000000000000000e+00) (0, 0, 0.00000000000000000000e+00) (0, 0, 0.00000000000000000000e+00) (0, 0, 0.00000000000000000000e+00) (0, 0, 0.00000000000000000000e+00) (0, 0, 0.00000000000000000000e+00) (0, 0, 0.00000000000000000000e+00) (0, 0, 0.00000000000000000000e+00) (0, 0, 0.00000000000000000000e+00) (0, 0, 0.00000000000000000000e+00) (0, 0, 0.00000000000000000000e+00) (0, 0, 0.00000000000000000000e+00) (0, 0, 0.00000000000000000000e+00) (0, 0, 0.00000000000000000000e+00) (0, 0, 0.00000000000000000000e+00) (0, 0, 0.00000000000000000000e+00) (0, 0, 0.00000000000000000000e+00) (0, 0, 0.00000000000000000000e+00) (0, 0, 0.00000000000000000000e+00) (0, 0, 0.00000000000000000000e+00) (0, 0, 0.00000000000000000000e+00) (0, 0, 0.00000000000000000000e+00) (0, 0, 0.00000000000000000000e+00) (0, 0, 0.00000000000000000000e+00) (0, 0, 0.00000000000000000000e+00) (0, 0, 0.00000000000000000000e+00) (0, 0, 0.00000000000000000000e+00) (0, 0, 0.00000000000000000000e+00) (0, 0, 0.00000000000000000000e+00) (0, 0, 0.00000000000000000000e+00) (0, 0, 0.00000000000000000000e+00) (0, 0, 0.00000000000000000000e+00) (0, 0, 0.00000000000000000000e+00) (0, 0, 0.00000000000000000000e+00) (0, 0, 0.00000000000000000000e+00) (0, 0, 0.00000000000000000000e+00) (0, 0, 0.00000000000000000000e+00) (0, 0, 0.00000000000000000000e+00) (0, 0, 0.00000000000000000000e+00) (0, 0, 0.00000000000000000000e+00) (0, 0, 0.00000000000000000000e+00) (0, 0, 0.00000000000000000000e+00) (0, 0, 0.00000000000000000000e+00) (0, 0, 0.00000000000000000000e+00) (0, 0, 0.00000000000000000000e+00) (0, 0, 0.00000000000000000000e+00) (0, 0, 0.00000000000000000000e+00) (0, 0, 0.00000000000000000000e+00) (0, 0, 0.00000000000000000000e+00) (0, 0, 0.00000000000000000000e+00) (0, 0, 0.00000000000000000000e+00) (105, 5, 5.00000000000000000000e-01) (105, 5, 5.00000000000000000000e-01) (105, 5, 5.00000000000000000000e-01) (105, 5, 5.00000000000000000000e-01) (105, 5, 5.00000000000000000000e-01) (105, 5, 5.00000000000000000000e-01) (105, 5, 5.00000000000000000000e-01) (105, 5, 5.00000000000000000000e-01) (105, 5, 5.00000000000000000000e-01) (105, 5, 5.00000000000000000000e-01) (105, 5, 5.00000000000000000000e-01) (105, 5, 5.00000000000000000000e-01) (105, 5, 5.00000000000000000000e-01) (105, 5, 5.00000000000000000000e-01) (105, 5, 5.00000000000000000000e-01) (105, 5, 5.00000000000000000000e-01) (105, 5, 5.00000000000000000000e-01) (105, 5, 5.00000000000000000000e-01) (105, 5, 5.00000000000000000000e-01) (105, 5, 5.00000000000000000000e-01) (105, 5, 5.00000000000000000000e-01) (105, 5, 5.00000000000000000000e-01) (105, 5, 5.00000000000000000000e-01) (105, 5, 5.00000000000000000000e-01) (105, 5, 5.00000000000000000000e-01) (0, 5, 0.00000000000000000000e+00) (26, 5, 5.00000000000000000000e-01) (0, 5, 0.00000000000000000000e+00) 
connections (connected_to_neuron, weight)=(0, -1.39408645629882812500e+01) (1, -2.95729875564575195312e+00) (2, 2.19983994960784912109e-01) (3, 6.67187869548797607422e-01) (4, 2.39703327417373657227e-01) (5, -8.91972005367279052734e-01) (6, 1.51686263084411621094e+00) (7, 1.09032416343688964844e+00) (8, -4.20318603515625000000e+00) (9, 3.73855590820312500000e-01) (10, 4.24026072025299072266e-01) (11, 4.02461171150207519531e-01) (12, 9.61412072181701660156e-01) (13, 6.84760808944702148438e+00) (14, 2.53840541839599609375e+00) (15, 1.56859010457992553711e-01) (16, 6.42818093299865722656e-01) (17, 1.45131242275238037109e+00) (18, -3.60031664371490478516e-01) (19, 1.99445331096649169922e+00) (20, 3.29076647758483886719e-01) (21, 9.09865736961364746094e-01) (22, -3.12317538261413574219e+00) (23, 7.47848093509674072266e-01) (24, -1.00863194465637207031e+00) (25, 8.01703333854675292969e-01) (26, -3.48207261413335800171e-03) (27, 2.06923437118530273438e+00) (28, 6.88000977039337158203e-01) (29, 1.08835101127624511719e+00) (30, 1.35616660118103027344e+00) (31, -2.45245981216430664062e+00) (32, 1.19479167461395263672e+00) (33, -3.02145183086395263672e-01) (34, -4.13024425506591796875e+00) (35, 2.58879363536834716797e-01) (36, 3.86893749237060546875e+00) (37, -1.00843369960784912109e+00) (38, -2.76921957731246948242e-01) (39, 2.19600945711135864258e-01) (40, -1.95457792282104492188e+00) (41, 1.25652289390563964844e+00) (42, 3.06029677391052246094e-01) (43, -3.35550531744956970215e-02) (44, -2.40627422928810119629e-01) (45, 1.58965468406677246094e-01) (46, 1.36700582504272460938e+00) (47, 8.65963172912597656250e+00) (48, -1.11198425292968750000e+00) (49, 8.93025994300842285156e-01) (50, 4.41561603546142578125e+00) (51, 4.15233552455902099609e-01) (52, -3.59109669923782348633e-01) (53, -2.13869214057922363281e+00) (54, -4.92480486631393432617e-01) (55, -4.49872636795043945312e+00) (56, 6.78906440734863281250e-01) (57, 1.69821774959564208984e+00) (58, -1.57956826686859130859e+00) (59, 1.58013284206390380859e+00) (60, 1.08600929379463195801e-01) (61, -5.68018078804016113281e-01) (62, -2.44323581457138061523e-01) (63, 8.73568356037139892578e-02) (64, -1.21176905930042266846e-01) (65, -2.68530040979385375977e-01) (66, -2.49598312377929687500e+00) (67, 7.12668597698211669922e-02) (68, -1.52548933029174804688e+00) (69, -4.34992253780364990234e-01) (70, -3.24649065732955932617e-01) (71, -2.68828809261322021484e-01) (72, -2.09810212254524230957e-01) (73, -9.14699375629425048828e-01) (74, -2.85109221935272216797e-01) (75, -4.30869728326797485352e-01) (76, 7.23237323760986328125e+00) (77, -2.98620134592056274414e-01) (78, 5.09694290161132812500e+00) (79, -7.74233722686767578125e+00) (80, 8.29222023487091064453e-01) (81, 4.26528978347778320312e+00) (82, 1.14722359180450439453e+00) (83, -1.68046927452087402344e+00) (84, 6.93373084068298339844e-01) (85, 3.22673499584197998047e-01) (86, -3.30794394016265869141e-01) (87, 9.83467102050781250000e-01) (88, 1.30730628967285156250e+00) (89, 1.00438189506530761719e+00) (90, 1.97835302352905273438e+00) (91, 7.25837528705596923828e-01) (92, 8.71391236782073974609e-01) (93, 2.75032043457031250000e+00) (94, 8.61314296722412109375e-01) (95, 1.20233392715454101562e+00) (96, -4.24159541726112365723e-02) (97, 5.55599331855773925781e-01) (98, 2.12676548957824707031e+00) (99, 1.20637881755828857422e+00) (100, -5.03045380115509033203e-01) (101, -5.80471873283386230469e-01) (102, -4.14896821975708007812e+00) (103, 7.41841888427734375000e+00) (104, 1.36383426189422607422e+00) (0, -3.37706184387207031250e+01) (1, -1.51927530765533447266e+00) (2, 1.78078681230545043945e-01) (3, -1.39366364479064941406e+00) (4, -6.00263327360153198242e-02) (5, -1.12651872634887695312e+00) (6, 8.13868403434753417969e-01) (7, 1.03312854766845703125e+01) (8, 1.55839757919311523438e+01) (9, 9.35398757457733154297e-01) (10, 1.75043189525604248047e+00) (11, 1.38806998729705810547e-01) (12, 1.67338907718658447266e+00) (13, 1.11983811855316162109e+00) (14, 4.26638275384902954102e-01) (15, -4.00973251089453697205e-03) (16, 2.96568423509597778320e-01) (17, 1.39542758464813232422e+00) (18, 1.01743710041046142578e+00) (19, 1.61136090755462646484e+00) (20, 1.15639519691467285156e+00) (21, 2.13269686698913574219e+00) (22, 8.27100872993469238281e-01) (23, 1.51760232448577880859e+00) (24, 1.59837257862091064453e+00) (25, 8.38700294494628906250e-01) (26, 8.99736523628234863281e-01) (27, 1.22456395626068115234e+00) (28, 1.28253805637359619141e+00) (29, 1.29266905784606933594e+00) (30, 1.20129036903381347656e+00) (31, 1.26941907405853271484e+00) (32, 8.95006239414215087891e-01) (33, 9.17011320590972900391e-01) (34, -8.66249275207519531250e+00) (35, 1.83299708366394042969e+00) (36, 1.51114594936370849609e+00) (37, 6.00574493408203125000e-01) (38, 8.56033325195312500000e-01) (39, 9.97572243213653564453e-01) (40, 1.42282998561859130859e+00) (41, 1.78716778755187988281e+00) (42, 1.57133769989013671875e+00) (43, 8.93493294715881347656e-01) (44, 1.46365368366241455078e+00) (45, 9.78686034679412841797e-01) (46, 1.16786420345306396484e+00) (47, 5.13834047317504882812e+00) (48, 2.61500924825668334961e-01) (49, 9.42053616046905517578e-01) (50, 1.34634757041931152344e+00) (51, 1.49665188789367675781e+00) (52, 8.76529037952423095703e-01) (53, 1.34805774688720703125e+00) (54, 4.43775802850723266602e-01) (55, 1.86264455318450927734e+00) (56, 1.88804664611816406250e+01) (57, 1.49099755287170410156e+00) (58, 1.56288826465606689453e+00) (59, 2.04860091209411621094e+00) (60, -1.08174450695514678955e-01) (61, 2.70477714538574218750e+01) (62, 4.90482956171035766602e-01) (63, -6.29267096519470214844e-02) (64, 2.60537314414978027344e+00) (65, 4.04275730252265930176e-02) (66, 3.99211555719375610352e-01) (67, 1.42773067951202392578e+00) (68, 2.03704401850700378418e-01) (69, 8.98726701736450195312e-01) (70, 7.54447817802429199219e-01) (71, 7.48434424400329589844e-01) (72, 2.15518689155578613281e+00) (73, 2.09785118699073791504e-01) (74, 2.57999449968338012695e-01) (75, 1.36267113685607910156e+00) (76, -9.19421091675758361816e-02) (77, 1.45683288574218750000e-01) (78, 4.24948959350585937500e+01) (79, 9.47114646434783935547e-01) (80, 4.74326312541961669922e-03) (81, 6.94984376430511474609e-01) (82, 9.05686736106872558594e-01) (83, 4.31346744298934936523e-01) (84, 9.73015487194061279297e-01) (85, 5.42255640029907226562e-01) (86, -3.51375248283147811890e-03) (87, 8.65985989570617675781e-01) (88, 1.56780397891998291016e+00) (89, 6.35187104344367980957e-02) (90, 6.08885824680328369141e-01) (91, 5.10191977024078369141e-01) (92, 1.13173186779022216797e-01) (93, 1.20709553360939025879e-01) (94, 3.60385179519653320312e-02) (95, 3.51990610361099243164e-02) (96, 6.93119049072265625000e-01) (97, 4.12160009145736694336e-02) (98, 6.06437698006629943848e-02) (99, -7.04193562269210815430e-02) (100, -4.21130284667015075684e-02) (101, 5.64994335174560546875e-01) (102, -5.50532937049865722656e-01) (103, 2.90599393844604492188e+00) (104, 1.73709487915039062500e+00) (0, 8.83947277069091796875e+00) (1, -1.61001276969909667969e+00) (2, 1.07055044174194335938e+00) (3, -9.65465843677520751953e-01) (4, 5.75184106826782226562e-01) (5, -6.42910242080688476562e+00) (6, -4.34820175170898437500e+00) (7, 8.37474632263183593750e+00) (8, -4.72626209259033203125e+00) (9, 1.47096753120422363281e+00) (10, 8.75197350978851318359e-01) (11, 1.39996373653411865234e+00) (12, 3.00939589738845825195e-01) (13, 1.57428979873657226562e+01) (14, -2.64540100097656250000e+00) (15, 7.53254950046539306641e-01) (16, -2.71843690425157546997e-02) (17, -8.50841939449310302734e-01) (18, -3.36828917264938354492e-01) (19, -1.17837715148925781250e+00) (20, -1.98412907123565673828e+00) (21, -6.28981161117553710938e+00) (22, 1.29138755798339843750e+00) (23, 1.01360726356506347656e+00) (24, 4.86600875854492187500e+00) (25, 2.47832417488098144531e+00) (26, 2.54060792922973632812e+00) (27, 7.72185027599334716797e-01) (28, 3.05936241149902343750e+00) (29, 2.44090533256530761719e+00) (30, 3.68966817855834960938e+00) (31, -3.34940224885940551758e-01) (32, -4.09942045807838439941e-02) (33, 2.83456087112426757812e+00) (34, 1.06615567207336425781e+00) (35, 2.51881909370422363281e+00) (36, -1.03177607059478759766e+00) (37, 1.85828053951263427734e+00) (38, -8.13316822052001953125e+00) (39, -3.20155099034309387207e-02) (40, 3.95442187786102294922e-01) (41, -6.67032778263092041016e-01) (42, 5.89902937412261962891e-01) (43, 8.92033278942108154297e-01) (44, -2.78873562812805175781e-01) (45, -9.32481646537780761719e-01) (46, -6.00743353366851806641e-01) (47, -1.19312155246734619141e+00) (48, 1.74840247631072998047e+00) (49, 6.02219581604003906250e-01) (50, 1.18337941169738769531e+00) (51, 1.25373649597167968750e+00) (52, 1.37605702877044677734e+00) (53, -3.29333758354187011719e+00) (54, -7.96539604663848876953e-01) (55, -6.08672475814819335938e+00) (56, -3.19863491058349609375e+01) (57, 4.01948422193527221680e-01) (58, 6.44012272357940673828e-01) (59, 3.29331922531127929688e+00) (60, 1.18683207035064697266e+00) (61, 7.24311232566833496094e-01) (62, 2.13057830929756164551e-01) (63, 2.38582301139831542969e+00) (64, 5.96168279647827148438e-01) (65, 5.98339736461639404297e-01) (66, 7.47772514820098876953e-01) (67, 1.22996842861175537109e+00) (68, 9.06575024127960205078e-01) (69, 1.25827884674072265625e+00) (70, 5.86127996444702148438e-01) (71, 9.35624539852142333984e-01) (72, 7.33980059623718261719e-01) (73, 8.64749014377593994141e-01) (74, 4.75185103714466094971e-02) (75, 2.76109367609024047852e-01) (76, 1.39989125728607177734e+00) (77, 6.76763892173767089844e-01) (78, 2.48967781662940979004e-01) (79, 1.12581586837768554688e+00) (80, 3.66022229194641113281e-01) (81, 8.34081292152404785156e-01) (82, -4.75560486316680908203e-01) (83, 7.96651303768157958984e-01) (84, 7.69560039043426513672e-01) (85, 6.54606521129608154297e-01) (86, 8.25347900390625000000e-01) (87, 1.02107965946197509766e+00) (88, 7.54785358905792236328e-01) (89, 8.00298988819122314453e-01) (90, 6.44855737686157226562e-01) (91, 8.23325634002685546875e-01) (92, 5.03046870231628417969e-01) (93, 5.75915634632110595703e-01) (94, 7.03673362731933593750e-01) (95, 6.12630426883697509766e-01) (96, 8.47681760787963867188e-01) (97, 7.39238858222961425781e-01) (98, 7.53106594085693359375e-01) (99, 7.79141187667846679688e-01) (100, 7.46118724346160888672e-01) (101, 7.95366287231445312500e-01) (102, 9.24277603626251220703e-01) (103, 2.33492469787597656250e+00) (104, 1.21551549434661865234e+00) (0, 7.12787246704101562500e+01) (1, -9.66646385192871093750e+00) (2, -5.18585383892059326172e-01) (3, 2.02418518066406250000e+00) (4, 2.96512339264154434204e-02) (5, 3.83162045478820800781e+00) (6, 9.86745595932006835938e-01) (7, 3.36570668220520019531e+00) (8, 4.59664249420166015625e+00) (9, 2.11450767517089843750e+00) (10, 3.64089298248291015625e+00) (11, 7.33126103878021240234e-01) (12, 4.01461899280548095703e-01) (13, 1.71656870841979980469e+00) (14, 8.39708030223846435547e-01) (15, -1.08938701450824737549e-01) (16, 7.49544680118560791016e-01) (17, 8.76447558403015136719e-01) (18, -1.65394961833953857422e-01) (19, 2.84547001123428344727e-01) (20, 3.48480045795440673828e-01) (21, -9.23039376735687255859e-01) (22, 1.45008540153503417969e+00) (23, 8.89903426170349121094e-01) (24, 3.57183098793029785156e-01) (25, 1.39462435245513916016e+00) (26, 2.20553576946258544922e-01) (27, 8.43230247497558593750e-01) (28, 1.57613885402679443359e+00) (29, 7.70375609397888183594e-01) (30, 1.23401057720184326172e+00) (31, 7.75365769863128662109e-01) (32, 1.55639040470123291016e+00) (33, 1.07662701606750488281e+00) (34, -1.66765540838241577148e-01) (35, 1.07426381111145019531e+00) (36, 1.20908629894256591797e+00) (37, 6.12185895442962646484e-01) (38, 1.21923649311065673828e+00) (39, 1.10591030120849609375e+00) (40, 3.22846293449401855469e-01) (41, -2.56017148494720458984e-01) (42, 8.29007446765899658203e-01) (43, 8.23573648929595947266e-01) (44, 9.56938683986663818359e-01) (45, 1.63148951530456542969e+00) (46, 3.45405280590057373047e-01) (47, -5.35630881786346435547e-01) (48, -2.12744489312171936035e-01) (49, 1.04000985622406005859e-01) (50, 9.21897709369659423828e-01) (51, 3.46400529146194458008e-01) (52, 2.19372496008872985840e-01) (53, 8.90231549739837646484e-01) (54, 1.87260448932647705078e-01) (55, 2.05305933952331542969e+00) (56, 5.18074929714202880859e-01) (57, 1.12785005569458007812e+00) (58, 9.19365346431732177734e-01) (59, 3.96066755056381225586e-01) (60, 2.65405684709548950195e-01) (61, 5.28045713901519775391e-01) (62, -3.14894080162048339844e-01) (63, 2.53403842449188232422e-01) (64, 1.00713014602661132812e+00) (65, 8.15736889839172363281e-01) (66, 9.41089272499084472656e-01) (67, -2.96024292707443237305e-01) (68, -3.82026076316833496094e-01) (69, 4.85779553651809692383e-01) (70, 3.76361578702926635742e-01) (71, 1.03558909893035888672e+00) (72, 7.32451856136322021484e-01) (73, 3.55542254447937011719e+00) (74, 6.38590931892395019531e-01) (75, 5.65394043922424316406e-01) (76, 4.07388284802436828613e-02) (77, 8.02339851856231689453e-01) (78, 8.81324768066406250000e-01) (79, 1.62526786327362060547e+00) (80, 5.80522119998931884766e-02) (81, 7.83539354801177978516e-01) (82, 3.32036644220352172852e-01) (83, 1.00498996675014495850e-01) (84, 1.06379699707031250000e+00) (85, 8.05218338966369628906e-01) (86, 3.11927944421768188477e-01) (87, 1.21395766735076904297e+00) (88, 9.40638542175292968750e-01) (89, 1.74661010503768920898e-01) (90, 6.50936603546142578125e-01) (91, 9.03135538101196289062e-01) (92, 1.80217593908309936523e-01) (93, 6.83289110660552978516e-01) (94, 4.29035156965255737305e-01) (95, 1.10663259029388427734e+00) (96, 1.37224233150482177734e+00) (97, -3.07774126529693603516e-01) (98, 7.14158475399017333984e-01) (99, 2.35549598932266235352e-01) (100, -3.70111614465713500977e-01) (101, 8.53513300418853759766e-01) (102, -7.70637810230255126953e-01) (103, 3.88480663299560546875e+00) (104, 1.14172136783599853516e+00) (0, 3.15051757812500000000e+02) (1, 9.12929821014404296875e+00) (2, 2.44267034530639648438e+00) (3, 4.84786605834960937500e+00) (4, 2.48411941528320312500e+00) (5, 4.09201240539550781250e+00) (6, 1.74252450466156005859e+00) (7, -1.63560523986816406250e+01) (8, -1.79817924499511718750e+01) (9, 1.68801522254943847656e+00) (10, 6.32283151149749755859e-01) (11, 2.57661128044128417969e+00) (12, 6.82032287120819091797e-01) (13, 1.74728167057037353516e+00) (14, 2.35084080696105957031e+00) (15, 2.65453171730041503906e+00) (16, 2.34204697608947753906e+00) (17, 8.91114771366119384766e-01) (18, 1.38410723209381103516e+00) (19, 9.27200496196746826172e-01) (20, 1.11018216609954833984e+00) (21, 4.67790573835372924805e-01) (22, 1.59208965301513671875e+00) (23, 1.07992601394653320312e+00) (24, 9.91242349147796630859e-01) (25, 1.97257435321807861328e+00) (26, 1.38064813613891601562e+00) (27, 1.16873407363891601562e+00) (28, 8.67420017719268798828e-01) (29, 1.24959778785705566406e+00) (30, 1.30323767662048339844e+00) (31, 1.27242338657379150391e+00) (32, 1.57007265090942382812e+00) (33, 1.29303050041198730469e+00) (34, 1.69171295166015625000e+01) (35, 3.91942471265792846680e-01) (36, 7.31618583202362060547e-01) (37, 1.90772724151611328125e+00) (38, 1.55076336860656738281e+00) (39, 1.15108215808868408203e+00) (40, 7.16369569301605224609e-01) (41, 8.43821108341217041016e-01) (42, 5.66446006298065185547e-01) (43, 1.28532314300537109375e+00) (44, 9.89825069904327392578e-01) (45, 1.20671272277832031250e+00) (46, 1.29649960994720458984e+00) (47, -8.26218783855438232422e-01) (48, 2.49871516227722167969e+00) (49, 1.43544340133666992188e+00) (50, 1.19876849651336669922e+00) (51, 7.65677988529205322266e-01) (52, 1.40205252170562744141e+00) (53, 1.25583100318908691406e+00) (54, 2.35181760787963867188e+00) (55, 7.57765829563140869141e-01) (56, -8.81162185668945312500e+01) (57, 1.03589856624603271484e+00) (58, 8.04398119449615478516e-01) (59, 3.97094339132308959961e-01) (60, 2.59689426422119140625e+00) (61, -1.75912513732910156250e+01) (62, 1.99162793159484863281e+00) (63, 2.70435023307800292969e+00) (64, 7.22797155380249023438e-01) (65, 2.39548897743225097656e+00) (66, 2.29579234123229980469e+00) (67, 6.66831612586975097656e-01) (68, 3.32902282714843750000e+02) (69, 1.93921351432800292969e+00) (70, 2.03175163269042968750e+00) (71, 1.81362354755401611328e+00) (72, 1.91702342033386230469e+00) (73, 2.65811228752136230469e+00) (74, 2.39447641372680664062e+00) (75, 8.89417946338653564453e-01) (76, 2.57499933242797851562e+00) (77, 2.43489074707031250000e+00) (78, -2.83172016143798828125e+01) (79, 1.81912779808044433594e+00) (80, 2.56731343269348144531e+00) (81, 1.78510379791259765625e+00) (82, 1.88677692413330078125e+00) (83, 2.14910387992858886719e+00) (84, 1.91006910800933837891e+00) (85, 2.05357623100280761719e+00) (86, 2.55632996559143066406e+00) (87, 1.64900100231170654297e+00) (88, 8.30087840557098388672e-01) (89, 2.44912123680114746094e+00) (90, 1.91463589668273925781e+00) (91, 1.79660618305206298828e+00) (92, 2.43230032920837402344e+00) (93, 2.44346380233764648438e+00) (94, 2.39475274085998535156e+00) (95, 2.50059151649475097656e+00) (96, 1.69742190837860107422e+00) (97, 2.59034609794616699219e+00) (98, 2.59036993980407714844e+00) (99, 2.63293838500976562500e+00) (100, 2.54990506172180175781e+00) (101, 2.05636930465698242188e+00) (102, 3.73332595825195312500e+00) (103, -1.36426508426666259766e+00) (104, -5.46575129032135009766e-01) (0, -2.10835800170898437500e+01) (1, -1.42841565608978271484e+00) (2, -4.14950437843799591064e-02) (3, -1.09881472587585449219e+00) (4, -5.24535655975341796875e-01) (5, -1.11129522323608398438e+00) (6, 5.58799803256988525391e-01) (7, 1.15647184848785400391e+00) (8, 9.05155639648437500000e+01) (9, 7.54922509193420410156e-01) (10, 1.33175516128540039062e+00) (11, -7.24955141544342041016e-01) (12, 1.27614951133728027344e+00) (13, 1.50592076778411865234e+00) (14, 3.20679306983947753906e-01) (15, -1.43453612923622131348e-01) (16, -5.49786329269409179688e+00) (17, 4.49681580066680908203e-01) (18, 1.37206912040710449219e+00) (19, 6.18978023529052734375e-01) (20, 1.24521851539611816406e+00) (21, 2.74705743789672851562e+00) (22, 9.55156207084655761719e-01) (23, 1.81257581710815429688e+00) (24, 1.71366584300994873047e+00) (25, 1.12136471271514892578e+00) (26, 1.20827209949493408203e+00) (27, 1.49263393878936767578e+00) (28, 1.71798133850097656250e+00) (29, 1.54656326770782470703e+00) (30, 9.67217803001403808594e-01) (31, 1.50185370445251464844e+00) (32, 6.30121767520904541016e-01) (33, 1.09027647972106933594e+00) (34, -1.66232032775878906250e+01) (35, 1.61078000068664550781e+00) (36, 1.73183822631835937500e+00) (37, 5.75580418109893798828e-01) (38, 1.07168817520141601562e+00) (39, 1.12345242500305175781e+00) (40, 1.58925688266754150391e+00) (41, 2.28019595146179199219e+00) (42, 1.82056474685668945312e+00) (43, 1.00895082950592041016e+00) (44, 1.74166798591613769531e+00) (45, 1.15140843391418457031e+00) (46, 1.49629378318786621094e+00) (47, 4.50959777832031250000e+00) (48, -3.41249966621398925781e+00) (49, 1.35455346107482910156e+00) (50, 1.40631318092346191406e+00) (51, 5.47248601913452148438e-01) (52, 1.15144836902618408203e+00) (53, 1.93438768386840820312e-01) (54, 6.42159700393676757812e-01) (55, 2.05444860458374023438e+00) (56, 1.51895866394042968750e+01) (57, 1.15501296520233154297e+00) (58, 1.80755317211151123047e+00) (59, 2.29963517189025878906e+00) (60, 3.76605868339538574219e-01) (61, 1.82494187355041503906e+00) (62, 1.18941974639892578125e+00) (63, -5.51632419228553771973e-02) (64, 8.39668989181518554688e-01) (65, -4.24988893792033195496e-03) (66, -3.61964893341064453125e+00) (67, 1.01938951015472412109e+00) (68, -3.55327844619750976562e+00) (69, 1.84974503517150878906e+00) (70, 7.02809929847717285156e-01) (71, 1.87498354911804199219e+00) (72, 1.34739756584167480469e+00) (73, -9.11837518215179443359e-02) (74, 1.43231153488159179688e-01) (75, 3.23560416698455810547e-01) (76, -1.19747090339660644531e+00) (77, -1.67228933423757553101e-02) (78, 7.51667380332946777344e-01) (79, 1.88444221019744873047e+00) (80, -6.31794035434722900391e-02) (81, 1.13043582439422607422e+00) (82, 1.05075669288635253906e+00) (83, 3.90021920204162597656e-01) (84, 8.64100813865661621094e-01) (85, 5.69973051548004150391e-01) (86, -1.04008771479129791260e-01) (87, 5.98718702793121337891e-01) (88, 1.23561739921569824219e+00) (89, -1.77181512117385864258e-01) (90, 5.73002398014068603516e-01) (91, 4.67779457569122314453e-01) (92, 7.74098336696624755859e-02) (93, 4.12777066230773925781e-02) (94, -1.05229429900646209717e-01) (95, 1.10012650489807128906e+00) (96, 1.34732568264007568359e+00) (97, -1.57662376295775175095e-03) (98, 8.28255787491798400879e-02) (99, 3.97344946861267089844e-01) (100, -1.84777472168207168579e-02) (101, 5.42879641056060791016e-01) (102, -2.16337405145168304443e-02) (103, 2.23203635215759277344e+00) (104, 1.83810842037200927734e+00) (0, 2.04465530395507812500e+02) (1, 9.15770339965820312500e+00) (2, 2.35888290405273437500e+00) (3, 4.93738126754760742188e+00) (4, 2.65256190299987792969e+00) (5, 4.16044378280639648438e+00) (6, 1.77861428260803222656e+00) (7, -1.53571567535400390625e+01) (8, -4.59442090988159179688e+00) (9, 1.69433403015136718750e+00) (10, 7.44499981403350830078e-01) (11, 2.58512949943542480469e+00) (12, 6.62407934665679931641e-01) (13, 1.87921679019927978516e+00) (14, 2.49067950248718261719e+00) (15, 2.54286837577819824219e+00) (16, 2.56834912300109863281e+00) (17, 9.65101540088653564453e-01) (18, 1.37484860420227050781e+00) (19, 9.02092754840850830078e-01) (20, 1.19811999797821044922e+00) (21, 5.39888799190521240234e-01) (22, 1.62462615966796875000e+00) (23, 1.18102192878723144531e+00) (24, 9.44274008274078369141e-01) (25, 1.86251223087310791016e+00) (26, 1.39281404018402099609e+00) (27, 1.37964427471160888672e+00) (28, 1.01893770694732666016e+00) (29, 1.22747647762298583984e+00) (30, 1.19692718982696533203e+00) (31, 1.39975023269653320312e+00) (32, 1.50050926208496093750e+00) (33, 1.39482557773590087891e+00) (34, 1.68232421875000000000e+01) (35, 4.40152257680892944336e-01) (36, 7.63898432254791259766e-01) (37, 2.07287430763244628906e+00) (38, 1.49452888965606689453e+00) (39, 1.09482657909393310547e+00) (40, 9.10757601261138916016e-01) (41, 8.26533734798431396484e-01) (42, 6.91979825496673583984e-01) (43, 1.25042796134948730469e+00) (44, 1.07781434059143066406e+00) (45, 1.30210077762603759766e+00) (46, 1.48593926429748535156e+00) (47, -9.19664859771728515625e-01) (48, 8.50998401641845703125e+00) (49, 1.40596878528594970703e+00) (50, 1.18467676639556884766e+00) (51, 7.60255992412567138672e-01) (52, 1.28038656711578369141e+00) (53, 1.15781235694885253906e+00) (54, 2.34622454643249511719e+00) (55, 7.92790114879608154297e-01) (56, -8.81994094848632812500e+01) (57, 1.01275539398193359375e+00) (58, 9.04577195644378662109e-01) (59, 4.29254680871963500977e-01) (60, 2.69475197792053222656e+00) (61, -1.76119117736816406250e+01) (62, 2.01115727424621582031e+00) (63, 2.73375296592712402344e+00) (64, 7.01160490512847900391e-01) (65, 2.38765883445739746094e+00) (66, 2.36198067665100097656e+00) (67, 6.68668329715728759766e-01) (68, 1.88697845458984375000e+02) (69, 1.91165685653686523438e+00) (70, 1.93812036514282226562e+00) (71, 1.87421786785125732422e+00) (72, 1.81688189506530761719e+00) (73, 2.75692319869995117188e+00) (74, 2.37652707099914550781e+00) (75, 7.76039183139801025391e-01) (76, 2.54267740249633789062e+00) (77, 2.45631909370422363281e+00) (78, -2.81317672729492187500e+01) (79, 1.94329285621643066406e+00) (80, 2.54554128646850585938e+00) (81, 1.81513369083404541016e+00) (82, 1.78636586666107177734e+00) (83, 2.11044621467590332031e+00) (84, 1.77494800090789794922e+00) (85, 2.05770301818847656250e+00) (86, 2.44489908218383789062e+00) (87, 1.69939970970153808594e+00) (88, 8.33790957927703857422e-01) (89, 2.43573617935180664062e+00) (90, 1.76831734180450439453e+00) (91, 1.95458972454071044922e+00) (92, 2.51847004890441894531e+00) (93, 2.44280290603637695312e+00) (94, 2.62256860733032226562e+00) (95, 2.36172080039978027344e+00) (96, 1.70400178432464599609e+00) (97, 2.69439792633056640625e+00) (98, 2.57678699493408203125e+00) (99, 2.51167917251586914062e+00) (100, 2.55082964897155761719e+00) (101, 2.08006858825683593750e+00) (102, 3.78713321685791015625e+00) (103, -1.36957049369812011719e+00) (104, -6.79401934146881103516e-01) (0, -2.74600181579589843750e+01) (1, -1.67244708538055419922e+00) (2, 5.73633015155792236328e-01) (3, -8.05589318275451660156e-01) (4, 4.86572146415710449219e-01) (5, -5.53342044353485107422e-01) (6, 8.32807421684265136719e-01) (7, 1.52820491790771484375e+00) (8, -4.79295492172241210938e-01) (9, 9.33099389076232910156e-01) (10, 2.32944178581237792969e+00) (11, 9.58711504936218261719e-01) (12, 1.33991825580596923828e+00) (13, 1.74341404438018798828e+00) (14, 2.08600592613220214844e+00) (15, 2.20483803749084472656e+00) (16, -2.73687720298767089844e+00) (17, 5.58202362060546875000e+00) (18, -1.60569712519645690918e-01) (19, 2.53058552742004394531e+00) (20, 1.19382655620574951172e+00) (21, 2.50523900985717773438e+00) (22, 1.82733798027038574219e+00) (23, 2.05992317199707031250e+00) (24, 9.39729392528533935547e-01) (25, 2.03899497985839843750e+01) (26, 1.64995288848876953125e+00) (27, 1.39865875244140625000e+01) (28, 1.52278602123260498047e+00) (29, 1.17372906208038330078e+00) (30, 1.63659811019897460938e+00) (31, 1.67677319049835205078e+00) (32, 2.87538468837738037109e-01) (33, 1.76590538024902343750e+00) (34, 7.51055240631103515625e-01) (35, 1.97201263904571533203e+00) (36, 1.85660672187805175781e+00) (37, -4.97252792119979858398e-01) (38, 1.15010917186737060547e+00) (39, 1.56276786327362060547e+00) (40, 1.83473682403564453125e+00) (41, 1.96848964691162109375e+00) (42, 1.56205070018768310547e+00) (43, 1.39907205104827880859e+00) (44, 7.70099282264709472656e-01) (45, -3.63726824522018432617e-01) (46, 1.43410587310791015625e+00) (47, 6.17591381072998046875e+00) (48, -5.14981079101562500000e+00) (49, 8.00515294075012207031e-01) (50, 1.74581527709960937500e+00) (51, 2.21698713302612304688e+00) (52, 1.60268199443817138672e+00) (53, 1.01611351966857910156e+00) (54, 4.21137452125549316406e-01) (55, 3.75297546386718750000e-01) (56, -2.03344178199768066406e+00) (57, 1.39704990386962890625e+00) (58, 1.11161935329437255859e+00) (59, 1.42503201961517333984e+00) (60, 2.35819220542907714844e-01) (61, 1.35741853713989257812e+00) (62, 5.37550508975982666016e-01) (63, 3.41452777385711669922e-01) (64, -8.45225453376770019531e-01) (65, 4.96564984321594238281e-01) (66, -1.97621032595634460449e-01) (67, 1.20122539997100830078e+00) (68, -2.69971060752868652344e+00) (69, 6.01171374320983886719e-01) (70, 5.54109454154968261719e-01) (71, 1.13010752201080322266e+00) (72, 6.22727751731872558594e-01) (73, 7.61105120182037353516e-03) (74, 5.00196397304534912109e-01) (75, 1.47107124328613281250e+00) (76, 5.09998857975006103516e-01) (77, 4.20813143253326416016e-01) (78, 1.27883279323577880859e+00) (79, 6.01722359657287597656e-01) (80, 2.36244529485702514648e-01) (81, 2.25428533554077148438e+00) (82, 6.32525444030761718750e-01) (83, 6.24509036540985107422e-01) (84, 5.99923908710479736328e-01) (85, 4.80855762958526611328e-01) (86, 9.11772847175598144531e-02) (87, 1.18885397911071777344e+00) (88, 2.09467244148254394531e+00) (89, 6.80953085422515869141e-01) (90, 1.11900925636291503906e+00) (91, 5.29712200164794921875e-01) (92, 3.84964466094970703125e-01) (93, 5.26479959487915039062e-01) (94, 1.58553659915924072266e-01) (95, 5.42389631271362304688e-01) (96, 7.98346400260925292969e-01) (97, 3.89909625053405761719e-01) (98, 3.78606617450714111328e-01) (99, 3.24407160282135009766e-01) (100, 2.90869772434234619141e-01) (101, 1.10539114475250244141e+00) (102, -1.04567110538482666016e+00) (103, 3.32765078544616699219e+00) (104, 1.21850895881652832031e+00) (0, -1.46080112457275390625e+01) (1, -5.50219106674194335938e+00) (2, 6.14146590232849121094e-01) (3, -1.54344284534454345703e+00) (4, 3.56463849544525146484e-01) (5, -8.96291494369506835938e-01) (6, -1.58347681164741516113e-01) (7, -1.34676194190979003906e+00) (8, -1.00757539272308349609e+00) (9, -7.79205039143562316895e-02) (10, -6.52645230293273925781e-01) (11, 3.33558988571166992188e+00) (12, 4.70769762992858886719e-01) (13, 5.08244657516479492188e+00) (14, -6.68042078614234924316e-02) (15, 1.90610480308532714844e+00) (16, -7.08886051177978515625e+00) (17, 1.05056190490722656250e+00) (18, -5.33130526542663574219e-01) (19, 2.48896241188049316406e+00) (20, -6.72944545745849609375e+00) (21, 3.52069711685180664062e+00) (22, 1.34391250610351562500e+01) (23, 4.51905679702758789062e+00) (24, 1.63000309467315673828e+00) (25, 1.29482960700988769531e+00) (26, 1.14022684097290039062e+00) (27, 4.82472181320190429688e+00) (28, 4.43770617246627807617e-01) (29, 1.99571192264556884766e+00) (30, 6.38665056228637695312e+00) (31, 5.26953220367431640625e-01) (32, -7.43998289108276367188e+00) (33, 1.71914792060852050781e+00) (34, -4.44726318120956420898e-01) (35, 8.72850477695465087891e-01) (36, 8.10245037078857421875e-01) (37, -8.15618276596069335938e-01) (38, -1.49062085151672363281e+00) (39, 8.37441682815551757812e-02) (40, 2.05341935157775878906e-01) (41, 1.71524679660797119141e+00) (42, 6.30203902721405029297e-01) (43, 2.73788118362426757812e+00) (44, 1.64747011661529541016e+00) (45, 1.25525712966918945312e+00) (46, 2.18110728263854980469e+00) (47, 9.18746280670166015625e+00) (48, -5.06921298801898956299e-02) (49, -1.76432275772094726562e+00) (50, 7.25697994232177734375e-01) (51, 1.88779079914093017578e+00) (52, 2.12672019004821777344e+00) (53, 1.87217056751251220703e+00) (54, 3.16195607185363769531e+00) (55, 1.38587677478790283203e+00) (56, -5.45607283711433410645e-02) (57, 1.72883117198944091797e+00) (58, 6.47268474102020263672e-01) (59, 1.53383815288543701172e+00) (60, -4.35076802968978881836e-01) (61, 1.14818429946899414062e+00) (62, -3.53772819042205810547e-01) (63, -3.53788763284683227539e-01) (64, 1.29082655906677246094e+00) (65, 3.48105132579803466797e-02) (66, 3.44253540039062500000e-01) (67, 7.72362947463989257812e-01) (68, 3.28041970729827880859e-01) (69, -1.15650027990341186523e-01) (70, 1.07495355606079101562e+00) (71, 1.47580349445343017578e+00) (72, 3.06364774703979492188e-01) (73, -3.15839022397994995117e-01) (74, -1.43736588954925537109e+00) (75, 1.47544920444488525391e+00) (76, 9.73351597785949707031e-01) (77, 4.35009241104125976562e-01) (78, 1.61297154426574707031e+00) (79, 5.29115438461303710938e+00) (80, 2.52928090095520019531e+00) (81, 1.75258028507232666016e+00) (82, 8.04408252239227294922e-01) (83, -2.80910313129425048828e-01) (84, -1.38447076082229614258e-01) (85, -3.10591012239456176758e-01) (86, -4.22312557697296142578e-01) (87, -5.58751001954078674316e-02) (88, -2.59582549333572387695e-01) (89, 9.72598075866699218750e-01) (90, 4.27820444107055664062e-01) (91, -3.77408504486083984375e-01) (92, -1.20969623327255249023e-01) (93, -1.96410313248634338379e-01) (94, 2.90149152278900146484e-01) (95, -3.92627716064453125000e-01) (96, 1.44863754510879516602e-01) (97, -2.93370366096496582031e-01) (98, -2.54221141338348388672e-01) (99, -4.44170206785202026367e-01) (100, -2.55435645580291748047e-01) (101, 2.98383533954620361328e-01) (102, -2.00210332870483398438e+00) (103, 4.58660030364990234375e+00) (104, 1.90629112720489501953e+00) (0, -9.38015060424804687500e+01) (1, 1.21775999069213867188e+01) (2, 6.07182800769805908203e-01) (3, 1.24874621629714965820e-01) (4, 1.45297333598136901855e-01) (5, 1.62036228179931640625e+01) (6, -2.06390070915222167969e+00) (7, 1.24062478542327880859e+00) (8, 1.11636314392089843750e+01) (9, 6.69408440589904785156e-02) (10, 1.59458518028259277344e+00) (11, 1.85451149940490722656e+00) (12, 7.63134598731994628906e-01) (13, -3.89266109466552734375e+00) (14, 9.52456295490264892578e-01) (15, 1.45180657505989074707e-01) (16, 9.20285522937774658203e-01) (17, 1.90674856305122375488e-01) (18, 9.21670377254486083984e-01) (19, 1.89576435089111328125e+00) (20, 2.01091456413269042969e+00) (21, -2.58773612976074218750e+00) (22, 1.59123098850250244141e+00) (23, 4.63931703567504882812e+00) (24, 1.89750730991363525391e+00) (25, 8.61553251743316650391e-01) (26, 7.68711626529693603516e-01) (27, 1.90226137638092041016e+00) (28, 2.45457336306571960449e-01) (29, 1.65165111422538757324e-01) (30, -1.25172138214111328125e-01) (31, 8.17068457603454589844e-01) (32, -1.67750239372253417969e-01) (33, -6.50086355209350585938e+00) (34, -3.69735503196716308594e+00) (35, -3.66048067808151245117e-02) (36, 6.82262897491455078125e-01) (37, 8.68009626865386962891e-01) (38, 1.03322613239288330078e+00) (39, 1.69777619838714599609e+00) (40, 9.87948358058929443359e-01) (41, -1.04720294475555419922e+00) (42, 6.56970202922821044922e-01) (43, 5.77570915222167968750e-01) (44, 7.12951362133026123047e-01) (45, 1.88377249240875244141e+00) (46, 9.56314086914062500000e+00) (47, -3.86761522293090820312e+00) (48, 1.15529167652130126953e+00) (49, 7.54364192485809326172e-01) (50, -2.53775715827941894531e-01) (51, 1.33766508102416992188e+00) (52, -1.39922833442687988281e+00) (53, -7.04672813415527343750e+00) (54, 1.25464403629302978516e+00) (55, 1.01259965896606445312e+01) (56, 1.98435533046722412109e+00) (57, -6.02561712265014648438e+00) (58, -2.41542458534240722656e+00) (59, 3.18926167488098144531e+00) (60, 1.15156374871730804443e-01) (61, -6.15236091613769531250e+00) (62, 5.17734229564666748047e-01) (63, 1.48005735874176025391e+00) (64, 1.35382568836212158203e+00) (65, 1.15786254405975341797e+00) (66, 4.16154813766479492188e+00) (67, 8.92874908447265625000e+00) (68, -8.72449457645416259766e-01) (69, 5.63453078269958496094e-01) (70, 7.73810267448425292969e-01) (71, -1.54980719089508056641e-01) (72, 5.07100149989128112793e-02) (73, -8.23754310607910156250e+00) (74, -4.65877234935760498047e-01) (75, -2.65085291862487792969e+00) (76, -1.94644749164581298828e-01) (77, -1.72301188111305236816e-01) (78, -1.17933666706085205078e+00) (79, -1.19968485832214355469e+00) (80, 4.95224428176879882812e+00) (81, 6.15528154373168945312e+00) (82, 1.27908086776733398438e+00) (83, 6.37283027172088623047e-02) (84, 3.91095429658889770508e-01) (85, 1.80840861797332763672e+00) (86, 2.70304173231124877930e-01) (87, -5.98938167095184326172e-02) (88, 1.55976116657257080078e+00) (89, 2.09467196464538574219e+00) (90, 4.43225532770156860352e-01) (91, 6.66629433631896972656e-01) (92, -3.02527815103530883789e-01) (93, 2.79390931129455566406e-01) (94, 2.49447505921125411987e-02) (95, -1.10298264026641845703e+00) (96, 1.91068686544895172119e-02) (97, 2.43691301345825195312e+00) (98, 4.00667095184326171875e+00) (99, 1.11820578575134277344e+00) (100, 1.77114173769950866699e-01) (101, -1.51896870136260986328e+00) (102, 2.35769057273864746094e+00) (103, 4.29414689540863037109e-01) (104, 1.96407973766326904297e+00) (0, -5.73963260650634765625e+00) (1, -2.73288702964782714844e+00) (2, 2.76799380779266357422e-01) (3, -3.24576354026794433594e+00) (4, 1.91381072998046875000e+00) (5, 1.27910107374191284180e-01) (6, 1.15472435951232910156e+00) (7, 4.50062656402587890625e+00) (8, -8.81609320640563964844e-01) (9, -1.56598433852195739746e-01) (10, 5.69132268428802490234e-01) (11, -7.76193559169769287109e-01) (12, -3.20999085903167724609e-01) (13, 2.16705179214477539062e+00) (14, 3.27757537364959716797e-01) (15, -1.04330554604530334473e-01) (16, -5.65723106265068054199e-02) (17, -7.25635230541229248047e-01) (18, 1.12860381603240966797e+00) (19, 3.19572061300277709961e-01) (20, 5.93738138675689697266e-01) (21, 6.10655069351196289062e-01) (22, -1.03840184211730957031e+00) (23, 5.29031133651733398438e+00) (24, 3.69348943233489990234e-01) (25, -6.07056260108947753906e-01) (26, -9.53558027744293212891e-01) (27, -8.35468154400587081909e-03) (28, 1.08930253982543945312e+00) (29, -6.57702624797821044922e-01) (30, 9.95293259620666503906e-01) (31, -5.92363774776458740234e-01) (32, -6.11806631088256835938e-01) (33, -6.60805642604827880859e-01) (34, -6.62960708141326904297e-01) (35, 3.09587299823760986328e-01) (36, -7.65251815319061279297e-02) (37, -5.27667939662933349609e-01) (38, -8.54128897190093994141e-01) (39, -1.82069037109613418579e-02) (40, 4.44724917411804199219e-01) (41, 2.86717861890792846680e-01) (42, 1.14572443068027496338e-01) (43, -4.64817732572555541992e-01) (44, 1.40270483493804931641e+00) (45, -6.79693400859832763672e-01) (46, 2.92340725660324096680e-01) (47, 6.50042438507080078125e+00) (48, -4.89463090896606445312e-01) (49, -7.16648161411285400391e-01) (50, -6.02398574352264404297e-01) (51, -1.83873504400253295898e-01) (52, -7.46444404125213623047e-01) (53, 7.17274427413940429688e-01) (54, -1.57793506979942321777e-01) (55, 1.00083088874816894531e+00) (56, -1.75908565521240234375e-01) (57, 2.03534021973609924316e-01) (58, 2.35546922683715820312e+00) (59, 7.49878883361816406250e-01) (60, -7.19486832618713378906e-01) (61, 1.89492270350456237793e-01) (62, -6.04159057140350341797e-01) (63, -6.34056925773620605469e-01) (64, 1.01079136133193969727e-01) (65, -6.80666208267211914062e-01) (66, -1.01290929317474365234e+00) (67, -3.81006449460983276367e-01) (68, -6.86225712299346923828e-01) (69, -5.41026294231414794922e-02) (70, -1.89586773514747619629e-01) (71, -1.00314691662788391113e-01) (72, -3.67444932460784912109e-01) (73, -6.11621141433715820312e-01) (74, -7.15125918388366699219e-01) (75, -2.60375291109085083008e-01) (76, -7.25728631019592285156e-01) (77, -7.83611118793487548828e-01) (78, 2.09604322910308837891e-01) (79, -6.01946055889129638672e-01) (80, -6.60872161388397216797e-01) (81, -6.24955296516418457031e-02) (82, 1.15849837660789489746e-01) (83, -6.84842586517333984375e-01) (84, -5.23302704095840454102e-02) (85, -6.39038905501365661621e-02) (86, -7.49056220054626464844e-01) (87, 4.03164505958557128906e-01) (88, 1.78168490529060363770e-02) (89, -5.92201650142669677734e-01) (90, -1.99822023510932922363e-01) (91, -7.88933396339416503906e-01) (92, -6.57899022102355957031e-01) (93, -5.11834025382995605469e-02) (94, -8.71569275856018066406e-01) (95, -7.13147640228271484375e-01) (96, 8.60302001237869262695e-02) (97, -7.81297087669372558594e-01) (98, -6.70898854732513427734e-01) (99, -6.97383284568786621094e-01) (100, -8.48096668720245361328e-01) (101, -5.37834763526916503906e-01) (102, -1.22606921195983886719e+00) (103, 3.89286494255065917969e+00) (104, 2.45776414871215820312e+00) (0, -1.35147085189819335938e+01) (1, -5.42484903335571289062e+00) (2, 4.44290220737457275391e-01) (3, 2.87496829032897949219e+00) (4, 4.80324506759643554688e-01) (5, 1.08433365821838378906e-02) (6, 1.82841753959655761719e+00) (7, -2.47032308578491210938e+00) (8, -1.31482899188995361328e+00) (9, -6.55016243457794189453e-01) (10, 5.61775386333465576172e-01) (11, 4.95036542415618896484e-01) (12, 8.65745902061462402344e-01) (13, 6.86151444911956787109e-01) (14, 1.98759174346923828125e+00) (15, 1.11774468421936035156e+00) (16, 1.81299424171447753906e+00) (17, 8.09076368808746337891e-01) (18, -2.83845923840999603271e-02) (19, -4.09224539995193481445e-01) (20, 8.12606155872344970703e-01) (21, 1.72154819965362548828e+00) (22, 1.62121081352233886719e+00) (23, -6.01971328258514404297e-01) (24, -1.53083527088165283203e+00) (25, -4.14746618270874023438e+00) (26, 9.82717812061309814453e-01) (27, 6.81210160255432128906e-01) (28, 1.03407047688961029053e-01) (29, -1.14678299427032470703e+00) (30, 1.67572236061096191406e+00) (31, 3.32191991806030273438e+00) (32, -1.10334396362304687500e+00) (33, -1.05868196487426757812e+00) (34, 3.02571177482604980469e-01) (35, 1.33989238739013671875e+00) (36, -6.06627404689788818359e-01) (37, -1.08647191524505615234e+00) (38, 9.20570492744445800781e-01) (39, -2.84814566373825073242e-01) (40, 1.61842262744903564453e+00) (41, -2.28457546234130859375e+00) (42, 6.01507484912872314453e-01) (43, 3.76365661621093750000e+00) (44, 4.84062969684600830078e-01) (45, -5.55035114288330078125e-01) (46, 1.10569739341735839844e+00) (47, 2.47056722640991210938e+00) (48, -2.36298497766256332397e-02) (49, 1.90414917469024658203e+00) (50, 6.21505737304687500000e-01) (51, -1.41059482097625732422e+00) (52, 1.67229890823364257812e+00) (53, -3.20824313163757324219e+00) (54, 6.17616772651672363281e-01) (55, 1.49729871749877929688e+00) (56, 3.20513039827346801758e-01) (57, 1.74636125564575195312e-01) (58, 1.30962908267974853516e-01) (59, 1.22162067890167236328e+00) (60, -3.93263846635818481445e-01) (61, 7.96547591686248779297e-01) (62, -2.74177789688110351562e-01) (63, -1.27056872844696044922e+00) (64, -1.86851847171783447266e+00) (65, -1.20633818209171295166e-01) (66, -1.24025094509124755859e+00) (67, 1.80417001247406005859e+00) (68, -1.16924357414245605469e+00) (69, 8.90204906463623046875e-01) (70, 1.72529608011245727539e-01) (71, -3.24144482612609863281e-01) (72, 2.24431443214416503906e+00) (73, -1.89974558353424072266e+00) (74, -1.25205814838409423828e+00) (75, 1.07018744945526123047e+00) (76, -2.55398368835449218750e+00) (77, 4.62039589881896972656e-01) (78, -1.17619514465332031250e+00) (79, 4.84169340133666992188e+00) (80, -3.40910434722900390625e-01) (81, -6.33441865444183349609e-01) (82, -7.45738685131072998047e-01) (83, 2.55410528182983398438e+00) (84, 1.01127135753631591797e+00) (85, -1.89912796020507812500e+00) (86, -4.60367947816848754883e-01) (87, -1.60600006580352783203e-01) (88, 4.88158226013183593750e-01) (89, 1.42515122890472412109e+00) (90, -1.51297360658645629883e-01) (91, -7.58608400821685791016e-01) (92, 9.44159746170043945312e-01) (93, 8.84686470031738281250e-01) (94, -3.62584292888641357422e-01) (95, 7.26849198341369628906e-01) (96, -1.69705584645271301270e-01) (97, 2.51933073997497558594e+00) (98, 2.16476130485534667969e+00) (99, 1.13062107563018798828e+00) (100, -3.46396982669830322266e-01) (101, 3.47929668426513671875e+00) (102, -1.11637008190155029297e+00) (103, 3.30044913291931152344e+00) (104, 2.10717320442199707031e+00) (0, 1.49107910156250000000e+03) (1, 8.49595355987548828125e+00) (2, 1.79830849170684814453e+00) (3, 3.65694618225097656250e+00) (4, 1.84420669078826904297e+00) (5, 3.61773610115051269531e+00) (6, 1.27740275859832763672e+00) (7, -1.58417425155639648438e+01) (8, -5.48342971801757812500e+01) (9, 1.17804098129272460938e+00) (10, 1.34509384632110595703e+00) (11, 1.90462505817413330078e+00) (12, 1.13449811935424804688e+00) (13, 1.15225553512573242188e+00) (14, 1.14013719558715820312e+00) (15, 1.37299752235412597656e+00) (16, 1.23759305477142333984e+00) (17, 7.97713100910186767578e-01) (18, 1.36287784576416015625e+00) (19, 1.39774215221405029297e+00) (20, 1.29327499866485595703e+00) (21, 4.81532901525497436523e-01) (22, 1.53741216659545898438e+00) (23, 1.42577767372131347656e+00) (24, 9.87272441387176513672e-01) (25, 1.79154515266418457031e+00) (26, 1.31833887100219726562e+00) (27, 1.12825500965118408203e+00) (28, 1.03601694107055664062e+00) (29, 1.07006394863128662109e+00) (30, 1.20502448081970214844e+00) (31, 1.25840020179748535156e+00) (32, 1.43574213981628417969e+00) (33, 1.37601900100708007812e+00) (34, 1.67773818969726562500e+01) (35, 4.21311825513839721680e-01) (36, 7.83223092555999755859e-01) (37, 1.33055377006530761719e+00) (38, 1.38826191425323486328e+00) (39, 1.13320326805114746094e+00) (40, 1.30360412597656250000e+00) (41, 6.72228991985321044922e-01) (42, 5.29301762580871582031e-01) (43, 1.24192190170288085938e+00) (44, 1.15341210365295410156e+00) (45, 1.19466423988342285156e+00) (46, 2.01919031143188476562e+00) (47, -1.64744138717651367188e-01) (48, 1.76871347427368164062e+00) (49, 1.88111090660095214844e+00) (50, 1.21798920631408691406e+00) (51, 6.47523164749145507812e-01) (52, 1.33393764495849609375e+00) (53, 1.27299773693084716797e+00) (54, 1.20330154895782470703e+00) (55, 8.28280508518218994141e-01) (56, -7.88988418579101562500e+01) (57, 7.50943124294281005859e-01) (58, 9.14391458034515380859e-01) (59, 3.42612862586975097656e-01) (60, 2.04175162315368652344e+00) (61, 3.68145018815994262695e-01) (62, 1.28449118137359619141e+00) (63, 1.38297331333160400391e+00) (64, 6.90779566764831542969e-01) (65, 1.32163143157958984375e+00) (66, 1.76242768764495849609e+00) (67, 1.20242607593536376953e+00) (68, 1.49995007324218750000e+03) (69, 7.76208102703094482422e-01) (70, 8.21795284748077392578e-01) (71, 6.39553785324096679688e-01) (72, 6.90650999546051025391e-01) (73, 1.56072270870208740234e+00) (74, 1.14364922046661376953e+00) (75, 1.14589810371398925781e+00) (76, 1.92785167694091796875e+00) (77, 1.22685027122497558594e+00) (78, 5.25637507438659667969e-01) (79, 7.96099007129669189453e-01) (80, 1.88329780101776123047e+00) (81, 6.05891764163970947266e-01) (82, 4.63830441236495971680e-01) (83, 1.40426743030548095703e+00) (84, 8.46905410289764404297e-01) (85, 7.66830980777740478516e-01) (86, 1.91675686836242675781e+00) (87, 6.59613370895385742188e-01) (88, 8.58686268329620361328e-01) (89, 1.98552536964416503906e+00) (90, 7.01583564281463623047e-01) (91, 7.10753023624420166016e-01) (92, 1.21958684921264648438e+00) (93, 1.14220678806304931641e+00) (94, 1.76358234882354736328e+00) (95, 1.27482426166534423828e+00) (96, 4.74323362112045288086e-01) (97, 1.90928041934967041016e+00) (98, 1.38545334339141845703e+00) (99, 1.96838581562042236328e+00) (100, 1.88371086120605468750e+00) (101, 8.95602047443389892578e-01) (102, 1.18863606452941894531e+00) (103, 1.81691133975982666016e+00) (104, 6.08004450798034667969e-01) (0, 7.28675365447998046875e-01) (1, -4.74825233221054077148e-01) (2, 1.23911905288696289062e+00) (3, -4.32097852230072021484e-01) (4, -6.69715285301208496094e-01) (5, 7.63258039951324462891e-01) (6, -7.19794094562530517578e-01) (7, -6.66115224361419677734e-01) (8, -1.34988892078399658203e+00) (9, -7.54545986652374267578e-01) (10, -6.46780610084533691406e-01) (11, -3.48327100276947021484e-01) (12, -9.44177687168121337891e-01) (13, -3.45210403203964233398e-01) (14, -7.43880450725555419922e-01) (15, 7.64476895332336425781e-01) (16, 4.36843991279602050781e-01) (17, 8.08034479618072509766e-01) (18, 1.11343669891357421875e+00) (19, -4.93861854076385498047e-01) (20, 3.11566740274429321289e-01) (21, 6.61411523818969726562e-01) (22, -6.52125179767608642578e-01) (23, -2.60853350162506103516e-01) (24, -2.51912564039230346680e-01) (25, 8.27648580074310302734e-01) (26, 8.89658391475677490234e-01) (27, 1.99688696861267089844e+00) (28, -6.75822198390960693359e-01) (29, 5.28746724128723144531e-01) (30, -5.26218771934509277344e-01) (31, 1.18539071083068847656e+00) (32, 1.79211759567260742188e+00) (33, 7.15340347960591316223e-03) (34, -2.38227084279060363770e-01) (35, -1.55806995462626218796e-03) (36, 5.07799148559570312500e-01) (37, -1.21290099620819091797e+00) (38, -1.07879741117358207703e-02) (39, 3.89631241559982299805e-02) (40, 4.97190684080123901367e-01) (41, 3.23985755443572998047e-01) (42, 4.41672176122665405273e-01) (43, -7.86937057971954345703e-01) (44, 6.84858322143554687500e-01) (45, -3.68564963340759277344e-01) (46, 3.63228291273117065430e-01) (47, 1.37776243686676025391e+00) (48, 5.38708716630935668945e-02) (49, 3.83425876498222351074e-02) (50, -7.98658132553100585938e-01) (51, -7.06500649452209472656e-01) (52, -7.17925846576690673828e-01) (53, 1.22254049777984619141e+00) (54, -2.45477533340454101562e+00) (55, 3.86082559823989868164e-01) (56, 3.41366901993751525879e-02) (57, 6.87966406345367431641e-01) (58, -6.57888829708099365234e-01) (59, -2.36456394195556640625e-01) (60, -2.54522860050201416016e-01) (61, -1.11054837703704833984e+00) (62, -1.50276243686676025391e-01) (63, 1.88536906242370605469e+00) (64, -6.02482110261917114258e-02) (65, 5.52870452404022216797e-01) (66, 1.51228129863739013672e+00) (67, 1.01332414150238037109e+00) (68, 1.00413215160369873047e+00) (69, -6.21988356113433837891e-01) (70, 1.18365325033664703369e-01) (71, -7.16644406318664550781e-01) (72, -2.55906194448471069336e-01) (73, -9.00584995746612548828e-01) (74, -3.31727504730224609375e-01) (75, 1.21154272556304931641e+00) (76, 4.90031749010086059570e-01) (77, 5.34796059131622314453e-01) (78, -5.50731718540191650391e-01) (79, 3.87548059225082397461e-02) (80, -1.20343232154846191406e+00) (81, 2.03468665480613708496e-01) (82, 3.23962330818176269531e-01) (83, 1.58763265609741210938e+00) (84, -1.70020747464150190353e-03) (85, -4.83340680599212646484e-01) (86, 1.93089172244071960449e-01) (87, -6.53624296188354492188e-01) (88, 1.81255435943603515625e+00) (89, 9.29524004459381103516e-01) (90, 5.69052577018737792969e-01) (91, 1.95303356647491455078e+00) (92, -7.86698341369628906250e-01) (93, -6.38108193874359130859e-01) (94, 6.79961681365966796875e-01) (95, -1.39487594366073608398e-01) (96, -7.90077924728393554688e-01) (97, -8.52712571620941162109e-01) (98, 2.52253413200378417969e-02) (99, -6.67518004775047302246e-02) (100, 6.81966960430145263672e-01) (101, 4.57576185464859008789e-01) (102, -1.15777325630187988281e+00) (103, 3.52409672737121582031e+00) (104, 2.61790609359741210938e+00) (0, 1.48958787918090820312e+01) (1, 2.69164133071899414062e+00) (2, 8.72101545333862304688e-01) (3, 1.04063630104064941406e+00) (4, -5.84890544414520263672e-01) (5, 3.70183205604553222656e+00) (6, 5.52266120910644531250e-01) (7, -2.11123421788215637207e-01) (8, 2.12050986289978027344e+00) (9, -1.42726495862007141113e-01) (10, -4.46238756179809570312e+00) (11, -3.16524416208267211914e-01) (12, 6.25214576721191406250e-02) (13, -1.00500416755676269531e+00) (14, -6.05096518993377685547e-01) (15, 3.32298660278320312500e+00) (16, 6.24833941459655761719e-01) (17, -7.67728269100189208984e-01) (18, -1.86592504382133483887e-01) (19, 9.34760570526123046875e-01) (20, 2.89853781461715698242e-01) (21, 1.87369376420974731445e-01) (22, -5.89355409145355224609e-01) (23, 1.73800075054168701172e+00) (24, 2.11786246299743652344e+00) (25, -1.04541683197021484375e+00) (26, -7.42508351802825927734e-01) (27, -6.35693967342376708984e-02) (28, 2.28968024253845214844e+00) (29, -4.32838529348373413086e-01) (30, 2.49626564979553222656e+00) (31, -7.32687890529632568359e-01) (32, -6.64835512638092041016e-01) (33, 5.69117777049541473389e-02) (34, -1.17402158677577972412e-01) (35, 2.09050345420837402344e+00) (36, 4.11966502666473388672e-01) (37, -6.51335790753364562988e-02) (38, -4.18850660324096679688e+00) (39, -4.77433109283447265625e+00) (40, 7.97727167606353759766e-01) (41, 2.34440058469772338867e-01) (42, -3.14662829041481018066e-02) (43, 7.02473044395446777344e-01) (44, 2.14874291419982910156e+00) (45, -7.39649295806884765625e-01) (46, 9.38960552215576171875e-01) (47, 1.73915135860443115234e+00) (48, 9.50961291790008544922e-01) (49, 8.41482996940612792969e-01) (50, 8.09055745601654052734e-01) (51, 1.36770117282867431641e+00) (52, -6.62392437458038330078e-01) (53, 1.80241072177886962891e+00) (54, 2.03275680541992187500e+00) (55, 3.45741128921508789062e+00) (56, 1.23300027847290039062e+00) (57, -9.40257608890533447266e-02) (58, 1.41042852401733398438e+00) (59, 1.09195041656494140625e+00) (60, -5.08590400218963623047e-01) (61, 7.18504607677459716797e-01) (62, 7.68207386136054992676e-02) (63, -4.15206789970397949219e-01) (64, 1.34303510189056396484e-01) (65, -4.95171606540679931641e-01) (66, -1.48649215698242187500e-01) (67, -3.45580056309700012207e-02) (68, -5.61482794582843780518e-02) (69, 2.97594200819730758667e-02) (70, 7.48886168003082275391e-01) (71, 5.39479196071624755859e-01) (72, -7.59990960359573364258e-02) (73, -8.72539505362510681152e-02) (74, -4.97001826763153076172e-01) (75, -5.42908966541290283203e-01) (76, -5.03196120262145996094e-01) (77, -6.23478114604949951172e-01) (78, 6.05076551437377929688e-01) (79, -8.05749818682670593262e-02) (80, -5.69711804389953613281e-01) (81, -4.87700968980789184570e-01) (82, 5.92199862003326416016e-01) (83, -5.50057351589202880859e-01) (84, 3.15082445740699768066e-02) (85, -5.85470199584960937500e-01) (86, -7.36845493316650390625e-01) (87, -4.57738637924194335938e-02) (88, -4.20471757650375366211e-01) (89, -5.72240114212036132812e-01) (90, -6.12832605838775634766e-01) (91, -7.14055774733424186707e-03) (92, -4.89491432905197143555e-01) (93, -3.90315175056457519531e-01) (94, -6.73809349536895751953e-01) (95, -3.91272097826004028320e-01) (96, 1.52439683675765991211e-01) (97, -5.60748934745788574219e-01) (98, -5.51241040229797363281e-01) (99, -4.89417225122451782227e-01) (100, -5.78834176063537597656e-01) (101, -3.81612628698348999023e-01) (102, -8.83615732192993164062e-01) (103, 3.99397706985473632812e+00) (104, 2.42842388153076171875e+00) (0, -6.32505118846893310547e-01) (1, 6.67219758033752441406e-01) (2, 4.60410654544830322266e-01) (3, -1.04150164127349853516e+00) (4, -6.26613318920135498047e-01) (5, -8.59858751296997070312e-01) (6, 6.36230826377868652344e-01) (7, -1.09448242187500000000e+00) (8, -8.88006269931793212891e-01) (9, -1.10534772276878356934e-01) (10, -2.50273674726486206055e-01) (11, 6.04503750801086425781e-01) (12, -6.81642651557922363281e-01) (13, 1.58264562487602233887e-02) (14, -6.88251495361328125000e-01) (15, -4.47555959224700927734e-01) (16, -4.30212855339050292969e-01) (17, 9.04661774635314941406e-01) (18, 4.20674622058868408203e-01) (19, 1.42686593532562255859e+00) (20, 1.72723042964935302734e+00) (21, 7.62380599975585937500e-01) (22, -1.27474021911621093750e+00) (23, 1.63626050949096679688e+00) (24, -3.47279347479343414307e-02) (25, 1.55368566513061523438e+00) (26, -1.16745162010192871094e+00) (27, 2.37882539629936218262e-01) (28, -8.05708110332489013672e-01) (29, -1.40497773885726928711e-01) (30, -4.54247325658798217773e-01) (31, -5.34874975681304931641e-01) (32, 2.03887343406677246094e+00) (33, 1.45638537406921386719e+00) (34, 8.34245920181274414062e-01) (35, -4.07705664634704589844e-01) (36, 1.88888382911682128906e+00) (37, -2.58899796754121780396e-02) (38, 3.81597936153411865234e-01) (39, -6.30189597606658935547e-01) (40, -5.00702142715454101562e-01) (41, 2.10813879966735839844e+00) (42, -7.78114274144172668457e-02) (43, 1.54572999477386474609e+00) (44, 9.53852534294128417969e-01) (45, -3.41549634933471679688e-01) (46, 2.82068562507629394531e+00) (47, 2.21632027626037597656e+00) (48, 1.24136543273925781250e+00) (49, -5.91119170188903808594e-01) (50, -9.00007903575897216797e-01) (51, -3.99075835943222045898e-01) (52, 1.15318810939788818359e+00) (53, -8.53537917137145996094e-01) (54, -5.21770715713500976562e-01) (55, 7.29309201240539550781e-01) (56, 1.23892998695373535156e+00) (57, -4.79253306984901428223e-02) (58, 1.40904057770967483521e-02) (59, -2.32219547033309936523e-02) (60, -8.20155814290046691895e-02) (61, 9.12978291511535644531e-01) (62, 7.12469100952148437500e-01) (63, 1.28175288438796997070e-01) (64, -5.30499696731567382812e-01) (65, -1.31069710478186607361e-02) (66, 1.61484754085540771484e+00) (67, -2.90057241916656494141e-01) (68, 1.29896628856658935547e+00) (69, -7.93439328670501708984e-01) (70, -7.37338960170745849609e-01) (71, -7.28881537914276123047e-01) (72, -1.09946298599243164062e+00) (73, -5.20068764686584472656e-01) (74, 9.81533229351043701172e-02) (75, -1.20065756142139434814e-01) (76, 2.69950211048126220703e-01) (77, -7.06902325153350830078e-01) (78, 2.26837813854217529297e-01) (79, -8.66559743881225585938e-02) (80, 4.73872601985931396484e-01) (81, -8.58175940811634063721e-03) (82, 2.32505947351455688477e-01) (83, 1.02058899402618408203e+00) (84, 8.70446205139160156250e-01) (85, -8.72479021549224853516e-01) (86, -8.87314558029174804688e-01) (87, -6.93111717700958251953e-01) (88, -1.75332441926002502441e-01) (89, 4.10766720771789550781e-01) (90, -5.40508747100830078125e-01) (91, -1.29000473022460937500e+00) (92, -5.99717795848846435547e-01) (93, -7.72223472595214843750e-01) (94, -8.80536258220672607422e-01) (95, 7.16086447238922119141e-01) (96, -4.37422469258308410645e-02) (97, -7.90167212486267089844e-01) (98, -8.43671798706054687500e-01) (99, 1.64688563346862792969e+00) (100, -8.82026433944702148438e-01) (101, -9.92661789059638977051e-02) (102, -3.04556369781494140625e-01) (103, 2.57180738449096679688e+00) (104, 2.65778708457946777344e+00) (0, 5.12817764282226562500e+01) (1, 9.00329303741455078125e+00) (2, 2.41878557205200195312e+00) (3, 4.81326389312744140625e+00) (4, 2.72685003280639648438e+00) (5, 4.08533048629760742188e+00) (6, 1.83692348003387451172e+00) (7, -1.48930110931396484375e+01) (8, -5.15590143203735351562e+00) (9, 1.61679947376251220703e+00) (10, 1.32345330715179443359e+00) (11, 2.52098631858825683594e+00) (12, 1.35725796222686767578e+00) (13, 1.86066043376922607422e+00) (14, 2.48544955253601074219e+00) (15, 2.61041378974914550781e+00) (16, 2.41109967231750488281e+00) (17, 1.62530422210693359375e+00) (18, 2.09122300148010253906e+00) (19, 1.66461753845214843750e+00) (20, 1.34773707389831542969e+00) (21, 1.09503984451293945312e+00) (22, 2.31412005424499511719e+00) (23, 1.87564516067504882812e+00) (24, 1.73790085315704345703e+00) (25, 2.59290862083435058594e+00) (26, 2.07255101203918457031e+00) (27, 1.94675779342651367188e+00) (28, 1.23146641254425048828e+00) (29, 1.98130190372467041016e+00) (30, 1.92993652820587158203e+00) (31, 1.88407325744628906250e+00) (32, 1.71502387523651123047e+00) (33, 1.50362682342529296875e+00) (34, 1.75600891113281250000e+01) (35, 8.66159737110137939453e-01) (36, 1.46881294250488281250e+00) (37, 2.02923130989074707031e+00) (38, 2.06389307975769042969e+00) (39, 1.81232929229736328125e+00) (40, 1.48147237300872802734e+00) (41, 8.44285786151885986328e-01) (42, 1.24568307399749755859e+00) (43, 2.02361726760864257812e+00) (44, 1.79518401622772216797e+00) (45, 1.94396114349365234375e+00) (46, 1.96978461742401123047e+00) (47, -2.49033182859420776367e-01) (48, 2.66488647460937500000e+00) (49, 2.19815921783447265625e+00) (50, 2.00135850906372070312e+00) (51, 1.51129913330078125000e+00) (52, 1.97763121128082275391e+00) (53, 1.86240243911743164062e+00) (54, 2.31607580184936523438e+00) (55, 7.99288570880889892578e-01) (56, -8.74588699340820312500e+01) (57, 1.47698342800140380859e+00) (58, 1.49845707416534423828e+00) (59, 4.12116557359695434570e-01) (60, 2.57971620559692382812e+00) (61, -5.04518222808837890625e+00) (62, 2.03727054595947265625e+00) (63, 2.61991214752197265625e+00) (64, 1.33421933650970458984e+00) (65, 2.64826583862304687500e+00) (66, 2.30504202842712402344e+00) (67, 1.19324147701263427734e+00) (68, 1.08419122695922851562e+01) (69, 1.79629445075988769531e+00) (70, 1.97703397274017333984e+00) (71, 1.81056416034698486328e+00) (72, 1.94896900653839111328e+00) (73, 2.66805624961853027344e+00) (74, 2.35657739639282226562e+00) (75, 1.45513677597045898438e+00) (76, 2.61191129684448242188e+00) (77, 2.46758723258972167969e+00) (78, -1.74139690399169921875e+01) (79, 1.76600193977355957031e+00) (80, 2.48629856109619140625e+00) (81, 1.83518481254577636719e+00) (82, 1.88571536540985107422e+00) (83, 2.10134387016296386719e+00) (84, 1.83733046054840087891e+00) (85, 2.13322210311889648438e+00) (86, 2.54412889480590820312e+00) (87, 1.68582487106323242188e+00) (88, 1.39460420608520507812e+00) (89, 2.49490165710449218750e+00) (90, 2.03933644294738769531e+00) (91, 1.92128837108612060547e+00) (92, 2.42940855026245117188e+00) (93, 2.49421668052673339844e+00) (94, 2.63945341110229492188e+00) (95, 2.38188862800598144531e+00) (96, 1.61822330951690673828e+00) (97, 2.59753060340881347656e+00) (98, 2.56056022644042968750e+00) (99, 2.60879540443420410156e+00) (100, 2.56823563575744628906e+00) (101, 2.01440668106079101562e+00) (102, 3.73980808258056640625e+00) (103, -1.54506039619445800781e+00) (104, -6.42591178417205810547e-01) (0, -2.63729095458984375000e+01) (1, -8.33090782165527343750e+00) (2, -2.33923658728599548340e-01) (3, 7.56552815437316894531e-01) (4, 5.20074427127838134766e-01) (5, 4.02876377105712890625e+00) (6, 3.87984752655029296875e-01) (7, 2.91834974288940429688e+00) (8, 4.41518497467041015625e+00) (9, 1.07196688652038574219e+00) (10, 2.23791074752807617188e+00) (11, 2.04780817031860351562e+00) (12, 1.65976428985595703125e+00) (13, 1.54296398162841796875e+00) (14, 1.52669548988342285156e+00) (15, 5.03177404403686523438e-01) (16, 2.05856966972351074219e+00) (17, 9.86749887466430664062e-01) (18, 2.11238288879394531250e+00) (19, 1.82852506637573242188e+00) (20, 1.11624336242675781250e+00) (21, 3.59210520982742309570e-01) (22, 2.17034888267517089844e+00) (23, 2.02833604812622070312e+00) (24, 4.12611782550811767578e-01) (25, 1.64577913284301757812e+00) (26, 9.73400890827178955078e-01) (27, 8.79044651985168457031e-01) (28, 1.78847563266754150391e+00) (29, 1.75140607357025146484e+00) (30, 1.61916494369506835938e+00) (31, 8.84841740131378173828e-01) (32, 1.77336132526397705078e+00) (33, 4.78718787431716918945e-01) (34, -3.53608417510986328125e+00) (35, 2.19074654579162597656e+00) (36, 1.26785099506378173828e-01) (37, 1.58428996801376342773e-01) (38, 1.29078316688537597656e+00) (39, 1.08908188343048095703e+00) (40, -2.27325573563575744629e-01) (41, 1.37292528152465820312e+00) (42, 1.11758875846862792969e+00) (43, 1.04463303089141845703e+00) (44, 9.99813973903656005859e-01) (45, 1.98132538795471191406e+00) (46, 4.04683411121368408203e-01) (47, -1.34287580847740173340e-01) (48, 3.40137898921966552734e-01) (49, 1.18549680709838867188e+00) (50, 1.26123070716857910156e+00) (51, -2.43098676204681396484e-01) (52, -9.47861522436141967773e-02) (53, 1.25642395019531250000e+00) (54, -2.85959422588348388672e-01) (55, 4.76337957382202148438e+00) (56, 1.20758330821990966797e+00) (57, 1.38753604888916015625e+00) (58, 1.84098839759826660156e+00) (59, 1.32762014865875244141e+00) (60, 1.80516505241394042969e+00) (61, 2.44462609291076660156e+00) (62, 1.55293667316436767578e+00) (63, 5.52645385265350341797e-01) (64, 1.48346185684204101562e+00) (65, -2.19392850995063781738e-01) (66, 1.47821426391601562500e+00) (67, -1.92062273621559143066e-01) (68, -3.74945968389511108398e-01) (69, -1.04761540889739990234e-01) (70, 3.65673124790191650391e-01) (71, 3.00548744201660156250e+00) (72, 4.51624169945716857910e-02) (73, 2.78537964820861816406e+00) (74, -2.48540580272674560547e-01) (75, 1.43161201477050781250e+00) (76, -3.07535648345947265625e-01) (77, -3.09315770864486694336e-01) (78, 2.28799611330032348633e-01) (79, 8.39729785919189453125e-01) (80, -2.23824799060821533203e-01) (81, 5.13865470886230468750e-01) (82, -1.84156492352485656738e-01) (83, 2.48051285743713378906e-01) (84, 9.74124968051910400391e-02) (85, -1.28432735800743103027e-01) (86, -1.30596414208412170410e-01) (87, 8.33558797836303710938e-01) (88, 1.84580600261688232422e+00) (89, 1.56533122062683105469e-01) (90, 3.97333502769470214844e-01) (91, 7.80702009797096252441e-02) (92, -2.60864585638046264648e-01) (93, -3.25857162475585937500e-01) (94, -1.72485411167144775391e-01) (95, -4.15244251489639282227e-02) (96, 9.62500095367431640625e-01) (97, -2.51866519451141357422e-01) (98, -2.86969423294067382812e-01) (99, -2.99821078777313232422e-01) (100, -2.60275840759277343750e-01) (101, 2.14579790830612182617e-01) (102, 3.41359913349151611328e-01) (103, 2.63675260543823242188e+00) (104, 2.24592924118041992188e+00) (0, 3.84496612548828125000e+01) (1, 8.91272735595703125000e+00) (2, 2.24651122093200683594e+00) (3, 4.45217990875244140625e+00) (4, 2.49226927757263183594e+00) (5, 3.97399711608886718750e+00) (6, 1.52238225936889648438e+00) (7, 2.06554603576660156250e+00) (8, 5.58509588241577148438e-01) (9, 2.56266921758651733398e-01) (10, 3.60991030931472778320e-01) (11, 2.76325082778930664062e+00) (12, 3.79922181367874145508e-01) (13, 9.55465495586395263672e-01) (14, 1.05509507656097412109e+00) (15, 1.22454714775085449219e+00) (16, 1.04781770706176757812e+00) (17, 7.31970489025115966797e-01) (18, 1.01818466186523437500e+00) (19, 7.24555790424346923828e-01) (20, 9.82150971889495849609e-01) (21, 2.33043178915977478027e-01) (22, 1.56428503990173339844e+00) (23, 8.09923946857452392578e-01) (24, 9.91601526737213134766e-01) (25, 1.87625920772552490234e+00) (26, 1.29291880130767822266e+00) (27, 1.24703907966613769531e+00) (28, 7.96907067298889160156e-01) (29, 1.28888428211212158203e+00) (30, 1.24346280097961425781e+00) (31, 1.33781993389129638672e+00) (32, 1.43563568592071533203e+00) (33, 1.29162025451660156250e+00) (34, 1.79120368957519531250e+01) (35, 6.02220773696899414062e-01) (36, 8.71839940547943115234e-01) (37, 1.87302398681640625000e+00) (38, 1.44588005542755126953e+00) (39, 1.16798305511474609375e+00) (40, 7.30955660343170166016e-01) (41, 3.87004524469375610352e-01) (42, 3.85650426149368286133e-01) (43, 1.42336094379425048828e+00) (44, 1.09424316883087158203e+00) (45, 1.24829995632171630859e+00) (46, 1.35420668125152587891e+00) (47, -5.08838057518005371094e-01) (48, 1.86356239318847656250e+01) (49, 1.31635415554046630859e+00) (50, 1.08794617652893066406e+00) (51, 4.46918636560440063477e-01) (52, 1.20623731613159179688e+00) (53, 8.90270769596099853516e-01) (54, 7.96430170536041259766e-01) (55, 2.18943223357200622559e-01) (56, -8.83689575195312500000e+01) (57, 5.29539644718170166016e-01) (58, 4.92481499910354614258e-01) (59, -5.06058000028133392334e-02) (60, 1.63501417636871337891e+00) (61, -5.09643852710723876953e-01) (62, 6.60187602043151855469e-01) (63, 1.20908343791961669922e+00) (64, 5.10205090045928955078e-01) (65, 1.07148647308349609375e+00) (66, 9.54109728336334228516e-01) (67, 4.58310693502426147461e-01) (68, 7.80540049076080322266e-01) (69, 3.24789017438888549805e-01) (70, 1.55394446849822998047e+00) (71, 4.43864673376083374023e-01) (72, 3.63437145948410034180e-01) (73, 1.15881085395812988281e+00) (74, 9.24324572086334228516e-01) (75, 5.79378306865692138672e-01) (76, 1.38246750831604003906e+00) (77, 9.66538488864898681641e-01) (78, 3.23147684335708618164e-01) (79, 4.93824988603591918945e-01) (80, 1.49706304073333740234e+00) (81, 3.78284484148025512695e-01) (82, 1.36833810806274414062e+00) (83, 8.30498874187469482422e-01) (84, 3.43739598989486694336e-01) (85, 4.77953940629959106445e-01) (86, 1.45700156688690185547e+00) (87, 1.81187257170677185059e-01) (88, 5.77943623065948486328e-01) (89, 1.28293120861053466797e+00) (90, 5.38103401660919189453e-01) (91, 8.18429052829742431641e-01) (92, 1.29267084598541259766e+00) (93, 1.09731352329254150391e+00) (94, 2.61380171775817871094e+00) (95, 9.34636175632476806641e-01) (96, 2.87805229425430297852e-01) (97, 1.31926918029785156250e+00) (98, 1.42389595508575439453e+00) (99, 1.56971657276153564453e+00) (100, 1.58926773071289062500e+00) (101, 9.10072863101959228516e-01) (102, 3.69949078559875488281e+00) (103, -1.35534369945526123047e+00) (104, 4.44507747888565063477e-01) (0, -1.12650191783905029297e+00) (1, -1.35676109790802001953e+00) (2, 6.57960921525955200195e-02) (3, -4.98162269592285156250e+00) (4, -3.69940251111984252930e-01) (5, 3.86470961570739746094e+00) (6, -7.04825818538665771484e-01) (7, -5.27578735351562500000e+00) (8, 1.26750135421752929688e+01) (9, 2.03261327743530273438e+00) (10, -1.04628813266754150391e+00) (11, -9.59140285849571228027e-02) (12, 1.01787197589874267578e+00) (13, 1.77778497338294982910e-01) (14, -4.04135584831237792969e-01) (15, 1.27172505855560302734e+00) (16, -2.19039392471313476562e+00) (17, -1.26031064987182617188e+00) (18, -6.02660365402698516846e-02) (19, 5.81569314002990722656e-01) (20, -2.14525508880615234375e+00) (21, -1.15872390568256378174e-01) (22, -1.03308820724487304688e+00) (23, 9.56094324588775634766e-01) (24, -1.64995551109313964844e+00) (25, 9.93932485580444335938e-01) (26, 1.16129672527313232422e+00) (27, -8.73088359832763671875e-01) (28, 5.71213424205780029297e-01) (29, -4.44685363769531250000e+00) (30, 2.44523620605468750000e+00) (31, 3.03368140012025833130e-02) (32, -7.04759597778320312500e-01) (33, -6.76031410694122314453e-01) (34, -2.45860815048217773438e-01) (35, 6.56982660293579101562e-01) (36, -2.28544306755065917969e+00) (37, 3.29987704753875732422e-01) (38, 1.32984220981597900391e+00) (39, -9.41774427890777587891e-01) (40, -2.54100710153579711914e-01) (41, 3.46990299224853515625e+00) (42, -1.64493307471275329590e-01) (43, -6.99512541294097900391e-01) (44, -1.40077567100524902344e+00) (45, 9.43772852420806884766e-01) (46, 5.32560873031616210938e+00) (47, 4.92313718795776367188e+00) (48, -3.56416177749633789062e+00) (49, 2.70140933990478515625e+00) (50, 1.79351389408111572266e+00) (51, 6.23191893100738525391e-01) (52, -2.30453991889953613281e+00) (53, -9.71521794795989990234e-01) (54, -7.65626788139343261719e-01) (55, 1.41278040409088134766e+00) (56, -2.36933183670043945312e+00) (57, -4.23147058486938476562e+00) (58, 1.74706697463989257812e+00) (59, -5.70925235748291015625e-01) (60, -2.50942856073379516602e-01) (61, 2.06482458114624023438e+00) (62, -1.22575688362121582031e+00) (63, 5.71888208389282226562e-01) (64, -4.86482799053192138672e-01) (65, -1.31302237510681152344e-01) (66, 1.81567037105560302734e+00) (67, 1.87413454055786132812e-01) (68, -6.63446068763732910156e-01) (69, 1.08263516426086425781e+00) (70, -9.31579768657684326172e-01) (71, 1.92576801776885986328e+00) (72, -4.20852959156036376953e-01) (73, -1.09209096431732177734e+00) (74, 2.83821433782577514648e-01) (75, -7.80831038951873779297e-01) (76, -3.38416695594787597656e-01) (77, 9.14144992828369140625e-01) (78, 1.04399248957633972168e-01) (79, 1.35119736194610595703e+00) (80, -1.12418480217456817627e-01) (81, 2.69054025411605834961e-01) (82, -7.81476497650146484375e-01) (83, 1.01947295665740966797e+00) (84, -5.97969055175781250000e-01) (85, 1.69705069065093994141e+00) (86, -3.32900881767272949219e-01) (87, 9.06604766845703125000e-01) (88, -8.65194201469421386719e-01) (89, -1.78682243824005126953e+00) (90, -8.78199577331542968750e-01) (91, -5.79970479011535644531e-01) (92, -8.03048133850097656250e-01) (93, 5.14837145805358886719e-01) (94, 4.64132249355316162109e-01) (95, 6.40753209590911865234e-01) (96, -9.53650474548339843750e-01) (97, -2.90918648242950439453e-02) (98, 7.41686820983886718750e-02) (99, -2.23262771964073181152e-01) (100, 4.73341494798660278320e-01) (101, 1.88822567462921142578e+00) (102, 1.72090756893157958984e+00) (103, 1.48492276668548583984e-01) (104, 1.36015319824218750000e+00) (0, 3.29654693603515625000e+01) (1, 5.54253053665161132812e+00) (2, 1.00820553302764892578e+00) (3, 4.61743974685668945312e+00) (4, 2.60773491859436035156e+00) (5, 4.05469036102294921875e+00) (6, 1.29936349391937255859e+00) (7, -2.30053138732910156250e+01) (8, -1.38205066323280334473e-01) (9, 1.08550822734832763672e+00) (10, 1.36639559268951416016e+00) (11, 7.31409549713134765625e+00) (12, 1.16705644130706787109e+00) (13, 3.12655019760131835938e+00) (14, 1.29050338268280029297e+00) (15, 1.48999297618865966797e+00) (16, 1.17399907112121582031e+00) (17, 9.06407296657562255859e-01) (18, 1.06078386306762695312e+00) (19, 9.28309261798858642578e-01) (20, 9.61470663547515869141e-01) (21, -2.12170302867889404297e-01) (22, 2.22464489936828613281e+00) (23, 1.69264626502990722656e+00) (24, 8.46337974071502685547e-01) (25, 1.62777304649353027344e+00) (26, 1.32708799839019775391e+00) (27, 1.18202579021453857422e+00) (28, 9.72606003284454345703e-01) (29, 1.15746295452117919922e+00) (30, 1.25434327125549316406e+00) (31, 1.21877694129943847656e+00) (32, 1.60001981258392333984e+00) (33, 1.99255621433258056641e+00) (34, 1.75438747406005859375e+01) (35, 4.57187741994857788086e-01) (36, 8.08255374431610107422e-01) (37, 1.95784699916839599609e+00) (38, 1.58494853973388671875e+00) (39, 1.18175888061523437500e+00) (40, 1.98230838775634765625e+00) (41, 3.33699631690979003906e+00) (42, 4.71007972955703735352e-01) (43, 2.68562197685241699219e+00) (44, 8.59397947788238525391e-01) (45, 1.33413398265838623047e+00) (46, 1.42625534534454345703e+00) (47, -8.72203409671783447266e-02) (48, 2.57662892341613769531e+00) (49, 1.38588786125183105469e+00) (50, 1.24625098705291748047e+00) (51, 8.02662074565887451172e-01) (52, 1.99209368228912353516e+00) (53, 1.16048586368560791016e+00) (54, 1.83850669860839843750e+00) (55, 1.13215911388397216797e+00) (56, -8.84247360229492187500e+01) (57, 7.56073534488677978516e-01) (58, 5.75575292110443115234e-01) (59, 2.92664557695388793945e-01) (60, 1.51099324226379394531e+00) (61, 4.13766294717788696289e-01) (62, 8.72795999050140380859e-01) (63, 1.37921953201293945312e+00) (64, 7.84359872341156005859e-01) (65, 1.33270943164825439453e+00) (66, 1.50336539745330810547e+00) (67, 1.58889019489288330078e+00) (68, -3.73908966779708862305e-01) (69, 6.72636628150939941406e-01) (70, 5.82711577415466308594e-01) (71, 1.74014759063720703125e+00) (72, 6.33185029029846191406e-01) (73, 1.21229672431945800781e+00) (74, 1.14994668960571289062e+00) (75, 1.39287662506103515625e+00) (76, 2.12670445442199707031e+00) (77, 1.24050998687744140625e+00) (78, 5.12779951095581054688e-01) (79, 6.40160441398620605469e-01) (80, 2.02171850204467773438e+00) (81, 6.25624597072601318359e-01) (82, 3.44533294439315795898e-01) (83, 9.24302041530609130859e-01) (84, 5.93036293983459472656e-01) (85, 7.29840219020843505859e-01) (86, 1.35508227348327636719e+00) (87, 5.32506227493286132812e-01) (88, 5.71520805358886718750e-01) (89, 1.99022126197814941406e+00) (90, 7.80008733272552490234e-01) (91, 8.13451826572418212891e-01) (92, 1.25754570960998535156e+00) (93, 1.26861941814422607422e+00) (94, 1.35850846767425537109e+00) (95, 1.08928763866424560547e+00) (96, 5.05973577499389648438e-01) (97, 1.26338851451873779297e+00) (98, 1.32876610755920410156e+00) (99, 1.34216189384460449219e+00) (100, 1.45881521701812744141e+00) (101, 7.84988224506378173828e-01) (102, 3.63733243942260742188e+00) (103, -1.45446312427520751953e+00) (104, 6.37445807456970214844e-01) (0, -2.96096539497375488281e+00) (1, -1.05657374858856201172e+00) (2, 7.69737660884857177734e-01) (3, 3.03512752056121826172e-01) (4, 1.98555812239646911621e-01) (5, 9.48242768645286560059e-02) (6, 5.04927039146423339844e-01) (7, -4.98341178894042968750e+00) (8, -1.58251207321882247925e-02) (9, 2.11164927482604980469e+00) (10, -1.01993358135223388672e+00) (11, 2.61243551969528198242e-01) (12, 9.14508163928985595703e-01) (13, -3.59895706176757812500e-01) (14, 8.85672569274902343750e-01) (15, -3.96346777677536010742e-01) (16, 3.44022393226623535156e-01) (17, -8.42042565345764160156e-01) (18, 8.14300104975700378418e-02) (19, -1.14175331592559814453e+00) (20, 7.06472337245941162109e-01) (21, -1.56344436109066009521e-02) (22, 1.63042521476745605469e+00) (23, 1.45142388343811035156e+00) (24, 1.84649825096130371094e+00) (25, -1.59692025184631347656e+00) (26, -1.31456542015075683594e+00) (27, -2.20386147499084472656e+00) (28, -3.72586250305175781250e-02) (29, -1.47694790363311767578e+00) (30, 9.05780076980590820312e-01) (31, 2.37158998847007751465e-01) (32, 1.10774767398834228516e+00) (33, 1.26303195953369140625e+00) (34, 9.57390069961547851562e-01) (35, -9.33679193258285522461e-02) (36, 3.17435240745544433594e+00) (37, -1.40599682927131652832e-01) (38, -4.57398593425750732422e-02) (39, 1.16017937660217285156e+00) (40, -1.05021429061889648438e+00) (41, 1.84453117847442626953e+00) (42, -2.02085828781127929688e+00) (43, 1.82156050205230712891e+00) (44, 4.50855642557144165039e-01) (45, 1.01625597476959228516e+00) (46, 1.44924128055572509766e+00) (47, 6.77475357055664062500e+00) (48, -2.13055062294006347656e+00) (49, -5.09412467479705810547e-01) (50, 1.10188508033752441406e+00) (51, 4.18970376253128051758e-01) (52, 2.88133215904235839844e+00) (53, -2.03393888473510742188e+00) (54, 2.61920094490051269531e-02) (55, 1.75458490848541259766e+00) (56, -2.92118382453918457031e+00) (57, -1.60709723830223083496e-01) (58, -1.33539581298828125000e+00) (59, 5.20409822463989257812e-01) (60, -7.15727150440216064453e-01) (61, 1.28704059123992919922e+00) (62, -1.49426147341728210449e-01) (63, 8.05610120296478271484e-01) (64, -4.36033636331558227539e-01) (65, -9.45128202438354492188e-01) (66, 2.37764859199523925781e+00) (67, -4.44508361816406250000e+00) (68, -9.18191015720367431641e-01) (69, -1.00921940803527832031e+00) (70, -8.59425008296966552734e-01) (71, -5.68753778934478759766e-01) (72, 3.13938713073730468750e+00) (73, 2.26642775535583496094e+00) (74, -1.16494572162628173828e+00) (75, -6.75730109214782714844e-01) (76, -2.74927568435668945312e+00) (77, -9.89163994789123535156e-01) (78, 6.56099498271942138672e-01) (79, -8.22094082832336425781e-01) (80, 1.98345994949340820312e+00) (81, 3.58618050813674926758e-01) (82, 1.12488555908203125000e+00) (83, -1.50041818618774414062e+00) (84, 3.42266607284545898438e+00) (85, -1.36849284172058105469e-01) (86, -7.10307955741882324219e-01) (87, -6.32133662700653076172e-01) (88, -6.68962359428405761719e-01) (89, 1.35178128257393836975e-02) (90, -2.46384754776954650879e-01) (91, -3.79005384445190429688e+00) (92, 4.53823478892445564270e-03) (93, 5.93573033809661865234e-01) (94, -1.32950708270072937012e-01) (95, 1.59440970420837402344e+00) (96, -8.10308933258056640625e-01) (97, 1.57231807708740234375e+00) (98, 5.23015260696411132812e-01) (99, 2.20545959472656250000e+00) (100, -7.61327981948852539062e-01) (101, 5.46989381313323974609e-01) (102, 1.43333613872528076172e+00) (103, 6.07045114040374755859e-01) (104, 2.72882556915283203125e+00) (0, 1.05590789794921875000e+02) (1, 9.13271045684814453125e+00) (2, 2.52929615974426269531e+00) (3, 4.91251707077026367188e+00) (4, 2.69389677047729492188e+00) (5, 4.27078294754028320312e+00) (6, 1.88393557071685791016e+00) (7, -1.63341197967529296875e+01) (8, -1.63316726684570312500e+01) (9, 1.86740028858184814453e+00) (10, 6.51522040367126464844e-01) (11, 9.86946678161621093750e+00) (12, 7.97375977039337158203e-01) (13, 2.30263185501098632812e+00) (14, 2.41827416419982910156e+00) (15, 2.73766231536865234375e+00) (16, 2.47578239440917968750e+00) (17, 1.01862156391143798828e+00) (18, 1.52265512943267822266e+00) (19, 1.08638262748718261719e+00) (20, 1.15396046638488769531e+00) (21, 3.64755660295486450195e-01) (22, 1.52928662300109863281e+00) (23, 1.03329396247863769531e+00) (24, 1.01583456993103027344e+00) (25, 1.94530522823333740234e+00) (26, 1.40805935859680175781e+00) (27, 1.38613522052764892578e+00) (28, 9.55407679080963134766e-01) (29, 1.35606777667999267578e+00) (30, 1.27584195137023925781e+00) (31, 1.37028503417968750000e+00) (32, 1.62631070613861083984e+00) (33, 1.36968541145324707031e+00) (34, 1.67383460998535156250e+01) (35, 3.99850338697433471680e-01) (36, 5.28778493404388427734e-01) (37, 2.05450487136840820312e+00) (38, 1.59169685840606689453e+00) (39, 1.17062020301818847656e+00) (40, 8.44252884387969970703e-01) (41, -1.63699913024902343750e+00) (42, 7.85902440547943115234e-01) (43, 1.56147897243499755859e+00) (44, 1.10572302341461181641e+00) (45, 1.35138666629791259766e+00) (46, 2.89718002080917358398e-01) (47, -9.06307816505432128906e-01) (48, 2.49267148971557617188e+00) (49, 1.53909671306610107422e+00) (50, 1.20835149288177490234e+00) (51, 9.50646817684173583984e-01) (52, 1.43753623962402343750e+00) (53, 1.34045016765594482422e+00) (54, 2.33278465270996093750e+00) (55, 6.87480092048645019531e-01) (56, -8.81268310546875000000e+01) (57, 9.77861225605010986328e-01) (58, 9.24640357494354248047e-01) (59, 3.52611631155014038086e-01) (60, 2.80830383300781250000e+00) (61, -4.97629833221435546875e+00) (62, 2.06918716430664062500e+00) (63, 2.72928881645202636719e+00) (64, 7.26448714733123779297e-01) (65, 2.59940385818481445312e+00) (66, 2.18017029762268066406e+00) (67, 8.92602145671844482422e-01) (68, 1.61295944213867187500e+02) (69, 1.87736773490905761719e+00) (70, 2.00887632369995117188e+00) (71, 1.96818256378173828125e+00) (72, 1.80634355545043945312e+00) (73, 2.81348347663879394531e+00) (74, 2.32575702667236328125e+00) (75, 8.88497531414031982422e-01) (76, 2.61804676055908203125e+00) (77, 2.42982411384582519531e+00) (78, -2.48370132446289062500e+01) (79, 1.98109495639801025391e+00) (80, 2.49716281890869140625e+00) (81, 1.79939627647399902344e+00) (82, 1.66006600856781005859e+00) (83, 2.02246570587158203125e+00) (84, 1.89894592761993408203e+00) (85, 2.12214064598083496094e+00) (86, 2.48214316368103027344e+00) (87, 1.78494274616241455078e+00) (88, 7.00670778751373291016e-01) (89, 2.54857087135314941406e+00) (90, 2.05792117118835449219e+00) (91, 1.99259948730468750000e+00) (92, 2.38110208511352539062e+00) (93, 2.67499852180480957031e+00) (94, 2.76770591735839843750e+00) (95, 2.55326724052429199219e+00) (96, 1.75384485721588134766e+00) (97, 2.56765198707580566406e+00) (98, 2.69068527221679687500e+00) (99, 2.65559649467468261719e+00) (100, 2.65797758102416992188e+00) (101, 2.08310842514038085938e+00) (102, 3.45703864097595214844e+00) (103, -1.11282587051391601562e+00) (104, -6.88506662845611572266e-01) (0, 2.33492255210876464844e+00) (1, 7.12877929210662841797e-01) (2, -3.15597206354141235352e-01) (3, -4.66431558132171630859e-01) (4, 7.19383955001831054688e-01) (5, -9.43700551986694335938e-01) (6, 7.01372802257537841797e-01) (7, 9.84250456094741821289e-02) (8, -5.39207839965820312500e+00) (9, -7.29916334152221679688e-01) (10, 3.50116580724716186523e-01) (11, 9.13102924823760986328e-01) (12, -7.26365327835083007812e-01) (13, 1.33059096336364746094e+00) (14, 7.33179032802581787109e-01) (15, -4.45402860641479492188e-01) (16, 8.88737022876739501953e-01) (17, -7.89072334766387939453e-01) (18, -9.97954368591308593750e-01) (19, 1.31071209907531738281e+00) (20, 1.12440788745880126953e+00) (21, -2.50126868486404418945e-01) (22, 2.95171514153480529785e-02) (23, 7.59259760379791259766e-01) (24, 8.29092919826507568359e-01) (25, -4.64076161384582519531e-01) (26, 8.42729449272155761719e-01) (27, -7.28713512420654296875e-01) (28, 6.24408200383186340332e-02) (29, -1.39284193515777587891e-01) (30, 1.43998250365257263184e-01) (31, -5.34071445465087890625e-01) (32, -4.16664451360702514648e-01) (33, 8.50548148155212402344e-01) (34, 2.82261461019515991211e-01) (35, -2.84161686897277832031e-01) (36, 6.98226153850555419922e-01) (37, -3.71366649866104125977e-01) (38, 7.87311255931854248047e-01) (39, -8.07310342788696289062e-02) (40, -7.09564149379730224609e-01) (41, 2.13143035769462585449e-01) (42, -1.88601538538932800293e-01) (43, -2.43051618337631225586e-01) (44, -5.81934809684753417969e-01) (45, 6.45718812942504882812e-01) (46, 4.18730705976486206055e-01) (47, -6.94211184978485107422e-01) (48, 1.19411396980285644531e+00) (49, -7.34239071607589721680e-02) (50, 4.96327847242355346680e-01) (51, -7.22985267639160156250e-01) (52, -1.75913825631141662598e-01) (53, -7.49565780162811279297e-01) (54, -6.08934640884399414062e-01) (55, 2.34063938260078430176e-01) (56, 1.03667104244232177734e+00) (57, 4.98700886964797973633e-01) (58, 5.91177165508270263672e-01) (59, 9.19146716594696044922e-01) (60, 4.40452069044113159180e-01) (61, 1.24026608467102050781e+00) (62, -6.27501666545867919922e-01) (63, -1.76537379622459411621e-01) (64, -6.95656239986419677734e-01) (65, -6.63922309875488281250e-01) (66, -2.05801057815551757812e+00) (67, -5.81387877464294433594e-01) (68, -6.16076469421386718750e-01) (69, 3.81185442209243774414e-01) (70, -7.71307229995727539062e-01) (71, -5.97536683082580566406e-01) (72, -4.32032257318496704102e-01) (73, -6.26723885536193847656e-01) (74, -2.38184109330177307129e-01) (75, -6.13006114959716796875e-01) (76, 2.60888367891311645508e-01) (77, -6.93350136280059814453e-01) (78, 3.85803073644638061523e-01) (79, 2.08902668952941894531e+00) (80, -1.41943907737731933594e+00) (81, -1.38945788145065307617e-01) (82, -3.41423541307449340820e-01) (83, -1.35990027338266372681e-02) (84, -8.21953117847442626953e-01) (85, -5.67677095532417297363e-02) (86, 2.55229860544204711914e-01) (87, -7.76201665401458740234e-01) (88, -3.16888511180877685547e-01) (89, -1.70416280627250671387e-01) (90, -3.72326582670211791992e-01) (91, -4.45667922496795654297e-01) (92, -2.58489519357681274414e-01) (93, -3.71188402175903320312e-01) (94, 1.23572087287902832031e+00) (95, 1.77565073966979980469e+00) (96, -1.01932191848754882812e+00) (97, 1.99739849567413330078e+00) (98, 1.40834975242614746094e+00) (99, 6.54718458652496337891e-01) (100, 8.02273526787757873535e-02) (101, -2.12535694241523742676e-01) (102, 1.01492798328399658203e+00) (103, 9.79065895080566406250e-01) (104, 1.42476558685302734375e+00) (0, 2.33928704261779785156e+00) (1, -2.11334347724914550781e-01) (2, -1.26456886529922485352e-01) (3, 1.07238531112670898438e+00) (4, 1.20414696633815765381e-01) (5, 9.09171938896179199219e-01) (6, -4.98739719390869140625e-01) (7, 6.78906798362731933594e-01) (8, 1.64079296588897705078e+00) (9, -5.01985967159271240234e-01) (10, -2.61108756065368652344e-01) (11, -8.23612213134765625000e-01) (12, 3.81810009479522705078e-01) (13, -5.14865696430206298828e-01) (14, -3.10792438685894012451e-02) (15, -6.94298923015594482422e-01) (16, -6.47924423217773437500e-01) (17, 8.51754188537597656250e-01) (18, -1.02027423679828643799e-01) (19, 1.19013392925262451172e+00) (20, 3.38532447814941406250e-01) (21, 7.69606009125709533691e-02) (22, 3.20070534944534301758e-02) (23, 1.11577558517456054688e+00) (24, -6.96599423885345458984e-01) (25, -1.11707039177417755127e-01) (26, -9.01027679443359375000e-01) (27, -3.78962576389312744141e-01) (28, 2.93951570987701416016e-01) (29, -2.75030553340911865234e-01) (30, -6.33384048938751220703e-01) (31, 5.48904418945312500000e-01) (32, 1.14255130290985107422e-01) (33, 2.24807158112525939941e-01) (34, 1.17947435379028320312e+00) (35, -6.79713010787963867188e-01) (36, 2.07343772053718566895e-01) (37, 1.04708719253540039062e+00) (38, -4.87627923488616943359e-01) (39, -6.09523296356201171875e-01) (40, -8.73284280300140380859e-01) (41, -5.26645600795745849609e-01) (42, -7.29271590709686279297e-01) (43, 2.54950284957885742188e+00) (44, 6.32570266723632812500e-01) (45, 7.75983512401580810547e-01) (46, 1.09847342967987060547e+00) (47, -7.60268211364746093750e-01) (48, -3.96185927093029022217e-02) (49, -6.21626257896423339844e-01) (50, -7.29897975921630859375e-01) (51, -2.07420978695154190063e-02) (52, 6.85523375868797302246e-02) (53, 9.13127064704895019531e-01) (54, 8.56089293956756591797e-01) (55, -4.09119188785552978516e-01) (56, 7.62571871280670166016e-01) (57, 2.94573336839675903320e-01) (58, 3.90335395932197570801e-02) (59, -4.83123064041137695312e-01) (60, 1.07688747346401214600e-01) (61, 1.04207491874694824219e+00) (62, 1.75647586584091186523e-01) (63, 3.66927057504653930664e-01) (64, -1.67129188776016235352e-01) (65, -5.59092283248901367188e-01) (66, 7.13737428188323974609e-01) (67, -6.88980668783187866211e-02) (68, 1.13375616073608398438e+00) (69, -5.66252827644348144531e-01) (70, 4.13950651884078979492e-01) (71, -7.43232429027557373047e-01) (72, -2.24508717656135559082e-01) (73, 7.24970579147338867188e-01) (74, 6.13924205303192138672e-01) (75, 3.81080895662307739258e-01) (76, -3.28885078430175781250e-01) (77, 2.07318678498268127441e-01) (78, 6.10006740316748619080e-03) (79, -2.10394084453582763672e-01) (80, 1.03288888931274414062e+00) (81, -6.73760116100311279297e-01) (82, -5.83710730075836181641e-01) (83, -5.48823297023773193359e-01) (84, 2.75167226791381835938e-01) (85, -6.04775309562683105469e-01) (86, 2.91504561901092529297e-01) (87, -4.81620669364929199219e-01) (88, 2.13920008391141891479e-02) (89, 5.95027267932891845703e-01) (90, -3.50221037864685058594e-01) (91, -3.15867289900779724121e-02) (92, 3.56692343950271606445e-01) (93, -7.83098161220550537109e-01) (94, -4.65111941099166870117e-01) (95, 1.08276745304465293884e-02) (96, -9.18695986270904541016e-01) (97, -5.74495673179626464844e-01) (98, 8.80406320095062255859e-01) (99, 5.48051238059997558594e-01) (100, 2.27820828557014465332e-01) (101, -1.06024110317230224609e+00) (102, 2.92953312397003173828e-01) (103, 1.76758849620819091797e+00) (104, 2.60651946067810058594e+00) (105, 2.75496888160705566406e+00) (106, -6.80599361658096313477e-02) (107, -1.61190044879913330078e+00) (108, 8.81026029586791992188e-01) (109, -5.85637032985687255859e-01) (110, 1.07173931598663330078e+00) (111, -5.44679582118988037109e-01) (112, 1.67384397983551025391e+00) (113, 2.73282885551452636719e+00) (114, -8.35706472396850585938e-01) (115, 2.76522588729858398438e+00) (116, 3.70741391181945800781e+00) (117, -4.96032565832138061523e-01) (118, -3.28879666328430175781e+00) (119, 2.77626514434814453125e+00) (120, 3.99548959732055664062e+00) (121, -5.67817211151123046875e-01) (122, 8.97806063294410705566e-02) (123, -5.63211143016815185547e-01) (124, -1.73866450786590576172e+00) (125, -5.36347329616546630859e-01) (126, -3.50296998023986816406e+00) (127, -4.89730030298233032227e-01) (128, -2.66775679588317871094e+00) (129, -4.29116916656494140625e+00) (130, 2.26457428932189941406e+00) 
