FANN_FLO_2.1
num_layers=3
learning_rate=0.700000
connection_rate=1.000000
network_type=0
learning_momentum=0.000000
training_algorithm=2
train_error_function=1
train_stop_function=0
cascade_output_change_fraction=0.010000
quickprop_decay=-0.000100
quickprop_mu=1.750000
rprop_increase_factor=1.200000
rprop_decrease_factor=0.500000
rprop_delta_min=0.000000
rprop_delta_max=50.000000
rprop_delta_zero=0.100000
cascade_output_stagnation_epochs=12
cascade_candidate_change_fraction=0.010000
cascade_candidate_stagnation_epochs=12
cascade_max_out_epochs=150
cascade_max_cand_epochs=150
cascade_num_candidate_groups=2
bit_fail_limit=3.49999994039535522461e-01
cascade_candidate_limit=1.00000000000000000000e+03
cascade_weight_multiplier=4.00000005960464477539e-01
cascade_activation_functions_count=10
cascade_activation_functions=3 5 7 8 10 11 14 15 16 17 
cascade_activation_steepnesses_count=4
cascade_activation_steepnesses=2.50000000000000000000e-01 5.00000000000000000000e-01 7.50000000000000000000e-01 1.00000000000000000000e+00 
layer_sizes=105 26 2 
scale_included=0
neurons (num_inputs, activation_function, activation_steepness)=(0, 0, 0.00000000000000000000e+00) (0, 0, 0.00000000000000000000e+00) (0, 0, 0.00000000000000000000e+00) (0, 0, 0.00000000000000000000e+00) (0, 0, 0.00000000000000000000e+00) (0, 0, 0.00000000000000000000e+00) (0, 0, 0.00000000000000000000e+00) (0, 0, 0.00000000000000000000e+00) (0, 0, 0.00000000000000000000e+00) (0, 0, 0.00000000000000000000e+00) (0, 0, 0.00000000000000000000e+00) (0, 0, 0.00000000000000000000e+00) (0, 0, 0.00000000000000000000e+00) (0, 0, 0.00000000000000000000e+00) (0, 0, 0.00000000000000000000e+00) (0, 0, 0.00000000000000000000e+00) (0, 0, 0.00000000000000000000e+00) (0, 0, 0.00000000000000000000e+00) (0, 0, 0.00000000000000000000e+00) (0, 0, 0.00000000000000000000e+00) (0, 0, 0.00000000000000000000e+00) (0, 0, 0.00000000000000000000e+00) (0, 0, 0.00000000000000000000e+00) (0, 0, 0.00000000000000000000e+00) (0, 0, 0.00000000000000000000e+00) (0, 0, 0.00000000000000000000e+00) (0, 0, 0.00000000000000000000e+00) (0, 0, 0.00000000000000000000e+00) (0, 0, 0.00000000000000000000e+00) (0, 0, 0.00000000000000000000e+00) (0, 0, 0.00000000000000000000e+00) (0, 0, 0.00000000000000000000e+00) (0, 0, 0.00000000000000000000e+00) (0, 0, 0.00000000000000000000e+00) (0, 0, 0.00000000000000000000e+00) (0, 0, 0.00000000000000000000e+00) (0, 0, 0.00000000000000000000e+00) (0, 0, 0.00000000000000000000e+00) (0, 0, 0.00000000000000000000e+00) (0, 0, 0.00000000000000000000e+00) (0, 0, 0.00000000000000000000e+00) (0, 0, 0.00000000000000000000e+00) (0, 0, 0.00000000000000000000e+00) (0, 0, 0.00000000000000000000e+00) (0, 0, 0.00000000000000000000e+00) (0, 0, 0.00000000000000000000e+00) (0, 0, 0.00000000000000000000e+00) (0, 0, 0.00000000000000000000e+00) (0, 0, 0.00000000000000000000e+00) (0, 0, 0.00000000000000000000e+00) (0, 0, 0.00000000000000000000e+00) (0, 0, 0.00000000000000000000e+00) (0, 0, 0.00000000000000000000e+00) (0, 0, 0.00000000000000000000e+00) (0, 0, 0.00000000000000000000e+00) (0, 0, 0.00000000000000000000e+00) (0, 0, 0.00000000000000000000e+00) (0, 0, 0.00000000000000000000e+00) (0, 0, 0.00000000000000000000e+00) (0, 0, 0.00000000000000000000e+00) (0, 0, 0.00000000000000000000e+00) (0, 0, 0.00000000000000000000e+00) (0, 0, 0.00000000000000000000e+00) (0, 0, 0.00000000000000000000e+00) (0, 0, 0.00000000000000000000e+00) (0, 0, 0.00000000000000000000e+00) (0, 0, 0.00000000000000000000e+00) (0, 0, 0.00000000000000000000e+00) (0, 0, 0.00000000000000000000e+00) (0, 0, 0.00000000000000000000e+00) (0, 0, 0.00000000000000000000e+00) (0, 0, 0.00000000000000000000e+00) (0, 0, 0.00000000000000000000e+00) (0, 0, 0.00000000000000000000e+00) (0, 0, 0.00000000000000000000e+00) (0, 0, 0.00000000000000000000e+00) (0, 0, 0.00000000000000000000e+00) (0, 0, 0.00000000000000000000e+00) (0, 0, 0.00000000000000000000e+00) (0, 0, 0.00000000000000000000e+00) (0, 0, 0.00000000000000000000e+00) (0, 0, 0.00000000000000000000e+00) (0, 0, 0.00000000000000000000e+00) (0, 0, 0.00000000000000000000e+00) (0, 0, 0.00000000000000000000e+00) (0, 0, 0.00000000000000000000e+00) (0, 0, 0.00000000000000000000e+00) (0, 0, 0.00000000000000000000e+00) (0, 0, 0.00000000000000000000e+00) (0, 0, 0.00000000000000000000e+00) (0, 0, 0.00000000000000000000e+00) (0, 0, 0.00000000000000000000e+00) (0, 0, 0.00000000000000000000e+00) (0, 0, 0.00000000000000000000e+00) (0, 0, 0.00000000000000000000e+00) (0, 0, 0.00000000000000000000e+00) (0, 0, 0.00000000000000000000e+00) (0, 0, 0.00000000000000000000e+00) (0, 0, 0.00000000000000000000e+00) (0, 0, 0.00000000000000000000e+00) (0, 0, 0.00000000000000000000e+00) (0, 0, 0.00000000000000000000e+00) (0, 0, 0.00000000000000000000e+00) (0, 0, 0.00000000000000000000e+00) (0, 0, 0.00000000000000000000e+00) (105, 5, 5.00000000000000000000e-01) (105, 5, 5.00000000000000000000e-01) (105, 5, 5.00000000000000000000e-01) (105, 5, 5.00000000000000000000e-01) (105, 5, 5.00000000000000000000e-01) (105, 5, 5.00000000000000000000e-01) (105, 5, 5.00000000000000000000e-01) (105, 5, 5.00000000000000000000e-01) (105, 5, 5.00000000000000000000e-01) (105, 5, 5.00000000000000000000e-01) (105, 5, 5.00000000000000000000e-01) (105, 5, 5.00000000000000000000e-01) (105, 5, 5.00000000000000000000e-01) (105, 5, 5.00000000000000000000e-01) (105, 5, 5.00000000000000000000e-01) (105, 5, 5.00000000000000000000e-01) (105, 5, 5.00000000000000000000e-01) (105, 5, 5.00000000000000000000e-01) (105, 5, 5.00000000000000000000e-01) (105, 5, 5.00000000000000000000e-01) (105, 5, 5.00000000000000000000e-01) (105, 5, 5.00000000000000000000e-01) (105, 5, 5.00000000000000000000e-01) (105, 5, 5.00000000000000000000e-01) (105, 5, 5.00000000000000000000e-01) (0, 5, 0.00000000000000000000e+00) (26, 5, 5.00000000000000000000e-01) (0, 5, 0.00000000000000000000e+00) 
connections (connected_to_neuron, weight)=(0, 4.82280158996582031250e+00) (1, 3.02447021007537841797e-01) (2, 1.37946450710296630859e+00) (3, -1.33759975433349609375e-01) (4, -4.68216323852539062500e+00) (5, -1.06728620827198028564e-01) (6, -3.17046189308166503906e+00) (7, 9.14990544319152832031e-01) (8, -7.04907226562500000000e+00) (9, -2.84499001502990722656e+00) (10, 9.05789077281951904297e-01) (11, 1.77862477302551269531e+00) (12, -2.05301344394683837891e-01) (13, -6.28370702266693115234e-01) (14, 3.09885883331298828125e+00) (15, -2.24868774414062500000e+00) (16, -3.66294980049133300781e+00) (17, 2.75147366523742675781e+00) (18, -1.11814823150634765625e+01) (19, 2.19200825691223144531e+00) (20, -5.06622123718261718750e+00) (21, -1.45878899097442626953e+00) (22, 7.31906032562255859375e+00) (23, -2.16676735877990722656e+00) (24, -1.23224887847900390625e+01) (25, -1.22978937625885009766e+00) (26, 9.95193243026733398438e-01) (27, -1.88684463500976562500e+00) (28, -8.96452128887176513672e-01) (29, 3.22686553001403808594e+00) (30, -2.46242594718933105469e+00) (31, -5.88067245483398437500e+00) (32, 7.46938347816467285156e-01) (33, 1.83611273765563964844e+00) (34, -3.33290290832519531250e+00) (35, -2.33100458979606628418e-01) (36, -2.26681292057037353516e-01) (37, 7.65903854370117187500e+00) (38, -1.03418445587158203125e+00) (39, 8.54418992996215820312e-01) (40, 4.25302362442016601562e+00) (41, 1.06972181797027587891e+00) (42, 8.89744877815246582031e-01) (43, -2.48926782608032226562e+00) (44, 1.08977961540222167969e+00) (45, 7.63369381427764892578e-01) (46, -3.63618659973144531250e+00) (47, -2.46715784072875976562e+00) (48, -2.84554386138916015625e+00) (49, -3.95825088024139404297e-01) (50, 4.49285894632339477539e-01) (51, -2.12555408477783203125e+00) (52, 1.26032483577728271484e+00) (53, -6.11916065216064453125e+00) (54, 2.25617742538452148438e+00) (55, -6.20663404464721679688e-01) (56, 1.19594573974609375000e+00) (57, 1.14602960646152496338e-01) (58, -3.62531518936157226562e+00) (59, 3.54783010482788085938e+00) (60, 2.06661081314086914062e+00) (61, -1.07355844974517822266e+00) (62, -4.01685565710067749023e-01) (63, 1.17586362361907958984e+00) (64, 1.59969413280487060547e+00) (65, -6.46506011486053466797e-01) (66, 2.06859517097473144531e+00) (67, -6.10783457756042480469e-01) (68, 1.33397197723388671875e+00) (69, 6.46166086196899414062e-01) (70, -1.61390066146850585938e+00) (71, 1.20160949230194091797e+00) (72, -3.55859637260437011719e-01) (73, 4.16770249605178833008e-01) (74, 2.91215628385543823242e-01) (75, -6.66603207588195800781e-01) (76, -2.39415377378463745117e-01) (77, -1.72743082046508789062e-01) (78, -2.25137040019035339355e-01) (79, -7.17377483844757080078e-01) (80, 4.54817652702331542969e-01) (81, 1.73745965957641601562e+00) (82, -3.65300416946411132812e-01) (83, -3.43490660190582275391e-01) (84, -1.05999433994293212891e+00) (85, -1.61901891231536865234e-01) (86, -2.56165027618408203125e-01) (87, 3.93058717250823974609e-01) (88, -1.57694292068481445312e+00) (89, 9.01394724845886230469e-01) (90, 2.19654345512390136719e+00) (91, -7.31968641281127929688e-01) (92, -1.76913842558860778809e-01) (93, -1.62808030843734741211e-01) (94, 2.54429012537002563477e-01) (95, 1.88110470771789550781e-01) (96, 2.75912340730428695679e-02) (97, -3.40038239955902099609e-01) (98, -7.35321402549743652344e-01) (99, -1.94500982761383056641e-01) (100, -7.49183058738708496094e-01) (101, 2.52611488103866577148e-02) (102, -1.50000000000000000000e+03) (103, 1.50000000000000000000e+03) (104, 2.62147021293640136719e+00) (0, -4.22308616638183593750e+01) (1, -4.76918601989746093750e+00) (2, -2.60193324089050292969e+00) (3, 3.80791735649108886719e+00) (4, -1.27313864231109619141e+00) (5, 6.90803527832031250000e+00) (6, -4.45383936166763305664e-02) (7, 2.04924182891845703125e+01) (8, 2.29548287391662597656e+00) (9, -3.69765758514404296875e-01) (10, 1.65284872055053710938e+00) (11, 3.29302519559860229492e-01) (12, -1.70261859893798828125e-01) (13, -2.46616359800100326538e-02) (14, -4.98651772737503051758e-01) (15, -7.53482222557067871094e-01) (16, -1.32847118377685546875e+00) (17, -5.04050314426422119141e-01) (18, -2.43301129341125488281e+00) (19, 7.59627759456634521484e-01) (20, 8.41351699829101562500e+00) (21, 2.00516605377197265625e+00) (22, -6.54151737689971923828e-01) (23, 3.77649992704391479492e-01) (24, -2.13228985667228698730e-01) (25, 1.04301619529724121094e+00) (26, -7.27862417697906494141e-01) (27, -9.24359023571014404297e-01) (28, -6.56824469566345214844e-01) (29, 8.25439989566802978516e-01) (30, -5.78388571739196777344e-01) (31, -9.10661458969116210938e-01) (32, -8.21663975715637207031e-01) (33, 1.29656696319580078125e+00) (34, 2.41412591934204101562e+00) (35, 1.93456172943115234375e+00) (36, 1.35700702667236328125e+00) (37, 1.76075160503387451172e+00) (38, 9.25405681133270263672e-01) (39, 1.25662350654602050781e+00) (40, 1.57113897800445556641e+00) (41, 1.19653522968292236328e+00) (42, -8.15899431705474853516e-01) (43, -8.90927553176879882812e-01) (44, -7.32537329196929931641e-01) (45, -6.53263807296752929688e-01) (46, -5.51043927669525146484e-01) (47, -5.03776669502258300781e-01) (48, 2.10309281945228576660e-01) (49, 7.90539801120758056641e-01) (50, 3.65726619958877563477e-01) (51, 4.06679779291152954102e-01) (52, 1.23863565921783447266e+00) (53, -3.01124513149261474609e-01) (54, -3.98298174142837524414e-01) (55, 7.34395456314086914062e+00) (56, -8.10900866985321044922e-01) (57, 7.85518705844879150391e-01) (58, 9.42177176475524902344e-01) (59, -1.66102182865142822266e+00) (60, -8.24710309505462646484e-01) (61, -9.62871849536895751953e-01) (62, -9.54669237136840820312e-01) (63, -7.51891076564788818359e-01) (64, -5.66809475421905517578e-01) (65, -8.78960847854614257812e-01) (66, -2.81730145215988159180e-01) (67, -7.62125492095947265625e-01) (68, -1.65754652023315429688e+00) (69, -4.52732026576995849609e-01) (70, -8.14597845077514648438e-01) (71, -7.16003358364105224609e-01) (72, 3.39658141136169433594e+00) (73, 1.94945797324180603027e-01) (74, 2.77311533689498901367e-01) (75, -2.89205878973007202148e-01) (76, -6.15664124488830566406e-01) (77, -7.89314746856689453125e-01) (78, -1.44373500347137451172e+00) (79, 5.73579929769039154053e-02) (80, 6.66026234626770019531e-01) (81, 4.80772584676742553711e-01) (82, -8.28473567962646484375e-01) (83, -9.13982450962066650391e-01) (84, -6.61547482013702392578e-01) (85, 1.62683022022247314453e+00) (86, -7.78389692306518554688e-01) (87, -9.38798785209655761719e-01) (88, 4.50018048286437988281e-01) (89, 1.66296169161796569824e-01) (90, 1.25898444652557373047e+00) (91, -2.92100191116333007812e-01) (92, -1.03124821186065673828e+00) (93, -1.42258524894714355469e-01) (94, -7.77479529380798339844e-01) (95, -8.22253167629241943359e-01) (96, -1.10461163520812988281e+00) (97, -6.16778314113616943359e-01) (98, -3.96684318780899047852e-01) (99, -9.95146930217742919922e-02) (100, -8.78650009632110595703e-01) (101, -9.74792480468750000000e-01) (102, 2.63538813591003417969e+00) (103, 7.85004377365112304688e-01) (104, 2.97388410568237304688e+00) (0, 3.08331441879272460938e+00) (1, 1.11771933734416961670e-01) (2, -4.59131926298141479492e-01) (3, 1.48737525939941406250e+00) (4, 1.25151729583740234375e+00) (5, -5.98560810089111328125e+00) (6, 4.09190511703491210938e+00) (7, 1.39538776874542236328e+00) (8, 9.74835038185119628906e-01) (9, -2.41795158386230468750e+00) (10, 3.39440286159515380859e-01) (11, 1.26242506504058837891e+00) (12, 1.77053093910217285156e+00) (13, -6.50650918483734130859e-01) (14, 5.13159394264221191406e-01) (15, -2.80996561050415039062e-01) (16, 2.47144174575805664062e+00) (17, -5.58189332485198974609e-01) (18, 1.70030128955841064453e+00) (19, -1.84181249141693115234e+00) (20, 1.06873817741870880127e-01) (21, -9.33452695608139038086e-02) (22, -3.73782944679260253906e+00) (23, 3.31112265586853027344e-01) (24, -9.78652536869049072266e-01) (25, 3.18040466308593750000e+00) (26, 3.69818985462188720703e-01) (27, 1.33680653572082519531e+00) (28, -8.42320322990417480469e-01) (29, 7.90318623185157775879e-02) (30, -1.67885625362396240234e+00) (31, -4.26961094141006469727e-01) (32, -2.12704077363014221191e-01) (33, -1.23831963539123535156e+00) (34, 1.34760868549346923828e+00) (35, -6.81532204151153564453e-01) (36, 2.82227993011474609375e-01) (37, -2.00648474693298339844e+00) (38, -3.25038731098175048828e-01) (39, 2.32032820582389831543e-01) (40, 1.42730712890625000000e+00) (41, -1.67635595798492431641e+00) (42, 2.99504613876342773438e+00) (43, 7.73330450057983398438e-01) (44, 1.52547395229339599609e+00) (45, 9.31400477886199951172e-01) (46, 5.91744363307952880859e-01) (47, 1.06040740013122558594e+00) (48, 3.92925083637237548828e-01) (49, -5.14668166637420654297e-01) (50, -1.04294526576995849609e+00) (51, -6.24005436897277832031e-01) (52, 7.40164816379547119141e-01) (53, 1.18695354461669921875e+00) (54, -8.19490775465965270996e-02) (55, 6.09599232673645019531e-01) (56, 3.79826799035072326660e-02) (57, 9.56454634666442871094e-01) (58, -7.61333823204040527344e-01) (59, 5.14610171318054199219e-01) (60, 7.98000812530517578125e-01) (61, 7.55696892738342285156e-01) (62, -2.19531130790710449219e+00) (63, -6.99685573577880859375e-01) (64, 2.22389388084411621094e+00) (65, 4.24342602491378784180e-01) (66, -1.21982562541961669922e+00) (67, 6.76675975322723388672e-01) (68, 7.01612949371337890625e-01) (69, -7.01556086540222167969e-01) (70, 1.20278310775756835938e+00) (71, 4.82940748333930969238e-02) (72, -1.73805129528045654297e+00) (73, -4.94466602802276611328e-01) (74, 4.35769915580749511719e-01) (75, 2.91139066219329833984e-01) (76, -3.84241551160812377930e-01) (77, 1.24610185623168945312e+00) (78, -7.83919632434844970703e-01) (79, 4.89473998546600341797e-01) (80, -3.17846357822418212891e-01) (81, -6.23076140880584716797e-01) (82, 1.53421789407730102539e-01) (83, -7.63160884380340576172e-01) (84, -9.71681892871856689453e-01) (85, 7.40705728530883789062e-01) (86, -3.05039167404174804688e-01) (87, 1.94858014583587646484e-01) (88, 1.77111601829528808594e+00) (89, -5.94893872737884521484e-01) (90, 2.43329688906669616699e-01) (91, -8.01391780376434326172e-01) (92, -1.11251223087310791016e+00) (93, -1.09680879116058349609e+00) (94, -3.04008185863494873047e-01) (95, -7.67078638076782226562e-01) (96, -1.64053246378898620605e-01) (97, -3.45572203397750854492e-01) (98, -9.28603112697601318359e-01) (99, -8.37070703506469726562e-01) (100, -7.66381680965423583984e-01) (101, -2.09042251110076904297e-01) (102, -5.75524663925170898438e+00) (103, 9.94148826599121093750e+00) (104, 2.09225273132324218750e+00) (0, 1.50000000000000000000e+03) (1, 1.50000000000000000000e+03) (2, 2.65203619003295898438e+00) (3, 1.50000000000000000000e+03) (4, 2.92217850685119628906e+00) (5, 1.50000000000000000000e+03) (6, 1.50000000000000000000e+03) (7, 1.35956164550781250000e+03) (8, 8.14957904815673828125e+00) (9, 2.72472763061523437500e+00) (10, 2.69345283508300781250e+00) (11, 2.71960544586181640625e+00) (12, 2.70053768157958984375e+00) (13, 1.50000000000000000000e+03) (14, 2.62471818923950195312e+00) (15, 2.86716747283935546875e+00) (16, 1.58558380603790283203e+00) (17, 2.69072127342224121094e+00) (18, 2.79411745071411132812e+00) (19, 2.92715644836425781250e+00) (20, 1.55327453613281250000e+02) (21, 2.59931826591491699219e+00) (22, 3.05868053436279296875e+00) (23, 2.66182327270507812500e+00) (24, 1.50000000000000000000e+03) (25, 1.50000000000000000000e+03) (26, 2.71803498268127441406e+00) (27, 2.77591753005981445312e+00) (28, 2.89182305335998535156e+00) (29, 2.51923680305480957031e+00) (30, -4.80283317565917968750e+01) (31, 2.34142446517944335938e+00) (32, 1.50000000000000000000e+03) (33, 1.95328772068023681641e+00) (34, 3.50808763504028320312e+00) (35, 4.31352376937866210938e+00) (36, 1.92027556896209716797e+00) (37, 4.33579921722412109375e+00) (38, 4.43677473068237304688e+00) (39, 3.88176441192626953125e+00) (40, 1.67068500518798828125e+01) (41, 1.49989636230468750000e+03) (42, 2.17546319961547851562e+00) (43, 2.31738114356994628906e+00) (44, 1.98958146572113037109e+00) (45, 1.43590533733367919922e+00) (46, 2.49283814430236816406e+00) (47, -2.00643777847290039062e-01) (48, 2.26721334457397460938e+00) (49, 2.61986041069030761719e+00) (50, 6.11222445964813232422e-01) (51, 2.41225314140319824219e+00) (52, 7.73201465606689453125e-01) (53, -1.31506423950195312500e+01) (54, 2.02390122413635253906e+00) (55, 2.69124531745910644531e+00) (56, 6.47531211376190185547e-01) (57, 1.57007849216461181641e+00) (58, 1.96072185039520263672e+00) (59, -1.12486720085144042969e+00) (60, 1.44948112964630126953e+00) (61, 1.00526750087738037109e+00) (62, 1.15078663825988769531e+00) (63, 1.35184955596923828125e+00) (64, 1.17887330055236816406e+00) (65, 2.02307558059692382812e+00) (66, 1.58643174171447753906e+00) (67, 1.77693021297454833984e+00) (68, -1.21496944427490234375e+01) (69, 3.10154104232788085938e+00) (70, 2.26605081558227539062e+00) (71, 1.96058523654937744141e+00) (72, 2.13132429122924804688e+00) (73, -4.22756004333496093750e+00) (74, 1.99535143375396728516e+00) (75, 2.66572213172912597656e+00) (76, 1.39054369926452636719e+00) (77, 2.05931878089904785156e+00) (78, -2.22586321830749511719e+00) (79, 2.68589019775390625000e+00) (80, 3.33226656913757324219e+00) (81, 2.53786897659301757812e+00) (82, 2.36315870285034179688e+00) (83, 2.28183865547180175781e+00) (84, 2.20173120498657226562e+00) (85, 2.69895195960998535156e+00) (86, 2.08245491981506347656e+00) (87, 1.87870287895202636719e+00) (88, 3.77060103416442871094e+00) (89, 1.20527720451354980469e+00) (90, 2.43644261360168457031e+00) (91, 2.65861630439758300781e+00) (92, 1.97307884693145751953e+00) (93, 2.17323184013366699219e+00) (94, 1.96878015995025634766e+00) (95, 2.17117786407470703125e+00) (96, 1.45552790164947509766e+00) (97, 2.72753357887268066406e+00) (98, 2.37471342086791992188e+00) (99, 2.19911718368530273438e+00) (100, 2.11027169227600097656e+00) (101, 1.99436295032501220703e+00) (102, 1.50000000000000000000e+03) (103, -1.50000000000000000000e+03) (104, -8.49835425615310668945e-02) (0, 2.50876128673553466797e-01) (1, -5.06816729903221130371e-02) (2, -1.07845151424407958984e+00) (3, 2.75014114379882812500e+00) (4, -6.06668472290039062500e-01) (5, 8.20029228925704956055e-02) (6, -7.00088024139404296875e-01) (7, -2.01978516578674316406e+00) (8, -9.71178531646728515625e-01) (9, -4.37486559152603149414e-01) (10, -6.26439809799194335938e-01) (11, -2.34090402722358703613e-01) (12, -4.43619191646575927734e-01) (13, -2.53009349107742309570e-01) (14, 9.77100014686584472656e-01) (15, -5.61000823974609375000e-01) (16, 1.49229419231414794922e+00) (17, -5.51872193813323974609e-01) (18, -6.06188595294952392578e-01) (19, 1.24659168720245361328e+00) (20, 1.47926843166351318359e+00) (21, 1.61082482337951660156e+00) (22, -7.83601939678192138672e-01) (23, -1.44259345531463623047e+00) (24, 1.76508939266204833984e+00) (25, 1.62020325660705566406e+00) (26, 2.01519411057233810425e-02) (27, 1.26398110389709472656e+00) (28, 2.18012213706970214844e+00) (29, 2.34165582805871963501e-02) (30, 4.69042479991912841797e-01) (31, -4.49523091316223144531e-01) (32, 1.48375868797302246094e+00) (33, -5.36499679088592529297e-01) (34, -1.87745630741119384766e+00) (35, 7.89717674255371093750e-01) (36, 1.46220242977142333984e+00) (37, -8.07544112205505371094e-01) (38, 3.03181588649749755859e-01) (39, -2.30015277862548828125e-01) (40, -6.27657592296600341797e-01) (41, 1.36582100391387939453e+00) (42, 1.12590467929840087891e+00) (43, -7.12708055973052978516e-01) (44, -1.52121031284332275391e+00) (45, -7.44995474815368652344e-01) (46, 1.10283327102661132812e+00) (47, -8.87303829193115234375e+00) (48, -6.99928224086761474609e-01) (49, -1.48189687728881835938e+00) (50, -7.10165321826934814453e-01) (51, -6.11713945865631103516e-01) (52, -2.41698563098907470703e-01) (53, 1.07263600826263427734e+00) (54, -7.68168121576309204102e-02) (55, -2.25567534565925598145e-01) (56, 3.58966171741485595703e-01) (57, 3.07522505521774291992e-01) (58, 2.40446305274963378906e+00) (59, -3.00943583250045776367e-01) (60, -4.70842868089675903320e-01) (61, -3.26531946659088134766e-01) (62, 1.45607554912567138672e+00) (63, -5.93018949031829833984e-01) (64, -1.00461363792419433594e+00) (65, 5.19378006458282470703e-01) (66, 1.89800834655761718750e+00) (67, -6.97964131832122802734e-01) (68, -2.52933710813522338867e-01) (69, 5.41072189807891845703e-02) (70, -2.53965497016906738281e-01) (71, -5.18956840038299560547e-01) (72, -6.67001187801361083984e-01) (73, -9.53946948051452636719e-01) (74, -5.65072000026702880859e-01) (75, 1.61497056484222412109e+00) (76, 7.06502258777618408203e-01) (77, 1.27088701725006103516e+00) (78, 4.19476449489593505859e-01) (79, -3.35365056991577148438e+00) (80, 2.57258844375610351562e+00) (81, -1.02446191012859344482e-01) (82, 2.54214668273925781250e+00) (83, 2.55772304534912109375e+00) (84, -7.67488554120063781738e-02) (85, 7.31557667255401611328e-01) (86, -5.44345855712890625000e-01) (87, -5.49181580543518066406e-01) (88, 1.36513340473175048828e+00) (89, -1.45486044883728027344e+00) (90, 1.90151870250701904297e+00) (91, -1.41918241977691650391e-01) (92, 2.58341860771179199219e+00) (93, 4.73759680986404418945e-01) (94, 2.87698149681091308594e-01) (95, -4.82031404972076416016e-01) (96, -5.76689898967742919922e-01) (97, -2.81177258491516113281e+00) (98, 1.46077299118041992188e+00) (99, 6.39760971069335937500e-01) (100, -6.28776371479034423828e-01) (101, 2.64263463020324707031e+00) (102, 1.22388553619384765625e+00) (103, 9.49514508247375488281e-01) (104, 2.52510261535644531250e+00) (0, -1.40995826721191406250e+01) (1, 2.10186719894409179688e+00) (2, -4.01400852203369140625e+00) (3, -1.83114647865295410156e+00) (4, -6.48428738117218017578e-01) (5, -1.38190650939941406250e+01) (6, 3.12242603302001953125e+00) (7, 1.98689773678779602051e-01) (8, -2.76420205831527709961e-01) (9, 2.17642948031425476074e-01) (10, 1.16680469512939453125e+01) (11, 9.71251296997070312500e+00) (12, 1.16028940677642822266e+00) (13, 2.41124105453491210938e+00) (14, 3.49491953849792480469e-01) (15, -4.75814580917358398438e+00) (16, 1.33515745401382446289e-01) (17, 2.51048535108566284180e-01) (18, 3.31264948844909667969e+00) (19, -2.31581762433052062988e-01) (20, 7.12156057357788085938e-01) (21, -3.61446785926818847656e+00) (22, -6.51031196117401123047e-01) (23, -7.36382484436035156250e-01) (24, 6.70277059078216552734e-01) (25, 6.21975898742675781250e+00) (26, -5.65836012363433837891e-01) (27, -7.77313649654388427734e-01) (28, -4.85845613479614257812e+00) (29, -1.03235292434692382812e+00) (30, -1.17429697513580322266e+00) (31, 4.40474063158035278320e-01) (32, 1.00874722003936767578e+00) (33, 3.96813321113586425781e+00) (34, 9.96817350387573242188e-01) (35, 1.68091452121734619141e+00) (36, 1.54642522335052490234e+00) (37, 1.63178408145904541016e+00) (38, 3.71399688720703125000e+00) (39, 1.67303884029388427734e+00) (40, 9.62527573108673095703e-01) (41, 3.07724213600158691406e+00) (42, -4.83269453048706054688e-01) (43, -5.67394375801086425781e-01) (44, -7.34785318374633789062e-01) (45, -3.82754504680633544922e-01) (46, -9.97468084096908569336e-02) (47, -2.21658367663621902466e-02) (48, 1.10460156574845314026e-02) (49, 5.86551874876022338867e-02) (50, 6.92025125026702880859e-02) (51, -6.94815635681152343750e-01) (52, -5.51482379436492919922e-01) (53, -5.28118014335632324219e-01) (54, -5.70725381374359130859e-01) (55, 4.23570424318313598633e-01) (56, -8.73113989830017089844e-01) (57, -7.22646057605743408203e-01) (58, -8.07066023349761962891e-01) (59, -4.30217802524566650391e-01) (60, -7.29422271251678466797e-01) (61, -2.09520652890205383301e-01) (62, -9.35362398624420166016e-01) (63, -8.49115967750549316406e-01) (64, -7.27209031581878662109e-01) (65, -6.60393416881561279297e-01) (66, -1.64051637053489685059e-01) (67, -9.60029959678649902344e-02) (68, -7.49269306659698486328e-01) (69, 8.12315046787261962891e-02) (70, -5.60493230819702148438e-01) (71, -7.50499129295349121094e-01) (72, -5.77858209609985351562e-01) (73, -6.12204611301422119141e-01) (74, -8.07676076889038085938e-01) (75, -2.79007796198129653931e-02) (76, -6.82936906814575195312e-01) (77, -5.14295220375061035156e-01) (78, -1.59790843725204467773e-01) (79, -7.08509922027587890625e-01) (80, -6.30778312683105468750e-01) (81, -1.38626411557197570801e-01) (82, -6.82054698467254638672e-01) (83, -9.63679999113082885742e-02) (84, -7.44349583983421325684e-02) (85, -5.92782139778137207031e-01) (86, -6.98198258876800537109e-01) (87, -7.27902233600616455078e-01) (88, -1.69551894068717956543e-01) (89, -2.38914996385574340820e-01) (90, -8.00993442535400390625e-01) (91, -7.90286481380462646484e-01) (92, -5.81379473209381103516e-01) (93, -5.66058993339538574219e-01) (94, -6.03146553039550781250e-01) (95, -6.63894176483154296875e-01) (96, -8.27739059925079345703e-01) (97, 6.11153021454811096191e-02) (98, -7.58797168731689453125e-01) (99, -5.89286446571350097656e-01) (100, -5.26770234107971191406e-01) (101, -7.64667630195617675781e-01) (102, 3.36352586746215820312e+00) (103, 1.09299230575561523438e+01) (104, 2.69829511642456054688e+00) (0, -2.56351828575134277344e+00) (1, -7.30652391910552978516e-01) (2, 8.72707128524780273438e-01) (3, 1.12967765331268310547e+00) (4, 9.51080694794654846191e-02) (5, -6.17418825626373291016e-01) (6, -6.23036444187164306641e-01) (7, 2.24874329566955566406e+00) (8, 8.44251632690429687500e-01) (9, 1.58981537818908691406e+00) (10, 1.93286985158920288086e-01) (11, 6.35284543037414550781e-01) (12, 1.10145080089569091797e+00) (13, 7.18081831932067871094e-01) (14, 1.97729915380477905273e-01) (15, -2.32314586639404296875e-01) (16, -1.97696566581726074219e-01) (17, 6.14148080348968505859e-01) (18, -6.19949221611022949219e-01) (19, -6.18378341197967529297e-01) (20, -6.49772346019744873047e-01) (21, 6.35110437870025634766e-01) (22, -8.02019536495208740234e-01) (23, 3.16627532243728637695e-01) (24, 5.42453944683074951172e-01) (25, -9.31659102439880371094e-01) (26, 1.23042130470275878906e+00) (27, -3.69425326585769653320e-01) (28, 5.07104456424713134766e-01) (29, 1.21835982799530029297e+00) (30, 7.18738794326782226562e-01) (31, 1.97437071800231933594e+00) (32, 9.32150036096572875977e-02) (33, 3.15552949905395507812e-01) (34, -3.54508966207504272461e-01) (35, 5.07588207721710205078e-01) (36, -1.09501004219055175781e+00) (37, 5.55097341537475585938e-01) (38, 4.82197284698486328125e-01) (39, -6.64989888668060302734e-01) (40, -7.30497390031814575195e-02) (41, 5.17471671104431152344e-01) (42, -4.98554408550262451172e-01) (43, -7.22191557288169860840e-02) (44, -7.03615069389343261719e-01) (45, -1.05588912963867187500e-01) (46, -1.21373164653778076172e+00) (47, -4.07260328531265258789e-01) (48, -3.85879904031753540039e-01) (49, -2.72166341543197631836e-01) (50, 1.08326113224029541016e+00) (51, 1.02856826782226562500e+00) (52, -8.59838798642158508301e-02) (53, -7.50428199768066406250e-01) (54, -4.37812954187393188477e-01) (55, -1.88694679737091064453e+00) (56, 2.31620073318481445312e-01) (57, 3.75412434339523315430e-01) (58, 4.88378286361694335938e-01) (59, -1.29902458190917968750e+00) (60, -7.18564271926879882812e-01) (61, 1.30147290229797363281e+00) (62, -3.04564923048019409180e-01) (63, -7.18701779842376708984e-01) (64, 3.27969133853912353516e-01) (65, 4.64775085449218750000e-01) (66, -1.40719377994537353516e+00) (67, -3.62495034933090209961e-01) (68, 3.24004590511322021484e-01) (69, 1.31862437725067138672e+00) (70, 5.14669299125671386719e-01) (71, 1.00078380107879638672e+00) (72, -5.38594901561737060547e-01) (73, -1.19275259971618652344e+00) (74, -6.93149626255035400391e-01) (75, 1.16442382335662841797e+00) (76, -1.48878502845764160156e+00) (77, -6.61869525909423828125e-01) (78, 1.77873146533966064453e+00) (79, 8.35694193840026855469e-01) (80, -1.40346005558967590332e-01) (81, -6.33241355419158935547e-01) (82, -5.54052650928497314453e-01) (83, 7.86473751068115234375e-01) (84, -2.83855348825454711914e-01) (85, -2.17211914062500000000e+00) (86, -7.10762202739715576172e-01) (87, 2.69218534231185913086e-01) (88, 6.65413916110992431641e-01) (89, 3.47595691680908203125e-01) (90, -6.22786521911621093750e-01) (91, -3.62700402736663818359e-01) (92, 1.53568565845489501953e+00) (93, 2.57539898157119750977e-01) (94, -7.10913062095642089844e-01) (95, 1.33445906639099121094e+00) (96, -6.87283277511596679688e-02) (97, 1.21376299858093261719e+00) (98, 1.45121145248413085938e+00) (99, -6.65110230445861816406e-01) (100, -5.25307536125183105469e-01) (101, 7.80556023120880126953e-01) (102, 5.68027615547180175781e-01) (103, 1.49863004684448242188e+00) (104, 2.48838758468627929688e+00) (0, -9.48764038085937500000e+00) (1, -1.55711574554443359375e+01) (2, 4.26319777965545654297e-01) (3, 1.84703502655029296875e+01) (4, -2.42903113365173339844e-01) (5, 1.38541543483734130859e+00) (6, 1.67690777778625488281e+00) (7, 3.43396735191345214844e+00) (8, -4.48159486055374145508e-01) (9, -1.84374737739562988281e+00) (10, 2.25067567825317382812e+00) (11, -7.29065942764282226562e+00) (12, -8.61312806606292724609e-01) (13, 1.47612798213958740234e+00) (14, -4.29908990859985351562e+00) (15, -2.30347180366516113281e+00) (16, -7.27441966533660888672e-01) (17, -5.96396148204803466797e-01) (18, -5.72897553443908691406e-01) (19, -7.03551530838012695312e-01) (20, 3.99835556745529174805e-01) (21, -8.08092308044433593750e+00) (22, -1.21566772460937500000e+00) (23, -7.45344281196594238281e-01) (24, 3.62985804677009582520e-02) (25, -3.78059148788452148438e-02) (26, 1.34974598884582519531e+00) (27, -4.94002550840377807617e-01) (28, -5.19318044185638427734e-01) (29, -7.69984483718872070312e-01) (30, 1.63616549968719482422e+00) (31, 1.21858096122741699219e+00) (32, -5.96761226654052734375e-01) (33, 3.92882585525512695312e+00) (34, -1.83397293090820312500e-01) (35, 3.77127081155776977539e-01) (36, -1.64255917072296142578e-01) (37, 3.53258758783340454102e-01) (38, 8.20427596569061279297e-01) (39, 5.40929079055786132812e-01) (40, 2.82313585281372070312e-01) (41, 3.84918379783630371094e+00) (42, 1.20499879121780395508e-01) (43, 1.21915256977081298828e+00) (44, 1.30977320671081542969e+00) (45, 1.25172841548919677734e+00) (46, 8.46569061279296875000e-01) (47, 1.70034217834472656250e+00) (48, 3.16898274421691894531e+00) (49, 1.68260991573333740234e+00) (50, 2.30565860867500305176e-01) (51, 8.63271877169609069824e-02) (52, 1.58392265439033508301e-01) (53, 5.47095060348510742188e-01) (54, 6.07225596904754638672e-01) (55, -2.53740604966878890991e-02) (56, -6.85218870639801025391e-01) (57, -7.73288905620574951172e-01) (58, -9.18350279331207275391e-01) (59, -5.02044737339019775391e-01) (60, -7.45249271392822265625e-01) (61, 2.80328869819641113281e+00) (62, 2.40847900509834289551e-01) (63, -7.79098868370056152344e-01) (64, -6.57671809196472167969e-01) (65, -8.11355829238891601562e-01) (66, 2.93670028448104858398e-01) (67, 8.80919992923736572266e-01) (68, -7.54971385002136230469e-01) (69, -1.38183757662773132324e-01) (70, -5.90619087219238281250e-01) (71, -8.51010501384735107422e-01) (72, -7.03056871891021728516e-01) (73, -6.53972337022423744202e-03) (74, -7.31018245220184326172e-01) (75, -4.17453646659851074219e-02) (76, -1.83809250593185424805e-01) (77, -7.10158646106719970703e-01) (78, -2.86137182265520095825e-02) (79, -6.72716021537780761719e-01) (80, -6.60184383392333984375e-01) (81, -1.93564236164093017578e-01) (82, -6.44099831581115722656e-01) (83, -1.01368069648742675781e-01) (84, -9.71434563398361206055e-02) (85, -4.22397822141647338867e-01) (86, -6.02199494838714599609e-01) (87, -7.87540912628173828125e-01) (88, 3.30914109945297241211e-02) (89, -5.44762238860130310059e-02) (90, -5.13323068618774414062e-01) (91, -7.13088035583496093750e-01) (92, -7.54229664802551269531e-01) (93, -7.37309157848358154297e-01) (94, -6.94337546825408935547e-01) (95, -6.16269886493682861328e-01) (96, -8.58479499816894531250e-01) (97, 4.97095957398414611816e-02) (98, -6.47440493106842041016e-01) (99, -5.43363034725189208984e-01) (100, -5.63757836818695068359e-01) (101, -8.06544244289398193359e-01) (102, -1.22472739219665527344e+00) (103, 8.69349098205566406250e+00) (104, 2.90158867835998535156e+00) (0, -4.69616394042968750000e+02) (1, 1.49976135253906250000e+03) (2, 2.13018012046813964844e+00) (3, 2.39780712127685546875e+00) (4, 2.82136440277099609375e+00) (5, 1.49976135253906250000e+03) (6, 1.49976184082031250000e+03) (7, 2.91895812988281250000e+02) (8, -5.81824569702148437500e+01) (9, 2.16711330413818359375e+00) (10, 2.27881073951721191406e+00) (11, 2.29750490188598632812e+00) (12, 2.33931636810302734375e+00) (13, 1.49436682128906250000e+03) (14, 2.29529523849487304688e+00) (15, 2.37513542175292968750e+00) (16, 1.18692827224731445312e+00) (17, 2.31745505332946777344e+00) (18, 2.20529532432556152344e+00) (19, 2.34242439270019531250e+00) (20, 8.55101013183593750000e+01) (21, 2.21238374710083007812e+00) (22, 3.02146530151367187500e+00) (23, 2.43910408020019531250e+00) (24, 9.35959930419921875000e+01) (25, 3.50342178344726562500e+01) (26, 2.39868283271789550781e+00) (27, -8.79581272602081298828e-01) (28, 2.63582372665405273438e+00) (29, 2.08519506454467773438e+00) (30, -4.82357254028320312500e+01) (31, 2.33082032203674316406e+00) (32, -6.00619888305664062500e+00) (33, 1.55189871788024902344e+00) (34, -5.27814674377441406250e+00) (35, 5.35815668106079101562e+00) (36, 1.38425302505493164062e+00) (37, 5.07495927810668945312e+00) (38, 5.22116136550903320312e+00) (39, 2.71946740150451660156e+00) (40, 1.82328300476074218750e+01) (41, 2.94116668701171875000e+02) (42, 1.86131381988525390625e+00) (43, 1.91682362556457519531e+00) (44, 1.55595445632934570312e+00) (45, 1.25046551227569580078e+00) (46, 2.74089264869689941406e+00) (47, -3.06957125663757324219e-01) (48, 1.98582124710083007812e+00) (49, 2.30394625663757324219e+00) (50, 2.46066004037857055664e-01) (51, 2.70995569229125976562e+00) (52, 1.19978196918964385986e-01) (53, -1.10668859481811523438e+01) (54, 1.89490342140197753906e+00) (55, 2.93747401237487792969e+00) (56, 9.79679286479949951172e-01) (57, 1.25220203399658203125e+00) (58, 2.11971378326416015625e+00) (59, -1.29463279247283935547e+00) (60, 8.76279532909393310547e-01) (61, 1.16787874698638916016e+00) (62, 6.77870392799377441406e-01) (63, 1.09354102611541748047e+00) (64, 1.34220206737518310547e+00) (65, 1.96341085433959960938e+00) (66, 1.22611141204833984375e+00) (67, 1.39843404293060302734e+00) (68, -1.28049335479736328125e+01) (69, 2.22687244415283203125e+00) (70, 1.99669003486633300781e+00) (71, 2.09367847442626953125e+00) (72, 1.76612424850463867188e+00) (73, 1.92414355278015136719e+00) (74, 1.95513904094696044922e+00) (75, 2.16352176666259765625e+00) (76, 9.69914674758911132812e-01) (77, 1.71020269393920898438e+00) (78, -2.51793146133422851562e+00) (79, 1.32005119323730468750e+00) (80, 1.95298814773559570312e+00) (81, 2.01476311683654785156e+00) (82, 1.83847999572753906250e+00) (83, 1.83832287788391113281e+00) (84, 1.61870932579040527344e+00) (85, 2.89936566352844238281e+00) (86, 1.64301705360412597656e+00) (87, 1.83940374851226806641e+00) (88, 2.92811560630798339844e+00) (89, 1.51518821716308593750e+00) (90, 2.71287226676940917969e+00) (91, 2.27773332595825195312e+00) (92, 1.71299123764038085938e+00) (93, 1.78972256183624267578e+00) (94, 1.57888102531433105469e+00) (95, 2.24985170364379882812e+00) (96, 1.06338512897491455078e+00) (97, 1.36355876922607421875e+00) (98, 2.12059974670410156250e+00) (99, 2.28943371772766113281e+00) (100, 1.85586905479431152344e+00) (101, 1.47780811786651611328e+00) (102, 1.49976184082031250000e+03) (103, -1.49976135253906250000e+03) (104, 3.09419661760330200195e-01) (0, -5.46962642669677734375e+00) (1, -1.64850940704345703125e+01) (2, 7.90864825248718261719e-01) (3, 4.28904891014099121094e-01) (4, 6.44123315811157226562e-01) (5, -1.00442433357238769531e+00) (6, 7.25116491317749023438e-01) (7, 8.00239145755767822266e-01) (8, 2.22976252436637878418e-01) (9, 4.70366537570953369141e-01) (10, 6.88646852970123291016e-01) (11, 6.46669924259185791016e-01) (12, 3.73009502887725830078e-01) (13, -9.32104960083961486816e-02) (14, 6.48883223533630371094e-01) (15, 5.64840793609619140625e-01) (16, 7.43132472038269042969e-01) (17, 7.52599120140075683594e-01) (18, -2.97313064336776733398e-01) (19, 8.41499447822570800781e-01) (20, -6.68663358688354492188e+00) (21, 7.22276628017425537109e-01) (22, 1.18755601346492767334e-01) (23, 2.87557482719421386719e-01) (24, -7.11442804336547851562e+00) (25, -2.88863182067871093750e-01) (26, -3.34824591875076293945e-01) (27, 4.62531149387359619141e-01) (28, 3.23712170124053955078e-01) (29, 4.07774865627288818359e-01) (30, 1.73727016448974609375e+01) (31, 9.66238975524902343750e-01) (32, 6.40787124633789062500e-01) (33, 9.64939355850219726562e-01) (34, 3.07220888137817382812e+00) (35, 9.08758401870727539062e-01) (36, 3.96498799324035644531e-01) (37, 2.99791574478149414062e-01) (38, 2.84691989421844482422e-01) (39, 8.40942978858947753906e-01) (40, 8.58247995376586914062e-01) (41, 6.43829345703125000000e-01) (42, 2.53406262397766113281e+00) (43, 2.53851056098937988281e+00) (44, 2.54235672950744628906e+00) (45, 1.11609375476837158203e+00) (46, 1.02946364879608154297e+00) (47, -7.34217166900634765625e-01) (48, 1.60949039459228515625e+00) (49, -2.96893030405044555664e-01) (50, 3.95152390003204345703e-01) (51, 1.58092188835144042969e+00) (52, 5.50784730911254882812e+00) (53, 4.89372596740722656250e+01) (54, 3.95360183715820312500e+01) (55, 2.20882400870323181152e-01) (56, 2.25198817253112792969e+00) (57, 1.99878406524658203125e+00) (58, 1.51772940158843994141e+00) (59, 2.28462171554565429688e+00) (60, 2.12564086914062500000e+00) (61, 1.69056499004364013672e+00) (62, 6.97499275207519531250e+00) (63, 2.35389995574951171875e+00) (64, 1.95600712299346923828e+00) (65, 1.98864066600799560547e+00) (66, 8.10577630996704101562e-01) (67, 1.77586412429809570312e+00) (68, 2.02306127548217773438e+00) (69, 1.71603298187255859375e+00) (70, 1.44917809963226318359e+00) (71, 1.33073782920837402344e+00) (72, 1.43236196041107177734e+00) (73, 1.37928295135498046875e+00) (74, 1.94059240818023681641e+00) (75, 1.60898578166961669922e+00) (76, 1.72433674335479736328e+00) (77, 2.06198024749755859375e+00) (78, 1.96463549137115478516e+00) (79, 1.33369767665863037109e+00) (80, 7.25870847702026367188e-01) (81, 1.65079820156097412109e+00) (82, 1.60310244560241699219e+00) (83, 4.51108872890472412109e-01) (84, 1.83915710449218750000e+00) (85, 3.66811573505401611328e-01) (86, 1.72252905368804931641e+00) (87, 1.75784039497375488281e+00) (88, 9.06775295734405517578e-01) (89, 9.43742156028747558594e-01) (90, 3.76845538616180419922e-01) (91, 8.41993331909179687500e-01) (92, 1.68689274787902832031e+00) (93, 1.47836911678314208984e+00) (94, 2.20069313049316406250e+00) (95, 1.18111062049865722656e+00) (96, 2.94296407699584960938e+00) (97, 1.17439150810241699219e+00) (98, 1.17311918735504150391e+00) (99, 1.35900259017944335938e+00) (100, 1.71490442752838134766e+00) (101, 1.80807089805603027344e+00) (102, -3.26534843444824218750e+01) (103, 5.06982116699218750000e+01) (104, 1.25315472483634948730e-01) (0, 1.20879793167114257812e+01) (1, 1.93900036811828613281e+00) (2, 2.82606697082519531250e+00) (3, 7.63786673545837402344e-01) (4, 5.87429329752922058105e-02) (5, 7.46696531772613525391e-01) (6, 7.99091756343841552734e-02) (7, -2.51346135139465332031e+00) (8, 2.22843003273010253906e+00) (9, -3.20956438779830932617e-01) (10, 1.63119983673095703125e+00) (11, 6.45271718502044677734e-01) (12, 2.05481958389282226562e+00) (13, 1.88183879852294921875e+00) (14, 1.70000362396240234375e+00) (15, -1.13593006134033203125e+00) (16, 8.59208285808563232422e-01) (17, 1.66937375068664550781e+00) (18, 2.05954718589782714844e+00) (19, 1.68494093418121337891e+00) (20, 2.17806148529052734375e+00) (21, 1.43446803092956542969e+00) (22, -1.44205009937286376953e+00) (23, -3.04318451881408691406e+00) (24, 8.71634408831596374512e-02) (25, 1.54484641551971435547e+00) (26, 7.71538317203521728516e-01) (27, -2.82168805599212646484e-01) (28, -2.82894432544708251953e-01) (29, 1.56034493446350097656e+00) (30, -1.99421863555908203125e+01) (31, 1.07662498950958251953e+00) (32, 5.79646825790405273438e-01) (33, 1.06692159175872802734e+00) (34, -6.01646423339843750000e-01) (35, 6.04217872023582458496e-02) (36, -5.97121454775333404541e-02) (37, 4.59004878997802734375e-01) (38, 2.09320306777954101562e+00) (39, 9.47017550468444824219e-01) (40, 1.27068114280700683594e+00) (41, 2.15817525982856750488e-01) (42, 3.28307658433914184570e-01) (43, 8.21613788604736328125e-01) (44, -3.97866576910018920898e-01) (45, 9.13678228855133056641e-01) (46, -1.85304969549179077148e-01) (47, 3.13642716407775878906e+00) (48, -4.19880628585815429688e-01) (49, 7.14701533317565917969e-01) (50, 1.06899619102478027344e-01) (51, -3.21945846080780029297e-01) (52, -5.95433190464973449707e-02) (53, -8.89377593994140625000e-01) (54, 3.40273052453994750977e-01) (55, 3.71327549219131469727e-01) (56, -2.99140363931655883789e-01) (57, 8.46068561077117919922e-01) (58, 5.74862360954284667969e-01) (59, 5.71483433246612548828e-01) (60, -2.00261592864990234375e-01) (61, 6.88441693782806396484e-01) (62, 3.87103468179702758789e-01) (63, -3.02943110466003417969e-01) (64, -1.51726782321929931641e-01) (65, -3.00149083137512207031e-01) (66, -9.87544879317283630371e-02) (67, 7.50188469886779785156e-01) (68, -2.15878799557685852051e-01) (69, 1.37739479541778564453e+00) (70, -3.07288438081741333008e-01) (71, -2.76932805776596069336e-01) (72, -4.40728425979614257812e+00) (73, 1.56939482688903808594e+00) (74, -3.29675346612930297852e-01) (75, 4.51711490750312805176e-02) (76, -1.45506829023361206055e-01) (77, -3.06633889675140380859e-01) (78, 5.81119298934936523438e-01) (79, 5.60677722096443176270e-02) (80, 4.82174605131149291992e-01) (81, 7.85603225231170654297e-01) (82, -1.92015945911407470703e-01) (83, 5.80270528793334960938e-01) (84, -2.08718553185462951660e-01) (85, 1.63600400090217590332e-01) (86, -2.98013299703598022461e-01) (87, -1.68731737136840820312e+00) (88, 1.79404270648956298828e+00) (89, -2.77184337377548217773e-01) (90, 1.85549095273017883301e-01) (91, 7.77048096060752868652e-02) (92, 7.39793717861175537109e-01) (93, -3.29830467700958251953e-01) (94, -3.30631196498870849609e-01) (95, 1.36999595165252685547e+00) (96, 8.99844706058502197266e-01) (97, 1.66777646541595458984e+00) (98, -4.10442501306533813477e-02) (99, -1.92242413759231567383e-01) (100, -3.13790583610534667969e+00) (101, 7.64124691486358642578e-01) (102, 1.50000000000000000000e+03) (103, -1.50000000000000000000e+03) (104, 1.50945544242858886719e+00) (0, 1.64799630641937255859e-01) (1, -2.04104442596435546875e+01) (2, 1.10032331943511962891e+00) (3, 1.72358441352844238281e+00) (4, 9.81210350990295410156e-01) (5, 9.25698161125183105469e-01) (6, 9.91798520088195800781e-01) (7, 1.00330209732055664062e+00) (8, -4.91372489929199218750e+00) (9, 7.79862463474273681641e-01) (10, 8.74066352844238281250e-01) (11, 5.06049871444702148438e-01) (12, 1.22762787342071533203e+00) (13, -1.06773950159549713135e-01) (14, 5.07477462291717529297e-01) (15, 1.11543834209442138672e+00) (16, 9.21751618385314941406e-01) (17, 9.30055618286132812500e-01) (18, 1.64813876152038574219e-01) (19, 1.01756811141967773438e+00) (20, -7.59772920608520507812e+00) (21, 1.09830582141876220703e+00) (22, 3.70589792728424072266e-01) (23, 7.16701328754425048828e-01) (24, 1.30074709653854370117e-01) (25, -5.42139820754528045654e-02) (26, 8.49836826324462890625e-01) (27, 6.84397459030151367188e-01) (28, 9.79779481887817382812e-01) (29, 1.16694986820220947266e+00) (30, 1.60825576782226562500e+01) (31, 1.28078496456146240234e+00) (32, 1.27565217018127441406e+00) (33, 1.15086460113525390625e+00) (34, 4.10469436645507812500e+00) (35, 1.13954854011535644531e+00) (36, 1.19714391231536865234e+00) (37, 1.18134403228759765625e+00) (38, 1.23105311393737792969e+00) (39, 1.14665985107421875000e+00) (40, 1.16048681735992431641e+00) (41, 5.28058719635009765625e+00) (42, 1.38973331451416015625e+00) (43, 1.40810346603393554688e+00) (44, 1.30013406276702880859e+00) (45, 1.31524205207824707031e+00) (46, -5.36625444889068603516e-01) (47, -1.97932586073875427246e-01) (48, 5.35577154159545898438e+00) (49, 5.58657228946685791016e-01) (50, 7.25868880748748779297e-01) (51, -1.68434393405914306641e+00) (52, 2.41252446174621582031e+00) (53, 4.06795463562011718750e+01) (54, 6.14330368041992187500e+01) (55, -8.90469455718994140625e+00) (56, 3.13462853431701660156e+00) (57, 1.09970653057098388672e+00) (58, -9.25342202186584472656e-01) (59, -1.01194119453430175781e+00) (60, 4.78347921371459960938e+00) (61, 2.26104187965393066406e+00) (62, 1.02914266586303710938e+01) (63, 2.70627379417419433594e+00) (64, 2.54578065872192382812e+00) (65, 1.65419244766235351562e+00) (66, -1.60305130481719970703e+00) (67, 1.47408023476600646973e-01) (68, 6.97753000259399414062e+00) (69, 2.42574602365493774414e-01) (70, 9.86755132675170898438e-01) (71, 7.32661366462707519531e-01) (72, 1.94438838958740234375e+00) (73, 1.58305287361145019531e+00) (74, 7.47526168823242187500e-01) (75, 4.17264789342880249023e-01) (76, -1.00341868400573730469e+00) (77, 1.27425181865692138672e+00) (78, 1.20660066604614257812e+00) (79, 2.05331420898437500000e+00) (80, 9.04725909233093261719e-01) (81, -4.98162865638732910156e-01) (82, 1.15538859367370605469e+00) (83, 1.75704431533813476562e+00) (84, -2.51967906951904296875e-01) (85, 1.53739273548126220703e+00) (86, 8.12649130821228027344e-01) (87, 8.63929748535156250000e-01) (88, -8.42183887958526611328e-01) (89, -6.46272525191307067871e-02) (90, 3.39362215995788574219e+00) (91, 1.86136984825134277344e+00) (92, 5.30162096023559570312e-01) (93, 7.96370983123779296875e-01) (94, 1.55528223514556884766e+00) (95, 9.18332338333129882812e-01) (96, 2.18145942687988281250e+00) (97, 2.29380369186401367188e-01) (98, -2.35318660736083984375e-01) (99, 4.78176593780517578125e-01) (100, 1.60483872890472412109e+00) (101, -2.49975752830505371094e+00) (102, -6.58245773315429687500e+01) (103, 1.05329322814941406250e+02) (104, 5.22243916988372802734e-01) (0, -2.30747489929199218750e+01) (1, 7.48223638534545898438e+00) (2, -1.24356813430786132812e+01) (3, -5.23134279251098632812e+00) (4, 4.14982706308364868164e-01) (5, -2.07384376525878906250e+01) (6, -1.22147846221923828125e+00) (7, 5.81626987457275390625e+00) (8, -4.09929752349853515625e+00) (9, 1.04539930820465087891e+00) (10, -8.86369419097900390625e+00) (11, 1.08680534362792968750e+00) (12, 8.44783008098602294922e-01) (13, -1.22682590484619140625e+01) (14, 1.87560939788818359375e+00) (15, -1.14131236076354980469e+00) (16, -4.66895222663879394531e-01) (17, -3.47316932678222656250e+00) (18, -5.10081887245178222656e-01) (19, 1.13219487667083740234e+00) (20, 5.51568889617919921875e+00) (21, -6.71183228492736816406e-01) (22, -1.75359106063842773438e+00) (23, -3.97437661886215209961e-01) (24, 3.25371436774730682373e-02) (25, -8.34895324707031250000e+00) (26, -5.55523574352264404297e-01) (27, -7.38406479358673095703e-01) (28, 1.54379570484161376953e+00) (29, 3.34805965423583984375e+00) (30, 8.70756089687347412109e-01) (31, -1.70394766330718994141e+00) (32, -4.06182080507278442383e-01) (33, 1.55623400211334228516e+00) (34, 1.10560727119445800781e+00) (35, 2.02425289154052734375e+00) (36, 2.20359635353088378906e+00) (37, 1.97571194171905517578e+00) (38, 1.21824789047241210938e+00) (39, 5.77240884304046630859e-01) (40, 1.89372813701629638672e+00) (41, 2.59339761734008789062e+00) (42, 4.07643824815750122070e-01) (43, 9.66305553913116455078e-01) (44, 7.71860361099243164062e-01) (45, 1.08360731601715087891e+00) (46, 1.19191277027130126953e+00) (47, 3.08522677421569824219e+00) (48, -7.55192860960960388184e-02) (49, 9.38467681407928466797e-01) (50, 1.41433417797088623047e+00) (51, -2.80860394239425659180e-01) (52, 2.34306287765502929688e+00) (53, 8.94710242748260498047e-01) (54, 2.45007205009460449219e+00) (55, 7.11008071899414062500e-01) (56, -4.25425976514816284180e-01) (57, -8.60979437828063964844e-01) (58, -7.82144367694854736328e-01) (59, -1.86373841762542724609e+00) (60, -4.29664671421051025391e-01) (61, -3.48558247089385986328e-01) (62, -7.49562978744506835938e-02) (63, -2.94079393148422241211e-01) (64, -1.70477986335754394531e-01) (65, -2.83053189516067504883e-01) (66, 2.22438558936119079590e-01) (67, 8.20201814174652099609e-01) (68, -5.45311355590820312500e+00) (69, 8.62070739269256591797e-01) (70, -3.66622805595397949219e-01) (71, -1.68171390891075134277e-01) (72, -3.76690834760665893555e-01) (73, -1.31312338635325431824e-02) (74, -3.49729031324386596680e-01) (75, -1.04620665311813354492e-01) (76, -2.72694170475006103516e-01) (77, -3.32234174013137817383e-01) (78, -1.17823421955108642578e-01) (79, -1.18248365819454193115e-01) (80, -1.36440306901931762695e-01) (81, -1.30128353834152221680e-01) (82, -6.69719576835632324219e-01) (83, 4.10907536745071411133e-01) (84, 2.05555513501167297363e-01) (85, 5.02555191516876220703e-01) (86, -2.65102446079254150391e-01) (87, -8.63432526588439941406e-01) (88, -9.98366326093673706055e-02) (89, -6.58960938453674316406e-02) (90, -2.27645710110664367676e-01) (91, 3.58943074941635131836e-01) (92, -7.27277398109436035156e-01) (93, -3.52865636348724365234e-01) (94, -2.17627912759780883789e-01) (95, 1.60498395562171936035e-01) (96, -7.90248692035675048828e-01) (97, -2.11693689227104187012e-01) (98, -2.29660108685493469238e-01) (99, -2.39057540893554687500e-01) (100, -3.89077633619308471680e-01) (101, -6.20593249797821044922e-01) (102, 1.83553237915039062500e+01) (103, 9.40899252891540527344e-01) (104, 2.36346173286437988281e+00) (0, -1.20984811782836914062e+01) (1, -1.05364665985107421875e+01) (2, 8.78786027431488037109e-01) (3, 3.45183461904525756836e-01) (4, 2.77570158243179321289e-01) (5, 9.35590553283691406250e+00) (6, 1.06132149696350097656e+00) (7, 8.10325527191162109375e+00) (8, -1.05517988204956054688e+01) (9, -6.45041131973266601562e+00) (10, 1.41819107532501220703e+00) (11, 8.37669014930725097656e-01) (12, -8.33889126777648925781e-01) (13, 1.07006483078002929688e+01) (14, 2.95901918411254882812e+00) (15, -1.65336835384368896484e+00) (16, 4.74066823720932006836e-01) (17, 2.89062333106994628906e+00) (18, 4.12521553039550781250e+00) (19, 2.56099319458007812500e+00) (20, 3.21397233009338378906e+00) (21, -7.39820241928100585938e-01) (22, -2.93239331245422363281e+00) (23, -2.46212422847747802734e-01) (24, 4.23223167657852172852e-01) (25, -3.44507038593292236328e-01) (26, -3.29441696405410766602e-01) (27, -1.17413520812988281250e+00) (28, -5.04706192016601562500e+00) (29, -1.16345596313476562500e+00) (30, -1.09553420543670654297e+00) (31, -3.72734844684600830078e-01) (32, -3.43517810106277465820e-01) (33, -1.70909035950899124146e-02) (34, 1.25929701328277587891e+00) (35, 1.86255678534507751465e-01) (36, -2.17402011156082153320e-01) (37, -3.36008101701736450195e-01) (38, 4.04239982366561889648e-01) (39, 7.80876219272613525391e-01) (40, 2.98707336187362670898e-01) (41, 1.01448178291320800781e+00) (42, -8.42392504215240478516e-01) (43, 7.12560638785362243652e-02) (44, -8.40137660503387451172e-01) (45, -7.91212141513824462891e-01) (46, 1.09906101226806640625e+00) (47, 1.89447295665740966797e+00) (48, -6.54358386993408203125e-01) (49, 1.68169093132019042969e+00) (50, 7.73059487342834472656e-01) (51, -2.63908803462982177734e-01) (52, 8.18917989730834960938e-01) (53, 9.63495075702667236328e-01) (54, -1.92783717066049575806e-02) (55, -1.42014756798744201660e-01) (56, -5.14707267284393310547e-01) (57, -4.03941094875335693359e-01) (58, -9.25826191902160644531e-01) (59, -1.03907585144042968750e+00) (60, -8.19976806640625000000e-01) (61, -6.21258735656738281250e-01) (62, -9.38724040985107421875e-01) (63, -5.28993070125579833984e-01) (64, -8.43935430049896240234e-01) (65, -8.08477401733398437500e-01) (66, -1.03080265223979949951e-01) (67, 6.72338232398033142090e-02) (68, -9.20120894908905029297e-01) (69, 9.50667262077331542969e-01) (70, -7.26636230945587158203e-01) (71, -2.82042682170867919922e-01) (72, -6.19987130165100097656e-01) (73, 5.92276930809020996094e-01) (74, -2.39411756396293640137e-01) (75, 1.08254730701446533203e+00) (76, 1.23905372619628906250e+00) (77, -6.86940789222717285156e-01) (78, 2.72235065698623657227e-01) (79, 5.62467634677886962891e-01) (80, 8.57649683952331542969e-01) (81, 9.04703438282012939453e-01) (82, 4.23314683139324188232e-02) (83, -3.59223410487174987793e-02) (84, -1.08722358942031860352e-01) (85, 1.03776597976684570312e+00) (86, -7.21879959106445312500e-01) (87, -7.87074387073516845703e-01) (88, 3.26469242572784423828e-02) (89, -1.29191018640995025635e-02) (90, 4.91261258721351623535e-02) (91, 1.38577178120613098145e-01) (92, -7.34616219997406005859e-01) (93, -7.81880319118499755859e-01) (94, -8.42201411724090576172e-01) (95, -6.94846332073211669922e-01) (96, -9.01776254177093505859e-01) (97, 5.52589893341064453125e-01) (98, 2.27339252829551696777e-01) (99, -7.66536951065063476562e-01) (100, -7.66880214214324951172e-01) (101, -7.45374500751495361328e-01) (102, -4.82484054565429687500e+00) (103, 1.06186914443969726562e+01) (104, 2.94624948501586914062e+00) (0, -6.80549955368041992188e+00) (1, -8.61451804637908935547e-01) (2, -1.42709219455718994141e+00) (3, 2.53521382808685302734e-01) (4, -6.62223339080810546875e-01) (5, -5.67217528820037841797e-01) (6, -2.13538408279418945312e-01) (7, 1.78331494331359863281e+00) (8, -1.96206307411193847656e+00) (9, -7.21891641616821289062e-01) (10, 1.00282990932464599609e+00) (11, 3.27337205410003662109e-01) (12, -8.71348828077316284180e-02) (13, 1.71282601356506347656e+00) (14, -1.43767222762107849121e-01) (15, 1.28804409503936767578e+00) (16, 8.86360406875610351562e-01) (17, -1.15099847316741943359e+00) (18, -2.53604855388402938843e-02) (19, -1.58986926078796386719e+00) (20, -1.31386470794677734375e+00) (21, 8.38630914688110351562e-01) (22, -3.69980126619338989258e-01) (23, 5.61076700687408447266e-01) (24, -1.33285152912139892578e+00) (25, -7.53868222236633300781e-01) (26, -7.43944466114044189453e-01) (27, 4.47209030389785766602e-02) (28, -7.28878855705261230469e-01) (29, -8.74067008495330810547e-01) (30, 1.32996284961700439453e+00) (31, 1.96738168597221374512e-01) (32, -1.37388065457344055176e-01) (33, -2.39906996488571166992e-01) (34, 3.65276247262954711914e-01) (35, 4.16946411132812500000e-01) (36, -2.36027285456657409668e-01) (37, 2.83629107475280761719e+00) (38, -1.10557818412780761719e+00) (39, -3.09764266014099121094e-01) (40, -3.46030682325363159180e-01) (41, -7.05254554748535156250e-01) (42, 2.99968957901000976562e-01) (43, -1.31160765886306762695e-01) (44, 1.42222368717193603516e+00) (45, 1.81756448745727539062e+00) (46, 1.69223621487617492676e-01) (47, -7.96334207057952880859e-01) (48, 1.22887516021728515625e+00) (49, -6.79982066154479980469e-01) (50, -7.87157535552978515625e-01) (51, 7.25503027439117431641e-01) (52, -8.61484825611114501953e-01) (53, 7.50795125961303710938e-01) (54, -1.45254001021385192871e-01) (55, 1.54324507713317871094e+00) (56, -1.04337491095066070557e-01) (57, 5.44195890426635742188e-01) (58, -4.95310276746749877930e-01) (59, 1.13215351104736328125e+01) (60, -7.42869228124618530273e-02) (61, -2.22716259956359863281e+00) (62, 2.49801099300384521484e-01) (63, -4.26108725368976593018e-02) (64, -1.23396597802639007568e-01) (65, 1.57828167080879211426e-01) (66, -9.15780007839202880859e-01) (67, 6.37569963932037353516e-01) (68, -4.69872564077377319336e-01) (69, 1.00449204444885253906e+00) (70, -6.19220137596130371094e-01) (71, -7.22416281700134277344e-01) (72, -6.31675571203231811523e-02) (73, -3.52192950248718261719e+00) (74, -6.79922282695770263672e-01) (75, 2.86250209808349609375e+00) (76, -4.80794042348861694336e-01) (77, -7.18488097190856933594e-01) (78, -3.63853549957275390625e+00) (79, 1.10673880577087402344e+00) (80, -3.18627429008483886719e+00) (81, 1.30198597908020019531e+00) (82, 3.03261160850524902344e-01) (83, 4.73180484771728515625e+00) (84, 1.95985865592956542969e+00) (85, -4.65035438537597656250e-02) (86, 1.92274898290634155273e-01) (87, 4.65409374237060546875e+00) (88, -8.44337654113769531250e+00) (89, -1.39788436889648437500e+00) (90, 3.44166588783264160156e+00) (91, -2.42771148681640625000e+00) (92, -9.11093533039093017578e-01) (93, 2.83608222007751464844e+00) (94, -3.81011813879013061523e-01) (95, -6.76112055778503417969e-01) (96, 1.78327155113220214844e+00) (97, -5.36266469955444335938e+00) (98, 1.96259655058383941650e-02) (99, -4.32095587253570556641e-01) (100, 4.90328744053840637207e-02) (101, -3.38267993927001953125e+00) (102, 6.25016152858734130859e-01) (103, 1.85571873188018798828e+00) (104, 2.36095356941223144531e+00) (0, 3.16925835609436035156e+00) (1, 2.21590250730514526367e-01) (2, 1.15455955266952514648e-01) (3, 1.16069090366363525391e+00) (4, -7.98335373401641845703e-01) (5, 2.47646361589431762695e-01) (6, -5.47684788703918457031e-01) (7, 4.21947419643402099609e-01) (8, 1.25971245765686035156e+00) (9, -2.32569769024848937988e-01) (10, -7.01286375522613525391e-01) (11, 8.25502216815948486328e-01) (12, -5.40672004222869873047e-01) (13, -3.20625364780426025391e-01) (14, 2.75641232728958129883e-01) (15, -3.50227713584899902344e-01) (16, -4.23204094171524047852e-01) (17, -5.66692948341369628906e-01) (18, -7.02660307288169860840e-02) (19, -6.97979092597961425781e-01) (20, -4.70545649528503417969e-01) (21, -5.21697282791137695312e-01) (22, -7.50558137893676757812e-01) (23, -7.23407864570617675781e-01) (24, -6.29283115267753601074e-02) (25, -2.09491744637489318848e-01) (26, -5.28318762779235839844e-01) (27, 4.08219456672668457031e-01) (28, -6.54560983180999755859e-01) (29, 6.09302937984466552734e-01) (30, 9.37507629394531250000e-01) (31, -6.13323330879211425781e-01) (32, 9.04451727867126464844e-01) (33, 1.33945572376251220703e+00) (34, 1.38795888423919677734e+00) (35, 2.81717270612716674805e-01) (36, 1.82682678103446960449e-01) (37, 2.80315726995468139648e-01) (38, 2.43364930152893066406e-01) (39, -6.67528152465820312500e-01) (40, 4.27216291427612304688e-01) (41, 1.13749876618385314941e-02) (42, 7.12198913097381591797e-01) (43, 1.39308798313140869141e+00) (44, 1.01204812526702880859e+00) (45, 6.57147109508514404297e-01) (46, -3.85919064283370971680e-02) (47, -7.62155830860137939453e-01) (48, -5.25949954986572265625e-01) (49, -7.84413337707519531250e-01) (50, -5.79968273639678955078e-01) (51, -4.55596596002578735352e-01) (52, -7.12298274040222167969e-01) (53, -4.37635451555252075195e-01) (54, 3.37228357791900634766e-01) (55, -6.60519525408744812012e-02) (56, -6.29515886306762695312e-01) (57, -5.56012868881225585938e-01) (58, 2.89678633213043212891e-01) (59, 3.50303888320922851562e-01) (60, 1.12461256980895996094e+00) (61, -3.32050234079360961914e-01) (62, 1.73644804954528808594e+00) (63, -5.82916617393493652344e-01) (64, 4.29872095584869384766e-01) (65, -5.88017046451568603516e-01) (66, 6.83750808238983154297e-02) (67, 3.29366564750671386719e-01) (68, 3.11826288700103759766e-01) (69, 5.30436992645263671875e-01) (70, -2.12389841675758361816e-01) (71, -4.15114074945449829102e-01) (72, -1.19719527661800384521e-01) (73, 1.86821490526199340820e-01) (74, -6.47299587726593017578e-01) (75, 3.52959513664245605469e-01) (76, 5.98913431167602539062e-01) (77, -6.65175497531890869141e-01) (78, -8.53021919727325439453e-01) (79, 8.88498127460479736328e-01) (80, -5.72058737277984619141e-01) (81, 3.38159680366516113281e-01) (82, -6.02765202522277832031e-01) (83, -5.82499980926513671875e-01) (84, 9.94109749794006347656e-01) (85, -8.24631631374359130859e-01) (86, -2.99856781959533691406e-01) (87, 1.07881450653076171875e+00) (88, 8.28150272369384765625e-01) (89, 1.60181558132171630859e+00) (90, -2.57192671298980712891e-01) (91, 6.90219253301620483398e-02) (92, -4.88314330577850341797e-01) (93, -4.01091337203979492188e-01) (94, -2.69656628370285034180e-01) (95, -6.11607313156127929688e-01) (96, 9.30838823318481445312e-01) (97, 3.94306719303131103516e-01) (98, -6.32148027420043945312e-01) (99, -7.29439496994018554688e-01) (100, -2.17875495553016662598e-01) (101, 1.52923196554183959961e-01) (102, 5.73267698287963867188e-01) (103, 1.44698023796081542969e+00) (104, 2.19253945350646972656e+00) (0, 1.47959213256835937500e+01) (1, 1.59176149368286132812e+01) (2, 2.79221010208129882812e+00) (3, 2.19210386276245117188e+00) (4, 2.90111947059631347656e+00) (5, 3.02766370773315429688e+00) (6, 2.70401096343994140625e+00) (7, 1.89643192291259765625e+01) (8, 3.27139902114868164062e+00) (9, 2.69859194755554199219e+00) (10, 2.69257497787475585938e+00) (11, 2.22935509681701660156e+00) (12, 2.69098949432373046875e+00) (13, 6.45465698242187500000e+01) (14, 2.20793890953063964844e+00) (15, 1.46406066417694091797e+00) (16, 3.23922467231750488281e+00) (17, 2.59136533737182617188e+00) (18, 2.59604501724243164062e+00) (19, 3.22835040092468261719e+00) (20, 1.48074203491210937500e+02) (21, 2.64990186691284179688e+00) (22, 3.15122866630554199219e+00) (23, 2.64845895767211914062e+00) (24, 3.69688796997070312500e+01) (25, 2.15205062866210937500e+02) (26, 2.56556296348571777344e+00) (27, 1.80983448028564453125e+00) (28, 1.62419760227203369141e+00) (29, 2.68205404281616210938e+00) (30, -4.42996559143066406250e+01) (31, 2.91515421867370605469e+00) (32, -2.13460493087768554688e+00) (33, 5.10245704650878906250e+00) (34, 5.75951516628265380859e-01) (35, 9.00114822387695312500e+00) (36, 9.11012840270996093750e+00) (37, 1.91209208965301513672e+00) (38, 2.99735188484191894531e+00) (39, 2.76035499572753906250e+00) (40, 2.66972661018371582031e+00) (41, 2.36663269996643066406e+00) (42, 1.35965001583099365234e+00) (43, 1.56824898719787597656e+00) (44, 2.07805371284484863281e+00) (45, 1.16279482841491699219e+00) (46, 2.16948533058166503906e+00) (47, 5.19017744064331054688e+00) (48, 3.09014320373535156250e+00) (49, 6.71922302246093750000e+00) (50, 2.90605282783508300781e+00) (51, 2.84846043586730957031e+00) (52, 1.83005285263061523438e+00) (53, -7.32631981372833251953e-01) (54, 1.76072621345520019531e+00) (55, 1.94355285167694091797e+00) (56, 5.89047372341156005859e-01) (57, 1.59814286231994628906e+00) (58, 1.87707161903381347656e+00) (59, -1.61667503416538238525e-02) (60, 1.53519606590270996094e+00) (61, 1.08870232105255126953e+00) (62, 6.77187085151672363281e-01) (63, 1.44608139991760253906e+00) (64, 1.40203130245208740234e+00) (65, 1.36301004886627197266e+00) (66, 1.60078775882720947266e+00) (67, 1.03268754482269287109e+00) (68, -3.35267901420593261719e+00) (69, 2.42010283470153808594e+00) (70, 1.83655583858489990234e+00) (71, 2.37514042854309082031e+00) (72, 1.56138479709625244141e+00) (73, -9.17274093627929687500e+00) (74, 1.39021825790405273438e+00) (75, 2.41986417770385742188e+00) (76, 1.28256070613861083984e+00) (77, 1.52317261695861816406e+00) (78, -1.54321289062500000000e+00) (79, 1.10889112949371337891e+00) (80, 1.99274277687072753906e+00) (81, 1.48689675331115722656e+00) (82, 1.56362640857696533203e+00) (83, 2.15843272209167480469e+00) (84, 1.05652940273284912109e+00) (85, 2.12268209457397460938e+00) (86, 1.50627946853637695312e+00) (87, 1.21028733253479003906e+00) (88, 2.68086147308349609375e+00) (89, 9.86571848392486572266e-01) (90, 2.53702759742736816406e+00) (91, 1.56171846389770507812e+00) (92, 1.51649355888366699219e+00) (93, 1.63684904575347900391e+00) (94, 1.37433838844299316406e+00) (95, 1.21384930610656738281e+00) (96, 7.14704692363739013672e-01) (97, 1.06877553462982177734e+00) (98, 2.52879667282104492188e+00) (99, 1.27135801315307617188e+00) (100, 1.46954786777496337891e+00) (101, 1.12532091140747070312e+00) (102, 1.50000000000000000000e+03) (103, -1.50000000000000000000e+03) (104, 5.90487301349639892578e-01) (0, 3.11157727241516113281e+00) (1, 1.51508212089538574219e+00) (2, -3.88474375009536743164e-01) (3, -6.52805233001708984375e+00) (4, 4.02145355939865112305e-01) (5, 4.78771543502807617188e+00) (6, 3.91639113426208496094e+00) (7, 9.84710216522216796875e+00) (8, -6.33498668670654296875e+00) (9, 2.48077750205993652344e+00) (10, 7.97540330886840820312e+00) (11, 1.87529158592224121094e+00) (12, 4.47858619689941406250e+00) (13, 2.43608207702636718750e+01) (14, 1.99444139003753662109e+00) (15, 1.83797729015350341797e+00) (16, 2.30640336871147155762e-01) (17, -6.37251436710357666016e-01) (18, 3.26445221900939941406e+00) (19, 1.97526681423187255859e+00) (20, 6.69848155975341796875e+00) (21, -2.96547341346740722656e+00) (22, -3.55095696449279785156e+00) (23, -1.40626776218414306641e+00) (24, 1.68263685703277587891e+00) (25, 4.17452812194824218750e+00) (26, 1.13281476497650146484e+00) (27, 1.27474927902221679688e+00) (28, 1.22968780994415283203e+00) (29, 1.02925324440002441406e+00) (30, -5.91289939880371093750e+01) (31, 9.42750453948974609375e-01) (32, 2.76126086711883544922e-01) (33, 2.68500757217407226562e+00) (34, -2.37955498695373535156e+00) (35, 1.48184204101562500000e+00) (36, -2.85635519027709960938e+00) (37, 7.47533738613128662109e-01) (38, 9.21077072620391845703e-01) (39, 1.13972091674804687500e+00) (40, -1.15879559516906738281e+00) (41, -1.31063842773437500000e+00) (42, 1.46101757884025573730e-01) (43, 1.33274900913238525391e+00) (44, -5.24422705173492431641e-01) (45, 6.35156989097595214844e-01) (46, 1.90391409397125244141e+00) (47, 3.35238504409790039062e+00) (48, 1.68258643150329589844e+00) (49, 6.81080436706542968750e+00) (50, 1.92660844326019287109e+00) (51, 1.94471776485443115234e+00) (52, 1.37554788589477539062e+00) (53, -2.06158618927001953125e+01) (54, 1.94502472877502441406e+00) (55, 4.78045177459716796875e+00) (56, 2.31282904744148254395e-01) (57, 1.93965330719947814941e-01) (58, 1.03211295604705810547e+00) (59, 2.02823445200920104980e-01) (60, -6.07995927333831787109e-01) (61, 2.48747989535331726074e-01) (62, 1.39426255226135253906e+00) (63, 1.41008719801902770996e-01) (64, 1.14135634899139404297e+00) (65, 1.09748160839080810547e+00) (66, 3.49446445703506469727e-01) (67, 3.12629151344299316406e+00) (68, 1.58231213688850402832e-01) (69, 1.95224916934967041016e+00) (70, 1.55120432376861572266e+00) (71, 1.93891549110412597656e+00) (72, 1.75319623947143554688e+00) (73, 8.94967198371887207031e-01) (74, 6.56521379947662353516e-01) (75, 2.46144607663154602051e-01) (76, 8.87828171253204345703e-02) (77, 3.30742627382278442383e-01) (78, 9.64209616184234619141e-01) (79, 3.24432581663131713867e-01) (80, 7.78661668300628662109e-01) (81, 7.36941695213317871094e-01) (82, 7.56650447845458984375e-01) (83, 7.11451470851898193359e-01) (84, 7.70787537097930908203e-01) (85, 1.26835417747497558594e+00) (86, 3.53806525468826293945e-01) (87, -4.55010795593261718750e+00) (88, 1.86135160923004150391e+00) (89, 3.05387020111083984375e-01) (90, 6.74863636493682861328e-01) (91, 1.04957664012908935547e+00) (92, 7.93030261993408203125e-01) (93, 4.66510564088821411133e-01) (94, 3.80648285150527954102e-01) (95, 1.14472448825836181641e+00) (96, 2.29338183999061584473e-01) (97, 1.68245351314544677734e+00) (98, 8.57258856296539306641e-01) (99, 6.96799457073211669922e-01) (100, 1.94639280438423156738e-01) (101, 6.30427694320678710938e+00) (102, 1.50000000000000000000e+03) (103, -1.50000000000000000000e+03) (104, 1.56156218051910400391e+00) (0, -2.88215987384319305420e-02) (1, -1.73738727569580078125e+01) (2, 1.46498644351959228516e+00) (3, 2.11031532287597656250e+00) (4, 1.55263137817382812500e+00) (5, 1.71992635726928710938e+00) (6, 1.70667004585266113281e+00) (7, 1.79818487167358398438e+00) (8, 2.67681813240051269531e+00) (9, 2.09708762168884277344e+00) (10, 2.25710964202880859375e+00) (11, 2.42670583724975585938e+00) (12, 2.13746714591979980469e+00) (13, -8.65201532840728759766e-01) (14, 2.11354708671569824219e+00) (15, 2.42670774459838867188e+00) (16, 2.03114509582519531250e+00) (17, 2.21267700195312500000e+00) (18, 2.19361424446105957031e+00) (19, 2.19841313362121582031e+00) (20, 5.00130996704101562500e+01) (21, 2.39621019363403320312e+00) (22, 2.31015610694885253906e+00) (23, -9.47977542877197265625e+00) (24, -1.68320941925048828125e+01) (25, 1.50145797729492187500e+01) (26, 2.25441050529479980469e+00) (27, 2.20092320442199707031e+00) (28, 1.99424111843109130859e+00) (29, 2.08235287666320800781e+00) (30, -4.33307914733886718750e+01) (31, 2.18892931938171386719e+00) (32, 3.73734861612319946289e-01) (33, 1.98114418983459472656e+00) (34, 8.68696451187133789062e-01) (35, 1.57033169269561767578e+00) (36, 2.03322958946228027344e+00) (37, 2.09271979331970214844e+00) (38, 2.27450013160705566406e+00) (39, 2.14676427841186523438e+00) (40, 1.72436058521270751953e+00) (41, 1.56098163127899169922e+00) (42, 1.91109919548034667969e+00) (43, 2.29496312141418457031e+00) (44, 2.53386044502258300781e+00) (45, 1.47575485706329345703e+00) (46, 2.64125919342041015625e+00) (47, 3.73925375938415527344e+00) (48, 2.17128658294677734375e+00) (49, 2.31161856651306152344e+00) (50, 2.24898576736450195312e+00) (51, 2.15709066390991210938e+00) (52, 1.80285608768463134766e+00) (53, -3.37902832031250000000e+01) (54, 1.72758495807647705078e+00) (55, 3.11540818214416503906e+00) (56, 2.35944080352783203125e+00) (57, 2.47837185859680175781e+00) (58, 2.79212427139282226562e+00) (59, 2.18782377243041992188e+00) (60, 2.34130597114562988281e+00) (61, 2.04242324829101562500e+00) (62, 2.03342056274414062500e+00) (63, 2.40189790725708007812e+00) (64, 1.71293616294860839844e+00) (65, 2.30611586570739746094e+00) (66, 1.78234517574310302734e+00) (67, 2.31303977966308593750e+00) (68, 7.33830881118774414062e+00) (69, 2.48248815536499023438e+00) (70, 2.53916716575622558594e+00) (71, 2.46826601028442382812e+00) (72, 2.28395581245422363281e+00) (73, 1.70686233043670654297e+00) (74, 2.72427415847778320312e+00) (75, 2.50627923011779785156e+00) (76, 2.18003964424133300781e+00) (77, 2.63626480102539062500e+00) (78, 3.00598430633544921875e+00) (79, 1.61091148853302001953e+00) (80, 1.50492286682128906250e+00) (81, 2.45663094520568847656e+00) (82, 1.77027630805969238281e+00) (83, 1.61586809158325195312e+00) (84, 2.66082859039306640625e+00) (85, 1.80576479434967041016e+00) (86, 2.23333597183227539062e+00) (87, 2.65030479431152343750e+00) (88, 2.94440102577209472656e+00) (89, 1.83191168308258056641e+00) (90, 2.24003648757934570312e+00) (91, 1.67989969253540039062e+00) (92, 2.80033755302429199219e+00) (93, 1.54980039596557617188e+00) (94, 2.52297306060791015625e+00) (95, 2.44902396202087402344e+00) (96, 2.11212325096130371094e+00) (97, 1.75690758228302001953e+00) (98, 1.76341843605041503906e+00) (99, 1.61370158195495605469e+00) (100, 2.24387454986572265625e+00) (101, 3.06380200386047363281e+00) (102, -3.17130966186523437500e+01) (103, 6.98256149291992187500e+01) (104, -2.09264352917671203613e-01) (0, -2.31421422958374023438e+00) (1, 3.50308775901794433594e-01) (2, 2.34215587377548217773e-01) (3, 5.17127335071563720703e-01) (4, -1.12478518486022949219e+00) (5, 2.59480644017457962036e-02) (6, 1.24806547164916992188e+00) (7, -1.06150507926940917969e+00) (8, -1.55042028427124023438e+00) (9, -7.87728846073150634766e-01) (10, 3.88011217117309570312e-01) (11, -5.03253221511840820312e-01) (12, -6.32189691066741943359e-01) (13, 3.77955198287963867188e-01) (14, 4.64679569005966186523e-01) (15, -5.13655722141265869141e-01) (16, -1.26664359122514724731e-02) (17, 8.88204753398895263672e-01) (18, 5.08184671401977539062e-01) (19, 1.00048947334289550781e+00) (20, 9.31482076644897460938e-01) (21, 9.79676663875579833984e-01) (22, 9.97653841972351074219e-01) (23, 2.32155084609985351562e+00) (24, 1.43964302539825439453e+00) (25, -8.35185647010803222656e-01) (26, 2.70804286003112792969e-01) (27, -7.31418669223785400391e-01) (28, -1.70732408761978149414e-01) (29, -8.26423048973083496094e-01) (30, 1.07521135360002517700e-02) (31, 5.36529302597045898438e-01) (32, -1.71830213069915771484e+00) (33, 2.06789851188659667969e+00) (34, -1.45135235786437988281e+00) (35, -2.09501713514328002930e-01) (36, -3.02188068628311157227e-01) (37, 2.52810984849929809570e-01) (38, 1.09746181964874267578e+00) (39, 1.33510720729827880859e+00) (40, -4.46837514638900756836e-01) (41, -1.41022372245788574219e+00) (42, 5.01109719276428222656e-01) (43, 1.40492153167724609375e+00) (44, -8.05463016033172607422e-01) (45, -3.43589544296264648438e-01) (46, 1.03183364868164062500e+00) (47, 8.95403206348419189453e-01) (48, 7.14636623859405517578e-01) (49, 6.26225173473358154297e-02) (50, 1.67258226871490478516e+00) (51, 5.15264153480529785156e-01) (52, 7.10143446922302246094e-01) (53, -5.31575083732604980469e-01) (54, -3.53987812995910644531e-01) (55, 7.88698375225067138672e-01) (56, -8.36259573698043823242e-02) (57, -4.21680837869644165039e-01) (58, 8.89699101448059082031e-01) (59, -7.66973495483398437500e-02) (60, -1.63802862167358398438e+00) (61, 1.66167616844177246094e+00) (62, 1.93572733551263809204e-02) (63, -5.58093607425689697266e-01) (64, -4.73483979701995849609e-01) (65, 6.25808954238891601562e-01) (66, -2.08974885940551757812e+00) (67, 6.58288717269897460938e-01) (68, 1.80061860010027885437e-03) (69, 4.12326633930206298828e-01) (70, -8.43215823173522949219e-01) (71, 2.29106977581977844238e-01) (72, 1.06230497360229492188e+00) (73, -1.81766182184219360352e-01) (74, -7.42987394332885742188e-01) (75, 4.49242204427719116211e-01) (76, 1.28901231288909912109e+00) (77, 2.12622687220573425293e-01) (78, -7.82731473445892333984e-01) (79, 8.91549587249755859375e-01) (80, 1.04853415489196777344e+00) (81, -6.15051388740539550781e-01) (82, -6.99936211109161376953e-01) (83, -5.57624936103820800781e-01) (84, -9.01250422000885009766e-01) (85, 4.42013859748840332031e-01) (86, -2.66607940196990966797e-01) (87, -1.14631764590740203857e-01) (88, -1.16180133819580078125e+00) (89, 8.70156809687614440918e-02) (90, -1.30892205238342285156e+00) (91, -7.57154166698455810547e-01) (92, 8.59633207321166992188e-01) (93, 3.19424271583557128906e-01) (94, -1.46069020032882690430e-01) (95, -7.12882578372955322266e-01) (96, 4.80602025985717773438e-01) (97, 2.54579615592956542969e+00) (98, -6.47047400474548339844e-01) (99, 2.01923894882202148438e+00) (100, -2.61403530836105346680e-01) (101, 1.06833577156066894531e+00) (102, -8.32119286060333251953e-01) (103, 3.04247021675109863281e+00) (104, 2.05877614021301269531e+00) (0, -9.23977911472320556641e-01) (1, -2.27215990424156188965e-01) (2, 1.14637565612792968750e+00) (3, 1.08042173087596893311e-01) (4, 7.39671230316162109375e-01) (5, 9.34559941291809082031e-01) (6, 9.47409495711326599121e-02) (7, -1.35184574127197265625e+00) (8, 5.52532225847244262695e-02) (9, -4.68699708580970764160e-02) (10, -2.17322021722793579102e-01) (11, -1.26019895076751708984e+00) (12, -8.43911170959472656250e-01) (13, 3.96459102630615234375e-01) (14, -1.81288981437683105469e+00) (15, 1.79106891155242919922e+00) (16, -3.71643424034118652344e-01) (17, 9.62819233536720275879e-02) (18, 4.47741061449050903320e-01) (19, 1.15096569061279296875e+00) (20, 1.97298097610473632812e+00) (21, 3.39201569557189941406e+00) (22, 6.50266706943511962891e-01) (23, -3.35287165641784667969e+00) (24, 4.03215646743774414062e+00) (25, -7.79581785202026367188e-01) (26, -3.48736286163330078125e-01) (27, 1.62802433967590332031e+00) (28, -2.82795429229736328125e+00) (29, 5.39844214916229248047e-01) (30, -7.16868698596954345703e-01) (31, 1.34493541717529296875e+00) (32, -8.85670781135559082031e-02) (33, -3.09740036725997924805e-01) (34, -6.55902385711669921875e-01) (35, 2.60973167419433593750e+00) (36, 5.94481885433197021484e-01) (37, -3.05058908462524414062e+00) (38, -1.13106921315193176270e-01) (39, -3.92705529928207397461e-01) (40, 2.50313997268676757812e+00) (41, 3.36870193481445312500e-01) (42, -7.45407581329345703125e-01) (43, -2.61409354209899902344e+00) (44, -8.23311030864715576172e-01) (45, -2.39243435859680175781e+00) (46, -3.38548235595226287842e-03) (47, 1.17900025844573974609e+00) (48, 1.90551161766052246094e+00) (49, 1.46764111518859863281e+00) (50, -1.97584092617034912109e+00) (51, -7.82859921455383300781e-01) (52, -6.86733543872833251953e-01) (53, -2.58776843547821044922e-01) (54, 1.80346930027008056641e+00) (55, -2.96475410461425781250e-01) (56, 1.22990143299102783203e+00) (57, 3.10800015926361083984e-01) (58, -1.54888844490051269531e+00) (59, -4.11001294851303100586e-01) (60, -1.50303661823272705078e-01) (61, -2.09861207008361816406e+00) (62, 9.43122625350952148438e-01) (63, 7.21395254135131835938e-01) (64, -2.00134783983230590820e-01) (65, 4.55292940139770507812e-01) (66, 1.94284093379974365234e+00) (67, 2.33304166793823242188e+00) (68, -7.14408874511718750000e-01) (69, -7.74397671222686767578e-01) (70, 1.46718472242355346680e-01) (71, -7.77996659278869628906e-01) (72, 7.16669499874114990234e-01) (73, 1.65605318546295166016e+00) (74, 8.28778624534606933594e-01) (75, -3.55060368776321411133e-01) (76, 1.33297383785247802734e+00) (77, 1.73642665147781372070e-01) (78, 1.15273751318454742432e-01) (79, 1.04971790313720703125e+00) (80, 2.18169614672660827637e-01) (81, -1.05608034133911132812e+00) (82, 1.29197716712951660156e+00) (83, -6.60204231739044189453e-01) (84, -1.30981850624084472656e+00) (85, -9.13221001625061035156e-01) (86, -7.40354537963867187500e-01) (87, -7.71871805191040039062e-01) (88, 8.57220888137817382812e-01) (89, -7.90645480155944824219e-01) (90, -8.03385376930236816406e-01) (91, 3.62532317638397216797e-01) (92, -7.72951424121856689453e-01) (93, 3.68699014186859130859e-01) (94, -7.63738811016082763672e-01) (95, -8.26786279678344726562e-01) (96, 1.20123064517974853516e+00) (97, -8.45717251300811767578e-01) (98, 8.30169677734375000000e-01) (99, -4.08251315355300903320e-01) (100, -4.25469756126403808594e-01) (101, -3.33675861358642578125e-01) (102, -1.50000000000000000000e+03) (103, 1.50000000000000000000e+03) (104, 2.21250629425048828125e+00) (0, 3.57777333259582519531e+00) (1, -2.31748943328857421875e+01) (2, 9.05950188636779785156e-01) (3, 8.95878553390502929688e-01) (4, 8.19811582565307617188e-01) (5, 7.39526093006134033203e-01) (6, 8.60912919044494628906e-01) (7, 8.19888353347778320312e-01) (8, -3.84309720993041992188e+00) (9, 9.62630748748779296875e-01) (10, 7.31756448745727539062e-01) (11, 1.14611959457397460938e+00) (12, 8.61592411994934082031e-01) (13, 7.11001992225646972656e-01) (14, 8.49722385406494140625e-01) (15, 1.26119422912597656250e+00) (16, 7.72768855094909667969e-01) (17, 7.20165848731994628906e-01) (18, 7.33208596706390380859e-01) (19, 8.22798609733581542969e-01) (20, -5.77215814590454101562e+00) (21, 1.04938411712646484375e+00) (22, 1.75959229469299316406e-01) (23, 2.04398036003112792969e-01) (24, -1.88408400863409042358e-02) (25, -3.13643574714660644531e-01) (26, 3.47933828830718994141e-01) (27, 3.93581032752990722656e-01) (28, 5.11234939098358154297e-01) (29, 3.52567195892333984375e-01) (30, 1.59319715499877929688e+01) (31, 7.55634546279907226562e-01) (32, 8.54413986206054687500e-01) (33, 1.01898932456970214844e+00) (34, 2.30576395988464355469e+00) (35, 7.90553808212280273438e-01) (36, 4.25950884819030761719e-01) (37, 4.93537306785583496094e-01) (38, 5.72496592998504638672e-01) (39, 8.53772044181823730469e-01) (40, 9.01233077049255371094e-01) (41, 8.24913263320922851562e-01) (42, 1.16109132766723632812e+00) (43, 1.41490757465362548828e+00) (44, 1.23999714851379394531e+00) (45, 9.67574119567871093750e-01) (46, 1.45692932605743408203e+00) (47, -6.29408299922943115234e-01) (48, 1.66091883182525634766e+00) (49, 3.56838643550872802734e-01) (50, 4.02551949024200439453e-01) (51, 8.12712192535400390625e-01) (52, 2.02096986770629882812e+00) (53, 9.68803787231445312500e+01) (54, 4.10331764221191406250e+01) (55, -3.68744254112243652344e-01) (56, 2.16575002670288085938e+00) (57, 2.43816637992858886719e+00) (58, 1.92159175872802734375e+00) (59, 2.01958918571472167969e+00) (60, 3.25101613998413085938e+00) (61, 7.57263851165771484375e+00) (62, 1.86407947540283203125e+01) (63, 2.98230361938476562500e+00) (64, 2.22859406471252441406e+00) (65, 1.12638151645660400391e+00) (66, 9.89379405975341796875e-01) (67, 8.43636751174926757812e-01) (68, 7.63436257839202880859e-01) (69, 8.50035548210144042969e-01) (70, 1.00919079780578613281e+00) (71, 1.83254122734069824219e+00) (72, 7.46494650840759277344e-01) (73, 1.56838190555572509766e+00) (74, 9.88361716270446777344e-01) (75, 6.60565733909606933594e-01) (76, 1.69065928459167480469e+00) (77, 1.50235664844512939453e+00) (78, 1.92385578155517578125e+00) (79, 1.51413059234619140625e+00) (80, 5.60182332992553710938e-01) (81, 1.61753237247467041016e+00) (82, 9.73211407661437988281e-01) (83, 1.18764710426330566406e+00) (84, 1.03460443019866943359e+00) (85, 8.62364172935485839844e-01) (86, 9.57537889480590820312e-01) (87, 1.37561070919036865234e+00) (88, 3.36749628186225891113e-02) (89, 8.44230771064758300781e-01) (90, 7.59068131446838378906e-01) (91, 7.89700627326965332031e-01) (92, 1.33820044994354248047e+00) (93, 1.18868088722229003906e+00) (94, 1.62352669239044189453e+00) (95, 9.71118807792663574219e-01) (96, 2.13357520103454589844e+00) (97, 9.37306165695190429688e-01) (98, 8.89647245407104492188e-01) (99, 1.29433166980743408203e+00) (100, 1.12740516662597656250e+00) (101, 1.98322975635528564453e+00) (102, -8.14213409423828125000e+01) (103, 1.22404792785644531250e+02) (104, 7.42799043655395507812e-01) (0, -1.71475982666015625000e+00) (1, 1.47865355014801025391e+00) (2, 8.38530957698822021484e-01) (3, 4.70021575689315795898e-01) (4, 6.18238449096679687500e-01) (5, 7.30136334896087646484e-01) (6, 8.17740857601165771484e-01) (7, 7.49097764492034912109e-01) (8, 4.33388233184814453125e+00) (9, 3.12429815530776977539e-01) (10, 7.58546411991119384766e-01) (11, 1.67276158928871154785e-01) (12, 3.53398770093917846680e-01) (13, 7.52360284328460693359e-01) (14, 6.67650461196899414062e-01) (15, 5.67664444446563720703e-01) (16, 7.80874788761138916016e-01) (17, 8.70395481586456298828e-01) (18, 6.55109763145446777344e-01) (19, 7.13174104690551757812e-01) (20, -6.04680013656616210938e+00) (21, 6.09178066253662109375e-01) (22, 1.87875971198081970215e-01) (23, 2.29050204157829284668e-01) (24, -1.19297623634338378906e-01) (25, 1.55107870697975158691e-01) (26, 2.84259349107742309570e-01) (27, 7.95845448970794677734e-01) (28, 3.14459770917892456055e-01) (29, 6.44542872905731201172e-01) (30, 1.85933494567871093750e+01) (31, 7.55026638507843017578e-01) (32, 1.12566602230072021484e+00) (33, 1.29359698295593261719e+00) (34, 4.16066265106201171875e+00) (35, 8.02082479000091552734e-01) (36, 3.05622249841690063477e-01) (37, 6.12632274627685546875e-01) (38, 6.29521846771240234375e-01) (39, 8.30855786800384521484e-01) (40, 8.74904692173004150391e-01) (41, 1.28204965591430664062e+01) (42, 1.50535547733306884766e+00) (43, 1.30710995197296142578e+00) (44, 1.16730928421020507812e+00) (45, 1.31764614582061767578e+00) (46, 2.14907789230346679688e+00) (47, -7.39987254142761230469e-01) (48, -6.16836607456207275391e-01) (49, -1.97128260135650634766e+00) (50, 8.66772010922431945801e-02) (51, 8.59737336635589599609e-01) (52, 6.61566674709320068359e-01) (53, 2.02596969604492187500e+02) (54, 2.58674526214599609375e+00) (55, 2.22663879394531250000e+00) (56, 1.35194325447082519531e+00) (57, -1.68422257900238037109e+00) (58, 3.83423775434494018555e-01) (59, 2.41671776771545410156e+00) (60, 2.28695154190063476562e+00) (61, 4.19814205169677734375e+00) (62, 1.40048034667968750000e+02) (63, 2.13688850402832031250e+00) (64, 1.06649172306060791016e+00) (65, 1.40753424167633056641e+00) (66, -2.92351989746093750000e+01) (67, 1.15189659595489501953e+00) (68, 7.45289182662963867188e+00) (69, 3.01096725463867187500e+00) (70, 8.36279332637786865234e-01) (71, 7.59093225002288818359e-01) (72, 6.91201090812683105469e-01) (73, 6.84601664543151855469e-01) (74, 8.06578814983367919922e-01) (75, -3.32237750291824340820e-01) (76, 3.73240804672241210938e+00) (77, 7.93274223804473876953e-01) (78, 2.42392992973327636719e+00) (79, 2.34299898147583007812e+00) (80, 1.39290201663970947266e+00) (81, -6.55840015411376953125e+00) (82, 5.91619014739990234375e-01) (83, 2.91405844688415527344e+00) (84, -9.58886265754699707031e-01) (85, -8.47992539405822753906e-01) (86, 8.58923971652984619141e-01) (87, 7.62972116470336914062e-01) (88, 2.04856529831886291504e-01) (89, 1.98691177368164062500e+00) (90, 5.34499704837799072266e-01) (91, 2.85259652137756347656e+00) (92, 7.58723735809326171875e-01) (93, 2.65925145149230957031e+00) (94, 2.06523036956787109375e+00) (95, 2.33599853515625000000e+00) (96, 2.05211281776428222656e+00) (97, 6.40925824642181396484e-01) (98, 6.51859879493713378906e-01) (99, 1.98316442966461181641e+00) (100, 8.24004709720611572266e-01) (101, 9.05475795269012451172e-01) (102, -1.58041397094726562500e+02) (103, 2.42416091918945312500e+02) (104, 9.91503715515136718750e-01) (0, 1.94867432117462158203e+00) (1, 7.87683606147766113281e-01) (2, 1.14359068870544433594e+00) (3, 1.81514024734497070312e+00) (4, -1.67762890458106994629e-01) (5, -6.63786053657531738281e-01) (6, 1.60082250833511352539e-01) (7, -7.67333030700683593750e-01) (8, 1.03517746925354003906e+00) (9, 5.30741475522518157959e-02) (10, 2.20142945647239685059e-01) (11, 4.07331913709640502930e-01) (12, -8.38831305503845214844e-01) (13, -1.78129583597183227539e-01) (14, -7.21601784229278564453e-01) (15, -7.61612236499786376953e-01) (16, 7.58336782455444335938e-01) (17, 2.74191677570343017578e-01) (18, 1.72523319721221923828e-01) (19, -1.19133919477462768555e-01) (20, 1.16527223587036132812e+00) (21, -1.00896894931793212891e+00) (22, -3.09696853160858154297e-01) (23, 1.37914943695068359375e+00) (24, 1.23909938335418701172e+00) (25, -8.16800415515899658203e-01) (26, 9.85743105411529541016e-01) (27, -2.10879877209663391113e-01) (28, -6.22893035411834716797e-01) (29, 7.82917857170104980469e-01) (30, 6.98980391025543212891e-01) (31, 4.12113636732101440430e-01) (32, 3.93440335988998413086e-01) (33, 2.38268926739692687988e-01) (34, 3.12140613794326782227e-01) (35, 2.58898138999938964844e-01) (36, -5.13665854930877685547e-01) (37, -5.96917390823364257812e-01) (38, 5.82822680473327636719e-01) (39, 5.44383347034454345703e-01) (40, 2.49852523207664489746e-01) (41, -1.09968972206115722656e+00) (42, -7.77156054973602294922e-01) (43, -1.12765502929687500000e+00) (44, -9.29721057415008544922e-01) (45, -7.63595402240753173828e-01) (46, 1.47279500961303710938e-01) (47, -8.26867699623107910156e-01) (48, -9.61120486259460449219e-01) (49, -5.51449000835418701172e-01) (50, 1.31458854675292968750e+00) (51, -3.73893946409225463867e-01) (52, -6.67202711105346679688e-01) (53, -3.83034229278564453125e-01) (54, -8.99470925331115722656e-01) (55, -6.51598751544952392578e-01) (56, -2.35954150557518005371e-01) (57, -4.11786973476409912109e-01) (58, 9.51487064361572265625e-01) (59, -8.34436118602752685547e-01) (60, 3.47869604825973510742e-01) (61, 9.93002295494079589844e-01) (62, -7.85174548625946044922e-01) (63, 8.38366568088531494141e-01) (64, 7.17502176761627197266e-01) (65, 7.73318946361541748047e-01) (66, -3.78506392240524291992e-01) (67, 3.97991240024566650391e-01) (68, 7.13499426841735839844e-01) (69, 6.22650265693664550781e-01) (70, -6.72617137432098388672e-01) (71, -6.49056732654571533203e-01) (72, -2.19159662723541259766e-01) (73, -3.69521319866180419922e-01) (74, -6.90701007843017578125e-01) (75, 1.63565766811370849609e+00) (76, -7.52686679363250732422e-01) (77, -2.26642906665802001953e-01) (78, -1.30271002650260925293e-01) (79, 1.68182373046875000000e+00) (80, 2.05589100718498229980e-01) (81, 1.16981938481330871582e-01) (82, 5.24201929569244384766e-01) (83, 9.24652516841888427734e-01) (84, -6.52496874332427978516e-01) (85, 2.50551670789718627930e-01) (86, -2.01764151453971862793e-01) (87, -6.61365151405334472656e-01) (88, 7.71851837635040283203e-01) (89, 1.07521569728851318359e+00) (90, 1.52964210510253906250e+00) (91, 3.66012305021286010742e-01) (92, 3.66355985403060913086e-01) (93, 3.02961677312850952148e-01) (94, -2.11019799113273620605e-01) (95, -5.64630329608917236328e-01) (96, -7.73973703384399414062e-01) (97, 2.03423157334327697754e-01) (98, 8.23548734188079833984e-01) (99, 4.24892097711563110352e-01) (100, -2.05903559923171997070e-01) (101, 3.11723858118057250977e-01) (102, -1.32939589023590087891e+00) (103, 3.63752222061157226562e+00) (104, 2.46660470962524414062e+00) (0, 1.03907051086425781250e+01) (1, 1.04661273956298828125e+00) (2, 1.13567423820495605469e+00) (3, 9.42018032073974609375e-01) (4, 1.21620380878448486328e+00) (5, 1.34603893756866455078e+00) (6, 1.21781826019287109375e+00) (7, 1.07648563385009765625e+00) (8, 3.43926930427551269531e+00) (9, 1.03170716762542724609e+00) (10, 1.09794008731842041016e+00) (11, 1.19267892837524414062e+00) (12, 1.21208751201629638672e+00) (13, 1.02316951751708984375e+00) (14, 1.01368463039398193359e+00) (15, 1.56034135818481445312e+00) (16, 7.86573290824890136719e-01) (17, 1.15524005889892578125e+00) (18, 1.20496594905853271484e+00) (19, 1.26437377929687500000e+00) (20, 4.69202842712402343750e+01) (21, 1.48272740840911865234e+00) (22, 1.13073754310607910156e+00) (23, 9.50307965278625488281e-01) (24, 1.22233557701110839844e+00) (25, 4.48610267639160156250e+01) (26, 1.14182364940643310547e+00) (27, 1.07724106311798095703e+00) (28, 1.00960552692413330078e+00) (29, 1.05751490592956542969e+00) (30, -4.43966865539550781250e+01) (31, 1.50111579895019531250e+00) (32, 1.20656955242156982422e+00) (33, 9.97838139533996582031e-01) (34, 1.11046838760375976562e+00) (35, 1.18078458309173583984e+00) (36, 1.14837408065795898438e+00) (37, 1.19114959239959716797e+00) (38, 1.16932833194732666016e+00) (39, 1.09727799892425537109e+00) (40, 1.12139582633972167969e+00) (41, 1.06415724754333496094e+00) (42, 7.80898094177246093750e-01) (43, 1.36229956150054931641e+00) (44, 1.43650770187377929688e+00) (45, 4.43560719490051269531e-01) (46, 2.15698194503784179688e+00) (47, 2.74355602264404296875e+00) (48, 1.86994588375091552734e+00) (49, 1.14906883239746093750e+00) (50, 1.85828304290771484375e+00) (51, 1.14294350147247314453e+00) (52, 1.03152763843536376953e+00) (53, -2.27179527282714843750e+01) (54, 8.87749612331390380859e-01) (55, 2.75479149818420410156e+00) (56, 2.21550583839416503906e+00) (57, 2.18780541419982910156e+00) (58, 2.14326453208923339844e+00) (59, 1.96908068656921386719e+00) (60, 2.36323308944702148438e+00) (61, 2.37068486213684082031e+00) (62, 9.98776316642761230469e-01) (63, 2.29321718215942382812e+00) (64, 1.90866637229919433594e+00) (65, 2.15056896209716796875e+00) (66, 7.90667772293090820312e-01) (67, 2.04434084892272949219e+00) (68, 3.23143005371093750000e+00) (69, 2.08633375167846679688e+00) (70, 1.18717837333679199219e+00) (71, 2.12959003448486328125e+00) (72, 1.15932309627532958984e+00) (73, 2.15389132499694824219e+00) (74, 1.53376269340515136719e+00) (75, 2.17435622215270996094e+00) (76, 1.79316627979278564453e+00) (77, 2.47797036170959472656e+00) (78, 2.20749068260192871094e+00) (79, 1.05840992927551269531e+00) (80, 1.01102662086486816406e+00) (81, 8.31825494766235351562e-01) (82, 1.27003145217895507812e+00) (83, 1.36524569988250732422e+00) (84, -1.65926992893218994141e+00) (85, 1.44138991832733154297e+00) (86, 1.24662554264068603516e+00) (87, 1.42455494403839111328e+00) (88, 3.37249207496643066406e+00) (89, 9.26802992820739746094e-01) (90, 1.97680640220642089844e+00) (91, 1.32297003269195556641e+00) (92, 2.22191476821899414062e+00) (93, 1.79537308216094970703e+00) (94, 1.63096249103546142578e+00) (95, 2.13389801979064941406e+00) (96, 9.75871682167053222656e-01) (97, -1.76960468292236328125e+00) (98, 1.35695552825927734375e+00) (99, 1.15475416183471679688e+00) (100, 1.23705160617828369141e+00) (101, 6.83332681655883789062e+00) (102, -5.07692718505859375000e+01) (103, 9.74460754394531250000e+01) (104, 3.51082026958465576172e-01) (105, 3.77127718925476074219e+00) (106, -1.86725437641143798828e+00) (107, 3.92115402221679687500e+00) (108, -2.75621592998504638672e-01) (109, 2.92376685142517089844e+00) (110, -1.67247664928436279297e+00) (111, 2.36617875099182128906e+00) (112, -1.71995389461517333984e+00) (113, 1.52883023023605346680e-01) (114, 6.66391849517822265625e-01) (115, -1.16089379787445068359e+00) (116, 1.61590552330017089844e+00) (117, -2.21800255775451660156e+00) (118, -2.46700835227966308594e+00) (119, 3.18560457229614257812e+00) (120, 2.48564982414245605469e+00) (121, -6.10710501670837402344e-01) (122, -1.09202599525451660156e+00) (123, 8.19695711135864257812e-01) (124, 3.64066696166992187500e+00) (125, 4.77122068405151367188e+00) (126, 3.79622951149940490723e-02) (127, -8.59194934368133544922e-01) (128, -3.49648761749267578125e+00) (129, 8.12940537929534912109e-01) (130, 1.27567970752716064453e+00) 
