FANN_FLO_2.1
num_layers=3
learning_rate=0.700000
connection_rate=1.000000
network_type=0
learning_momentum=0.000000
training_algorithm=2
train_error_function=1
train_stop_function=0
cascade_output_change_fraction=0.010000
quickprop_decay=-0.000100
quickprop_mu=1.750000
rprop_increase_factor=1.200000
rprop_decrease_factor=0.500000
rprop_delta_min=0.000000
rprop_delta_max=50.000000
rprop_delta_zero=0.100000
cascade_output_stagnation_epochs=12
cascade_candidate_change_fraction=0.010000
cascade_candidate_stagnation_epochs=12
cascade_max_out_epochs=150
cascade_max_cand_epochs=150
cascade_num_candidate_groups=2
bit_fail_limit=3.49999994039535522461e-01
cascade_candidate_limit=1.00000000000000000000e+03
cascade_weight_multiplier=4.00000005960464477539e-01
cascade_activation_functions_count=10
cascade_activation_functions=3 5 7 8 10 11 14 15 16 17 
cascade_activation_steepnesses_count=4
cascade_activation_steepnesses=2.50000000000000000000e-01 5.00000000000000000000e-01 7.50000000000000000000e-01 1.00000000000000000000e+00 
layer_sizes=105 26 2 
scale_included=0
neurons (num_inputs, activation_function, activation_steepness)=(0, 0, 0.00000000000000000000e+00) (0, 0, 0.00000000000000000000e+00) (0, 0, 0.00000000000000000000e+00) (0, 0, 0.00000000000000000000e+00) (0, 0, 0.00000000000000000000e+00) (0, 0, 0.00000000000000000000e+00) (0, 0, 0.00000000000000000000e+00) (0, 0, 0.00000000000000000000e+00) (0, 0, 0.00000000000000000000e+00) (0, 0, 0.00000000000000000000e+00) (0, 0, 0.00000000000000000000e+00) (0, 0, 0.00000000000000000000e+00) (0, 0, 0.00000000000000000000e+00) (0, 0, 0.00000000000000000000e+00) (0, 0, 0.00000000000000000000e+00) (0, 0, 0.00000000000000000000e+00) (0, 0, 0.00000000000000000000e+00) (0, 0, 0.00000000000000000000e+00) (0, 0, 0.00000000000000000000e+00) (0, 0, 0.00000000000000000000e+00) (0, 0, 0.00000000000000000000e+00) (0, 0, 0.00000000000000000000e+00) (0, 0, 0.00000000000000000000e+00) (0, 0, 0.00000000000000000000e+00) (0, 0, 0.00000000000000000000e+00) (0, 0, 0.00000000000000000000e+00) (0, 0, 0.00000000000000000000e+00) (0, 0, 0.00000000000000000000e+00) (0, 0, 0.00000000000000000000e+00) (0, 0, 0.00000000000000000000e+00) (0, 0, 0.00000000000000000000e+00) (0, 0, 0.00000000000000000000e+00) (0, 0, 0.00000000000000000000e+00) (0, 0, 0.00000000000000000000e+00) (0, 0, 0.00000000000000000000e+00) (0, 0, 0.00000000000000000000e+00) (0, 0, 0.00000000000000000000e+00) (0, 0, 0.00000000000000000000e+00) (0, 0, 0.00000000000000000000e+00) (0, 0, 0.00000000000000000000e+00) (0, 0, 0.00000000000000000000e+00) (0, 0, 0.00000000000000000000e+00) (0, 0, 0.00000000000000000000e+00) (0, 0, 0.00000000000000000000e+00) (0, 0, 0.00000000000000000000e+00) (0, 0, 0.00000000000000000000e+00) (0, 0, 0.00000000000000000000e+00) (0, 0, 0.00000000000000000000e+00) (0, 0, 0.00000000000000000000e+00) (0, 0, 0.00000000000000000000e+00) (0, 0, 0.00000000000000000000e+00) (0, 0, 0.00000000000000000000e+00) (0, 0, 0.00000000000000000000e+00) (0, 0, 0.00000000000000000000e+00) (0, 0, 0.00000000000000000000e+00) (0, 0, 0.00000000000000000000e+00) (0, 0, 0.00000000000000000000e+00) (0, 0, 0.00000000000000000000e+00) (0, 0, 0.00000000000000000000e+00) (0, 0, 0.00000000000000000000e+00) (0, 0, 0.00000000000000000000e+00) (0, 0, 0.00000000000000000000e+00) (0, 0, 0.00000000000000000000e+00) (0, 0, 0.00000000000000000000e+00) (0, 0, 0.00000000000000000000e+00) (0, 0, 0.00000000000000000000e+00) (0, 0, 0.00000000000000000000e+00) (0, 0, 0.00000000000000000000e+00) (0, 0, 0.00000000000000000000e+00) (0, 0, 0.00000000000000000000e+00) (0, 0, 0.00000000000000000000e+00) (0, 0, 0.00000000000000000000e+00) (0, 0, 0.00000000000000000000e+00) (0, 0, 0.00000000000000000000e+00) (0, 0, 0.00000000000000000000e+00) (0, 0, 0.00000000000000000000e+00) (0, 0, 0.00000000000000000000e+00) (0, 0, 0.00000000000000000000e+00) (0, 0, 0.00000000000000000000e+00) (0, 0, 0.00000000000000000000e+00) (0, 0, 0.00000000000000000000e+00) (0, 0, 0.00000000000000000000e+00) (0, 0, 0.00000000000000000000e+00) (0, 0, 0.00000000000000000000e+00) (0, 0, 0.00000000000000000000e+00) (0, 0, 0.00000000000000000000e+00) (0, 0, 0.00000000000000000000e+00) (0, 0, 0.00000000000000000000e+00) (0, 0, 0.00000000000000000000e+00) (0, 0, 0.00000000000000000000e+00) (0, 0, 0.00000000000000000000e+00) (0, 0, 0.00000000000000000000e+00) (0, 0, 0.00000000000000000000e+00) (0, 0, 0.00000000000000000000e+00) (0, 0, 0.00000000000000000000e+00) (0, 0, 0.00000000000000000000e+00) (0, 0, 0.00000000000000000000e+00) (0, 0, 0.00000000000000000000e+00) (0, 0, 0.00000000000000000000e+00) (0, 0, 0.00000000000000000000e+00) (0, 0, 0.00000000000000000000e+00) (0, 0, 0.00000000000000000000e+00) (0, 0, 0.00000000000000000000e+00) (0, 0, 0.00000000000000000000e+00) (0, 0, 0.00000000000000000000e+00) (105, 5, 5.00000000000000000000e-01) (105, 5, 5.00000000000000000000e-01) (105, 5, 5.00000000000000000000e-01) (105, 5, 5.00000000000000000000e-01) (105, 5, 5.00000000000000000000e-01) (105, 5, 5.00000000000000000000e-01) (105, 5, 5.00000000000000000000e-01) (105, 5, 5.00000000000000000000e-01) (105, 5, 5.00000000000000000000e-01) (105, 5, 5.00000000000000000000e-01) (105, 5, 5.00000000000000000000e-01) (105, 5, 5.00000000000000000000e-01) (105, 5, 5.00000000000000000000e-01) (105, 5, 5.00000000000000000000e-01) (105, 5, 5.00000000000000000000e-01) (105, 5, 5.00000000000000000000e-01) (105, 5, 5.00000000000000000000e-01) (105, 5, 5.00000000000000000000e-01) (105, 5, 5.00000000000000000000e-01) (105, 5, 5.00000000000000000000e-01) (105, 5, 5.00000000000000000000e-01) (105, 5, 5.00000000000000000000e-01) (105, 5, 5.00000000000000000000e-01) (105, 5, 5.00000000000000000000e-01) (105, 5, 5.00000000000000000000e-01) (0, 5, 0.00000000000000000000e+00) (26, 5, 5.00000000000000000000e-01) (0, 5, 0.00000000000000000000e+00) 
connections (connected_to_neuron, weight)=(0, 1.32873976230621337891e+00) (1, -1.10874795913696289062e+00) (2, -1.74476742744445800781e+00) (3, -1.38742220401763916016e+00) (4, -9.06383514404296875000e-01) (5, 2.47261881828308105469e+00) (6, 8.34424674510955810547e-01) (7, -2.84011989831924438477e-01) (8, -1.05862751603126525879e-01) (9, 2.06705734133720397949e-01) (10, -6.07322335243225097656e-01) (11, 2.34609746932983398438e+00) (12, 2.34182786941528320312e+00) (13, -1.90949112176895141602e-01) (14, -2.98197001218795776367e-01) (15, 9.21467900276184082031e-01) (16, -3.66061300039291381836e-01) (17, -3.78316968679428100586e-01) (18, -4.56184595823287963867e-01) (19, 3.57682049274444580078e-01) (20, -3.58091264963150024414e-01) (21, 6.40002310276031494141e-01) (22, -3.33204030990600585938e-01) (23, 2.34169149398803710938e+00) (24, 2.41607999801635742188e+00) (25, -4.83234971761703491211e-01) (26, -5.06898343563079833984e-01) (27, -5.45599579811096191406e-01) (28, -2.91290998458862304688e-01) (29, -5.36775529384613037109e-01) (30, 2.28513336181640625000e+00) (31, 2.31563258171081542969e+00) (32, 2.50328469276428222656e+00) (33, 2.05300378799438476562e+00) (34, 2.65932768583297729492e-01) (35, 2.31449675559997558594e+00) (36, -5.14102637767791748047e-01) (37, -2.45892956852912902832e-01) (38, -4.66198295354843139648e-01) (39, -5.15849113464355468750e-01) (40, 2.35135507583618164062e+00) (41, -1.42209672927856445312e+00) (42, -5.61046421527862548828e-01) (43, -3.13263833522796630859e-01) (44, 2.86865651607513427734e-01) (45, -4.45008486509323120117e-01) (46, 2.31025665998458862305e-01) (47, -3.74948590993881225586e-01) (48, 1.28103864192962646484e+00) (49, -6.08074188232421875000e-01) (50, 2.42586191743612289429e-02) (51, -3.21333855390548706055e-01) (52, -4.47642624378204345703e-01) (53, -3.60630691051483154297e-01) (54, -3.04607301950454711914e-01) (55, 9.57462668418884277344e-01) (56, 1.74101507663726806641e+00) (57, 3.57492625713348388672e-01) (58, -6.81599676609039306641e-01) (59, -2.30564808845520019531e+00) (60, -1.08736121654510498047e+00) (61, -1.01866710186004638672e+00) (62, -8.28916490077972412109e-01) (63, -1.69166076183319091797e+00) (64, 6.13922536373138427734e-01) (65, -1.30211389064788818359e+00) (66, -1.93533682823181152344e+00) (67, -1.64152944087982177734e+00) (68, -1.11103904247283935547e+00) (69, -1.35562181472778320312e+00) (70, -1.23179388046264648438e+00) (71, 1.65965616703033447266e+00) (72, -1.12791025638580322266e+00) (73, -6.03914894163608551025e-02) (74, 1.76100444793701171875e+00) (75, -1.82284390926361083984e+00) (76, 7.28039979934692382812e-01) (77, -1.50561308860778808594e+00) (78, 7.46229290962219238281e-01) (79, -9.33438420295715332031e-01) (80, 6.08004474639892578125e+00) (81, -1.36526834964752197266e+00) (82, -9.53838229179382324219e-01) (83, 1.77825355529785156250e+00) (84, 1.13977658748626708984e+00) (85, -2.23221540451049804688e-01) (86, -1.15725910663604736328e+00) (87, 1.84699654579162597656e+00) (88, 1.44141185283660888672e+00) (89, 2.14565539360046386719e+00) (90, -1.03003501892089843750e+00) (91, -2.59526681900024414062e+00) (92, 1.30904448032379150391e+00) (93, -9.94888126850128173828e-01) (94, -1.17430889606475830078e+00) (95, -5.87519407272338867188e-01) (96, 1.93778336048126220703e+00) (97, -8.20728838443756103516e-01) (98, -1.06296503543853759766e+00) (99, -1.07412660121917724609e+00) (100, -1.20238530635833740234e+00) (101, 1.71068713068962097168e-01) (102, -9.20601725578308105469e-01) (103, 2.97188091278076171875e+00) (104, 2.95953965187072753906e+00) (0, -4.68428277969360351562e+00) (1, 5.79287350177764892578e-01) (2, -1.14788122475147247314e-01) (3, 2.44434213638305664062e+00) (4, 8.09047102928161621094e-01) (5, 7.41693019866943359375e-01) (6, 7.82355070114135742188e-01) (7, -6.67717170715332031250e+00) (8, -4.49055957794189453125e+00) (9, 2.25648015737533569336e-01) (10, 1.29370665550231933594e+00) (11, 2.12624740600585937500e+00) (12, -8.18525195121765136719e-01) (13, 1.04647531509399414062e+01) (14, 1.07710337638854980469e+00) (15, 2.63935494422912597656e+00) (16, 2.22548985481262207031e+00) (17, 1.43827366828918457031e+00) (18, -1.49004561826586723328e-02) (19, 5.12227356433868408203e-01) (20, 2.94891786575317382812e+00) (21, -5.82961034774780273438e+00) (22, -1.52832794189453125000e+00) (23, -3.67123556137084960938e+00) (24, 1.68994688987731933594e+00) (25, -1.12195196151733398438e+01) (26, 2.83433485031127929688e+00) (27, 3.13263607025146484375e+00) (28, 2.08343768119812011719e+00) (29, -3.35061407089233398438e+00) (30, 1.36771898269653320312e+01) (31, 1.25082004070281982422e+00) (32, -7.21017718315124511719e-01) (33, 1.88682484626770019531e+00) (34, 4.66081809997558593750e+00) (35, 6.66140842437744140625e+00) (36, -4.73617553710937500000e-01) (37, -9.12474274635314941406e-01) (38, -4.09790515899658203125e-01) (39, 4.68563079833984375000e-01) (40, -5.20810317993164062500e+00) (41, -2.01695151627063751221e-02) (42, 2.23370337486267089844e+00) (43, -2.04576149582862854004e-01) (44, 1.07363042831420898438e+01) (45, 4.97216176986694335938e+00) (46, -1.48273050785064697266e+00) (47, 6.85517787933349609375e+00) (48, -2.35658311843872070312e+00) (49, 7.05574226379394531250e+00) (50, 5.63234663009643554688e+00) (51, 1.90576028823852539062e+00) (52, -2.79208707809448242188e+00) (53, 6.72191977500915527344e-02) (54, 4.73813533782958984375e+00) (55, 3.12309455871582031250e+00) (56, -1.40317630767822265625e+00) (57, -7.15451300144195556641e-01) (58, -1.17288136482238769531e+00) (59, 2.36183118820190429688e+00) (60, -1.16665542125701904297e+00) (61, -3.86096507310867309570e-01) (62, 2.09614634513854980469e+00) (63, 4.11200046539306640625e-01) (64, 7.72678613662719726562e-01) (65, 5.30158765614032745361e-02) (66, -6.74120068550109863281e-01) (67, 2.06252598762512207031e+00) (68, 1.40897810459136962891e+00) (69, 1.31312692165374755859e+00) (70, -7.58723676204681396484e-01) (71, 2.84832930564880371094e+00) (72, -1.26537561416625976562e+00) (73, 9.98897850513458251953e-03) (74, -7.83958554267883300781e-01) (75, -6.06780588626861572266e-01) (76, -2.45955324172973632812e+00) (77, -6.13297224044799804688e-01) (78, -7.82866954803466796875e-01) (79, -2.39816904067993164062e-02) (80, -6.11292064189910888672e-01) (81, -5.87200343608856201172e-01) (82, -6.83879196643829345703e-01) (83, -2.36708521842956542969e+00) (84, -7.92678415775299072266e-01) (85, 5.73710739612579345703e-01) (86, -6.92209839820861816406e-01) (87, 6.85178160667419433594e-01) (88, 6.32570266723632812500e-01) (89, -7.29150772094726562500e-01) (90, -6.55806779861450195312e-01) (91, -6.90731585025787353516e-01) (92, -5.27348220348358154297e-01) (93, -7.13278174400329589844e-01) (94, -5.18447875976562500000e-01) (95, -7.09299802780151367188e-01) (96, 6.32561326026916503906e-01) (97, -6.20177268981933593750e-01) (98, -1.01893460750579833984e+00) (99, -8.32577884197235107422e-01) (100, -6.02033257484436035156e-01) (101, 2.56931275129318237305e-01) (102, 2.38897752761840820312e+00) (103, -3.83273601531982421875e-01) (104, 2.37313890457153320312e+00) (0, -4.92227792739868164062e+00) (1, 6.64780437946319580078e-01) (2, -1.07556736469268798828e+00) (3, 9.61344599723815917969e-01) (4, 8.16972732543945312500e-01) (5, -8.48154366016387939453e-01) (6, 2.48166608810424804688e+00) (7, -6.39767026901245117188e+00) (8, -6.61971092224121093750e-01) (9, -1.20472478866577148438e+00) (10, -7.23057270050048828125e-01) (11, 1.86077046394348144531e+00) (12, -2.83608531951904296875e+00) (13, 5.05011558532714843750e+00) (14, 1.54296362400054931641e+00) (15, 3.00713586807250976562e+00) (16, -3.65456461906433105469e-01) (17, -1.72350835800170898438e+00) (18, 3.11267232894897460938e+00) (19, -4.23718065023422241211e-01) (20, 5.80914402008056640625e+00) (21, 5.43698430061340332031e-01) (22, 4.42655086517333984375e+00) (23, -1.99918723106384277344e+00) (24, -2.95501589775085449219e+00) (25, -9.78437137603759765625e+00) (26, -1.08434394001960754395e-01) (27, 4.73212957382202148438e-01) (28, -2.86369681358337402344e-01) (29, -8.28886985778808593750e+00) (30, 9.90890693664550781250e+00) (31, 1.64244031906127929688e+00) (32, 2.28521823883056640625e+00) (33, -5.47622859477996826172e-01) (34, 7.36485123634338378906e-01) (35, 5.16297912597656250000e+00) (36, -5.83266162872314453125e+00) (37, 1.64541447162628173828e+00) (38, 3.35990858078002929688e+00) (39, 2.17511153221130371094e+00) (40, 4.10551166534423828125e+00) (41, -2.86839389801025390625e+00) (42, 2.10836815834045410156e+00) (43, -3.01020073890686035156e+00) (44, 1.21879110336303710938e+01) (45, -4.13232421875000000000e+00) (46, 5.19912481307983398438e-01) (47, -8.02865207195281982422e-01) (48, 4.45088720321655273438e+00) (49, 1.61681368947029113770e-01) (50, -3.44234406948089599609e-01) (51, 2.52803874015808105469e+00) (52, 2.57592964172363281250e+00) (53, -5.03111302852630615234e-01) (54, 6.28101110458374023438e+00) (55, 4.56423807144165039062e+00) (56, 1.67809283733367919922e+00) (57, 7.21421301364898681641e-01) (58, -1.71271383762359619141e+00) (59, -7.00358271598815917969e-01) (60, -7.03364908695220947266e-01) (61, -8.36947441101074218750e-01) (62, 1.52585995197296142578e+00) (63, -6.29965662956237792969e-01) (64, 6.32915139198303222656e-01) (65, 1.67549979686737060547e+00) (66, 4.72493469715118408203e-01) (67, 6.85928702354431152344e-01) (68, 1.53791809082031250000e+00) (69, 2.95266091823577880859e-01) (70, -7.12781727313995361328e-01) (71, 1.17231822013854980469e+00) (72, 7.88881659507751464844e-01) (73, -4.40564244985580444336e-01) (74, -2.75290608406066894531e+00) (75, -5.35035192966461181641e-01) (76, -4.40420955419540405273e-01) (77, 2.20807957649230957031e+00) (78, -1.04922997951507568359e+00) (79, 3.27934384346008300781e-01) (80, 1.00061380863189697266e+00) (81, 8.02311420440673828125e-01) (82, 1.98232674598693847656e+00) (83, -4.22330737113952636719e-01) (84, -1.03540968894958496094e+00) (85, -1.33519375324249267578e+00) (86, -6.50502622127532958984e-01) (87, -7.32755243778228759766e-01) (88, -7.01389193534851074219e-01) (89, -2.63492614030838012695e-01) (90, -1.08556163311004638672e+00) (91, -6.35123252868652343750e-01) (92, -3.10998708009719848633e-01) (93, -6.43032968044281005859e-01) (94, 7.46856570243835449219e-01) (95, -9.83267843723297119141e-01) (96, 5.64357221126556396484e-01) (97, -5.60482203960418701172e-01) (98, -5.00932359695434570312e+00) (99, -8.98693561553955078125e-01) (100, -5.48705875873565673828e-01) (101, 2.90109229087829589844e+00) (102, -1.26871061325073242188e+00) (103, 3.60912847518920898438e+00) (104, 1.07778716087341308594e+00) (0, -7.07958173751831054688e+00) (1, -1.02002251148223876953e+00) (2, 2.87729859352111816406e+00) (3, 1.88786303997039794922e+00) (4, 4.83414381742477416992e-02) (5, -1.22678136825561523438e+00) (6, -2.14501976966857910156e+00) (7, -2.06525254249572753906e+00) (8, -7.75336503982543945312e-01) (9, -7.07613468170166015625e-01) (10, -1.74281239509582519531e-01) (11, -3.03604841232299804688e+00) (12, -7.43747472763061523438e-01) (13, 3.61974096298217773438e+00) (14, -6.34091496467590332031e-01) (15, 2.15408039093017578125e+00) (16, 1.68219637870788574219e+00) (17, 2.54177749156951904297e-01) (18, 6.74335122108459472656e-01) (19, -8.13890814781188964844e-01) (20, 1.91829454898834228516e+00) (21, 1.53652799129486083984e+00) (22, -9.82322752475738525391e-01) (23, -1.96151793003082275391e+00) (24, -9.44384574890136718750e-01) (25, 1.16220939159393310547e+00) (26, -6.06204330921173095703e-01) (27, 2.22317767143249511719e+00) (28, -8.42730760574340820312e-01) (29, -7.09667682647705078125e-01) (30, -9.69326138496398925781e-01) (31, -1.27119421958923339844e+00) (32, 2.12035346031188964844e+00) (33, -5.76904296875000000000e-01) (34, 4.10298883914947509766e-01) (35, -1.89652466773986816406e+00) (36, 1.30899560451507568359e+00) (37, -4.49279755353927612305e-01) (38, -9.19106125831604003906e-01) (39, -7.93429195880889892578e-01) (40, -4.16810482740402221680e-01) (41, 1.07464134693145751953e+00) (42, 5.05781993269920349121e-02) (43, -1.03642165660858154297e+00) (44, 4.38165664672851562500e-01) (45, -9.11084234714508056641e-01) (46, -8.58582878112792968750e+00) (47, 1.06645321846008300781e+00) (48, 6.13570880889892578125e+00) (49, -8.06237041950225830078e-01) (50, -7.37703323364257812500e-01) (51, -9.22112405300140380859e-01) (52, 6.03004515171051025391e-01) (53, 1.68575119972229003906e+00) (54, -3.91177445650100708008e-01) (55, -7.39129632711410522461e-02) (56, -2.75854706764221191406e-01) (57, 1.55918526649475097656e+00) (58, -3.35896790027618408203e-01) (59, 1.23373997211456298828e+00) (60, -3.86001110076904296875e-01) (61, -5.51243364810943603516e-01) (62, -3.32076549530029296875e-01) (63, -4.54641699790954589844e-01) (64, -2.13616943359375000000e+00) (65, 2.30759835243225097656e+00) (66, -1.14078259468078613281e+00) (67, -3.88389006257057189941e-02) (68, 2.50990581512451171875e+00) (69, 2.42783260345458984375e+00) (70, 7.13521242141723632812e-01) (71, -4.12296384572982788086e-01) (72, 2.58737659454345703125e+00) (73, -1.10205638408660888672e+00) (74, -1.52164205908775329590e-01) (75, 1.65239870548248291016e+00) (76, 1.05597555637359619141e+00) (77, -3.77644538879394531250e-01) (78, -3.32562744617462158203e-01) (79, 8.03643941879272460938e-01) (80, -4.82321119308471679688e+00) (81, 1.64141261577606201172e+00) (82, -4.94194388389587402344e-01) (83, -3.73520880937576293945e-01) (84, -4.47215050458908081055e-01) (85, -7.32489526271820068359e-01) (86, 2.42642474174499511719e+00) (87, 2.40095663070678710938e+00) (88, -3.97574853897094726562e+00) (89, -1.02217698097229003906e+00) (90, 2.70788908004760742188e+00) (91, -7.46041238307952880859e-01) (92, -4.58702325820922851562e-01) (93, 2.37472009658813476562e+00) (94, 2.28941726684570312500e+00) (95, -5.87625861167907714844e-01) (96, 2.55098843574523925781e+00) (97, -1.52026128768920898438e+00) (98, -1.03587758541107177734e+00) (99, 1.17619395256042480469e-01) (100, -2.36347213387489318848e-01) (101, -5.93151509761810302734e-01) (102, 9.91632699966430664062e-01) (103, 1.33742308616638183594e+00) (104, 2.26007938385009765625e+00) (0, 6.53260040283203125000e+00) (1, -4.62538868188858032227e-01) (2, 1.37502229213714599609e+00) (3, -6.44475519657135009766e-01) (4, -4.07847344875335693359e-01) (5, 6.13357484340667724609e-01) (6, -4.81324702501296997070e-01) (7, -1.91514387726783752441e-01) (8, 3.49636822938919067383e-01) (9, 2.38810253143310546875e+00) (10, 1.01883721351623535156e+00) (11, 1.16426944732666015625e+00) (12, -8.69112074375152587891e-01) (13, -1.03162813186645507812e+00) (14, 1.18186689913272857666e-01) (15, 8.26950818300247192383e-02) (16, 4.05879365280270576477e-03) (17, -1.03398668766021728516e+00) (18, 1.98789760470390319824e-01) (19, -1.32788753509521484375e+00) (20, 7.12449103593826293945e-02) (21, 2.07559633255004882812e+00) (22, 3.31835240125656127930e-01) (23, -1.17387855052947998047e+00) (24, -1.30649924278259277344e-01) (25, 5.84528088569641113281e-01) (26, 8.60546469688415527344e-01) (27, -7.86891281604766845703e-01) (28, 1.96036398410797119141e+00) (29, 1.99680292606353759766e+00) (30, -2.02960059046745300293e-01) (31, -9.85604107379913330078e-01) (32, 1.03721237182617187500e+00) (33, -1.02295911312103271484e+00) (34, 1.54946431517601013184e-01) (35, 7.31039226055145263672e-01) (36, -1.01356756687164306641e+00) (37, -1.09132599830627441406e+00) (38, -1.09460353851318359375e+00) (39, -4.01826888322830200195e-01) (40, -2.48915791511535644531e+00) (41, 1.66648292541503906250e+00) (42, -4.71782624721527099609e-01) (43, -1.26999008655548095703e+00) (44, -2.70764732360839843750e+00) (45, -1.10716509819030761719e+00) (46, 8.90020728111267089844e-01) (47, 9.20732855796813964844e-01) (48, -1.05340361595153808594e+00) (49, -1.12414646148681640625e+00) (50, -1.32635664939880371094e+00) (51, -1.17443072795867919922e+00) (52, -1.24722802639007568359e+00) (53, -6.76127672195434570312e-01) (54, -1.11159884929656982422e+00) (55, 1.83287644386291503906e+00) (56, -3.78556430339813232422e-01) (57, -1.97980320453643798828e+00) (58, -1.07107818126678466797e+00) (59, 1.95694625377655029297e+00) (60, -4.53684628009796142578e-01) (61, 1.77272886037826538086e-01) (62, -4.89541351795196533203e-01) (63, -3.77012580633163452148e-01) (64, 1.23302590847015380859e+00) (65, -3.26346248388290405273e-01) (66, 1.89268302917480468750e+00) (67, 1.41089439392089843750e-01) (68, 6.06296479701995849609e-01) (69, 2.08873343467712402344e+00) (70, -4.62502658367156982422e-01) (71, -4.79787915945053100586e-01) (72, -5.29071450233459472656e-01) (73, -1.56022083759307861328e+00) (74, -6.77408397197723388672e-01) (75, -4.06005710363388061523e-01) (76, -5.40590226650238037109e-01) (77, -4.51305598020553588867e-01) (78, -1.32411912083625793457e-01) (79, -9.48117613792419433594e-01) (80, 2.74709010124206542969e+00) (81, 3.70761561393737792969e+00) (82, 2.49554705619812011719e+00) (83, 3.35882163047790527344e+00) (84, -2.28573471307754516602e-01) (85, 1.22855997085571289062e+00) (86, -3.59309017658233642578e-01) (87, -4.19890314340591430664e-01) (88, 1.90262645483016967773e-02) (89, 7.22558856010437011719e-01) (90, -5.87881624698638916016e-01) (91, -3.35643529891967773438e-01) (92, 1.81683480739593505859e+00) (93, -3.64035099744796752930e-01) (94, -4.56706970930099487305e-01) (95, -7.12739527225494384766e-01) (96, -2.66705483198165893555e-01) (97, 9.73324418067932128906e-01) (98, -7.19483077526092529297e-01) (99, -9.15516674518585205078e-01) (100, -4.40834373235702514648e-01) (101, 2.02562046051025390625e+00) (102, 2.08633542060852050781e+00) (103, 1.42701104283332824707e-01) (104, 2.14382648468017578125e+00) (0, 6.81838455200195312500e+01) (1, 6.02006340026855468750e+00) (2, 1.68966102600097656250e+01) (3, 2.60949158668518066406e+00) (4, 2.23468109965324401855e-01) (5, -3.17968678474426269531e+00) (6, 7.33121156692504882812e-01) (7, -2.68175334930419921875e+01) (8, 8.28282475471496582031e-01) (9, 1.37308061122894287109e+00) (10, -1.38732993602752685547e+00) (11, -3.12575888633728027344e+00) (12, 6.97549581527709960938e-01) (13, -6.35647892951965332031e-01) (14, -4.45539534091949462891e-01) (15, 1.54059007763862609863e-01) (16, 3.43072295188903808594e-01) (17, -4.54223185777664184570e-01) (18, -1.52413487434387207031e-01) (19, -6.73154219985008239746e-02) (20, 2.11756899952888488770e-01) (21, 1.02402091026306152344e+00) (22, -1.76909655332565307617e-01) (23, -1.01436138153076171875e+00) (24, 3.86586785316467285156e-02) (25, 9.95913296937942504883e-02) (26, 7.54653096199035644531e-01) (27, 1.57545462250709533691e-01) (28, 1.87081173062324523926e-01) (29, -4.18044477701187133789e-01) (30, 3.16322922706604003906e-01) (31, 1.09559863805770874023e-01) (32, 7.21050560474395751953e-01) (33, 8.15234124660491943359e-01) (34, 1.08689391613006591797e+00) (35, 9.16677117347717285156e-01) (36, 1.64779588580131530762e-01) (37, 2.02845573425292968750e+00) (38, 6.07427597045898437500e-01) (39, -2.88791686296463012695e-01) (40, -2.89601445198059082031e+00) (41, 2.78101181983947753906e+00) (42, 3.43712121248245239258e-01) (43, 1.97871655225753784180e-01) (44, 9.22664850950241088867e-02) (45, 3.53301502764225006104e-02) (46, 1.28826320171356201172e-01) (47, 4.78571861982345581055e-01) (48, 1.62034094333648681641e+00) (49, 6.42210185527801513672e-01) (50, 7.69909918308258056641e-01) (51, 4.15676146745681762695e-01) (52, 3.14368814229965209961e-01) (53, 9.26322698593139648438e-01) (54, 2.85348922014236450195e-01) (55, 3.17604809999465942383e-01) (56, 1.16703939437866210938e+00) (57, 8.74744951725006103516e-01) (58, 3.86567115783691406250e-02) (59, 2.62709021568298339844e+00) (60, 8.73390972614288330078e-01) (61, 1.85901296138763427734e+00) (62, 1.29625928401947021484e+00) (63, 4.29317206144332885742e-01) (64, 1.67394948005676269531e+00) (65, 5.28153598308563232422e-01) (66, 5.60270845890045166016e-02) (67, 1.18520224094390869141e+00) (68, 1.01207518577575683594e+00) (69, 1.06717765331268310547e+00) (70, 1.09529125690460205078e+00) (71, 5.62258183956146240234e-01) (72, 5.19042849540710449219e-01) (73, 1.63065183162689208984e+00) (74, 1.10946106910705566406e+00) (75, 8.97668123245239257812e-01) (76, 4.83123838901519775391e-01) (77, 5.45985281467437744141e-01) (78, 1.93447566032409667969e+00) (79, 1.49253880977630615234e+00) (80, -9.51253294944763183594e-01) (81, 2.62495923042297363281e+00) (82, 1.08199143409729003906e+00) (83, -1.39051467180252075195e-01) (84, 6.28092944622039794922e-01) (85, 1.18199610710144042969e+00) (86, 9.71361935138702392578e-01) (87, 1.09993755817413330078e+00) (88, 1.13970375061035156250e+00) (89, 4.55104142427444458008e-01) (90, 5.31028330326080322266e-01) (91, 1.03685057163238525391e+00) (92, 1.21121430397033691406e+00) (93, 6.49703443050384521484e-01) (94, 5.90422749519348144531e-01) (95, 1.55840480327606201172e+00) (96, 1.23292684555053710938e+00) (97, 1.73909819126129150391e+00) (98, 2.18798136711120605469e+00) (99, 2.37439012527465820312e+00) (100, 4.42399591207504272461e-01) (101, 1.18840873241424560547e+00) (102, 6.08123588562011718750e+00) (103, -2.34960770606994628906e+00) (104, 8.87037634849548339844e-01) (0, -7.13423776626586914062e+00) (1, 1.64068341255187988281e-01) (2, 5.15672378242015838623e-04) (3, 4.68585443496704101562e+00) (4, 2.67230439186096191406e+00) (5, -3.50283943116664886475e-02) (6, 1.08577921986579895020e-01) (7, 8.02919507026672363281e-01) (8, 1.51235234737396240234e+00) (9, 4.19763624668121337891e-02) (10, -3.28866302967071533203e-01) (11, -7.20625102519989013672e-01) (12, 2.10633754730224609375e+00) (13, -8.80479812622070312500e-01) (14, -9.35077428817749023438e-01) (15, -8.89612197875976562500e-01) (16, -1.22410714626312255859e+00) (17, -7.14831769466400146484e-01) (18, -8.58360826969146728516e-01) (19, 6.63465976715087890625e-01) (20, 9.92839097976684570312e-01) (21, -4.82610106468200683594e-01) (22, -8.99904072284698486328e-01) (23, -2.05730152130126953125e+00) (24, -8.12546312808990478516e-01) (25, 1.60013556480407714844e+00) (26, 2.07389235496520996094e+00) (27, -6.30295693874359130859e-01) (28, -1.72302758693695068359e+00) (29, -9.55974817276000976562e-01) (30, 1.88675701618194580078e+00) (31, -4.27476048469543457031e-01) (32, 6.11119270324707031250e-01) (33, -1.67577755451202392578e+00) (34, -4.16017323732376098633e-01) (35, -1.18166255950927734375e+00) (36, 1.88901543617248535156e+00) (37, -1.66189908981323242188e-01) (38, -3.75691443681716918945e-01) (39, 1.65010511875152587891e-01) (40, -1.17733269929885864258e-01) (41, -1.00362884998321533203e+00) (42, 9.80288535356521606445e-02) (43, 3.37346243858337402344e+00) (44, 1.85911214351654052734e+00) (45, 1.34538531303405761719e+00) (46, 4.63780927658081054688e+00) (47, 1.70896291732788085938e+00) (48, -9.67619597911834716797e-01) (49, -1.62337493896484375000e+00) (50, 1.64496791362762451172e+00) (51, -1.19374907016754150391e+00) (52, -7.83475995063781738281e-01) (53, -6.37482345104217529297e-01) (54, 1.26883536577224731445e-01) (55, 8.55931043624877929688e-01) (56, 1.08834314346313476562e+00) (57, -8.70897173881530761719e-02) (58, 1.69965779781341552734e+00) (59, -1.09083127975463867188e+00) (60, -1.14471328258514404297e+00) (61, -8.70114612579345703125e+00) (62, 2.50607752799987792969e+00) (63, -8.87724339962005615234e-01) (64, -4.57063674926757812500e-01) (65, 4.31629419326782226562e-01) (66, -1.24049329757690429688e+00) (67, 7.36698567867279052734e-01) (68, -1.19950616359710693359e+00) (69, -4.64380085468292236328e-01) (70, 2.63208103179931640625e+00) (71, -5.20151317119598388672e-01) (72, -7.81152546405792236328e-01) (73, 7.38356649875640869141e-01) (74, -1.93340227007865905762e-01) (75, 5.83975911140441894531e-01) (76, -2.26552769541740417480e-01) (77, -4.31571751832962036133e-01) (78, 3.02797961235046386719e+00) (79, 3.45174014568328857422e-01) (80, -7.80630111694335937500e-01) (81, 2.39241361618041992188e+00) (82, -5.14593243598937988281e-01) (83, -1.50800049304962158203e+00) (84, -4.03242200613021850586e-01) (85, -7.09650993347167968750e-01) (86, -6.51719689369201660156e-01) (87, -4.73917067050933837891e-01) (88, -3.27452510595321655273e-01) (89, 2.52030563354492187500e+00) (90, 3.26964288949966430664e-01) (91, -5.25537312030792236328e-01) (92, -3.75234007835388183594e-01) (93, -4.57626342773437500000e-01) (94, -5.61903119087219238281e-01) (95, 2.23183059692382812500e+00) (96, -5.79034388065338134766e-01) (97, -3.89159232378005981445e-01) (98, 1.33653771877288818359e+00) (99, 2.38686704635620117188e+00) (100, -6.10955536365509033203e-01) (101, -2.36978203058242797852e-01) (102, 2.95522117614746093750e+00) (103, -4.56871092319488525391e-01) (104, 2.49079990386962890625e+00) (0, 5.40675520896911621094e-01) (1, 1.49060666561126708984e-01) (2, 3.11440992355346679688e+00) (3, -1.15815293788909912109e+00) (4, 7.67362341284751892090e-02) (5, -4.95622873306274414062e+00) (6, 3.30265939235687255859e-01) (7, 1.56774187088012695312e+00) (8, -7.35935389995574951172e-01) (9, 2.57312774658203125000e-01) (10, 1.04351663589477539062e+00) (11, -3.09831047058105468750e+00) (12, 7.86230191588401794434e-02) (13, -3.25122267007827758789e-01) (14, -1.64015993475914001465e-01) (15, -1.79294198751449584961e-02) (16, -1.85921919345855712891e+00) (17, 1.62356460094451904297e+00) (18, -5.24679303169250488281e-01) (19, 1.76433682441711425781e-01) (20, 1.44940638542175292969e+00) (21, -3.04700946807861328125e+00) (22, -2.64070451259613037109e-01) (23, -3.01306724548339843750e-01) (24, 3.18127274513244628906e-01) (25, 9.06972289085388183594e-01) (26, -1.52130007743835449219e+00) (27, -7.96479105949401855469e-01) (28, 1.72939729690551757812e+00) (29, -2.65031051635742187500e+00) (30, -1.24317955970764160156e+00) (31, -6.47728145122528076172e-01) (32, -1.11635768413543701172e+00) (33, 1.43599200248718261719e+00) (34, -8.49790573120117187500e-01) (35, 5.72485566139221191406e-01) (36, -5.29288172721862792969e-01) (37, 2.84624838829040527344e+00) (38, 8.72122406959533691406e-01) (39, -1.84173452854156494141e+00) (40, -2.49034190177917480469e+00) (41, 2.91789555549621582031e+00) (42, 6.40544116497039794922e-01) (43, -1.13867843151092529297e+00) (44, -8.43956947326660156250e-01) (45, -2.30905842781066894531e+00) (46, 5.34440338611602783203e-01) (47, 1.64765250682830810547e+00) (48, 7.05173909664154052734e-01) (49, 1.13666653633117675781e+00) (50, 1.26839816570281982422e-01) (51, 8.49006056785583496094e-01) (52, 3.02079987525939941406e+00) (53, 4.29923236370086669922e-01) (54, 2.40124750137329101562e+00) (55, 6.04092001914978027344e-01) (56, 1.47019941359758377075e-02) (57, -1.56950724124908447266e+00) (58, 3.15098553895950317383e-01) (59, 7.94386863708496093750e-02) (60, -7.16884791851043701172e-01) (61, 2.44750380516052246094e+00) (62, 2.77883720397949218750e+00) (63, -3.75325590372085571289e-01) (64, 1.80204629898071289062e+00) (65, -3.31537455320358276367e-01) (66, -7.64906048774719238281e-01) (67, 3.74431848526000976562e-01) (68, -8.46490204334259033203e-01) (69, 3.03371131420135498047e-01) (70, -3.06707680225372314453e-01) (71, -1.43491789698600769043e-01) (72, 1.41123890876770019531e+00) (73, 2.91749906539916992188e+00) (74, -4.15743160247802734375e+00) (75, 7.10456550121307373047e-01) (76, 1.03282690048217773438e+00) (77, -6.96461439132690429688e-01) (78, 5.52965998649597167969e-01) (79, -1.76186308264732360840e-01) (80, -6.68656253814697265625e+00) (81, -1.65680062770843505859e+00) (82, 5.90000867843627929688e-01) (83, -1.04565382003784179688e+00) (84, -8.59420120716094970703e-01) (85, -8.99658918380737304688e-01) (86, -9.61366057395935058594e-01) (87, 2.43547725677490234375e+00) (88, -1.09715592861175537109e+00) (89, -1.58437931537628173828e+00) (90, -2.27449893951416015625e+00) (91, -3.15687090158462524414e-01) (92, 2.46902871131896972656e+00) (93, 2.49087691307067871094e+00) (94, -4.39781755208969116211e-01) (95, 2.59122753143310546875e+00) (96, 1.38535588979721069336e-01) (97, 3.41179418563842773438e+00) (98, 1.30445373058319091797e+00) (99, 7.17135891318321228027e-02) (100, -5.44329285621643066406e-01) (101, -6.42154812812805175781e-02) (102, 8.15514147281646728516e-01) (103, 2.03769612312316894531e+00) (104, -5.34631431102752685547e-01) (0, 2.18150787353515625000e+01) (1, 6.50051498413085937500e+00) (2, 1.01707286834716796875e+01) (3, -4.03482437133789062500e+00) (4, 8.00369739532470703125e+00) (5, 9.23470139503479003906e-01) (6, 5.13857030868530273438e+00) (7, 6.48653209209442138672e-01) (8, -4.45962715148925781250e+00) (9, 2.51529669761657714844e+00) (10, -1.07975320816040039062e+01) (11, -2.06055784225463867188e+00) (12, 1.51404511928558349609e+00) (13, 8.18793296813964843750e-01) (14, -8.00007760524749755859e-01) (15, 7.94963693618774414062e+00) (16, 3.04361772537231445312e+00) (17, 1.17541539669036865234e+00) (18, -5.94525814056396484375e-01) (19, 2.80025973916053771973e-02) (20, 1.22665727138519287109e+00) (21, 3.81671738624572753906e+00) (22, 9.50342893600463867188e-01) (23, 3.38730859756469726562e+00) (24, 2.47649741172790527344e+00) (25, -1.35011863708496093750e+00) (26, -5.40620267391204833984e-01) (27, 3.98680210113525390625e-01) (28, 4.93904769420623779297e-01) (29, -6.03938877582550048828e-01) (30, -6.81198060512542724609e-01) (31, -6.46002590656280517578e-01) (32, -5.58339357376098632812e-01) (33, -4.86883252859115600586e-01) (34, -5.64096212387084960938e-01) (35, 2.33391785621643066406e+00) (36, 6.18655025959014892578e-01) (37, 3.81825044751167297363e-02) (38, -7.46768057346343994141e-01) (39, -7.75462746620178222656e-01) (40, -8.80328178405761718750e+00) (41, 8.58062982559204101562e-01) (42, 1.34095996618270874023e-01) (43, -8.03531706333160400391e-01) (44, 1.39590954780578613281e+00) (45, -8.33044648170471191406e-01) (46, 2.10490751266479492188e+00) (47, 1.75420176982879638672e+00) (48, 2.08514094352722167969e+00) (49, 1.82693421840667724609e+00) (50, -4.37768727540969848633e-01) (51, 2.28850364685058593750e+00) (52, 1.06597319245338439941e-01) (53, -4.24541264772415161133e-01) (54, -1.54704019427299499512e-01) (55, 1.31335127353668212891e+00) (56, 5.80061256885528564453e-01) (57, -1.35144189000129699707e-01) (58, 7.27597713470458984375e-01) (59, 1.77298414707183837891e+00) (60, -4.72815722227096557617e-01) (61, 8.83027136325836181641e-01) (62, -1.21620379388332366943e-01) (63, -3.35241913795471191406e-01) (64, 3.83291125297546386719e-01) (65, 5.26674866676330566406e-01) (66, 1.86269581317901611328e+00) (67, 2.58820176124572753906e+00) (68, 2.43370819091796875000e+00) (69, 1.57648122310638427734e+00) (70, 1.66032528877258300781e+00) (71, -2.61604607105255126953e-01) (72, -3.82076889276504516602e-01) (73, -5.29928088188171386719e-01) (74, -1.70398727059364318848e-01) (75, -2.68949508666992187500e-01) (76, -3.98695915937423706055e-01) (77, -2.50537008047103881836e-01) (78, -1.55509248375892639160e-01) (79, 5.08665386587381362915e-03) (80, -2.53432631492614746094e+00) (81, -2.55245298147201538086e-01) (82, -1.20851479470729827881e-01) (83, -1.44102382659912109375e+01) (84, -2.13800445199012756348e-01) (85, -1.15525834262371063232e-01) (86, -2.83205240964889526367e-01) (87, -1.39870986342430114746e-01) (88, 1.18477605283260345459e-01) (89, -3.42491567134857177734e-01) (90, -4.32071030139923095703e-01) (91, -2.91518867015838623047e-01) (92, -7.64070376753807067871e-02) (93, -2.83600002527236938477e-01) (94, -3.45567911863327026367e-01) (95, -1.77972748875617980957e-01) (96, 1.40519235283136367798e-02) (97, -2.07195982336997985840e-01) (98, -2.54105508327484130859e-01) (99, -1.82061001658439636230e-01) (100, -2.14488238096237182617e-01) (101, -1.27457574009895324707e-01) (102, 3.72423553466796875000e+00) (103, -1.16108512878417968750e+00) (104, 1.98733127117156982422e+00) (0, -5.14301395416259765625e+00) (1, 2.81023769639432430267e-03) (2, -6.53446838259696960449e-02) (3, 8.15671265125274658203e-01) (4, -2.00932249426841735840e-02) (5, 2.17140150070190429688e+00) (6, 6.91902577877044677734e-01) (7, 2.97668576240539550781e-01) (8, 1.07793068885803222656e+00) (9, -3.37008237838745117188e-02) (10, 2.17337679862976074219e+00) (11, 1.98396408557891845703e+00) (12, -6.10837459564208984375e-01) (13, 1.94056642055511474609e+00) (14, -7.87224709987640380859e-01) (15, -8.34148883819580078125e-01) (16, -7.90891766548156738281e-01) (17, -1.72247803211212158203e+00) (18, -6.95148169994354248047e-01) (19, -7.36231386661529541016e-01) (20, 6.28501117229461669922e-01) (21, -6.44734084606170654297e-01) (22, 2.03867316246032714844e+00) (23, 1.01552057266235351562e+00) (24, 1.04285359382629394531e+00) (25, -6.79951906204223632812e-01) (26, -7.55537569522857666016e-01) (27, -6.07957720756530761719e-01) (28, 2.14382076263427734375e+00) (29, -8.31650972366333007812e-01) (30, -5.77682018280029296875e-01) (31, -6.95601880550384521484e-01) (32, -6.18043184280395507812e-01) (33, -7.42187201976776123047e-01) (34, -8.63378226757049560547e-01) (35, -6.54970765113830566406e-01) (36, -7.90626466274261474609e-01) (37, -8.06587100028991699219e-01) (38, -7.68858730792999267578e-01) (39, -1.15008056163787841797e+00) (40, -8.66248607635498046875e-01) (41, -2.66563391685485839844e+00) (42, -4.52092252671718597412e-02) (43, -1.15617215633392333984e+00) (44, -1.55505681037902832031e+00) (45, -7.18140065670013427734e-01) (46, -8.55852663516998291016e-01) (47, 1.88183283805847167969e+00) (48, -9.71964716911315917969e-01) (49, -8.49526882171630859375e-01) (50, -7.79681801795959472656e-01) (51, -6.44410073757171630859e-01) (52, -2.37244534492492675781e+00) (53, 2.45609259605407714844e+00) (54, -1.36128449440002441406e+00) (55, 9.57224726676940917969e-01) (56, -5.37894904613494873047e-01) (57, 1.86791670322418212891e+00) (58, 2.15504407882690429688e+00) (59, 1.11085462570190429688e+00) (60, -5.64896345138549804688e-01) (61, 1.60826981067657470703e-01) (62, -3.54240119457244873047e-01) (63, -5.52535653114318847656e-01) (64, -1.55761778354644775391e+00) (65, -5.56184589862823486328e-01) (66, -1.21659815311431884766e+00) (67, 2.98389363288879394531e+00) (68, 1.31671941280364990234e+00) (69, 6.62760257720947265625e-01) (70, -3.38479369878768920898e-01) (71, -6.20695710182189941406e-01) (72, -6.02074921131134033203e-01) (73, -2.41348576545715332031e+00) (74, -3.50899219512939453125e-01) (75, 4.95877790451049804688e+00) (76, 3.35159039497375488281e+00) (77, -7.66051530838012695312e-01) (78, 2.56382107734680175781e-01) (79, 2.94531798362731933594e+00) (80, -2.93430280685424804688e+00) (81, 5.88629913330078125000e+00) (82, 3.70167565345764160156e+00) (83, -6.24679982662200927734e-01) (84, 1.25876724720001220703e+00) (85, 1.76525032520294189453e+00) (86, -4.62679177522659301758e-01) (87, -4.02147263288497924805e-01) (88, 8.21996116638183593750e+00) (89, 1.97028636932373046875e+00) (90, -4.01598989963531494141e-01) (91, 2.46577143669128417969e+00) (92, -1.87372672557830810547e+00) (93, 9.89636421203613281250e+00) (94, -4.94821041822433471680e-01) (95, 2.92817473411560058594e-01) (96, -3.74400109052658081055e-01) (97, -8.84046018123626708984e-01) (98, -9.78235960006713867188e-01) (99, 4.58642661571502685547e-01) (100, -4.45047110319137573242e-01) (101, 1.62915360927581787109e+00) (102, 1.40631067752838134766e+00) (103, 7.21618413925170898438e-01) (104, 2.39524316787719726562e+00) (0, 5.44405031204223632812e+00) (1, -1.01280975341796875000e+00) (2, -1.30291128158569335938e+00) (3, 1.58217155933380126953e+00) (4, -1.12879323959350585938e+01) (5, -2.42861461639404296875e+01) (6, 1.75028693675994873047e+00) (7, -5.26974582672119140625e+00) (8, -2.34962296485900878906e+00) (9, 1.74905312061309814453e+00) (10, 2.17412948608398437500e+00) (11, -2.69869518280029296875e+00) (12, 1.70646965503692626953e+00) (13, -3.08760094642639160156e+00) (14, -4.99255448579788208008e-01) (15, -8.54868352413177490234e-01) (16, -4.56972092390060424805e-01) (17, -5.15095233917236328125e-01) (18, -4.34932112693786621094e-01) (19, -8.67027878761291503906e-01) (20, 2.45120382308959960938e+00) (21, -2.64246225357055664062e-01) (22, 7.33569383621215820312e-01) (23, 1.17792234420776367188e+01) (24, -4.41337537765502929688e+00) (25, 2.53818726539611816406e+00) (26, 2.19110941886901855469e+00) (27, 2.42598700523376464844e+00) (28, 1.12749109268188476562e+01) (29, -6.53551459312438964844e-01) (30, -4.64005768299102783203e-01) (31, 2.10793137550354003906e+00) (32, 5.64411520957946777344e-01) (33, 2.35040235519409179688e+00) (34, 5.51535069942474365234e-01) (35, 1.40016287565231323242e-01) (36, -3.98912757635116577148e-01) (37, -5.31656503677368164062e-01) (38, 1.75567066669464111328e+00) (39, -6.93246603012084960938e-01) (40, -1.88271484375000000000e+01) (41, -4.87966489791870117188e+00) (42, -9.98456716537475585938e-01) (43, -7.34403610229492187500e-01) (44, -7.78064489364624023438e-01) (45, -8.66300404071807861328e-01) (46, 2.27397656440734863281e+00) (47, 1.80183196067810058594e+00) (48, -2.09282493591308593750e+00) (49, -5.35149157047271728516e-01) (50, -3.31099957227706909180e-01) (51, 2.05933117866516113281e+00) (52, 2.31689810752868652344e+00) (53, 2.46637344360351562500e+00) (54, -7.24037706851959228516e-01) (55, 2.76438117027282714844e+00) (56, 1.92590785026550292969e+00) (57, 1.50749933719635009766e+00) (58, -9.22831177711486816406e-01) (59, -1.03441023826599121094e+00) (60, -1.63703119754791259766e+00) (61, 1.55434894561767578125e+00) (62, 1.85977303981781005859e+00) (63, -1.26817262172698974609e+00) (64, 5.36768198013305664062e-01) (65, -1.01610970497131347656e+00) (66, 1.19716703891754150391e+00) (67, 1.56378352642059326172e+00) (68, 1.66281867027282714844e+00) (69, 1.58562242984771728516e+00) (70, 1.79266357421875000000e+00) (71, -8.92781794071197509766e-01) (72, -9.50004100799560546875e-01) (73, -6.80885136127471923828e-01) (74, 1.67323005199432373047e+00) (75, -2.80169934034347534180e-01) (76, -1.24807584285736083984e+00) (77, -9.11693930625915527344e-01) (78, -5.06901979446411132812e+00) (79, -6.77164614200592041016e-01) (80, -3.30958509445190429688e+00) (81, -1.17481815814971923828e+00) (82, 1.78148758411407470703e+00) (83, -2.49965114593505859375e+01) (84, -9.29929137229919433594e-01) (85, 1.75300347805023193359e+00) (86, -1.20406281948089599609e+00) (87, 1.79833102226257324219e+00) (88, 2.67134159803390502930e-01) (89, -4.80869859457015991211e-01) (90, -1.06158614158630371094e+00) (91, -9.90025997161865234375e-01) (92, -7.83310294151306152344e-01) (93, -9.92118775844573974609e-01) (94, -9.64768111705780029297e-01) (95, -1.12091326713562011719e+00) (96, 1.92741215229034423828e+00) (97, -1.09829032421112060547e+00) (98, -1.50475192070007324219e+00) (99, -1.13195598125457763672e+00) (100, -1.02524709701538085938e+00) (101, -1.07868410646915435791e-01) (102, 2.76679992675781250000e+00) (103, -8.64567637443542480469e-01) (104, 2.82904911041259765625e+00) (0, 1.50000000000000000000e+03) (1, -7.28231787681579589844e-01) (2, 3.87495696544647216797e-01) (3, -6.77491486072540283203e-01) (4, -5.16464889049530029297e-01) (5, -2.74126873016357421875e+01) (6, 8.74288678169250488281e-01) (7, 8.51194739341735839844e-01) (8, 2.03480148315429687500e+01) (9, 1.10232627391815185547e+00) (10, 1.67611646652221679688e+00) (11, -3.79555740356445312500e+01) (12, 6.03322923183441162109e-01) (13, 1.64883728027343750000e+01) (14, -1.69438397884368896484e+00) (15, -1.23087131977081298828e+00) (16, 6.18504464626312255859e-01) (17, -6.31634175777435302734e-01) (18, -5.73212146759033203125e-01) (19, 1.02512514591217041016e+00) (20, 2.24202585220336914062e+00) (21, 9.97997283935546875000e-01) (22, 1.55541086196899414062e+00) (23, -7.60203301906585693359e-01) (24, 2.15511035919189453125e+00) (25, 2.23741149902343750000e+00) (26, 7.20093727111816406250e-01) (27, 2.19337105751037597656e+00) (28, 2.47254443168640136719e+00) (29, -7.23434627056121826172e-01) (30, 1.67252278327941894531e+00) (31, 2.01669883728027343750e+00) (32, 7.29027748107910156250e-01) (33, 2.17958760261535644531e+00) (34, 3.43874663114547729492e-01) (35, 2.16955304145812988281e+00) (36, 2.06674575805664062500e+00) (37, -4.20158952474594116211e-01) (38, 1.69357657432556152344e+00) (39, 1.30769205093383789062e+00) (40, -1.50000000000000000000e+03) (41, -1.49923535156250000000e+03) (42, -1.14856767654418945312e+00) (43, -9.79719221591949462891e-01) (44, -3.13824748992919921875e+00) (45, -7.79879748821258544922e-01) (46, 5.67210376262664794922e-01) (47, 6.82172656059265136719e-01) (48, -1.50000000000000000000e+03) (49, 7.92624354362487792969e-01) (50, 8.74261856079101562500e-01) (51, 2.32663917541503906250e+00) (52, 5.99029123783111572266e-01) (53, 6.77669405937194824219e-01) (54, -3.64450186491012573242e-01) (55, 1.37390881776809692383e-01) (56, 2.07218706607818603516e-01) (57, -5.64231574535369873047e-01) (58, -1.15080940723419189453e+00) (59, 2.52981662750244140625e-01) (60, -3.40511322021484375000e+00) (61, -2.60918229818344116211e-01) (62, -5.57614326477050781250e-01) (63, -1.70876371860504150391e+00) (64, -1.50000000000000000000e+03) (65, -1.29324507713317871094e+00) (66, -9.81798291206359863281e-01) (67, -4.13945764303207397461e-01) (68, 9.53820407390594482422e-01) (69, -7.18364194035530090332e-02) (70, 1.97025507688522338867e-01) (71, -1.17576730251312255859e+00) (72, -1.36292088031768798828e+00) (73, -1.28828227519989013672e+00) (74, -5.60771942138671875000e-01) (75, -1.20596492290496826172e+00) (76, -4.44930934906005859375e+00) (77, -1.24337184429168701172e+00) (78, -1.50000000000000000000e+03) (79, -9.38945770263671875000e-01) (80, -1.68862514495849609375e+01) (81, -3.70075836181640625000e+01) (82, 9.84476283192634582520e-02) (83, -1.50000000000000000000e+03) (84, -1.25725269317626953125e+00) (85, 2.21428200602531433105e-02) (86, -1.31763505935668945312e+00) (87, 3.61041277647018432617e-02) (88, -1.68413728475570678711e-01) (89, -1.26988589763641357422e+00) (90, -2.09732365608215332031e+00) (91, -1.46219015121459960938e-01) (92, -1.07850658893585205078e+00) (93, -1.21935832500457763672e+00) (94, -1.34851515293121337891e+00) (95, -1.30613243579864501953e+00) (96, 1.79462134838104248047e-01) (97, -1.33622634410858154297e+00) (98, -1.60756134986877441406e+00) (99, -1.21753370761871337891e+00) (100, -1.22179007530212402344e+00) (101, -2.61643081903457641602e-01) (102, 2.54294633865356445312e+00) (103, -6.67411923408508300781e-01) (104, 1.86254477500915527344e+00) (0, 2.12507858276367187500e+01) (1, 2.92691302299499511719e+00) (2, 2.15516161918640136719e+00) (3, -2.85472214221954345703e-01) (4, -5.92651519775390625000e+01) (5, -3.20468864440917968750e+01) (6, -3.60339879989624023438e+00) (7, 4.42361497879028320312e+00) (8, 1.86896133422851562500e+00) (9, 1.11484422683715820312e+01) (10, 3.51267838478088378906e+00) (11, 1.96891272068023681641e+00) (12, 2.57162261009216308594e+00) (13, 1.01085367202758789062e+01) (14, -1.18398153781890869141e+00) (15, 2.34325289726257324219e+00) (16, -5.73601603507995605469e-01) (17, -8.96283686161041259766e-01) (18, -4.70512866973876953125e-01) (19, -6.97449743747711181641e-01) (20, -1.76577508449554443359e+00) (21, 7.28278064727783203125e+00) (22, 1.41043853759765625000e+00) (23, 2.11992430686950683594e+00) (24, -1.29405164718627929688e+00) (25, 2.53062367439270019531e+00) (26, 2.26168060302734375000e+00) (27, 2.44509267807006835938e+00) (28, 5.17804527282714843750e+00) (29, -8.32656919956207275391e-01) (30, 2.01497197151184082031e-01) (31, 2.59474086761474609375e+00) (32, 8.12128543853759765625e-01) (33, 5.94768166542053222656e-01) (34, 1.71644496917724609375e+00) (35, 4.42898809909820556641e-01) (36, 3.51303696632385253906e-01) (37, 2.59643375873565673828e-01) (38, 2.15594816207885742188e+00) (39, 2.16177177429199218750e+00) (40, -2.44341635704040527344e+00) (41, -3.58140873908996582031e+00) (42, -9.86742973327636718750e-01) (43, -5.61265826225280761719e-01) (44, -4.15880918502807617188e-01) (45, -5.82817971706390380859e-01) (46, 6.05366602540016174316e-02) (47, 2.76177477836608886719e+00) (48, -1.86902630329132080078e+00) (49, -3.92457455396652221680e-01) (50, -3.76641064882278442383e-01) (51, 2.66652059555053710938e+00) (52, 2.28610825538635253906e+00) (53, 2.46001553535461425781e+00) (54, -2.05669865012168884277e-01) (55, -5.21119713783264160156e-01) (56, 1.71196818351745605469e+00) (57, 3.79894399642944335938e+00) (58, -8.28693866729736328125e-01) (59, -9.25070762634277343750e-01) (60, -1.13844788074493408203e+00) (61, -4.38555508852005004883e-01) (62, -5.99292159080505371094e-01) (63, -1.15286767482757568359e+00) (64, -9.10635709762573242188e-01) (65, -1.07321166992187500000e+00) (66, -1.38353452086448669434e-01) (67, 1.45997214317321777344e+00) (68, 2.29900884628295898438e+00) (69, 9.82766985893249511719e-01) (70, 1.73187851905822753906e+00) (71, -9.20053601264953613281e-01) (72, -1.24727118015289306641e+00) (73, -4.11082744598388671875e+00) (74, -7.82827973365783691406e-01) (75, -1.09110021591186523438e+00) (76, -1.15795469284057617188e+00) (77, -1.11202526092529296875e+00) (78, -3.34079003334045410156e+00) (79, -8.28942954540252685547e-01) (80, 3.40192055702209472656e+00) (81, -2.95519852638244628906e+00) (82, 1.77031147480010986328e+00) (83, -1.29367094039916992188e+01) (84, -9.80404675006866455078e-01) (85, 1.61211764812469482422e+00) (86, -1.25845432281494140625e+00) (87, 1.57397854328155517578e+00) (88, 1.02304995059967041016e+00) (89, -1.08743357658386230469e+00) (90, -1.06447041034698486328e+00) (91, 1.67900598049163818359e+00) (92, -8.23732554912567138672e-01) (93, -1.14614963531494140625e+00) (94, -1.26802980899810791016e+00) (95, -1.08458852767944335938e+00) (96, 1.89953958988189697266e+00) (97, -1.20380055904388427734e+00) (98, -3.24324965476989746094e+00) (99, -1.11271905899047851562e+00) (100, -1.15821433067321777344e+00) (101, -8.61484110355377197266e-01) (102, 2.51423072814941406250e+00) (103, -3.03078949451446533203e-01) (104, 4.13293629884719848633e-01) (0, 1.61730492115020751953e+00) (1, -1.72204744815826416016e+00) (2, -1.38278424739837646484e+00) (3, -3.30062150955200195312e+00) (4, -4.12483155727386474609e-01) (5, 5.28294324874877929688e-01) (6, 2.41173043847084045410e-01) (7, 9.73571896553039550781e-01) (8, 1.01342082023620605469e+00) (9, 8.35714399814605712891e-01) (10, -1.08941936492919921875e+00) (11, 1.38813483715057373047e+00) (12, 1.24110031127929687500e+00) (13, 1.00611269474029541016e+00) (14, 1.09820139408111572266e+00) (15, -1.09903287887573242188e+00) (16, -1.11340701580047607422e+00) (17, -1.02555286884307861328e+00) (18, 8.20438981056213378906e-01) (19, -1.05304074287414550781e+00) (20, -8.08193027973175048828e-01) (21, 1.20905590057373046875e+00) (22, 9.87260818481445312500e-01) (23, 4.87314671277999877930e-01) (24, -1.37622559070587158203e+00) (25, -1.02077150344848632812e+00) (26, -1.31611108779907226562e+00) (27, -1.25484418869018554688e+00) (28, -6.03749215602874755859e-01) (29, -1.14394819736480712891e+00) (30, -9.79090332984924316406e-01) (31, 9.38032746315002441406e-01) (32, 1.03417313098907470703e+00) (33, 1.00994479656219482422e+00) (34, 1.04720389842987060547e+00) (35, -3.04275918006896972656e+00) (36, -1.30997860431671142578e+00) (37, -9.85381364822387695312e-01) (38, -1.34566903114318847656e+00) (39, -1.29509961605072021484e+00) (40, 5.79081237316131591797e-01) (41, -3.55599492788314819336e-01) (42, 3.10192972421646118164e-01) (43, -2.27712377905845642090e-01) (44, -3.42755228281021118164e-01) (45, 9.84643220901489257812e-01) (46, -4.39713418483734130859e-01) (47, -1.24775063991546630859e+00) (48, -1.80538058280944824219e+00) (49, -1.36712682247161865234e+00) (50, -1.23895728588104248047e+00) (51, 3.67517411708831787109e-01) (52, -6.57616078853607177734e-01) (53, -8.55569541454315185547e-01) (54, -1.23947250843048095703e+00) (55, -2.10762834548950195312e+00) (56, 2.19696235656738281250e+00) (57, 3.63904446363449096680e-01) (58, 1.17754006385803222656e+00) (59, 2.72090339660644531250e+00) (60, -7.00056552886962890625e-01) (61, 1.43019473552703857422e+00) (62, -1.09897173941135406494e-01) (63, -5.49308001995086669922e-01) (64, -1.72861754894256591797e+00) (65, -7.17266440391540527344e-01) (66, 2.41592621803283691406e+00) (67, 2.22680902481079101562e+00) (68, 2.43146324157714843750e+00) (69, -5.05565702915191650391e-01) (70, -5.37029922008514404297e-01) (71, 2.40190744400024414062e+00) (72, -5.47230780124664306641e-01) (73, 2.11267113685607910156e+00) (74, 2.18721270561218261719e+00) (75, 2.39553618431091308594e+00) (76, -4.43569660186767578125e-01) (77, -6.14021658897399902344e-01) (78, 2.54961299896240234375e+00) (79, -2.14456170797348022461e-01) (80, -3.49634498357772827148e-01) (81, -6.58521533012390136719e-01) (82, -4.47799324989318847656e-01) (83, -9.93867397308349609375e-01) (84, 2.68924045562744140625e+00) (85, -3.14110606908798217773e-01) (86, -5.80832958221435546875e-01) (87, 2.36581277847290039062e+00) (88, -1.35228380560874938965e-01) (89, -4.78763639926910400391e-01) (90, 2.28364562988281250000e+00) (91, -5.97934842109680175781e-01) (92, 4.48465228080749511719e-01) (93, 1.80244073271751403809e-01) (94, -6.30452454090118408203e-01) (95, 1.54748082160949707031e+00) (96, -1.62413939833641052246e-01) (97, 1.81497424840927124023e-01) (98, 3.34904313087463378906e-01) (99, 1.60508644580841064453e+00) (100, -6.85463249683380126953e-01) (101, 1.07507705688476562500e-01) (102, 1.77682310342788696289e-01) (103, 2.14824485778808593750e+00) (104, 2.22142219543457031250e+00) (0, 2.63991379737854003906e+00) (1, 6.16491921246051788330e-02) (2, 2.76137566566467285156e+00) (3, 1.96721458435058593750e+00) (4, -1.19011521339416503906e+00) (5, 2.33029007911682128906e-01) (6, -8.11397433280944824219e-01) (7, 3.44313788414001464844e+00) (8, -5.37832200527191162109e-01) (9, -1.50864978786557912827e-03) (10, 6.05729401111602783203e-01) (11, -4.90593373775482177734e-01) (12, -3.44140231609344482422e-01) (13, -7.83033788204193115234e-01) (14, 2.62084841728210449219e-01) (15, 5.99801801145076751709e-02) (16, 2.35310602188110351562e+00) (17, -5.80636799335479736328e-01) (18, 4.51331445947289466858e-03) (19, 2.16375088691711425781e+00) (20, -1.06417942047119140625e+00) (21, -4.43126171827316284180e-01) (22, 3.03918004035949707031e-01) (23, 4.56094771623611450195e-01) (24, 1.65649676322937011719e+00) (25, 1.46954262256622314453e+00) (26, -9.58202540874481201172e-01) (27, -4.02757763862609863281e-01) (28, 1.77692830562591552734e-01) (29, 1.12902536988258361816e-01) (30, -4.26790565252304077148e-01) (31, -4.50276821851730346680e-01) (32, -1.73123323917388916016e+00) (33, -7.67881572246551513672e-01) (34, 5.31819224357604980469e-01) (35, -5.94224870204925537109e-01) (36, 1.96640181541442871094e+00) (37, -4.98069018125534057617e-01) (38, -7.70752906799316406250e-01) (39, -6.63495004177093505859e-01) (40, -7.21977710723876953125e-01) (41, -1.34412169456481933594e+00) (42, 1.42896783351898193359e+00) (43, -4.39928829669952392578e-01) (44, 4.94725912809371948242e-01) (45, -6.10787332057952880859e-01) (46, 7.91925072669982910156e-01) (47, -1.92865931987762451172e+00) (48, -1.63803771138191223145e-01) (49, -7.92002141475677490234e-01) (50, 2.35133886337280273438e+00) (51, 2.21404743194580078125e+00) (52, -2.02000236511230468750e+00) (53, -3.18611812591552734375e+00) (54, -4.16872680187225341797e-01) (55, -4.50492048263549804688e+00) (56, -2.62430858612060546875e+00) (57, 1.14222753047943115234e+00) (58, 1.00742852687835693359e+00) (59, 1.57146477699279785156e+00) (60, -7.08058178424835205078e-01) (61, 4.27447700500488281250e+00) (62, -3.50091457366943359375e-01) (63, -8.39931607246398925781e-01) (64, -7.07560360431671142578e-01) (65, -6.36917769908905029297e-01) (66, 2.43105173110961914062e+00) (67, -2.47283831238746643066e-01) (68, -4.15377110242843627930e-01) (69, -8.05252671241760253906e-01) (70, -5.75014650821685791016e-01) (71, -5.88419497013092041016e-01) (72, -1.48152959346771240234e+00) (73, -2.44843125343322753906e+00) (74, 2.39160871505737304688e+00) (75, -9.38441336154937744141e-01) (76, 7.06253468990325927734e-01) (77, 1.92258596420288085938e+00) (78, -2.81733918190002441406e+00) (79, -6.89255535602569580078e-01) (80, 1.58804154396057128906e+00) (81, -1.19454634189605712891e+00) (82, -6.99161529541015625000e-01) (83, 1.13408184051513671875e+00) (84, -6.16980731487274169922e-01) (85, -1.86659133434295654297e+00) (86, 4.92708384990692138672e-01) (87, 1.80640912055969238281e+00) (88, -5.50841867923736572266e-01) (89, -1.17892992496490478516e+00) (90, -1.11098814010620117188e+00) (91, 5.09593427181243896484e-01) (92, 7.96615481376647949219e-02) (93, -1.00510179996490478516e+00) (94, -7.80188322067260742188e-01) (95, -1.13878571987152099609e+00) (96, 2.39626789093017578125e+00) (97, 3.03866386413574218750e-01) (98, -2.16922476887702941895e-01) (99, -9.61190998554229736328e-01) (100, -7.54571795463562011719e-01) (101, -5.55728137493133544922e-01) (102, 8.02905619144439697266e-01) (103, 1.14058792591094970703e+00) (104, -9.94680002331733703613e-02) (0, -1.27828960418701171875e+01) (1, 2.99817651510238647461e-01) (2, 7.06279456615447998047e-01) (3, 1.99584352970123291016e+00) (4, -3.68198847770690917969e+00) (5, -5.18023948669433593750e+01) (6, -4.08501672744750976562e+00) (7, 2.44465446472167968750e+00) (8, -2.38429756164550781250e+01) (9, 2.00686976313591003418e-01) (10, 8.61249625682830810547e-01) (11, 4.91540575027465820312e+00) (12, 1.94604384899139404297e+00) (13, 2.83619165420532226562e+00) (14, 1.05433356761932373047e+00) (15, -9.67934072017669677734e-01) (16, 4.94151496887207031250e+00) (17, -6.64656400680541992188e-01) (18, 1.64742970466613769531e+00) (19, -9.43297743797302246094e-01) (20, 2.36433458328247070312e+00) (21, 1.06295156478881835938e+00) (22, -7.07282245159149169922e-01) (23, 3.92176938056945800781e+00) (24, 7.86874198913574218750e+00) (25, 3.26132893562316894531e+00) (26, 5.88706791400909423828e-01) (27, 7.69104182720184326172e-01) (28, 2.98297824859619140625e+01) (29, -8.83484482765197753906e-01) (30, 7.36219108104705810547e-01) (31, 1.70954480767250061035e-01) (32, 1.95365512371063232422e+00) (33, 2.69706279039382934570e-01) (34, -2.19600081443786621094e-01) (35, 4.24748927354812622070e-01) (36, 2.01778843998908996582e-01) (37, -7.68957614898681640625e-01) (38, 1.77081134170293807983e-02) (39, -6.26577079296112060547e-01) (40, 6.59136390686035156250e+00) (41, -3.96957993507385253906e+00) (42, -9.98143553733825683594e-01) (43, -6.20238482952117919922e-01) (44, -7.37517714500427246094e-01) (45, -4.41263765096664428711e-01) (46, -1.08267509937286376953e+00) (47, -8.44832956790924072266e-01) (48, -3.54152351617813110352e-01) (49, -6.49518370628356933594e-01) (50, -5.62537789344787597656e-01) (51, -2.66512874513864517212e-02) (52, 2.26844146847724914551e-01) (53, 5.83898007869720458984e-01) (54, -1.58855229616165161133e-01) (55, -1.05498814582824707031e+00) (56, -2.12590336799621582031e-01) (57, -3.59782099723815917969e-01) (58, -9.94849383831024169922e-01) (59, -1.03568077087402343750e+00) (60, -1.32488358020782470703e+00) (61, -2.23517999053001403809e-01) (62, -2.42787510156631469727e-01) (63, -1.13079118728637695312e+00) (64, -5.25871336460113525391e-01) (65, -9.48448836803436279297e-01) (66, -1.00730836391448974609e+00) (67, 4.75195527076721191406e-01) (68, -1.62921458482742309570e-01) (69, -4.34163659811019897461e-01) (70, 2.37288191914558410645e-01) (71, -9.65421378612518310547e-01) (72, -9.26558434963226318359e-01) (73, -6.48881733417510986328e-01) (74, -1.63819879293441772461e-01) (75, -9.80801045894622802734e-01) (76, -1.01240003108978271484e+00) (77, -8.60153198242187500000e-01) (78, 8.13797354698181152344e-01) (79, 1.22494779527187347412e-01) (80, -1.58969986438751220703e+00) (81, 1.22888064384460449219e+00) (82, -1.10478006303310394287e-01) (83, -3.85966300964355468750e+01) (84, -8.24852645397186279297e-01) (85, 9.95708350092172622681e-03) (86, -1.01944696903228759766e+00) (87, -4.59230765700340270996e-02) (88, 3.20816457271575927734e-01) (89, -9.29667890071868896484e-01) (90, -1.04262924194335937500e+00) (91, -8.98468494415283203125e-01) (92, -6.47625148296356201172e-01) (93, -8.94195675849914550781e-01) (94, -9.81449127197265625000e-01) (95, -9.36417400836944580078e-01) (96, -4.97943162918090820312e-02) (97, -1.16754233837127685547e-01) (98, 9.82697904109954833984e-01) (99, -1.27563495188951492310e-02) (100, -9.57153141498565673828e-01) (101, -7.92361557483673095703e-01) (102, 6.80292749404907226562e+00) (103, -3.04682183265686035156e+00) (104, 2.80886077880859375000e+00) (0, -6.13425922393798828125e+00) (1, 1.04091739654541015625e+00) (2, 5.37672162055969238281e-01) (3, 1.02855896949768066406e+00) (4, 1.29738703370094299316e-01) (5, -1.81708753108978271484e+00) (6, 1.07146704196929931641e+00) (7, 1.09157323837280273438e+00) (8, -2.26016923785209655762e-01) (9, 6.84163570404052734375e-01) (10, 3.66314411163330078125e+00) (11, 3.53806436061859130859e-01) (12, 1.75471305847167968750e-01) (13, -1.66334903240203857422e+00) (14, -7.90847539901733398438e-01) (15, -7.32852458953857421875e-01) (16, -6.59846425056457519531e-01) (17, -7.00935900211334228516e-01) (18, -7.19606757164001464844e-01) (19, -6.05847239494323730469e-01) (20, 1.45351719856262207031e+00) (21, 8.27252507209777832031e-01) (22, 1.47816836833953857422e+00) (23, 9.62112665176391601562e-01) (24, -6.42258286476135253906e-01) (25, -5.55459976196289062500e-01) (26, -6.15851819515228271484e-01) (27, -5.51479995250701904297e-01) (28, 1.85335206985473632812e+00) (29, -7.41803526878356933594e-01) (30, -9.45683240890502929688e-01) (31, -7.82995820045471191406e-01) (32, -7.04124569892883300781e-01) (33, -6.94715857505798339844e-01) (34, 7.56445550918579101562e+00) (35, 1.92900300025939941406e+00) (36, -5.07766306400299072266e-01) (37, 2.21379899978637695312e+00) (38, -8.53214800357818603516e-01) (39, -1.00550591945648193359e+00) (40, -4.68210840225219726562e+00) (41, -1.24581527709960937500e+00) (42, 2.00279414653778076172e-01) (43, -9.46072101593017578125e-01) (44, -1.49344658851623535156e+00) (45, -8.24303030967712402344e-01) (46, -1.74981522560119628906e+00) (47, -2.66861498355865478516e-01) (48, 5.50187587738037109375e-01) (49, -7.46819794178009033203e-01) (50, -5.48292815685272216797e-01) (51, 1.17475926876068115234e-01) (52, -6.37167394161224365234e-01) (53, -6.33832275867462158203e-01) (54, 7.59955048561096191406e-01) (55, 5.84024524688720703125e+00) (56, -2.32708007097244262695e-01) (57, 6.48907780647277832031e-01) (58, -1.39901268482208251953e+00) (59, 1.49142682552337646484e+00) (60, 1.83838963508605957031e+00) (61, -2.41395258903503417969e+00) (62, 2.18181633949279785156e+00) (63, -2.83195316791534423828e-01) (64, -5.56837558746337890625e-01) (65, -2.46589392423629760742e-01) (66, 9.25603675842285156250e+00) (67, -3.56514602899551391602e-01) (68, 8.97444152832031250000e+00) (69, -6.74522995948791503906e-01) (70, -1.34981527924537658691e-01) (71, -3.31177204847335815430e-01) (72, -3.72282356023788452148e-01) (73, 1.20098333358764648438e+01) (74, -3.66407722234725952148e-01) (75, 1.40717983245849609375e+00) (76, 6.37713611125946044922e-01) (77, -2.55772113800048828125e-01) (78, 1.31065022945404052734e+00) (79, 6.26736354827880859375e+00) (80, -8.06688117980957031250e+00) (81, 4.46015930175781250000e+00) (82, 6.53210639953613281250e+00) (83, -3.21011567115783691406e+00) (84, -7.62817502021789550781e-01) (85, -2.87318348884582519531e+00) (86, -4.24204349517822265625e-01) (87, 2.18127870559692382812e+00) (88, -5.86286163330078125000e+00) (89, -4.03146839141845703125e+00) (90, -1.25612747669219970703e+00) (91, 1.22687208652496337891e+00) (92, -5.55719494819641113281e-01) (93, 2.11482119560241699219e+00) (94, -2.93284714221954345703e-01) (95, 2.08747315406799316406e+00) (96, 2.14272499084472656250e+00) (97, -2.14326357841491699219e+00) (98, -5.64281642436981201172e-01) (99, -1.05648863315582275391e+00) (100, -2.27902382612228393555e-01) (101, -2.73823946714401245117e-01) (102, 3.23399209976196289062e+00) (103, -8.02517712116241455078e-01) (104, 2.09168410301208496094e+00) (0, -1.50867104530334472656e+00) (1, 2.33719706535339355469e+00) (2, 1.60291528701782226562e+00) (3, 1.57474863529205322266e+00) (4, -6.93936777114868164062e+00) (5, -3.65301513671875000000e+00) (6, 2.90137100219726562500e+00) (7, -5.99507570266723632812e+00) (8, 8.51634597778320312500e+00) (9, -1.06864237785339355469e+00) (10, 4.07265901565551757812e+00) (11, 2.64515662193298339844e+00) (12, -1.01781105995178222656e+00) (13, -1.66827201843261718750e+00) (14, 5.70901691913604736328e-01) (15, -1.73867225646972656250e+00) (16, 1.80127203464508056641e+00) (17, 2.82401561737060546875e+00) (18, 1.39011085033416748047e+00) (19, -5.98662853240966796875e-01) (20, 4.98890781402587890625e+00) (21, 2.31692910194396972656e+00) (22, 3.44881725311279296875e+00) (23, 1.90845882892608642578e+00) (24, -9.82788875699043273926e-02) (25, -6.89538669586181640625e+00) (26, 4.62116956710815429688e-01) (27, 1.02458226680755615234e+00) (28, 9.83600378036499023438e-01) (29, 3.58094310760498046875e+00) (30, -6.58765697479248046875e+00) (31, 4.28215503692626953125e+00) (32, 1.55611395835876464844e+00) (33, 4.67413902282714843750e+00) (34, -1.87025618553161621094e+00) (35, 3.96683096885681152344e+00) (36, 2.92553973197937011719e+00) (37, 1.31798291206359863281e+00) (38, 1.68442940711975097656e+00) (39, 3.28547120094299316406e-01) (40, 2.98642206192016601562e+00) (41, -3.71315312385559082031e+00) (42, 7.67574906349182128906e-01) (43, -8.01767110824584960938e-01) (44, 4.90274429321289062500e-01) (45, -2.32596564292907714844e+00) (46, -3.84954959154129028320e-01) (47, -7.36191451549530029297e-01) (48, -5.70829510688781738281e-01) (49, 7.78947114944458007812e-01) (50, 2.72933691740036010742e-01) (51, -7.39385485649108886719e-01) (52, -6.50293052196502685547e-01) (53, 4.18881893157958984375e+00) (54, 1.85437905788421630859e+00) (55, 4.79051876068115234375e+00) (56, 3.96418929100036621094e-01) (57, -9.39087808132171630859e-01) (58, -4.04762077331542968750e+00) (59, -6.05900585651397705078e-01) (60, 1.98595428466796875000e+00) (61, -8.99025499820709228516e-01) (62, 2.41639947891235351562e+00) (63, -4.97052282094955444336e-01) (64, 6.76953792572021484375e-01) (65, -3.41047257184982299805e-01) (66, -2.31313490867614746094e+00) (67, 2.85481190681457519531e+00) (68, 2.08185696601867675781e+00) (69, 1.29092502593994140625e+00) (70, -2.25885272026062011719e+00) (71, -9.28252637386322021484e-01) (72, -1.09072899818420410156e+00) (73, -9.40770864486694335938e-01) (74, 1.19147622585296630859e+00) (75, -7.56732225418090820312e-01) (76, -8.19439768791198730469e-01) (77, 1.10224759578704833984e+00) (78, -1.46428033709526062012e-01) (79, -9.57945082336664199829e-03) (80, -6.40250623226165771484e-01) (81, 8.43975767493247985840e-02) (82, -5.30500173568725585938e-01) (83, -4.24313783645629882812e-01) (84, -1.71408855915069580078e+00) (85, -9.07249152660369873047e-01) (86, 2.24824237823486328125e+00) (87, -2.56766051054000854492e-01) (88, -4.52430918812751770020e-02) (89, -1.11032557487487792969e+00) (90, -1.01476287841796875000e+00) (91, -7.99792170524597167969e-01) (92, -6.71162247657775878906e-01) (93, -6.07515461742877960205e-02) (94, -9.17800962924957275391e-02) (95, -1.22140645980834960938e+00) (96, 1.80122232437133789062e+00) (97, -7.65316903591156005859e-01) (98, -8.22636544704437255859e-01) (99, -1.63078326731920242310e-02) (100, 8.28839987516403198242e-02) (101, -5.47701060771942138672e-01) (102, 4.36717033386230468750e+00) (103, -9.75413680076599121094e-01) (104, 2.36252808570861816406e+00) (0, -2.09705121815204620361e-02) (1, -2.08563014864921569824e-01) (2, -2.35102862119674682617e-01) (3, -2.42804527282714843750e-01) (4, -2.34256014227867126465e-01) (5, 2.16172719001770019531e+00) (6, -3.39929431676864624023e-01) (7, 1.53676402568817138672e+00) (8, 3.68100374937057495117e-01) (9, -3.06245595216751098633e-01) (10, 3.01691651344299316406e-01) (11, 1.99822437763214111328e+00) (12, 2.74355739355087280273e-01) (13, -2.12752556800842285156e+00) (14, 3.57614368200302124023e-01) (15, 3.18711489439010620117e-01) (16, 2.15533900260925292969e+00) (17, 2.35882833600044250488e-01) (18, 4.78440910577774047852e-01) (19, 5.89949905872344970703e-01) (20, 1.44090735912322998047e+00) (21, 2.62325596809387207031e+00) (22, 2.11134028434753417969e+00) (23, 2.15330839157104492188e+00) (24, -2.30061674118041992188e+00) (25, 2.27128148078918457031e+00) (26, -3.64959508180618286133e-01) (27, 4.23998415470123291016e-01) (28, 2.11603999137878417969e+00) (29, -3.65836113691329956055e-01) (30, -2.63010287284851074219e+00) (31, -4.87876117229461669922e-01) (32, -4.48969602584838867188e-01) (33, -4.75766211748123168945e-01) (34, -1.09547221660614013672e+00) (35, -3.35738092660903930664e-01) (36, 4.62078541517257690430e-01) (37, -3.68746489286422729492e-01) (38, -8.05913865566253662109e-01) (39, -5.72908461093902587891e-01) (40, -2.50954127311706542969e+00) (41, -1.27439629286527633667e-02) (42, -1.47531256079673767090e-01) (43, -3.41151148080825805664e-01) (44, -4.35437768697738647461e-01) (45, -6.76725924015045166016e-01) (46, 2.35764980316162109375e+00) (47, 1.62211763858795166016e+00) (48, -2.69384950399398803711e-01) (49, -4.79231595993041992188e-01) (50, -4.15340989828109741211e-01) (51, 2.41580915451049804688e+00) (52, 1.94996237754821777344e+00) (53, 1.57149660587310791016e+00) (54, 5.14356672763824462891e-01) (55, -2.81567955017089843750e+00) (56, 7.60339856147766113281e-01) (57, 6.52664709091186523438e+00) (58, 2.97508239746093750000e+00) (59, -3.23707848787307739258e-01) (60, -3.16512435674667358398e-01) (61, 1.69506263732910156250e+00) (62, -9.02732491493225097656e-01) (63, -1.41735732555389404297e+00) (64, 2.05600452423095703125e+00) (65, -1.71238526701927185059e-01) (66, -7.19114828109741210938e+00) (67, 2.61110424995422363281e+00) (68, 2.79904842376708984375e-01) (69, -3.07508540153503417969e+00) (70, -9.31196272373199462891e-01) (71, -1.19788074493408203125e+00) (72, -1.41110050678253173828e+00) (73, 8.01844596862792968750e-01) (74, -9.05631363391876220703e-01) (75, -8.79859745502471923828e-01) (76, -2.57245802879333496094e+00) (77, -1.06895649433135986328e+00) (78, -2.28266835212707519531e+00) (79, -2.42583656311035156250e+00) (80, -1.72192722558975219727e-01) (81, -5.88243532180786132812e+00) (82, -4.84832382202148437500e+00) (83, 1.93380498886108398438e+00) (84, -1.35649859905242919922e+00) (85, 1.59906125068664550781e+00) (86, -1.24311363697052001953e+00) (87, -1.10175704956054687500e+00) (88, 1.16174352169036865234e+00) (89, -7.51781165599822998047e-02) (90, 4.05841064453125000000e+00) (91, 1.56068599224090576172e+00) (92, 5.29886186122894287109e-01) (93, -2.23443412780761718750e+00) (94, -1.52179026603698730469e+00) (95, -3.03417295217514038086e-01) (96, 1.80492293834686279297e+00) (97, -1.23470747470855712891e+00) (98, -3.17934930324554443359e-01) (99, 5.75567007064819335938e-01) (100, -8.64147663116455078125e-01) (101, -2.78914713859558105469e+00) (102, -2.73440837860107421875e-01) (103, 2.42028212547302246094e+00) (104, 2.20344161987304687500e+00) (0, 1.10934038162231445312e+01) (1, 4.14674699306488037109e-01) (2, 5.51790535449981689453e-01) (3, -2.43160915374755859375e+00) (4, -9.28488922119140625000e+00) (5, -2.00043716430664062500e+01) (6, 4.86470162868499755859e-01) (7, -3.81297922134399414062e+00) (8, 3.48010559082031250000e+01) (9, 7.88393497467041015625e-01) (10, 6.90634059906005859375e+00) (11, -4.10578727722167968750e+01) (12, 8.87722611427307128906e-01) (13, -3.41184258460998535156e-01) (14, 5.62476694583892822266e-01) (15, 3.50672960281372070312e-01) (16, 9.42123591899871826172e-01) (17, 7.12326765060424804688e-01) (18, 8.12771618366241455078e-01) (19, 7.36373901367187500000e-01) (20, 1.10925018787384033203e+00) (21, 1.17439496517181396484e+00) (22, -1.61248520016670227051e-01) (23, 2.17877388000488281250e+00) (24, 7.91345775127410888672e-01) (25, 2.47273302078247070312e+00) (26, 1.05517435073852539062e+00) (27, 1.15036714076995849609e+00) (28, 1.65031814575195312500e+00) (29, 2.31701314449310302734e-01) (30, 8.84638190269470214844e-01) (31, 9.23928141593933105469e-01) (32, 9.11293923854827880859e-01) (33, 9.54946160316467285156e-01) (34, 1.05556774139404296875e+00) (35, 8.75530242919921875000e-01) (36, 9.22676742076873779297e-01) (37, 7.51948177814483642578e-01) (38, 7.09593474864959716797e-01) (39, 5.67644059658050537109e-01) (40, 5.04712707519531250000e+02) (41, -9.67263603210449218750e+00) (42, -2.95091480016708374023e-01) (43, 1.04012720286846160889e-01) (44, 9.21597555279731750488e-02) (45, 5.65009176731109619141e-01) (46, 7.29611396789550781250e-01) (47, 8.51821005344390869141e-01) (48, -7.41017608642578125000e+01) (49, 7.74427831172943115234e-01) (50, 3.88072401285171508789e-01) (51, 1.24060487747192382812e+00) (52, 8.31444323062896728516e-01) (53, 1.25175511837005615234e+00) (54, 9.04088437557220458984e-01) (55, 3.67591708898544311523e-01) (56, 4.19943928718566894531e-01) (57, 1.63447475433349609375e+00) (58, -1.53233006596565246582e-01) (59, 1.90293562412261962891e+00) (60, 5.02123124897480010986e-02) (61, -1.70875385403633117676e-01) (62, 3.66774827241897583008e-01) (63, -5.94881415367126464844e-01) (64, -5.90232670307159423828e-01) (65, 3.53144444525241851807e-02) (66, -2.33632415533065795898e-01) (67, 1.22414863109588623047e+00) (68, 1.90729236602783203125e+00) (69, 8.93035903573036193848e-03) (70, 3.45012426376342773438e-01) (71, -2.18099787831306457520e-01) (72, -4.87802505493164062500e-01) (73, -1.39705333709716796875e+01) (74, -1.39708966016769409180e-01) (75, 1.39529311656951904297e+00) (76, -6.42895793914794921875e+00) (77, -2.94772148132324218750e-01) (78, 5.14645462036132812500e+01) (79, -7.83510267734527587891e-01) (80, -5.96924257278442382812e+00) (81, -9.96346294879913330078e-01) (82, 1.57686257362365722656e+00) (83, -1.50000000000000000000e+03) (84, -1.00599539279937744141e+00) (85, -8.55230867862701416016e-01) (86, -7.21232891082763671875e-02) (87, 2.00255200266838073730e-01) (88, -2.34672141075134277344e+00) (89, -4.94841784238815307617e-01) (90, -1.18887507915496826172e+00) (91, -4.45380866527557373047e-01) (92, -2.23854020237922668457e-01) (93, -9.31979894638061523438e-01) (94, -7.46264904737472534180e-02) (95, -3.47665488719940185547e-01) (96, 3.46139103174209594727e-01) (97, -1.05467355251312255859e+00) (98, -2.00473761558532714844e+00) (99, -8.82331609725952148438e-01) (100, -5.37174403667449951172e-01) (101, 4.58507150411605834961e-01) (102, 1.65962064266204833984e+00) (103, 6.24288916587829589844e-01) (104, 1.67878401279449462891e+00) (0, 3.97723054885864257812e+00) (1, 2.55026435852050781250e+00) (2, -4.27879095077514648438e+00) (3, -3.65014266967773437500e+00) (4, 2.50770902633666992188e+00) (5, -3.90273666381835937500e+00) (6, 2.63687252998352050781e+00) (7, 5.78786849975585937500e+00) (8, -6.39152765274047851562e+00) (9, -6.45521819591522216797e-01) (10, -3.25260591506958007812e+00) (11, 1.20069146156311035156e+00) (12, -1.10011005401611328125e+00) (13, -1.90436649322509765625e+00) (14, -9.55550134181976318359e-01) (15, -1.50809133052825927734e+00) (16, 2.33412742614746093750e-01) (17, 2.32765340805053710938e+00) (18, 3.90274554491043090820e-01) (19, -1.41634419560432434082e-01) (20, -3.94971990585327148438e+00) (21, 1.95903229713439941406e+00) (22, -3.89150333404541015625e+00) (23, -8.56944084167480468750e-01) (24, -1.81439352035522460938e+00) (25, 5.89103078842163085938e+00) (26, 2.13679075241088867188e+00) (27, 8.78098964691162109375e-01) (28, -4.81720495223999023438e+00) (29, 5.68947935104370117188e+00) (30, -1.56484115123748779297e+00) (31, -1.83495092391967773438e+00) (32, -1.01734407246112823486e-01) (33, -9.08378899097442626953e-01) (34, -2.15955352783203125000e+00) (35, 2.25963473320007324219e-01) (36, -2.81272745132446289062e+00) (37, -3.53105330467224121094e+00) (38, 2.77735680341720581055e-01) (39, 9.24362182617187500000e-01) (40, 3.03935647010803222656e+00) (41, 1.13311922550201416016e+00) (42, 2.43079948425292968750e+00) (43, -2.28257685899734497070e-01) (44, -2.04616785049438476562e+00) (45, -3.58898115158081054688e+00) (46, -3.32288479804992675781e+00) (47, -4.96390008926391601562e+00) (48, 6.01971745491027832031e-01) (49, -8.39954137802124023438e-01) (50, -3.67198419570922851562e+00) (51, -2.60432195663452148438e+00) (52, 1.90674269199371337891e+00) (53, -5.98753988742828369141e-01) (54, 1.43160089850425720215e-01) (55, -8.52917969226837158203e-01) (56, 1.11964082717895507812e+00) (57, 2.37861943244934082031e+00) (58, 9.83902439475059509277e-02) (59, -1.13550257682800292969e+00) (60, -3.36326658725738525391e-01) (61, 2.61129093170166015625e+00) (62, -3.51215958595275878906e-01) (63, -2.40709230303764343262e-01) (64, 3.85716319084167480469e-01) (65, 2.66544294357299804688e+00) (66, 2.76576733589172363281e+00) (67, 3.04183053970336914062e+00) (68, 2.53867268562316894531e+00) (69, -3.87360960245132446289e-01) (70, -5.85201561450958251953e-01) (71, -7.89974272251129150391e-01) (72, -2.47002530097961425781e+00) (73, 8.15535783767700195312e-01) (74, -8.81291687488555908203e-01) (75, -1.82382121682167053223e-01) (76, 2.26533079147338867188e+00) (77, 2.26936888694763183594e+00) (78, -3.60933750867843627930e-01) (79, -7.75733515620231628418e-02) (80, -2.89205253124237060547e-01) (81, 2.67380499839782714844e+00) (82, 2.44016289710998535156e+00) (83, -4.52705174684524536133e-01) (84, -4.83537465333938598633e-01) (85, -4.72106724977493286133e-01) (86, -3.33267927169799804688e-01) (87, -4.33887213468551635742e-01) (88, 2.41855812072753906250e+00) (89, -5.25909423828125000000e-01) (90, -5.68557977676391601562e-01) (91, -5.75364708900451660156e-01) (92, -3.88515323400497436523e-01) (93, -3.73146712779998779297e-01) (94, -1.72128275036811828613e-01) (95, -5.20525574684143066406e-01) (96, -1.79354384541511535645e-01) (97, -4.09826099872589111328e-01) (98, -5.75660526752471923828e-01) (99, -3.91633301973342895508e-01) (100, -3.92029017210006713867e-01) (101, 5.81077396869659423828e-01) (102, 1.37271654605865478516e+00) (103, 1.04146409034729003906e+00) (104, 2.10039615631103515625e+00) (0, -1.08434829711914062500e+01) (1, 1.76345086097717285156e+00) (2, 9.30764526128768920898e-03) (3, 3.50356042385101318359e-01) (4, -9.39747452735900878906e-01) (5, 2.42415237426757812500e+00) (6, 1.70185148715972900391e+00) (7, 2.39775180816650390625e+00) (8, 3.26124846935272216797e-01) (9, 1.60893464088439941406e+00) (10, 2.14772796630859375000e+00) (11, 2.11607241630554199219e+00) (12, 1.63538873195648193359e+00) (13, -6.74521982669830322266e-01) (14, -5.72129964828491210938e-01) (15, -5.22255122661590576172e-01) (16, 1.86826455593109130859e+00) (17, -7.00114667415618896484e-01) (18, -4.26077306270599365234e-01) (19, 3.03672134876251220703e-01) (20, 2.03146839141845703125e+00) (21, -2.83281266689300537109e-01) (22, 1.98158121109008789062e+00) (23, 2.04932451248168945312e+00) (24, -8.61919403076171875000e-01) (25, 2.20217895507812500000e+00) (26, -6.22294664382934570312e-01) (27, 2.15688252449035644531e+00) (28, 2.07427358627319335938e+00) (29, -5.26153147220611572266e-01) (30, -6.30928158760070800781e-01) (31, -6.22520387172698974609e-01) (32, -5.99219679832458496094e-01) (33, -6.63771629333496093750e-01) (34, -2.27019715309143066406e+00) (35, -6.24762713909149169922e-01) (36, -7.88681328296661376953e-01) (37, -1.19254326820373535156e+00) (38, -9.85764801502227783203e-01) (39, -8.66709768772125244141e-01) (40, -8.14790070056915283203e-01) (41, 2.93231797218322753906e+00) (42, -1.01077926158905029297e+00) (43, -7.16476678848266601562e-01) (44, -7.82246708869934082031e-01) (45, -1.33363735675811767578e+00) (46, -1.97129058837890625000e+00) (47, 7.57916629314422607422e-01) (48, -7.91846156120300292969e-01) (49, -8.61833155155181884766e-01) (50, 2.19309473037719726562e+00) (51, -8.80752086639404296875e-01) (52, -4.44834023714065551758e-01) (53, -3.04759502410888671875e-01) (54, -9.27200973033905029297e-01) (55, -1.12439906597137451172e+00) (56, 1.76819837093353271484e+00) (57, -2.59784960746765136719e+00) (58, -2.43148636817932128906e+00) (59, 8.79921138286590576172e-01) (60, 1.40161502361297607422e+00) (61, -3.61518692970275878906e+00) (62, 1.10441470146179199219e+00) (63, -1.15691232681274414062e+00) (64, -1.04966983795166015625e+01) (65, -8.99794638156890869141e-01) (66, -2.63010549545288085938e+00) (67, -1.30420112609863281250e+00) (68, 5.59783220291137695312e-01) (69, -4.40396642684936523438e+00) (70, 1.61785304546356201172e+00) (71, -1.02271795272827148438e+00) (72, -9.97465729713439941406e-01) (73, -5.19737005233764648438e+00) (74, -1.02436947822570800781e+00) (75, -7.32321381568908691406e-01) (76, -2.00647902488708496094e+00) (77, -8.16781222820281982422e-01) (78, 2.87460637092590332031e+00) (79, 3.82152289152145385742e-01) (80, 4.47537851333618164062e+00) (81, 2.89163613319396972656e+00) (82, -9.03788447380065917969e-01) (83, -1.16795320510864257812e+01) (84, 6.16134119033813476562e+00) (85, 2.86726176738739013672e-01) (86, -1.05641472339630126953e+00) (87, -7.63152837753295898438e-01) (88, -1.44816195964813232422e+00) (89, -1.00548183917999267578e+00) (90, 1.75700616836547851562e+00) (91, 1.11795830726623535156e+00) (92, -8.64752471446990966797e-01) (93, -8.73651623725891113281e-01) (94, -1.05151546001434326172e+00) (95, -9.55001115798950195312e-01) (96, -7.45418608188629150391e-01) (97, 1.26425504684448242188e+00) (98, -3.68025135993957519531e+00) (99, -8.96568953990936279297e-01) (100, -9.76260125637054443359e-01) (101, -7.16850697994232177734e-01) (102, 1.48326072692871093750e+01) (103, -8.98653221130371093750e+00) (104, 2.80283546447753906250e+00) (0, 3.13768043518066406250e+01) (1, -1.54710961505770683289e-02) (2, 3.18059593439102172852e-01) (3, 4.25488024950027465820e-01) (4, 1.49084433913230895996e-01) (5, -3.10419273376464843750e+00) (6, 2.96401888132095336914e-01) (7, -1.13186669349670410156e+00) (8, -1.24397063255310058594e+00) (9, 8.37522089481353759766e-01) (10, 2.20097042620182037354e-02) (11, -3.47388601303100585938e+00) (12, 7.58075714111328125000e-02) (13, -5.49923598766326904297e-01) (14, -5.40668070316314697266e-01) (15, -6.54627501964569091797e-01) (16, -5.47449886798858642578e-01) (17, -5.15943348407745361328e-01) (18, -5.00197410583496093750e-02) (19, -2.16033548116683959961e-01) (20, 1.01869767531752586365e-02) (21, 9.48021352291107177734e-01) (22, -1.95353955030441284180e-01) (23, -1.21437835693359375000e+00) (24, 2.07180404663085937500e+00) (25, 1.00211098790168762207e-01) (26, -5.40669187903404235840e-02) (27, 3.48308531101793050766e-04) (28, 7.68356099724769592285e-02) (29, 1.32219028472900390625e+00) (30, 1.96392369270324707031e+00) (31, 2.12792801856994628906e+00) (32, 2.06065678596496582031e+00) (33, 2.17664146423339843750e+00) (34, -5.27900636196136474609e-01) (35, 5.07186460494995117188e+00) (36, 2.04936647415161132812e+00) (37, 2.17334532737731933594e+00) (38, 1.97224748134613037109e+00) (39, 1.84111177921295166016e+00) (40, 7.09764633178710937500e+01) (41, 1.28864196777343750000e+02) (42, 1.64977446198463439941e-01) (43, 1.54021024703979492188e+00) (44, 9.53468456864356994629e-02) (45, 1.83209520764648914337e-03) (46, -1.49756103754043579102e-01) (47, 2.08493426442146301270e-01) (48, 2.90002036094665527344e+00) (49, -2.62259751558303833008e-01) (50, 1.90814100205898284912e-02) (51, 1.92680075764656066895e-01) (52, -9.43359285593032836914e-02) (53, 5.72358518838882446289e-02) (54, 4.50516566634178161621e-02) (55, 5.23148775100708007812e-02) (56, 3.81480246782302856445e-01) (57, 6.81537343189120292664e-03) (58, -1.49767205119132995605e-01) (59, 3.43389242887496948242e-01) (60, 1.42184630036354064941e-01) (61, 1.99841186404228210449e-01) (62, 4.33566242456436157227e-01) (63, -3.16355824470520019531e-01) (64, 1.10049054026603698730e-01) (65, -2.79685318470001220703e-01) (66, -1.81821912527084350586e-01) (67, 2.58959084749221801758e-01) (68, 3.56676310300827026367e-01) (69, 1.73610404133796691895e-01) (70, 3.22722285985946655273e-01) (71, -6.79984316229820251465e-02) (72, -1.58682584762573242188e-01) (73, 1.31475658416748046875e+01) (74, 9.13200616836547851562e-01) (75, 2.92728155851364135742e-01) (76, -3.05429905652999877930e-01) (77, -1.62792235612869262695e-01) (78, 5.15570783615112304688e+00) (79, 2.55482244491577148438e+00) (80, -1.89923834800720214844e+00) (81, 8.41444206237792968750e+00) (82, 4.00562971830368041992e-01) (83, -7.72894620895385742188e-01) (84, -2.33627289533615112305e-01) (85, 3.09953898191452026367e-01) (86, 5.10468408465385437012e-02) (87, 3.67224484682083129883e-01) (88, 1.05727612972259521484e+00) (89, -3.82948458194732666016e-01) (90, -2.29612082242965698242e-01) (91, 2.30503544211387634277e-01) (92, 4.51190739870071411133e-01) (93, 1.86681497097015380859e+00) (94, -3.06773900985717773438e-01) (95, 6.18898212909698486328e-01) (96, 4.32575315237045288086e-01) (97, 1.90503144264221191406e+00) (98, 5.47853899002075195312e+00) (99, 2.33141326904296875000e+00) (100, -3.00404638051986694336e-01) (101, 2.93612986803054809570e-01) (102, 7.42705631256103515625e+00) (103, -3.73024249076843261719e+00) (104, 1.52777457237243652344e+00) (0, -3.08199501037597656250e+00) (1, -4.16013002395629882812e+00) (2, 1.13678336143493652344e+00) (3, 1.04372799396514892578e+00) (4, 2.82509851455688476562e+00) (5, 2.30411696434020996094e+00) (6, 1.09494400024414062500e+00) (7, -2.50041056424379348755e-02) (8, 7.78443813323974609375e-01) (9, 2.87589383125305175781e+00) (10, 2.09583759307861328125e+00) (11, 2.39963269233703613281e+00) (12, 2.77418303489685058594e+00) (13, -2.11287212371826171875e+00) (14, -8.91098201274871826172e-01) (15, -6.77047610282897949219e-01) (16, -8.17193508148193359375e+00) (17, -5.26645004749298095703e-01) (18, -7.78501451015472412109e-01) (19, 2.12760424613952636719e+00) (20, 1.20560753345489501953e+00) (21, 5.48795461654663085938e+00) (22, 4.01918840408325195312e+00) (23, 2.81618404388427734375e+00) (24, -5.89769363403320312500e+00) (25, 3.69851708412170410156e+00) (26, 2.44036912918090820312e+00) (27, 4.42838621139526367188e+00) (28, 2.13419556617736816406e+00) (29, 6.59789371490478515625e+00) (30, 3.18269968032836914062e+00) (31, 3.64434576034545898438e+00) (32, -9.18726539611816406250e+00) (33, 2.09325623512268066406e+00) (34, -3.05930042266845703125e+00) (35, -1.19396615028381347656e+00) (36, -7.74054110050201416016e-01) (37, -3.55850648880004882812e+00) (38, -1.00172269344329833984e+00) (39, -9.73273754119873046875e-01) (40, -1.11780881881713867188e+01) (41, -1.76733767986297607422e+00) (42, 3.57700872421264648438e+00) (43, -6.91708207130432128906e-01) (44, 2.95382761955261230469e+00) (45, 1.80856561660766601562e+00) (46, 1.68539929389953613281e+00) (47, 1.46804513931274414062e+01) (48, -4.33111429214477539062e+00) (49, -1.75199878215789794922e+00) (50, -6.20033681392669677734e-01) (51, 3.02360153198242187500e+00) (52, -9.32619154453277587891e-01) (53, 1.18827366828918457031e+00) (54, 6.37199687957763671875e+00) (55, 2.18117666244506835938e+00) (56, 2.29625058174133300781e+00) (57, 2.31861901283264160156e+00) (58, -4.14794534444808959961e-01) (59, -1.93695604801177978516e-01) (60, -3.43606323003768920898e-01) (61, 2.17411589622497558594e+00) (62, -4.50543999671936035156e-01) (63, -6.39486253261566162109e-01) (64, -1.26647770404815673828e+00) (65, 1.79793640971183776855e-01) (66, 1.86912274360656738281e+00) (67, 2.17430853843688964844e+00) (68, 2.29789090156555175781e+00) (69, 2.08930659294128417969e+00) (70, 2.34840011596679687500e+00) (71, 2.47528958320617675781e+00) (72, -8.10027062892913818359e-01) (73, -6.23492240905761718750e-01) (74, 2.17529535293579101562e+00) (75, 2.27334260940551757812e+00) (76, -6.85146391391754150391e-01) (77, -7.48015403747558593750e-01) (78, -2.09978747367858886719e+00) (79, 3.80269145965576171875e+00) (80, 2.26897048950195312500e+00) (81, -7.04557955265045166016e-01) (82, -1.56548514962196350098e-01) (83, -2.72266840934753417969e+00) (84, -8.05091917514801025391e-01) (85, -6.81391239166259765625e-01) (86, -3.00045967102050781250e-01) (87, -3.62925559282302856445e-01) (88, 1.54158473014831542969e+00) (89, -4.47807639837265014648e-01) (90, -7.61121213436126708984e-01) (91, -6.66974961757659912109e-01) (92, -3.98755043745040893555e-01) (93, 6.48415386676788330078e-01) (94, -4.14565473794937133789e-01) (95, -8.05683374404907226562e-01) (96, 2.48109722137451171875e+00) (97, -1.17771816253662109375e+00) (98, -1.51641261577606201172e+00) (99, -5.82205772399902343750e-01) (100, -4.48519587516784667969e-01) (101, 4.99928742647171020508e-01) (102, 3.31910014152526855469e+00) (103, -1.20783066749572753906e+00) (104, 2.30751252174377441406e+00) (0, 3.98006362915039062500e+01) (1, 4.17439818382263183594e-01) (2, 8.14413356781005859375e+00) (3, 6.29604816436767578125e-01) (4, 2.20975971221923828125e+00) (5, -1.69140636920928955078e+00) (6, 5.46508908271789550781e-01) (7, -2.07110598683357238770e-01) (8, -1.03708333969116210938e+01) (9, 1.05911326408386230469e+00) (10, -3.97773593664169311523e-01) (11, -2.12275171279907226562e+00) (12, 4.41700637340545654297e-01) (13, -4.58046007156372070312e+00) (14, -5.39630830287933349609e-01) (15, -3.97758543491363525391e-01) (16, -2.05034971237182617188e-01) (17, -4.04945403337478637695e-01) (18, 1.67779636383056640625e+00) (19, -4.45462584495544433594e-01) (20, 6.32676422595977783203e-01) (21, 1.31269204616546630859e+00) (22, 2.83623486757278442383e-01) (23, -5.38599133491516113281e-01) (24, 4.51742029190063476562e+00) (25, 5.57535886764526367188e-01) (26, 3.77582401037216186523e-01) (27, 5.22973179817199707031e-01) (28, 7.43033945560455322266e-01) (29, -5.04770457744598388672e-01) (30, 2.25616073608398437500e+00) (31, 3.72911483049392700195e-01) (32, 2.18552947044372558594e+00) (33, 2.28365254402160644531e+00) (34, 2.30132794380187988281e+00) (35, 2.32825493812561035156e+00) (36, 1.61282181739807128906e+00) (37, 2.21044921875000000000e+00) (38, 1.98689961433410644531e+00) (39, 1.12460279464721679688e+00) (40, -4.27708721160888671875e+00) (41, -2.89288967847824096680e-01) (42, 4.58492457866668701172e-01) (43, -5.79864382743835449219e-01) (44, -4.09787684679031372070e-01) (45, -5.42020320892333984375e-01) (46, 2.74635881185531616211e-01) (47, 7.35167205333709716797e-01) (48, 1.98191177845001220703e+00) (49, 1.39256429672241210938e+00) (50, 1.48523139953613281250e+00) (51, 4.08277988433837890625e-01) (52, 1.49500322341918945312e+00) (53, 4.87847715616226196289e-01) (54, 2.26733297109603881836e-01) (55, 3.42504143714904785156e-01) (56, 8.25250744819641113281e-01) (57, 1.15075731277465820312e+00) (58, 1.15243399143218994141e+00) (59, 2.53051853179931640625e+00) (60, 1.62033188343048095703e+00) (61, 2.29526305198669433594e+00) (62, 2.42454075813293457031e+00) (63, 1.55117440223693847656e+00) (64, 2.17767262458801269531e+00) (65, 3.67946662008762359619e-02) (66, 3.36737856268882751465e-02) (67, 3.28504115343093872070e-01) (68, 4.33707624673843383789e-01) (69, 3.40804308652877807617e-01) (70, 5.88216364383697509766e-01) (71, 1.88310623168945312500e+00) (72, 1.69437265396118164062e+00) (73, 1.84878978729248046875e+01) (74, 2.12639951705932617188e+00) (75, -1.15517966449260711670e-01) (76, 2.11411166191101074219e+00) (77, 1.84351992607116699219e+00) (78, 1.52858291625976562500e+02) (79, 2.34993505477905273438e+00) (80, -1.73403394222259521484e+00) (81, 2.00596809387207031250e+00) (82, 6.19459509849548339844e-01) (83, -4.19682693481445312500e+00) (84, 1.83495497703552246094e+00) (85, 2.50024390220642089844e+00) (86, 1.68776106834411621094e+00) (87, 2.35886597633361816406e+00) (88, 2.50136947631835937500e+00) (89, 2.59991168975830078125e+00) (90, 1.69643950462341308594e+00) (91, 1.65391004085540771484e+00) (92, 1.89719438552856445312e+00) (93, 2.55332446098327636719e+00) (94, 1.80936396121978759766e+00) (95, 1.82269442081451416016e+00) (96, 2.46620321273803710938e+00) (97, 2.01172590255737304688e+00) (98, 1.82703924179077148438e+00) (99, 1.80919086933135986328e+00) (100, 1.77676057815551757812e+00) (101, 9.29184705018997192383e-02) (102, -2.36306381225585937500e+00) (103, 6.62255048751831054688e+00) (104, 1.27160489559173583984e-01) (105, 2.14992213249206542969e+00) (106, 2.98874664306640625000e+00) (107, 3.49119949340820312500e+00) (108, 2.97225141525268554688e+00) (109, 4.28328752517700195312e+00) (110, -8.54208409786224365234e-01) (111, 3.48208594322204589844e+00) (112, 1.87224721908569335938e+00) (113, 1.72047781944274902344e+00) (114, 3.76928400993347167969e+00) (115, 2.51744580268859863281e+00) (116, 2.51613163948059082031e+00) (117, 2.98005175590515136719e+00) (118, 1.56019937992095947266e+00) (119, 4.64976119995117187500e+00) (120, -5.83641409873962402344e-01) (121, 3.37881731986999511719e+00) (122, 3.88900804519653320312e+00) (123, 5.07111549377441406250e+00) (124, 1.46935552358627319336e-01) (125, 4.45368766784667968750e+00) (126, 2.61727571487426757812e+00) (127, -7.52649068832397460938e-01) (128, 2.84175848960876464844e+00) (129, -5.15212059020996093750e-01) (130, -4.53922390937805175781e-01) 
