FANN_FLO_2.1
num_layers=3
learning_rate=0.700000
connection_rate=1.000000
network_type=0
learning_momentum=0.000000
training_algorithm=2
train_error_function=1
train_stop_function=0
cascade_output_change_fraction=0.010000
quickprop_decay=-0.000100
quickprop_mu=1.750000
rprop_increase_factor=1.200000
rprop_decrease_factor=0.500000
rprop_delta_min=0.000000
rprop_delta_max=50.000000
rprop_delta_zero=0.100000
cascade_output_stagnation_epochs=12
cascade_candidate_change_fraction=0.010000
cascade_candidate_stagnation_epochs=12
cascade_max_out_epochs=150
cascade_max_cand_epochs=150
cascade_num_candidate_groups=2
bit_fail_limit=3.49999994039535522461e-01
cascade_candidate_limit=1.00000000000000000000e+03
cascade_weight_multiplier=4.00000005960464477539e-01
cascade_activation_functions_count=10
cascade_activation_functions=3 5 7 8 10 11 14 15 16 17 
cascade_activation_steepnesses_count=4
cascade_activation_steepnesses=2.50000000000000000000e-01 5.00000000000000000000e-01 7.50000000000000000000e-01 1.00000000000000000000e+00 
layer_sizes=105 26 2 
scale_included=0
neurons (num_inputs, activation_function, activation_steepness)=(0, 0, 0.00000000000000000000e+00) (0, 0, 0.00000000000000000000e+00) (0, 0, 0.00000000000000000000e+00) (0, 0, 0.00000000000000000000e+00) (0, 0, 0.00000000000000000000e+00) (0, 0, 0.00000000000000000000e+00) (0, 0, 0.00000000000000000000e+00) (0, 0, 0.00000000000000000000e+00) (0, 0, 0.00000000000000000000e+00) (0, 0, 0.00000000000000000000e+00) (0, 0, 0.00000000000000000000e+00) (0, 0, 0.00000000000000000000e+00) (0, 0, 0.00000000000000000000e+00) (0, 0, 0.00000000000000000000e+00) (0, 0, 0.00000000000000000000e+00) (0, 0, 0.00000000000000000000e+00) (0, 0, 0.00000000000000000000e+00) (0, 0, 0.00000000000000000000e+00) (0, 0, 0.00000000000000000000e+00) (0, 0, 0.00000000000000000000e+00) (0, 0, 0.00000000000000000000e+00) (0, 0, 0.00000000000000000000e+00) (0, 0, 0.00000000000000000000e+00) (0, 0, 0.00000000000000000000e+00) (0, 0, 0.00000000000000000000e+00) (0, 0, 0.00000000000000000000e+00) (0, 0, 0.00000000000000000000e+00) (0, 0, 0.00000000000000000000e+00) (0, 0, 0.00000000000000000000e+00) (0, 0, 0.00000000000000000000e+00) (0, 0, 0.00000000000000000000e+00) (0, 0, 0.00000000000000000000e+00) (0, 0, 0.00000000000000000000e+00) (0, 0, 0.00000000000000000000e+00) (0, 0, 0.00000000000000000000e+00) (0, 0, 0.00000000000000000000e+00) (0, 0, 0.00000000000000000000e+00) (0, 0, 0.00000000000000000000e+00) (0, 0, 0.00000000000000000000e+00) (0, 0, 0.00000000000000000000e+00) (0, 0, 0.00000000000000000000e+00) (0, 0, 0.00000000000000000000e+00) (0, 0, 0.00000000000000000000e+00) (0, 0, 0.00000000000000000000e+00) (0, 0, 0.00000000000000000000e+00) (0, 0, 0.00000000000000000000e+00) (0, 0, 0.00000000000000000000e+00) (0, 0, 0.00000000000000000000e+00) (0, 0, 0.00000000000000000000e+00) (0, 0, 0.00000000000000000000e+00) (0, 0, 0.00000000000000000000e+00) (0, 0, 0.00000000000000000000e+00) (0, 0, 0.00000000000000000000e+00) (0, 0, 0.00000000000000000000e+00) (0, 0, 0.00000000000000000000e+00) (0, 0, 0.00000000000000000000e+00) (0, 0, 0.00000000000000000000e+00) (0, 0, 0.00000000000000000000e+00) (0, 0, 0.00000000000000000000e+00) (0, 0, 0.00000000000000000000e+00) (0, 0, 0.00000000000000000000e+00) (0, 0, 0.00000000000000000000e+00) (0, 0, 0.00000000000000000000e+00) (0, 0, 0.00000000000000000000e+00) (0, 0, 0.00000000000000000000e+00) (0, 0, 0.00000000000000000000e+00) (0, 0, 0.00000000000000000000e+00) (0, 0, 0.00000000000000000000e+00) (0, 0, 0.00000000000000000000e+00) (0, 0, 0.00000000000000000000e+00) (0, 0, 0.00000000000000000000e+00) (0, 0, 0.00000000000000000000e+00) (0, 0, 0.00000000000000000000e+00) (0, 0, 0.00000000000000000000e+00) (0, 0, 0.00000000000000000000e+00) (0, 0, 0.00000000000000000000e+00) (0, 0, 0.00000000000000000000e+00) (0, 0, 0.00000000000000000000e+00) (0, 0, 0.00000000000000000000e+00) (0, 0, 0.00000000000000000000e+00) (0, 0, 0.00000000000000000000e+00) (0, 0, 0.00000000000000000000e+00) (0, 0, 0.00000000000000000000e+00) (0, 0, 0.00000000000000000000e+00) (0, 0, 0.00000000000000000000e+00) (0, 0, 0.00000000000000000000e+00) (0, 0, 0.00000000000000000000e+00) (0, 0, 0.00000000000000000000e+00) (0, 0, 0.00000000000000000000e+00) (0, 0, 0.00000000000000000000e+00) (0, 0, 0.00000000000000000000e+00) (0, 0, 0.00000000000000000000e+00) (0, 0, 0.00000000000000000000e+00) (0, 0, 0.00000000000000000000e+00) (0, 0, 0.00000000000000000000e+00) (0, 0, 0.00000000000000000000e+00) (0, 0, 0.00000000000000000000e+00) (0, 0, 0.00000000000000000000e+00) (0, 0, 0.00000000000000000000e+00) (0, 0, 0.00000000000000000000e+00) (0, 0, 0.00000000000000000000e+00) (0, 0, 0.00000000000000000000e+00) (0, 0, 0.00000000000000000000e+00) (0, 0, 0.00000000000000000000e+00) (0, 0, 0.00000000000000000000e+00) (105, 5, 5.00000000000000000000e-01) (105, 5, 5.00000000000000000000e-01) (105, 5, 5.00000000000000000000e-01) (105, 5, 5.00000000000000000000e-01) (105, 5, 5.00000000000000000000e-01) (105, 5, 5.00000000000000000000e-01) (105, 5, 5.00000000000000000000e-01) (105, 5, 5.00000000000000000000e-01) (105, 5, 5.00000000000000000000e-01) (105, 5, 5.00000000000000000000e-01) (105, 5, 5.00000000000000000000e-01) (105, 5, 5.00000000000000000000e-01) (105, 5, 5.00000000000000000000e-01) (105, 5, 5.00000000000000000000e-01) (105, 5, 5.00000000000000000000e-01) (105, 5, 5.00000000000000000000e-01) (105, 5, 5.00000000000000000000e-01) (105, 5, 5.00000000000000000000e-01) (105, 5, 5.00000000000000000000e-01) (105, 5, 5.00000000000000000000e-01) (105, 5, 5.00000000000000000000e-01) (105, 5, 5.00000000000000000000e-01) (105, 5, 5.00000000000000000000e-01) (105, 5, 5.00000000000000000000e-01) (105, 5, 5.00000000000000000000e-01) (0, 5, 0.00000000000000000000e+00) (26, 5, 5.00000000000000000000e-01) (0, 5, 0.00000000000000000000e+00) 
connections (connected_to_neuron, weight)=(0, -4.34444610595703125000e+02) (1, -2.51952037811279296875e+01) (2, 9.23943758010864257812e-01) (3, 2.02464580535888671875e+00) (4, 1.16451358795166015625e+00) (5, 2.78544545173645019531e-01) (6, 7.16847419738769531250e-01) (7, 1.15223050117492675781e+00) (8, -2.31973275542259216309e-01) (9, 5.97765922546386718750e-01) (10, 2.36268377304077148438e+00) (11, 6.23717212677001953125e+00) (12, 1.73515784740447998047e+00) (13, 2.60186290740966796875e+00) (14, 1.21790087223052978516e+00) (15, 3.97180676460266113281e+00) (16, 1.92884230613708496094e+00) (17, 1.83406174182891845703e+00) (18, 1.34756660461425781250e+00) (19, 2.21862769126892089844e+00) (20, 1.92979955673217773438e+00) (21, 1.22148084640502929688e+00) (22, 2.28635740280151367188e+00) (23, 1.50928163528442382812e+00) (24, 1.19626581668853759766e+00) (25, 1.24556469917297363281e+00) (26, 2.29397630691528320312e+00) (27, 1.82942914962768554688e+00) (28, 1.28284287452697753906e+00) (29, 1.94996058940887451172e+00) (30, 2.04868054389953613281e+00) (31, 1.85213649272918701172e+00) (32, 1.80463373661041259766e+00) (33, 8.71578693389892578125e-01) (34, 2.16473960876464843750e+00) (35, 1.46149492263793945312e+00) (36, 9.61472809314727783203e-01) (37, 1.92328643798828125000e+00) (38, 2.13550639152526855469e+00) (39, 1.84746980667114257812e+00) (40, 5.37340283393859863281e-01) (41, 2.32349967956542968750e+00) (42, 1.13870537281036376953e+00) (43, 1.98482739925384521484e+00) (44, 1.34998357295989990234e+00) (45, 2.46633243560791015625e+00) (46, 2.50815010070800781250e+00) (47, 2.04101109504699707031e+00) (48, 1.77211344242095947266e+00) (49, 1.64070725440979003906e+00) (50, 1.86983263492584228516e+00) (51, 1.61233866214752197266e+00) (52, 4.71042126417160034180e-01) (53, 1.87816119194030761719e+00) (54, 2.34780383110046386719e+00) (55, 5.89025115966796875000e+00) (56, 2.39349794387817382812e+00) (57, 2.58349967002868652344e+00) (58, 2.54370903968811035156e+00) (59, 2.59621490478515625000e+02) (60, 2.48790788650512695312e+00) (61, 2.41916584968566894531e+00) (62, 1.56133031845092773438e+00) (63, 2.32961583137512207031e+00) (64, 9.67655944824218750000e+00) (65, 2.36949229240417480469e+00) (66, 2.17673397064208984375e+01) (67, 1.38940203189849853516e+00) (68, 1.65358853340148925781e+00) (69, 2.86994194984436035156e+00) (70, 1.81165516376495361328e+00) (71, 1.63875532150268554688e+00) (72, 1.88428294658660888672e+00) (73, 8.70486974716186523438e-01) (74, 1.59738135337829589844e+00) (75, 1.28225529193878173828e+00) (76, 2.43930912017822265625e+00) (77, 2.22227334976196289062e+00) (78, 2.46247172355651855469e+00) (79, 5.87680725097656250000e+02) (80, 5.14778614044189453125e+00) (81, 1.33165788650512695312e+01) (82, 8.51801931858062744141e-01) (83, 1.59550781250000000000e+01) (84, 1.99105894565582275391e+00) (85, 1.76893814086914062500e+02) (86, 2.28462648391723632812e+00) (87, 1.58263885974884033203e+00) (88, 1.97828369140625000000e+02) (89, 2.35366892814636230469e+00) (90, 3.08034992218017578125e+00) (91, 6.77221012115478515625e+00) (92, 1.70770192146301269531e+00) (93, 2.29375958442687988281e+00) (94, 2.41736793518066406250e+00) (95, 2.41067743301391601562e+00) (96, 1.57677865028381347656e+00) (97, 2.36779522895812988281e+00) (98, 2.42255210876464843750e+00) (99, 2.33529424667358398438e+00) (100, 2.39633607864379882812e+00) (101, 1.90993642807006835938e+00) (102, -1.55801206827163696289e-01) (103, 2.10602951049804687500e+00) (104, -4.04785096645355224609e-01) (0, 1.54185514450073242188e+01) (1, -5.67595291137695312500e+00) (2, 9.79053592681884765625e+00) (3, 9.59665870666503906250e+00) (4, -5.30135571956634521484e-01) (5, -3.06259250640869140625e+00) (6, 1.01439964771270751953e+00) (7, -4.35029655694961547852e-01) (8, 1.63132762908935546875e+00) (9, 1.12937283515930175781e+00) (10, 3.16172909736633300781e+00) (11, 1.21341335773468017578e+00) (12, 5.44583618640899658203e-01) (13, -7.63050973415374755859e-01) (14, 9.32385563850402832031e-01) (15, 1.24279797077178955078e+00) (16, 9.13429379463195800781e-01) (17, 1.18315923213958740234e+00) (18, 3.21388185024261474609e-01) (19, -1.05111166834831237793e-01) (20, -2.14054301381111145020e-01) (21, -2.71723687648773193359e-01) (22, -7.66947209835052490234e-01) (23, -1.79311442375183105469e+00) (24, -7.49305427074432373047e-01) (25, -7.47867763042449951172e-01) (26, -5.85274994373321533203e-01) (27, -6.57972693443298339844e-01) (28, -7.54323542118072509766e-01) (29, -6.40962004661560058594e-01) (30, -5.16419172286987304688e-01) (31, -6.03202044963836669922e-01) (32, -6.40094900131225585938e+00) (33, -3.44240427017211914062e-01) (34, -6.02555418014526367188e+00) (35, -1.35382667183876037598e-01) (36, -2.10597425699234008789e-01) (37, 9.13250267505645751953e-01) (38, -6.85958052054047584534e-03) (39, -2.16469198465347290039e-01) (40, -1.71183392405509948730e-01) (41, -1.04433968663215637207e-01) (42, 8.80001962184906005859e-01) (43, -5.19417971372604370117e-02) (44, -2.43565052747726440430e-01) (45, 1.13640129566192626953e+00) (46, 2.18920692801475524902e-01) (47, 5.37015870213508605957e-02) (48, 4.06371235847473144531e-01) (49, -4.07253950834274291992e-02) (50, 9.80654597282409667969e-01) (51, -2.45001375675201416016e-01) (52, 9.36347603797912597656e-01) (53, 3.31275761127471923828e-01) (54, 1.64195358753204345703e-01) (55, 6.49418163299560546875e+00) (56, -2.36688360571861267090e-01) (57, 9.40731048583984375000e-01) (58, 2.64696568250656127930e-01) (59, 3.47612690925598144531e+00) (60, 6.12986534833908081055e-02) (61, 1.00008285045623779297e+00) (62, -3.40396910905838012695e-01) (63, 1.25677317380905151367e-01) (64, -1.29087835550308227539e-01) (65, 3.16626671701669692993e-03) (66, -8.53817760944366455078e-02) (67, -4.62685203552246093750e+00) (68, -2.43746057152748107910e-01) (69, 1.77392452955245971680e-01) (70, 5.77279273420572280884e-03) (71, 2.22646474838256835938e-01) (72, 1.89525038003921508789e-01) (73, 6.03950798511505126953e-01) (74, -1.00821778178215026855e-01) (75, 7.47016444802284240723e-02) (76, 2.13120013475418090820e-01) (77, 7.46558368206024169922e-01) (78, 2.01802654191851615906e-03) (79, 8.10875475406646728516e-01) (80, 1.74380421638488769531e-01) (81, -3.16008657217025756836e-01) (82, 5.89896962046623229980e-02) (83, 7.45853245258331298828e-01) (84, 2.39747822284698486328e-01) (85, -2.95119255781173706055e-01) (86, 2.35963344573974609375e-01) (87, 1.89860582351684570312e-01) (88, 2.61082291603088378906e-01) (89, 2.98929829150438308716e-02) (90, 2.14030623435974121094e-01) (91, 7.87363588809967041016e-01) (92, 5.11002719402313232422e-01) (93, 4.26988124847412109375e-01) (94, 4.08610999584197998047e-01) (95, 2.68943846225738525391e-01) (96, 8.83687809109687805176e-02) (97, 1.19159445166587829590e-01) (98, 1.57059341669082641602e-01) (99, 3.98757398128509521484e-01) (100, 3.82012128829956054688e-01) (101, 2.39652901887893676758e-01) (102, 7.93013036251068115234e-01) (103, 5.09680986404418945312e+00) (104, 1.81031608581542968750e+00) (0, -7.14316427707672119141e-01) (1, 4.60801869630813598633e-01) (2, 5.58524847030639648438e-01) (3, -9.96931612491607666016e-01) (4, 6.03117763996124267578e-01) (5, 4.78982001543045043945e-01) (6, 3.82733106613159179688e-01) (7, 1.06565558910369873047e+00) (8, 7.20953792333602905273e-02) (9, 2.04278182983398437500e+00) (10, 1.10921943187713623047e+00) (11, 6.09718322753906250000e-01) (12, 1.23862266540527343750e+00) (13, -1.17292773723602294922e+00) (14, -3.80345910787582397461e-01) (15, -5.05122065544128417969e-01) (16, 3.04207891225814819336e-01) (17, -3.43590080738067626953e-01) (18, 2.02947929501533508301e-01) (19, 5.04371523857116699219e-01) (20, -6.72069013118743896484e-01) (21, -5.05611538887023925781e-01) (22, -6.17253005504608154297e-01) (23, 4.93766337633132934570e-01) (24, -7.18913018703460693359e-01) (25, 6.29068255424499511719e-01) (26, -6.20226383209228515625e-01) (27, -6.08722329139709472656e-01) (28, -5.64809679985046386719e-01) (29, -6.23339951038360595703e-01) (30, -6.13287508487701416016e-01) (31, -6.15384519100189208984e-01) (32, -5.47764003276824951172e-01) (33, -5.42115569114685058594e-01) (34, 1.45636093616485595703e+00) (35, -7.01738476753234863281e-01) (36, -6.13080084323883056641e-01) (37, 6.08568727970123291016e-01) (38, -6.32317960262298583984e-01) (39, -7.23101019859313964844e-01) (40, -6.55392646789550781250e-01) (41, 1.93350946903228759766e+00) (42, 6.05714917182922363281e-01) (43, 2.55119967460632324219e+00) (44, 2.34711194038391113281e+00) (45, 2.87871330976486206055e-01) (46, 1.85825979709625244141e+00) (47, 1.45921884104609489441e-02) (48, 4.92952197790145874023e-01) (49, 5.52940607070922851562e-01) (50, -5.66411972045898437500e-01) (51, 1.50399732589721679688e+00) (52, 6.65178060531616210938e-01) (53, 4.22929853200912475586e-01) (54, 1.26079976558685302734e+00) (55, 8.85214626789093017578e-01) (56, 5.10763704776763916016e-01) (57, 4.52183276414871215820e-01) (58, -1.16767358779907226562e+00) (59, -1.49440765380859375000e-03) (60, 5.48025846481323242188e-01) (61, 5.00448703765869140625e-01) (62, 1.20650386810302734375e+00) (63, -5.89588642120361328125e-01) (64, -1.00206959247589111328e+00) (65, -6.09159767627716064453e-01) (66, -7.34688282012939453125e-01) (67, -6.35313630104064941406e-01) (68, -5.97637057304382324219e-01) (69, -1.49874359369277954102e-01) (70, 6.56232476234436035156e-01) (71, 1.44837841391563415527e-01) (72, -6.00064396858215332031e-01) (73, 4.00585979223251342773e-01) (74, -5.91238558292388916016e-01) (75, 7.15989544987678527832e-02) (76, 8.85374724864959716797e-01) (77, -5.42941391468048095703e-01) (78, -3.33559006452560424805e-01) (79, 7.03695416450500488281e-01) (80, 1.77380228042602539062e+00) (81, -7.55440473556518554688e-01) (82, -4.64115701615810394287e-02) (83, -7.45003521442413330078e-01) (84, 1.29762455821037292480e-01) (85, 1.79614913463592529297e+00) (86, -5.59454500675201416016e-01) (87, 1.17858648300170898438e+00) (88, -1.57629120349884033203e+00) (89, -7.28593468666076660156e-01) (90, 3.95737260580062866211e-01) (91, -1.93216711282730102539e-01) (92, 2.25039705634117126465e-01) (93, -5.38606882095336914062e-01) (94, -5.99684655666351318359e-01) (95, -6.07923686504364013672e-01) (96, 1.20698124170303344727e-01) (97, 1.26732337474822998047e+00) (98, -6.24031305313110351562e-01) (99, -6.06565594673156738281e-01) (100, -5.75866699218750000000e-01) (101, 1.71363532543182373047e+00) (102, -3.04301953315734863281e+00) (103, 6.11334323883056640625e+00) (104, 1.13360345363616943359e+00) (0, 2.49874588012695312500e+02) (1, 5.11010885238647460938e-01) (2, -1.74503386020660400391e-01) (3, -2.12073860168457031250e+01) (4, 1.22324548661708831787e-01) (5, 9.66713249683380126953e-01) (6, -7.57881760597229003906e-01) (7, 1.41989216208457946777e-01) (8, 6.37214601039886474609e-01) (9, -4.98008042573928833008e-01) (10, -2.96275997161865234375e+01) (11, -1.00614433288574218750e+02) (12, -8.25890004634857177734e-01) (13, -5.37752866744995117188e+00) (14, -8.06881248950958251953e-01) (15, -1.31297712326049804688e+01) (16, -1.51390542984008789062e+01) (17, -9.38899278640747070312e-01) (18, 2.45319399982690811157e-02) (19, -7.57755935192108154297e-01) (20, -6.81388199329376220703e-01) (21, -5.67667007446289062500e-01) (22, -5.39122581481933593750e-01) (23, -8.07064652442932128906e-01) (24, -1.37941330671310424805e-01) (25, -7.68525183200836181641e-01) (26, -9.96830165386199951172e-01) (27, -7.89244532585144042969e-01) (28, -5.51561653614044189453e-01) (29, -8.43284666538238525391e-01) (30, -8.87161850929260253906e-01) (31, -9.33885455131530761719e-01) (32, -2.92041748762130737305e-01) (33, -5.61543583869934082031e-01) (34, -7.23537623882293701172e-01) (35, -6.67296886444091796875e-01) (36, 2.22135171294212341309e-01) (37, -9.04415667057037353516e-01) (38, -5.56852161884307861328e-01) (39, -3.20968478918075561523e-01) (40, -2.96056717634201049805e-01) (41, -7.83726215362548828125e-01) (42, 2.99617499113082885742e-01) (43, -1.39120924472808837891e+00) (44, -6.52375876903533935547e-01) (45, -8.61873269081115722656e-01) (46, -4.66760772705078125000e+02) (47, -7.74106323719024658203e-01) (48, -7.18758165836334228516e-01) (49, -8.11261773109436035156e-01) (50, -7.64791786670684814453e-01) (51, -2.06305339932441711426e-01) (52, -7.76400148868560791016e-01) (53, -5.64882695674896240234e-01) (54, -8.46751153469085693359e-01) (55, -3.10747623443603515625e+00) (56, -7.75099873542785644531e-01) (57, -9.29429411888122558594e-01) (58, -4.02431182861328125000e+01) (59, -1.25017280578613281250e+01) (60, -1.00561714172363281250e+00) (61, -9.02464032173156738281e-01) (62, -1.89934268593788146973e-01) (63, -7.72704184055328369141e-01) (64, -8.71542692184448242188e-01) (65, -8.01661908626556396484e-01) (66, -3.75309538841247558594e+00) (67, 2.75318294763565063477e-01) (68, -7.14651823043823242188e-01) (69, -1.57101142406463623047e+00) (70, -7.28672087192535400391e-01) (71, -3.58760327100753784180e-01) (72, -3.92407357692718505859e-01) (73, -5.36650538444519042969e-01) (74, -7.35794961452484130859e-01) (75, -6.91742956638336181641e-01) (76, -5.65203905105590820312e-01) (77, -8.67996275424957275391e-01) (78, -8.78493726253509521484e-01) (79, -2.72876071929931640625e+01) (80, -7.15670776367187500000e+00) (81, -2.02440500259399414062e+00) (82, -8.93125653266906738281e-01) (83, -7.02850532531738281250e+00) (84, -1.07029914855957031250e+00) (85, -4.52344322204589843750e+00) (86, -8.39039146900177001953e-01) (87, -2.10519939661026000977e-01) (88, -9.73239612579345703125e+00) (89, -8.77034544944763183594e-01) (90, -2.57680606842041015625e+00) (91, -3.22052097320556640625e+00) (92, -8.42946588993072509766e-01) (93, -8.48098516464233398438e-01) (94, -9.86943364143371582031e-01) (95, -8.65793228149414062500e-01) (96, -3.38662452995777130127e-02) (97, -8.47619593143463134766e-01) (98, -8.05917799472808837891e-01) (99, -8.19282293319702148438e-01) (100, -8.44255983829498291016e-01) (101, -4.33767169713973999023e-01) (102, -3.63925963640213012695e-01) (103, 3.41394925117492675781e+00) (104, 2.74158096313476562500e+00) (0, -1.13679480552673339844e+00) (1, -5.70332050323486328125e-01) (2, -5.12738943099975585938e-01) (3, -2.34608098864555358887e-01) (4, -5.27923643589019775391e-01) (5, -7.43660092353820800781e-01) (6, 1.29524576663970947266e+00) (7, -3.18667799234390258789e-01) (8, 9.00418221950531005859e-01) (9, 1.53393352031707763672e+00) (10, 4.56856340169906616211e-01) (11, 2.95510202646255493164e-01) (12, 1.14091598987579345703e+00) (13, 3.20910423994064331055e-01) (14, -2.90262430906295776367e-01) (15, -5.14540135860443115234e-01) (16, 2.12086319923400878906e-01) (17, 7.18070805072784423828e-01) (18, 1.40471860766410827637e-01) (19, 5.01699805259704589844e-01) (20, -6.34079694747924804688e-01) (21, 6.01641178131103515625e-01) (22, 4.96646642684936523438e-01) (23, -2.64934062957763671875e-01) (24, -7.18672215938568115234e-01) (25, 6.39483928680419921875e-01) (26, -6.29509508609771728516e-01) (27, 4.67794984579086303711e-01) (28, -5.68165719509124755859e-01) (29, -6.97814881801605224609e-01) (30, 5.99454641342163085938e-01) (31, 5.77644109725952148438e-01) (32, -6.25518083572387695312e-01) (33, 1.68646585941314697266e+00) (34, -1.51889264583587646484e+00) (35, -4.49411161243915557861e-02) (36, 6.12775444984436035156e-01) (37, 8.81473124027252197266e-01) (38, 3.73760223388671875000e-01) (39, -6.50683045387268066406e-01) (40, -5.22827804088592529297e-01) (41, 5.56045413017272949219e-01) (42, -8.25792402029037475586e-02) (43, 2.81217384338378906250e+00) (44, 5.96460461616516113281e-01) (45, 3.63521367311477661133e-01) (46, 8.35182785987854003906e-01) (47, -4.77620810270309448242e-02) (48, -6.70136749744415283203e-01) (49, 4.16227132081985473633e-01) (50, 4.70408827066421508789e-01) (51, 1.33851706981658935547e+00) (52, 6.41654551029205322266e-01) (53, -8.16175460815429687500e-01) (54, 6.11862242221832275391e-02) (55, -1.56565868854522705078e+00) (56, -5.03870248794555664062e-01) (57, 4.51568990945816040039e-01) (58, 1.57765197753906250000e+00) (59, -1.07463371753692626953e+00) (60, -6.16731822490692138672e-01) (61, 1.19233004748821258545e-01) (62, 1.36152231693267822266e+00) (63, -6.25335216522216796875e-01) (64, -1.39538180828094482422e+00) (65, 6.89352393150329589844e-01) (66, -1.42973971366882324219e+00) (67, -1.49384427070617675781e+00) (68, 1.70502722263336181641e-01) (69, -6.94284081459045410156e-01) (70, 6.93831801414489746094e-01) (71, 1.14734828472137451172e+00) (72, -5.61657190322875976562e-01) (73, 8.01045179367065429688e-01) (74, -4.68735277652740478516e-01) (75, 6.35880291461944580078e-01) (76, -9.01084661483764648438e-01) (77, 5.52945017814636230469e-01) (78, 2.87052917480468750000e+00) (79, 5.24303615093231201172e-01) (80, -1.31098234653472900391e+00) (81, -1.05900883674621582031e+00) (82, -1.04242241382598876953e+00) (83, 3.67810815572738647461e-01) (84, 2.37021446228027343750e-01) (85, -1.00213897228240966797e+00) (86, -5.47847807407379150391e-01) (87, 1.31680333614349365234e+00) (88, -1.31804752349853515625e+00) (89, 4.11862224340438842773e-01) (90, -5.99741995334625244141e-01) (91, -4.66991931200027465820e-01) (92, 1.51169753074645996094e+00) (93, -1.54430299997329711914e-01) (94, 4.39413398504257202148e-01) (95, 8.61433565616607666016e-01) (96, 1.23205709457397460938e+00) (97, -1.47639304399490356445e-01) (98, 9.52409863471984863281e-01) (99, -4.77816671133041381836e-01) (100, 4.46760326623916625977e-01) (101, 1.70942127704620361328e+00) (102, -2.61341929435729980469e+00) (103, 5.67422008514404296875e+00) (104, 6.52756452560424804688e-01) (0, 6.35983642578125000000e+02) (1, 1.01074528694152832031e+00) (2, 2.15940022468566894531e+00) (3, 5.19535094499588012695e-02) (4, 7.29632079601287841797e-02) (5, 2.06934452056884765625e+00) (6, 3.88212752342224121094e+00) (7, 2.33678960800170898438e+00) (8, 1.00432622432708740234e+00) (9, -4.88676011562347412109e-01) (10, -3.14938106536865234375e+01) (11, -6.32503417968750000000e+02) (12, 2.81761616468429565430e-01) (13, -4.94081974029541015625e+00) (14, 3.61806362867355346680e-01) (15, -2.59211196899414062500e+01) (16, -2.81595230102539062500e+01) (17, -9.12687778472900390625e-01) (18, 1.47631502151489257812e+00) (19, 1.27484083175659179688e-01) (20, -7.01690912246704101562e-01) (21, 4.78473573923110961914e-01) (22, 1.46556389331817626953e+00) (23, 1.98499649763107299805e-01) (24, 4.30705165863037109375e+00) (25, -8.69688868522644042969e-01) (26, -4.85246062278747558594e-01) (27, 2.07525417208671569824e-01) (28, 8.08174133300781250000e-01) (29, 2.63282924890518188477e-01) (30, -7.98633635044097900391e-01) (31, -9.19430911540985107422e-01) (32, -2.46636226773262023926e-01) (33, -2.93092072010040283203e-01) (34, -3.92338562011718750000e+00) (35, -9.49263632297515869141e-01) (36, -9.21110153198242187500e-01) (37, -4.50757074356079101562e+00) (38, -8.27906310558319091797e-01) (39, 1.99391573667526245117e-01) (40, 1.58502352237701416016e+00) (41, -1.03575885295867919922e+00) (42, -6.95857942104339599609e-01) (43, -1.08554828166961669922e+00) (44, 1.08248302713036537170e-02) (45, -4.73313760757446289062e+00) (46, 1.11117529869079589844e+00) (47, -1.19198751449584960938e+00) (48, 3.49532254040241241455e-02) (49, -8.80199193954467773438e-01) (50, -8.90652120113372802734e-01) (51, -1.26162305474281311035e-01) (52, -7.35544979572296142578e-01) (53, -6.04386031627655029297e-01) (54, -1.68590116500854492188e+00) (55, -3.03356599807739257812e+00) (56, -8.15299391746520996094e-01) (57, -8.93599689006805419922e-01) (58, -9.45962190628051757812e-01) (59, -1.11729061603546142578e+00) (60, -9.04754757881164550781e-01) (61, -8.84765326976776123047e-01) (62, -1.04115836322307586670e-01) (63, -7.26663112640380859375e-01) (64, -6.81242656707763671875e+00) (65, -1.97668790817260742188e-01) (66, -6.61729192733764648438e+00) (67, -7.90148138999938964844e-01) (68, 1.45875170826911926270e-01) (69, -1.88927364349365234375e+00) (70, -3.51711332798004150391e-01) (71, -3.75223994255065917969e-01) (72, 4.66938346624374389648e-01) (73, 3.86439299583435058594e+00) (74, 6.03186082839965820312e+00) (75, -7.95490801334381103516e-01) (76, 5.25946378707885742188e-01) (77, -8.05017113685607910156e-01) (78, -7.69230604171752929688e-01) (79, -4.17472572326660156250e+01) (80, -1.86789512634277343750e+01) (81, -1.54957973957061767578e+00) (82, -1.25276052951812744141e+00) (83, -8.23680782318115234375e+00) (84, -4.05926418304443359375e+00) (85, -4.45603790283203125000e+01) (86, -8.01981568336486816406e-01) (87, -1.33972749114036560059e-01) (88, -2.01470546722412109375e+01) (89, -8.12114715576171875000e-01) (90, -4.89756965637207031250e+00) (91, -5.99683284759521484375e+00) (92, -7.54289507865905761719e-01) (93, -6.80079996585845947266e-01) (94, -7.69963085651397705078e-01) (95, -1.05301988124847412109e+00) (96, 2.46814683079719543457e-01) (97, -6.69178962707519531250e-01) (98, -8.89013707637786865234e-01) (99, -8.88830542564392089844e-01) (100, -4.65985566377639770508e-01) (101, -3.57045710086822509766e-01) (102, 6.11845493316650390625e-01) (103, 2.20324921607971191406e+00) (104, 2.37870383262634277344e+00) (0, 1.71968400478363037109e+00) (1, 1.48129850625991821289e-01) (2, 4.17210519313812255859e-01) (3, 4.32554543018341064453e-01) (4, -6.31216466426849365234e-01) (5, 7.42722272872924804688e-01) (6, 2.70065329968929290771e-02) (7, 1.16692829132080078125e+00) (8, -2.05636516213417053223e-01) (9, -6.90202414989471435547e-01) (10, 4.78906840085983276367e-01) (11, 1.22505831718444824219e+00) (12, -1.16176560521125793457e-01) (13, 1.53905451297760009766e+00) (14, 3.76852661371231079102e-01) (15, 8.03667381405830383301e-02) (16, -6.79511666297912597656e-01) (17, 8.55963528156280517578e-02) (18, -5.77812552452087402344e-01) (19, -9.13070678710937500000e-01) (20, -1.42865657806396484375e-01) (21, -6.76652312278747558594e-01) (22, 1.34641215205192565918e-01) (23, -1.39575445652008056641e+00) (24, -1.86299872398376464844e+00) (25, -3.56424152851104736328e-01) (26, -7.31998860836029052734e-01) (27, -7.40388154983520507812e-01) (28, 5.73119640350341796875e-01) (29, 1.97340977191925048828e+00) (30, -2.96981006860733032227e-01) (31, -7.09708213806152343750e-01) (32, -8.27407062053680419922e-01) (33, 5.14455378055572509766e-01) (34, 1.90345716476440429688e+00) (35, 8.12760144472122192383e-02) (36, 1.95353507995605468750e-01) (37, -8.99593889713287353516e-01) (38, 2.72225677967071533203e-01) (39, 2.57007569074630737305e-01) (40, -1.73929631710052490234e-01) (41, -5.67898631095886230469e-01) (42, 4.75922137498855590820e-01) (43, -7.49078214168548583984e-01) (44, 1.29095959663391113281e+00) (45, 3.73825579881668090820e-01) (46, -1.59559869766235351562e+00) (47, 1.12899437546730041504e-01) (48, 4.32077598571777343750e+00) (49, 9.67966020107269287109e-01) (50, 3.79781156778335571289e-01) (51, -7.27953389286994934082e-02) (52, 6.49590194225311279297e-01) (53, 9.19899567961692810059e-02) (54, 1.35819351673126220703e+00) (55, -9.54989433288574218750e-01) (56, 8.24350535869598388672e-01) (57, 2.56950688362121582031e+00) (58, 5.68415939807891845703e-01) (59, 4.93585377931594848633e-01) (60, 1.11969448626041412354e-01) (61, -7.24966287612915039062e-01) (62, -1.42090618610382080078e-01) (63, -6.42122328281402587891e-01) (64, 1.14590778946876525879e-01) (65, -6.32126450538635253906e-01) (66, -5.07262527942657470703e-01) (67, 4.44647163152694702148e-01) (68, -5.97664594650268554688e-01) (69, 1.40544927120208740234e+00) (70, -6.46345198154449462891e-01) (71, -7.60864078998565673828e-01) (72, -4.38349604606628417969e-01) (73, 1.56139895319938659668e-01) (74, 3.03704112768173217773e-01) (75, 3.97506982088088989258e-01) (76, 6.14616155624389648438e-01) (77, -7.50972330570220947266e-01) (78, -6.78660750389099121094e-01) (79, 3.00971239805221557617e-01) (80, -7.48339831829071044922e-01) (81, 1.65004038810729980469e+00) (82, -8.86453628540039062500e-01) (83, -7.36675322055816650391e-01) (84, 2.72027641534805297852e-01) (85, 6.65403962135314941406e-01) (86, -6.44328415393829345703e-01) (87, 5.84532171487808227539e-02) (88, 8.47961962223052978516e-01) (89, 1.68083623051643371582e-01) (90, -8.50725471973419189453e-01) (91, 8.98919641971588134766e-01) (92, -5.38407921791076660156e-01) (93, -5.87467432022094726562e-01) (94, -6.91028416156768798828e-01) (95, -8.29594075679779052734e-01) (96, -4.21752706170082092285e-02) (97, -7.48990535736083984375e-01) (98, -6.79422914981842041016e-01) (99, -7.65376985073089599609e-01) (100, -6.84724807739257812500e-01) (101, 6.76492452621459960938e-01) (102, -7.84256577491760253906e-01) (103, 2.68056988716125488281e+00) (104, 2.53627967834472656250e+00) (0, 1.65794677734375000000e+02) (1, 7.00626790523529052734e-01) (2, 7.11305737495422363281e-01) (3, -2.90409484863281250000e+02) (4, 2.27900609374046325684e-01) (5, 6.81656122207641601562e-01) (6, 7.30106234550476074219e-01) (7, 1.48895871639251708984e+00) (8, 1.30084848403930664062e+00) (9, -1.42882630228996276855e-01) (10, -2.63274879455566406250e+01) (11, -1.90655090332031250000e+02) (12, -6.96959912776947021484e-01) (13, 2.48431549072265625000e+02) (14, 3.28085035085678100586e-01) (15, -1.18447256088256835938e+01) (16, -1.43474369049072265625e+01) (17, -7.88772702217102050781e-01) (18, 2.70531088113784790039e-01) (19, -4.43243384361267089844e-01) (20, -3.38723361492156982422e-01) (21, 5.02745687961578369141e-01) (22, -1.57299891114234924316e-01) (23, -4.64537560939788818359e-01) (24, 2.67338693141937255859e-01) (25, -2.93659180402755737305e-01) (26, -7.95847475528717041016e-01) (27, -7.83074319362640380859e-01) (28, 1.97151556611061096191e-01) (29, -4.83909904956817626953e-01) (30, -5.05435824394226074219e-01) (31, -4.79906588792800903320e-01) (32, -2.58846580982208251953e-01) (33, -2.63917744159698486328e-01) (34, -6.55759632587432861328e-01) (35, -3.37294220924377441406e-01) (36, -4.03017789125442504883e-01) (37, -8.04584801197052001953e-01) (38, -5.00890195369720458984e-01) (39, -4.16394114494323730469e-01) (40, 8.14022839069366455078e-01) (41, -9.19722652435302734375e+00) (42, 2.94209033250808715820e-01) (43, -1.52398753166198730469e+00) (44, -1.04595971107482910156e+00) (45, -8.57952773571014404297e-01) (46, -7.47213821411132812500e+01) (47, -6.37495934963226318359e-01) (48, -8.43263268470764160156e-01) (49, -7.33560919761657714844e-01) (50, -8.74295413494110107422e-01) (51, -3.93719561398029327393e-02) (52, 3.82802218198776245117e-01) (53, -7.63590037822723388672e-01) (54, -8.61352741718292236328e-01) (55, -4.00332021713256835938e+00) (56, -7.13058292865753173828e-01) (57, -1.07647621631622314453e+00) (58, -1.02234888076782226562e+00) (59, -3.74174835205078125000e+02) (60, -1.03092133998870849609e+00) (61, -8.06969940662384033203e-01) (62, 1.28705060482025146484e+00) (63, -7.64963924884796142578e-01) (64, -4.49128597974777221680e-01) (65, -8.23726236820220947266e-01) (66, -1.60518229007720947266e+00) (67, 2.07643210887908935547e-03) (68, -1.93758532404899597168e-01) (69, -1.33823776245117187500e+00) (70, -2.74157762527465820312e-01) (71, -4.13519233465194702148e-01) (72, -3.81563514471054077148e-01) (73, -6.21628403663635253906e-01) (74, -4.25220340490341186523e-01) (75, 9.25527751445770263672e-01) (76, -2.22160845994949340820e-01) (77, -7.69708871841430664062e-01) (78, -8.42109084129333496094e-01) (79, -2.47510452270507812500e+01) (80, -1.14162883758544921875e+01) (81, -3.57019454240798950195e-01) (82, 1.46543338894844055176e-01) (83, -8.42781829833984375000e+00) (84, -1.87656176090240478516e+00) (85, -3.31495761871337890625e+00) (86, -8.81513118743896484375e-01) (87, -1.47512570023536682129e-01) (88, -8.07906532287597656250e+00) (89, -9.30408358573913574219e-01) (90, -2.74506044387817382812e+00) (91, -3.71201610565185546875e+00) (92, -7.63521850109100341797e-01) (93, -8.33059072494506835938e-01) (94, -9.38040316104888916016e-01) (95, -9.24433827400207519531e-01) (96, -1.57649248838424682617e-01) (97, -7.99237251281738281250e-01) (98, -8.59172582626342773438e-01) (99, -8.56616914272308349609e-01) (100, -9.02991056442260742188e-01) (101, -3.26775044202804565430e-01) (102, 9.75424200296401977539e-02) (103, 2.87195253372192382812e+00) (104, 2.71425938606262207031e+00) (0, 3.53574371337890625000e+00) (1, 3.71132045984268188477e-01) (2, 5.22349178791046142578e-01) (3, 4.87368255853652954102e-01) (4, -5.08539319038391113281e-01) (5, -3.15474748611450195312e-01) (6, -6.34142875671386718750e-01) (7, 4.48716789484024047852e-01) (8, 2.59922832250595092773e-01) (9, 1.26990544795989990234e+00) (10, -3.51408720016479492188e-01) (11, 6.04529157280921936035e-02) (12, -3.25429946184158325195e-01) (13, 7.53956064581871032715e-02) (14, -3.54356795549392700195e-01) (15, 1.20901215076446533203e+00) (16, 5.42233049869537353516e-01) (17, 8.44230726361274719238e-02) (18, 8.62073227763175964355e-02) (19, -1.58126652240753173828e-01) (20, -9.18702840805053710938e-01) (21, 8.45204293727874755859e-01) (22, -1.47431254386901855469e+00) (23, -1.59825789928436279297e+00) (24, 6.00230455398559570312e-01) (25, -4.38717812299728393555e-01) (26, 4.57879900932312011719e-02) (27, 4.21695768833160400391e-01) (28, -4.18341130018234252930e-01) (29, 6.17585420608520507812e-01) (30, 6.48575499653816223145e-02) (31, -9.03728008270263671875e-01) (32, 1.11483347415924072266e+00) (33, 9.05823886394500732422e-01) (34, -2.17681616544723510742e-01) (35, 6.87593579292297363281e-01) (36, -6.64828240871429443359e-01) (37, -1.32201597094535827637e-01) (38, 3.45502346754074096680e-01) (39, -6.96269392967224121094e-01) (40, 4.62225764989852905273e-01) (41, -1.15662761032581329346e-01) (42, 6.27696156501770019531e-01) (43, 3.45191329717636108398e-01) (44, 7.81849682331085205078e-01) (45, 3.16516309976577758789e-01) (46, -6.75722897052764892578e-01) (47, 1.25690698623657226562e+00) (48, -2.16478124260902404785e-01) (49, -6.58910512924194335938e-01) (50, -9.36636328697204589844e-01) (51, 1.11615645885467529297e+00) (52, -1.95783525705337524414e-01) (53, 2.06791743636131286621e-01) (54, 6.26870095729827880859e-01) (55, -4.22295510768890380859e-01) (56, -6.43633604049682617188e-01) (57, -6.32753252983093261719e-01) (58, 4.52143937349319458008e-01) (59, -9.23317432403564453125e-01) (60, 4.21123713254928588867e-01) (61, -6.47260129451751708984e-01) (62, 1.36351823806762695312e+00) (63, -6.70647621154785156250e-01) (64, 1.07944123446941375732e-01) (65, -4.90085989236831665039e-01) (66, 1.08919763565063476562e+00) (67, 4.66148585081100463867e-01) (68, -1.77047178149223327637e-01) (69, -6.16724431514739990234e-01) (70, -4.42580044269561767578e-01) (71, -1.44561499357223510742e-01) (72, 1.99294582009315490723e-01) (73, 1.14217865467071533203e+00) (74, 4.98374164104461669922e-01) (75, -6.70489430427551269531e-01) (76, -3.81306499242782592773e-01) (77, 5.99486589431762695312e-01) (78, -5.57194352149963378906e-01) (79, -6.34420454502105712891e-01) (80, 7.76305496692657470703e-02) (81, 3.73463213443756103516e-01) (82, 4.67190474271774291992e-01) (83, 3.58662962913513183594e-01) (84, 7.38115906715393066406e-01) (85, -3.37491989135742187500e-01) (86, -5.41359782218933105469e-01) (87, 8.95186245441436767578e-01) (88, -2.58982658386230468750e-01) (89, -2.05985236167907714844e+00) (90, 3.33030492067337036133e-01) (91, 3.58156204223632812500e-01) (92, -6.29959821701049804688e-01) (93, 5.63191711902618408203e-01) (94, -7.23029613494873046875e-01) (95, -1.08610391616821289062e+00) (96, 1.17528212070465087891e+00) (97, -6.18117332458496093750e-01) (98, -7.52279520034790039062e-01) (99, 5.74684143066406250000e-01) (100, 4.63439106941223144531e-01) (101, -1.39651149511337280273e-01) (102, 2.72848963737487792969e-01) (103, 1.83603727817535400391e+00) (104, 1.29788756370544433594e+00) (0, 1.32970178127288818359e+00) (1, 4.64937591552734375000e+00) (2, 8.28165411949157714844e-02) (3, -1.05330273509025573730e-01) (4, 8.42972576618194580078e-01) (5, 8.26895892620086669922e-01) (6, 4.70583945512771606445e-01) (7, 1.92089498043060302734e+00) (8, -7.46203231811523437500e+00) (9, 9.09235596656799316406e-01) (10, 9.29655253887176513672e-01) (11, -1.38171780109405517578e+00) (12, -8.33915174007415771484e-01) (13, -7.33186841011047363281e-01) (14, 5.74036061763763427734e-01) (15, -7.77915179729461669922e-01) (16, 5.18137812614440917969e-01) (17, -8.28868389129638671875e-01) (18, 1.40794825553894042969e+00) (19, 5.64324796199798583984e-01) (20, 3.42096000909805297852e-01) (21, 2.28398466110229492188e+00) (22, -4.10158783197402954102e-01) (23, 4.96719211339950561523e-01) (24, 8.18639278411865234375e-01) (25, 2.38168382644653320312e+00) (26, -8.09723675251007080078e-01) (27, 1.57478094100952148438e+00) (28, 6.16294920444488525391e-01) (29, -7.72339820861816406250e-01) (30, -7.82847285270690917969e-01) (31, -9.57646727561950683594e-01) (32, 5.97492098808288574219e-01) (33, -1.40710937976837158203e+00) (34, -1.10251533985137939453e+00) (35, -7.56184339523315429688e-01) (36, -6.83241546154022216797e-01) (37, -4.84195828437805175781e-01) (38, -6.83042407035827636719e-01) (39, -7.69668936729431152344e-01) (40, -3.18644791841506958008e-01) (41, -5.42282462120056152344e-01) (42, 5.19071400165557861328e-01) (43, -3.58899444341659545898e-01) (44, 8.07339966297149658203e-01) (45, -7.38960087299346923828e-01) (46, -1.69873917102813720703e+00) (47, 6.44161581993103027344e-01) (48, 3.51833730936050415039e-01) (49, 6.62640571594238281250e-01) (50, 6.41611695289611816406e-01) (51, 7.33122110366821289062e-01) (52, 6.18713736534118652344e-01) (53, 1.30954301357269287109e+00) (54, -5.66617190837860107422e-01) (55, -1.84057950973510742188e+00) (56, -6.41166985034942626953e-01) (57, -3.75217819213867187500e+00) (58, 3.56612491607666015625e+00) (59, -5.98345339298248291016e-01) (60, 3.49229633808135986328e-01) (61, -1.56135454773902893066e-01) (62, -3.29527080059051513672e-01) (63, -7.79005587100982666016e-01) (64, 3.18353676795959472656e+00) (65, -6.36681377887725830078e-01) (66, 4.72131639719009399414e-01) (67, -9.36650395393371582031e-01) (68, 2.87741929292678833008e-01) (69, 1.53359782695770263672e+00) (70, 8.84712040424346923828e-01) (71, -6.82714045047760009766e-01) (72, -3.23280751705169677734e-01) (73, -1.54727029800415039062e+01) (74, -9.78308081626892089844e-01) (75, -9.46949124336242675781e-01) (76, 1.13249480724334716797e+00) (77, -6.89164161682128906250e-01) (78, 4.79291200637817382812e+00) (79, 2.49920320510864257812e+00) (80, -4.28100526332855224609e-01) (81, 7.51488494873046875000e+00) (82, 8.96015703678131103516e-01) (83, -1.14210808277130126953e+00) (84, -4.71695184707641601562e+00) (85, 3.71112537384033203125e+00) (86, 1.95504836738109588623e-02) (87, -4.43287909030914306641e-01) (88, 1.72600910067558288574e-01) (89, 1.38580739498138427734e+00) (90, -2.00198316574096679688e+00) (91, -4.00306558609008789062e+00) (92, -2.06575870513916015625e+00) (93, -1.12500347197055816650e-01) (94, 4.21684414148330688477e-01) (95, -1.20210206508636474609e+00) (96, -4.67713624238967895508e-01) (97, 6.70142948627471923828e-01) (98, -3.08248519897460937500e+00) (99, -4.50510144233703613281e-01) (100, 5.45274734497070312500e-01) (101, -5.38926482200622558594e-01) (102, -1.10554829239845275879e-01) (103, 2.01034307479858398438e+00) (104, 2.61613321304321289062e+00) (0, 2.31869578361511230469e+00) (1, 3.12451601028442382812e-01) (2, -6.89702868461608886719e-01) (3, -2.87889337539672851562e+00) (4, 4.43498706817626953125e+00) (5, -6.47399127483367919922e-01) (6, 2.12025904655456542969e+00) (7, -8.83409142494201660156e-01) (8, 9.62824404239654541016e-01) (9, 1.47624599933624267578e+00) (10, -9.73559856414794921875e+00) (11, 2.07572841644287109375e+00) (12, -2.91855478286743164062e+00) (13, -1.95338797569274902344e+00) (14, -3.77742499113082885742e-01) (15, 3.16161823272705078125e+00) (16, -9.03733968734741210938e-01) (17, -5.25313758850097656250e+00) (18, 3.15859317779541015625e-01) (19, 1.14108753204345703125e+00) (20, -9.70577812194824218750e+00) (21, -3.54278969764709472656e+00) (22, -2.85441255569458007812e+00) (23, 1.90331244468688964844e+00) (24, 2.11480498313903808594e-01) (25, 1.17667269706726074219e+00) (26, -3.85899496078491210938e+00) (27, -2.72266197204589843750e+00) (28, 3.03781628608703613281e+00) (29, -9.36788463592529296875e+00) (30, 1.77060008049011230469e-01) (31, -4.59739953279495239258e-01) (32, -2.20546650886535644531e+00) (33, 6.06575345993041992188e+00) (34, 2.91842079162597656250e+00) (35, -5.67275571823120117188e+00) (36, -4.81544113159179687500e+00) (37, 3.40200924873352050781e+00) (38, 2.49123141169548034668e-01) (39, -2.22949266433715820312e+00) (40, -1.77099609375000000000e+00) (41, -6.98882281780242919922e-01) (42, -7.98321425914764404297e-01) (43, 5.08157300949096679688e+00) (44, -2.54540634155273437500e+00) (45, 9.59328842163085937500e+00) (46, -1.43233883380889892578e+00) (47, 5.88287878036499023438e+00) (48, -1.00090610980987548828e+00) (49, 2.81184363365173339844e+00) (50, 4.38815891742706298828e-01) (51, 3.73653709888458251953e-01) (52, -5.09034097194671630859e-02) (53, -1.81017887592315673828e+00) (54, 9.30000424385070800781e-01) (55, 1.03350949287414550781e+00) (56, -6.72121763229370117188e-01) (57, 1.24960660934448242188e+00) (58, 4.10295993089675903320e-01) (59, -7.07544863224029541016e-01) (60, 5.17029404640197753906e-01) (61, -6.39396369457244873047e-01) (62, 1.28274691104888916016e+00) (63, -1.87726393342018127441e-01) (64, -1.93273949623107910156e+00) (65, 1.02108025550842285156e+00) (66, -2.36398530006408691406e+00) (67, 1.41051852703094482422e+00) (68, -1.08383393287658691406e+00) (69, -8.01317274570465087891e-01) (70, -1.60756462719291448593e-03) (71, 7.39379286766052246094e-01) (72, 3.10299134254455566406e+00) (73, -2.55328512191772460938e+00) (74, -9.48597252368927001953e-01) (75, 5.71920514106750488281e-01) (76, -3.63792926073074340820e-01) (77, -9.53450262546539306641e-01) (78, -8.91092658042907714844e-01) (79, -3.50155383348464965820e-01) (80, -3.93320739269256591797e-01) (81, -6.44695997238159179688e-01) (82, -6.62141740322113037109e-01) (83, 6.49227499961853027344e-01) (84, 7.60386347770690917969e-01) (85, -2.68159419298171997070e-01) (86, 4.94313776493072509766e-01) (87, 4.21186327934265136719e-01) (88, 4.36732590198516845703e-01) (89, 5.01820564270019531250e-01) (90, -6.81837856769561767578e-01) (91, 4.66453313827514648438e-01) (92, 7.63375997543334960938e-01) (93, -7.01212227344512939453e-01) (94, -3.79376620054244995117e-01) (95, 3.78206461668014526367e-01) (96, 2.69119799137115478516e-01) (97, 7.22878754138946533203e-01) (98, 4.15523648262023925781e-01) (99, -5.59422552585601806641e-01) (100, -2.12349787354469299316e-01) (101, 4.69565391540527343750e-01) (102, 4.21319961547851562500e+00) (103, -1.12989449501037597656e+00) (104, 2.55525732040405273438e+00) (0, -3.01912724971771240234e-01) (1, 9.30888712406158447266e-01) (2, 8.71918559074401855469e-01) (3, -5.60571253299713134766e-01) (4, 1.43474316596984863281e+00) (5, 3.42619359493255615234e-01) (6, 3.82138639688491821289e-01) (7, -2.02742233872413635254e-01) (8, -3.94141197204589843750e-01) (9, 1.14151275157928466797e+00) (10, -1.61478817462921142578e-01) (11, -5.75513392686843872070e-03) (12, 6.90287411212921142578e-01) (13, -4.80315059423446655273e-01) (14, -8.19085836410522460938e-01) (15, 9.41466271877288818359e-01) (16, 7.59123086929321289062e-01) (17, -3.62617641687393188477e-01) (18, 1.61880815029144287109e+00) (19, 7.00463891029357910156e-01) (20, -7.50001966953277587891e-01) (21, 2.21987795829772949219e+00) (22, 9.16634023189544677734e-01) (23, 9.12537634372711181641e-01) (24, 2.70222163200378417969e+00) (25, 2.08406376838684082031e+00) (26, 4.61731821298599243164e-01) (27, -2.56077945232391357422e-01) (28, -1.99860557913780212402e-01) (29, -7.50161170959472656250e-01) (30, -6.48332774639129638672e-01) (31, -4.10672485828399658203e-01) (32, 4.54440504312515258789e-01) (33, -9.81971025466918945312e-02) (34, 5.53755283355712890625e-01) (35, 1.72650396823883056641e+00) (36, -6.27639710903167724609e-01) (37, -7.08857595920562744141e-01) (38, -4.70116019248962402344e-01) (39, -6.30998671054840087891e-01) (40, 4.18247342109680175781e-01) (41, -8.43861699104309082031e-01) (42, -5.54761588573455810547e-01) (43, -5.08283734321594238281e-01) (44, 1.23024129867553710938e+00) (45, 3.49480956792831420898e-01) (46, 1.45792305469512939453e+00) (47, 1.07725828886032104492e-01) (48, 9.62439000606536865234e-01) (49, -7.39555478096008300781e-01) (50, -9.31722223758697509766e-01) (51, -7.95203983783721923828e-01) (52, -7.85126268863677978516e-01) (53, 8.08682739734649658203e-01) (54, -6.19907438755035400391e-01) (55, 4.94829744100570678711e-01) (56, -6.05426967144012451172e-01) (57, 2.68560022115707397461e-01) (58, 1.31402361392974853516e+00) (59, 5.65783321857452392578e-01) (60, -7.04878807067871093750e-01) (61, 5.70285797119140625000e-01) (62, -3.25650200247764587402e-02) (63, -7.05474972724914550781e-01) (64, 3.18011194467544555664e-01) (65, -6.97880148887634277344e-01) (66, 1.86302018165588378906e+00) (67, 1.87715637683868408203e+00) (68, 7.55998015403747558594e-01) (69, 2.22118839621543884277e-01) (70, -5.33092617988586425781e-01) (71, -2.22112149000167846680e-01) (72, -7.14901149272918701172e-01) (73, 1.24158418178558349609e+00) (74, -1.18544489145278930664e-01) (75, -9.64876830577850341797e-01) (76, 7.54954874515533447266e-01) (77, -7.34521567821502685547e-01) (78, -4.78824943304061889648e-01) (79, -2.23253107070922851562e+00) (80, -8.27019691467285156250e-01) (81, -4.22396868467330932617e-01) (82, 1.18851907551288604736e-01) (83, -3.02502185106277465820e-01) (84, -5.22722415626049041748e-02) (85, -2.33045190572738647461e-01) (86, 8.60693216323852539062e-01) (87, 1.07535421848297119141e+00) (88, 7.77278959751129150391e-01) (89, -4.77754890918731689453e-01) (90, -7.71470367908477783203e-01) (91, -7.37968623638153076172e-01) (92, -3.89570176601409912109e-01) (93, -6.15929484367370605469e-01) (94, -7.89511322975158691406e-01) (95, 3.03583413362503051758e-01) (96, 7.12081119418144226074e-02) (97, -1.18862938880920410156e+00) (98, -7.66521513462066650391e-01) (99, -7.99351453781127929688e-01) (100, -6.22589051723480224609e-01) (101, -4.17503684759140014648e-01) (102, -6.94491446018218994141e-01) (103, 2.33244681358337402344e+00) (104, 2.42237710952758789062e+00) (0, -3.80627021789550781250e+01) (1, -3.31275314092636108398e-01) (2, 4.86472725868225097656e-01) (3, 2.12469911575317382812e+00) (4, 1.81896954774856567383e-01) (5, -5.56546449661254882812e-01) (6, 1.15593421459197998047e+00) (7, -7.20949292182922363281e-01) (8, 2.42653036117553710938e+00) (9, -4.63905893266201019287e-02) (10, 1.42205357551574707031e+00) (11, 7.07627773284912109375e-01) (12, -5.23655176162719726562e-01) (13, 1.12741053104400634766e+00) (14, 1.35737872123718261719e+00) (15, 4.05482470989227294922e-01) (16, -4.04801905155181884766e-01) (17, 9.08927321434020996094e-01) (18, -5.68766236305236816406e-01) (19, 1.24335616827011108398e-01) (20, 6.92859828472137451172e-01) (21, 6.19235515594482421875e-01) (22, -4.93345171213150024414e-01) (23, 3.04105575196444988251e-04) (24, -4.43378508090972900391e-01) (25, 1.00901797413825988770e-01) (26, 3.04015219211578369141e-01) (27, 4.85530570149421691895e-02) (28, 5.86048543453216552734e-01) (29, 2.32662744820117950439e-02) (30, 1.16943502426147460938e+00) (31, -4.19933915138244628906e-01) (32, -4.20888811349868774414e-01) (33, -4.68104362487792968750e-01) (34, 2.29697728157043457031e+00) (35, -4.69871193170547485352e-01) (36, 1.05747781693935394287e-01) (37, 7.39809036254882812500e-01) (38, 7.78648793697357177734e-01) (39, 3.90526577830314636230e-02) (40, -4.49385374784469604492e-01) (41, 2.68531918525695800781e+00) (42, 1.19982957839965820312e-01) (43, 1.51267319917678833008e-01) (44, 8.05161334574222564697e-03) (45, 2.46273994445800781250e+00) (46, 2.27573823928833007812e+00) (47, 9.18021321296691894531e-01) (48, -7.52474414184689521790e-03) (49, 5.69959640502929687500e-01) (50, 2.67275143414735794067e-03) (51, -5.28369188308715820312e-01) (52, 5.92006206512451171875e-01) (53, 2.05763912200927734375e+00) (54, 4.01035621762275695801e-02) (55, -3.77514171600341796875e+00) (56, 8.96456092596054077148e-02) (57, -2.24696755409240722656e+00) (58, 6.16020679473876953125e+00) (59, -5.01725971698760986328e-01) (60, 8.86119380593299865723e-02) (61, 2.44372963905334472656e-01) (62, -5.64766287803649902344e-01) (63, 1.69386863708496093750e-01) (64, -1.54304349422454833984e+00) (65, -7.83538166433572769165e-03) (66, 5.32558679580688476562e+00) (67, 3.20169305801391601562e+00) (68, -2.38183736801147460938e+00) (69, 1.10438024997711181641e+00) (70, 7.86111205816268920898e-02) (71, -5.39866626262664794922e-01) (72, 2.32376933097839355469e+00) (73, 2.72734498977661132812e+00) (74, 1.00637805461883544922e+00) (75, 6.37691557407379150391e-01) (76, 2.72896695137023925781e+00) (77, 5.01903938129544258118e-03) (78, 2.50537300109863281250e+00) (79, 7.12901973724365234375e+00) (80, 1.97155761718750000000e+00) (81, -3.28581213951110839844e-01) (82, -1.03385162353515625000e+00) (83, -3.25088930130004882812e+00) (84, 8.46179294586181640625e+00) (85, 3.01674628257751464844e+00) (86, 4.50322851538658142090e-02) (87, 5.97168028354644775391e-01) (88, 3.87821006774902343750e+00) (89, -1.44813776016235351562e-01) (90, 2.17026042938232421875e+00) (91, -9.36355054378509521484e-01) (92, -1.01268090307712554932e-01) (93, 2.23740315437316894531e+00) (94, 1.18170785903930664062e+00) (95, 1.12072253227233886719e+00) (96, -7.23797917366027832031e-01) (97, -2.55629801750183105469e+00) (98, -7.50873744487762451172e-01) (99, -1.18572068214416503906e+00) (100, 1.83792203664779663086e-01) (101, 3.12947440147399902344e+00) (102, -1.31848406791687011719e+00) (103, 5.16335391998291015625e+00) (104, 1.72354280948638916016e+00) (0, 6.48202331542968750000e+02) (1, 5.22709846496582031250e-01) (2, 8.58094632625579833984e-01) (3, -8.04681015014648437500e+01) (4, 7.24378451704978942871e-02) (5, 3.09788078069686889648e-01) (6, 4.46394830942153930664e-01) (7, 9.76638019084930419922e-01) (8, -1.22428929805755615234e+00) (9, -6.61082744598388671875e-01) (10, -4.09760322570800781250e+01) (11, -4.50771728515625000000e+02) (12, -7.50599622726440429688e-01) (13, -1.07022590637207031250e+01) (14, 3.49109500646591186523e-01) (15, -2.91462974548339843750e+01) (16, -3.49899482727050781250e+01) (17, -9.16847944259643554688e-01) (18, -7.60165452957153320312e-01) (19, -9.58018660545349121094e-01) (20, -4.58892911672592163086e-01) (21, -7.09497213363647460938e-01) (22, -7.04249799251556396484e-01) (23, -7.68237411975860595703e-01) (24, -3.00592392683029174805e-01) (25, -8.14505457878112792969e-01) (26, -7.32817351818084716797e-01) (27, -7.25935995578765869141e-01) (28, -5.88104248046875000000e-01) (29, -7.85065650939941406250e-01) (30, -8.12034904956817626953e-01) (31, -9.46459352970123291016e-01) (32, 1.41785532236099243164e-01) (33, -7.85867512226104736328e-01) (34, -8.37601602077484130859e-01) (35, -8.86163830757141113281e-01) (36, -8.22230279445648193359e-01) (37, -8.43102812767028808594e-01) (38, -1.10244202613830566406e+00) (39, -7.90866553783416748047e-01) (40, 7.34401106834411621094e-01) (41, -8.62439751625061035156e-01) (42, 4.20678406953811645508e-01) (43, -1.24021279811859130859e+00) (44, -8.71103703975677490234e-01) (45, -8.94650697708129882812e-01) (46, -1.38705673217773437500e+01) (47, -6.43669664859771728516e-01) (48, -9.27726328372955322266e-01) (49, -7.84032404422760009766e-01) (50, -8.67428123950958251953e-01) (51, -1.61883801221847534180e-01) (52, 3.44496816396713256836e-01) (53, -6.51375174522399902344e-01) (54, -8.42503666877746582031e-01) (55, -4.23105525970458984375e+00) (56, -8.09521734714508056641e-01) (57, -1.22308039665222167969e+00) (58, -1.38066192626953125000e+02) (59, -4.06019470214843750000e+02) (60, -1.15230965614318847656e+00) (61, -9.17705833911895751953e-01) (62, -6.91020011901855468750e-01) (63, -8.52816820144653320312e-01) (64, -8.43986606597900390625e+00) (65, -6.72488570213317871094e-01) (66, -5.29222726821899414062e+00) (67, 1.62877514958381652832e-01) (68, -6.94144308567047119141e-01) (69, -2.70200085639953613281e+00) (70, -7.08351969718933105469e-01) (71, -6.79134011268615722656e-01) (72, -5.21681666374206542969e-01) (73, -8.31475317478179931641e-01) (74, -8.15554022789001464844e-01) (75, 1.55035749077796936035e-01) (76, -5.78069508075714111328e-01) (77, -6.90477013587951660156e-01) (78, -8.76152992248535156250e-01) (79, -5.13053741455078125000e+01) (80, -1.86239128112792968750e+01) (81, -1.47286438941955566406e+00) (82, -1.44848346710205078125e-01) (83, -1.86936607360839843750e+01) (84, -9.32513999938964843750e+00) (85, -4.29379234313964843750e+01) (86, -6.95654869079589843750e-01) (87, -7.02701032161712646484e-01) (88, -4.63334999084472656250e+01) (89, -9.52218413352966308594e-01) (90, -1.27215976715087890625e+01) (91, -1.54218645095825195312e+01) (92, -7.65732645988464355469e-01) (93, -8.44730913639068603516e-01) (94, -9.80758726596832275391e-01) (95, -1.56103754043579101562e+00) (96, -5.97494661808013916016e-01) (97, -6.84422791004180908203e-01) (98, -1.01226174831390380859e+00) (99, -7.08805203437805175781e-01) (100, -9.43399906158447265625e-01) (101, -6.50766253471374511719e-01) (102, -3.76497656106948852539e-01) (103, 3.31399416923522949219e+00) (104, 2.80213689804077148438e+00) (0, -7.03262138366699218750e+00) (1, -4.84084224700927734375e+00) (2, -3.68922531604766845703e-01) (3, 5.86225414276123046875e+00) (4, -3.34636151790618896484e-01) (5, 1.28593623638153076172e+00) (6, 2.90819382667541503906e+00) (7, -3.59702587127685546875e+00) (8, -7.82144689559936523438e+00) (9, 2.64147311449050903320e-01) (10, 2.34522652626037597656e+00) (11, 5.14000535011291503906e-01) (12, -1.16225910186767578125e+00) (13, 3.57699108123779296875e+00) (14, -1.60257554054260253906e+00) (15, 2.20173692703247070312e+00) (16, 3.74022650718688964844e+00) (17, -2.49220561981201171875e+00) (18, 1.69226825237274169922e+00) (19, -1.98822170495986938477e-01) (20, 8.30657601356506347656e-01) (21, -2.49454110860824584961e-01) (22, 5.05096292495727539062e+00) (23, -3.19733738899230957031e-01) (24, 2.89671993255615234375e+00) (25, -9.76494121551513671875e+00) (26, -3.34957897663116455078e-01) (27, -9.49407398700714111328e-01) (28, 9.18474853038787841797e-01) (29, -3.87729430198669433594e+00) (30, 1.16673803329467773438e+00) (31, 1.20125019550323486328e+00) (32, 1.33411192893981933594e+00) (33, 1.17291890084743499756e-01) (34, -3.71376633644104003906e-01) (35, 2.38846555352210998535e-01) (36, 5.39616167545318603516e-01) (37, 1.19637861847877502441e-01) (38, 1.87400853633880615234e+00) (39, -5.43075370788574218750e+00) (40, 2.70125079154968261719e+00) (41, 2.90587830543518066406e+00) (42, 8.89834582805633544922e-01) (43, 5.53711473941802978516e-01) (44, 1.69287812709808349609e+00) (45, -4.35501432418823242188e+00) (46, 5.71827173233032226562e+00) (47, -1.03453469276428222656e+00) (48, 1.16760265827178955078e+00) (49, 6.86945796012878417969e-01) (50, 9.92837011814117431641e-01) (51, 1.66737401485443115234e+00) (52, 1.95525300502777099609e+00) (53, -1.81926894187927246094e+00) (54, 7.63467729091644287109e-01) (55, -1.82295560836791992188e+00) (56, -2.12372750043869018555e-01) (57, -3.19938206672668457031e+00) (58, 4.03292083740234375000e+00) (59, 2.11916232109069824219e+00) (60, -5.46188175678253173828e-01) (61, 8.06518569588661193848e-02) (62, 2.24993395805358886719e+00) (63, -1.02782309055328369141e+00) (64, 7.47064232826232910156e-01) (65, -2.95685142278671264648e-01) (66, -1.05074489116668701172e+00) (67, 3.58780074119567871094e+00) (68, 5.06820797920227050781e-01) (69, 3.27322888374328613281e+00) (70, -2.59874403476715087891e-01) (71, -4.26724791526794433594e-01) (72, 1.85659274458885192871e-01) (73, -3.95654153823852539062e+00) (74, 1.49618372321128845215e-01) (75, 3.09315741062164306641e-01) (76, -2.48200988769531250000e+00) (77, -1.42389014363288879395e-01) (78, -3.63586711883544921875e+00) (79, 8.32191848754882812500e+00) (80, 3.27321267127990722656e+00) (81, -1.10668145120143890381e-01) (82, -4.20462608337402343750e-01) (83, 1.23748373985290527344e+00) (84, 2.27290451526641845703e-01) (85, -2.75763106346130371094e+00) (86, -5.80888211727142333984e-01) (87, -4.80395466089248657227e-01) (88, 1.93874633312225341797e+00) (89, 1.76763260364532470703e+00) (90, 7.29072332382202148438e-01) (91, -2.52405595779418945312e+00) (92, 2.10984423756599426270e-01) (93, 2.78696656227111816406e-01) (94, -4.89848226308822631836e-01) (95, -6.46454036235809326172e-01) (96, -3.64074647426605224609e-01) (97, 8.19173514842987060547e-01) (98, 1.47765472531318664551e-01) (99, 7.53433167934417724609e-01) (100, -3.98230940103530883789e-01) (101, 4.35555260628461837769e-03) (102, 1.89103507995605468750e+00) (103, 4.28147256374359130859e-01) (104, 2.34241676330566406250e+00) (0, -2.71232771873474121094e+00) (1, 4.86705636978149414062e+00) (2, 1.70101952552795410156e+00) (3, -2.60076498985290527344e+00) (4, 1.82796919345855712891e+00) (5, 2.00552916526794433594e+00) (6, 8.62480998039245605469e-01) (7, 1.61744749546051025391e+00) (8, 6.21196329593658447266e-01) (9, 1.28320527076721191406e+00) (10, 1.64221489429473876953e+00) (11, -3.97670343518257141113e-02) (12, 7.83849775791168212891e-01) (13, 6.71827256679534912109e-01) (14, 9.69735801219940185547e-01) (15, 6.49728894233703613281e-01) (16, 5.78406155109405517578e-01) (17, 7.71195232868194580078e-01) (18, 1.32512772083282470703e+00) (19, 7.77343273162841796875e-01) (20, 1.64032483100891113281e+00) (21, 7.76677787303924560547e-01) (22, 1.39422976970672607422e+00) (23, 5.96743524074554443359e-01) (24, 8.08002710342407226562e-01) (25, 1.49110209941864013672e+00) (26, 8.07253897190093994141e-01) (27, 1.16695928573608398438e+00) (28, 1.22087860107421875000e+00) (29, 1.25953817367553710938e+00) (30, 5.88873147964477539062e-01) (31, 1.29289853572845458984e+00) (32, 1.03466582298278808594e+00) (33, 1.17378592491149902344e+00) (34, 5.81565022468566894531e-01) (35, 6.28100454807281494141e-01) (36, 1.81767570972442626953e+00) (37, 6.27297639846801757812e-01) (38, -4.62756252288818359375e+00) (39, 2.44123864173889160156e+00) (40, 1.14243149757385253906e+00) (41, 1.48289167881011962891e+00) (42, 7.13920652866363525391e-01) (43, 8.03703725337982177734e-01) (44, 2.00274324417114257812e+00) (45, 4.92157757282257080078e-01) (46, 5.82546591758728027344e-01) (47, 9.12778198719024658203e-01) (48, 8.71995627880096435547e-01) (49, 7.69348204135894775391e-01) (50, 8.01943063735961914062e-01) (51, 9.83521759510040283203e-01) (52, 1.48681700229644775391e+00) (53, 1.58180654048919677734e+00) (54, 3.16944330930709838867e-01) (55, -6.82987117767333984375e+00) (56, 1.39899122714996337891e+00) (57, -1.79533100128173828125e+01) (58, -6.19426155090332031250e+00) (59, -1.12074661254882812500e+01) (60, 5.46780407428741455078e-01) (61, -5.79357290267944335938e+00) (62, 7.56589114665985107422e-01) (63, 5.79106569290161132812e-01) (64, 6.75797045230865478516e-01) (65, 1.75844967365264892578e+00) (66, -1.50657474994659423828e-01) (67, 1.94192063808441162109e+00) (68, 1.68435171246528625488e-01) (69, 4.43532764911651611328e-01) (70, 1.24785983562469482422e+00) (71, 8.64190459251403808594e-01) (72, 7.94519484043121337891e-01) (73, 9.93619632720947265625e+00) (74, 9.41984593868255615234e-01) (75, 1.61898863315582275391e+00) (76, -6.16158366203308105469e-01) (77, 2.31456446647644042969e+00) (78, 1.48203897476196289062e+00) (79, -9.04141664505004882812e-01) (80, 1.05222833156585693359e+00) (81, 1.42929184436798095703e+00) (82, 5.76414537429809570312e+00) (83, 6.99986577033996582031e-01) (84, 3.15934729576110839844e+00) (85, 4.29034590721130371094e-01) (86, 8.09166610240936279297e-01) (87, -1.21493542194366455078e+00) (88, -2.70625710487365722656e+00) (89, 6.82310342788696289062e-01) (90, 6.11281931400299072266e-01) (91, 4.69315975904464721680e-01) (92, 7.05844223499298095703e-01) (93, 2.44991254806518554688e+00) (94, 6.81916117668151855469e-01) (95, -5.06881296634674072266e-01) (96, 3.44004416465759277344e+00) (97, 8.62706363201141357422e-01) (98, -3.48119646310806274414e-01) (99, 6.86609804630279541016e-01) (100, 5.65982997417449951172e-01) (101, 1.96414434909820556641e+00) (102, 2.67683148384094238281e+00) (103, 5.90710282325744628906e-01) (104, 1.28646326065063476562e+00) (0, -4.15761596679687500000e+02) (1, 3.37880253791809082031e-01) (2, 4.57507818937301635742e-01) (3, 3.91771278381347656250e+01) (4, 1.13347315788269042969e+00) (5, 1.36483144760131835938e+00) (6, 5.88213860988616943359e-01) (7, 9.72767248749732971191e-02) (8, -7.00311422348022460938e-01) (9, 1.78549480438232421875e+00) (10, 9.27145767211914062500e+00) (11, 1.36847991943359375000e+02) (12, 2.01200985908508300781e+00) (13, 3.79597830772399902344e+00) (14, 9.90507543087005615234e-01) (15, 4.60663223266601562500e+00) (16, 4.61857700347900390625e+00) (17, 2.09903025627136230469e+00) (18, 1.91334044933319091797e+00) (19, 2.26433110237121582031e+00) (20, 1.85382711887359619141e+00) (21, 1.76160454750061035156e+00) (22, 2.69306278228759765625e+00) (23, 2.10171151161193847656e+00) (24, 1.34247589111328125000e+00) (25, 1.91440403461456298828e+00) (26, 1.96978998184204101562e+00) (27, 2.11435031890869140625e+00) (28, 1.90758955478668212891e+00) (29, 2.00551342964172363281e+00) (30, 2.12218093872070312500e+00) (31, 2.19445133209228515625e+00) (32, 1.72197043895721435547e+00) (33, 1.99383282661437988281e+00) (34, 2.05788731575012207031e+00) (35, 2.11516523361206054688e+00) (36, 2.13913321495056152344e+00) (37, 2.02891564369201660156e+00) (38, -2.05194616317749023438e+00) (39, 2.14273142814636230469e+00) (40, 3.84802669286727905273e-01) (41, 2.00268411636352539062e+00) (42, 8.82465958595275878906e-01) (43, 2.62790203094482421875e+00) (44, 1.91271698474884033203e+00) (45, 2.75258946418762207031e+00) (46, 5.41253519058227539062e+00) (47, -2.77755069732666015625e+00) (48, 3.46357917785644531250e+00) (49, 2.10781717300415039062e+00) (50, 2.63958954811096191406e+00) (51, 1.47220885753631591797e+00) (52, 8.78016531467437744141e-01) (53, 2.49566531181335449219e+00) (54, 2.48864793777465820312e+00) (55, 5.99850082397460937500e+00) (56, 2.06609940528869628906e+00) (57, -1.54959046840667724609e+00) (58, 1.77531951904296875000e+02) (59, 5.14353418350219726562e+00) (60, 2.20121407508850097656e+00) (61, 2.44268727302551269531e+00) (62, 1.97327041625976562500e+00) (63, 2.06577253341674804688e+00) (64, 1.62042772769927978516e+00) (65, 2.04149174690246582031e+00) (66, 2.83351755142211914062e+00) (67, 1.38957834243774414062e+00) (68, 1.76659631729125976562e+00) (69, 2.42344760894775390625e+00) (70, 1.94601666927337646484e+00) (71, 2.06925988197326660156e+00) (72, 1.77646541595458984375e+00) (73, 1.32018256187438964844e+00) (74, 2.02522540092468261719e+00) (75, 1.51004314422607421875e+00) (76, 1.89139866828918457031e+00) (77, 1.98394894599914550781e+00) (78, 2.54321026802062988281e+00) (79, 9.46856155395507812500e+01) (80, 7.38668537139892578125e+00) (81, 2.33109641075134277344e+00) (82, 1.44189047813415527344e+00) (83, 1.15275764465332031250e+01) (84, 2.54166340827941894531e+00) (85, 1.70649223327636718750e+01) (86, 2.09497117996215820312e+00) (87, 1.91621136665344238281e+00) (88, 6.95847244262695312500e+01) (89, 2.24469566345214843750e+00) (90, 2.65165424346923828125e+00) (91, 3.69145298004150390625e+00) (92, 2.03100347518920898438e+00) (93, 2.02718472480773925781e+00) (94, 2.20409345626831054688e+00) (95, 2.27467846870422363281e+00) (96, 1.29581272602081298828e+00) (97, 2.11448121070861816406e+00) (98, 2.04813265800476074219e+00) (99, 2.03092741966247558594e+00) (100, 2.19813585281372070312e+00) (101, 2.00746226310729980469e+00) (102, 2.19280958175659179688e+00) (103, 6.95642352104187011719e-01) (104, -1.80047571659088134766e-01) (0, -8.12238407135009765625e+00) (1, -8.03589105606079101562e-01) (2, 3.03464365005493164062e+00) (3, 1.19111979007720947266e+00) (4, 1.40145599842071533203e+00) (5, 1.19778358936309814453e+00) (6, 8.39151859283447265625e-01) (7, -1.89750170707702636719e+00) (8, 2.80925840139389038086e-01) (9, -4.00837421417236328125e-01) (10, 1.98592627048492431641e+00) (11, -4.52848911285400390625e+00) (12, -2.29256898164749145508e-01) (13, 4.96278572082519531250e+00) (14, -4.74053651094436645508e-01) (15, -1.34562695026397705078e+00) (16, 3.10624194145202636719e+00) (17, 9.16923427581787109375e+00) (18, -9.68677222728729248047e-01) (19, 6.04755282402038574219e-01) (20, -4.16607320308685302734e-01) (21, 9.25987780094146728516e-01) (22, 3.64201688766479492188e+00) (23, 1.25845670700073242188e+00) (24, -4.10416603088378906250e+00) (25, 3.06483745574951171875e+00) (26, -1.96132707595825195312e+00) (27, 4.34492540359497070312e+00) (28, -3.81025648117065429688e+00) (29, 8.68473112583160400391e-01) (30, 3.73456883430480957031e+00) (31, 2.47349166870117187500e+00) (32, -1.78253829479217529297e+00) (33, 3.18534278869628906250e+00) (34, 1.76973307132720947266e+00) (35, 4.46508914232254028320e-01) (36, 4.66726732254028320312e+00) (37, 3.70987564325332641602e-01) (38, -1.69608592987060546875e+00) (39, 1.94218683242797851562e+00) (40, 1.85085490345954895020e-01) (41, 1.91425502300262451172e+00) (42, -4.12814646959304809570e-01) (43, 1.41482412815093994141e+00) (44, -2.02052521705627441406e+00) (45, 2.23782703280448913574e-01) (46, 2.90748667716979980469e+00) (47, 7.72405052185058593750e+00) (48, 1.89685714244842529297e+00) (49, 5.93381643295288085938e+00) (50, 3.59271693229675292969e+00) (51, 2.26883387565612792969e+00) (52, 2.57117003202438354492e-01) (53, -6.62500429153442382812e+00) (54, -5.18297612667083740234e-01) (55, -4.30534124374389648438e+00) (56, 1.81831991672515869141e+00) (57, -7.06299352645874023438e+00) (58, -9.11976397037506103516e-01) (59, -8.13075828552246093750e+00) (60, 7.09763586521148681641e-01) (61, -5.25590419769287109375e-01) (62, 8.24041664600372314453e-01) (63, -3.99780809879302978516e-01) (64, 7.38793194293975830078e-01) (65, -2.06844851374626159668e-01) (66, -3.78722906112670898438e-01) (67, 1.05388307571411132812e+00) (68, 1.02066850662231445312e+00) (69, -5.20116746425628662109e-01) (70, -2.60110586881637573242e-01) (71, -2.45757699012756347656e-01) (72, 7.06547498703002929688e-01) (73, 1.46623957157135009766e+00) (74, 7.71679997444152832031e-01) (75, 8.58596384525299072266e-01) (76, 8.72698545455932617188e-01) (77, -3.71328383684158325195e-01) (78, 7.75858879089355468750e-01) (79, 2.51871436834335327148e-01) (80, 1.76869893074035644531e+00) (81, 1.79436516761779785156e+00) (82, 7.88669764995574951172e-01) (83, 7.64227867126464843750e-01) (84, 5.90367794036865234375e-01) (85, 1.67998230457305908203e+00) (86, 6.60140991210937500000e-01) (87, 7.47708499431610107422e-01) (88, -6.74094557762145996094e-02) (89, 5.87236046791076660156e-01) (90, -3.90919268131256103516e-01) (91, 5.75592041015625000000e-01) (92, -2.08992257714271545410e-01) (93, 8.82791459560394287109e-01) (94, -2.95572757720947265625e-01) (95, 8.33280861377716064453e-01) (96, 4.96694892644882202148e-01) (97, 8.43750774860382080078e-01) (98, -3.42274576425552368164e-01) (99, 7.87436246871948242188e-01) (100, -3.04856240749359130859e-01) (101, 8.81856560707092285156e-01) (102, 1.13224506378173828125e+00) (103, 1.99438786506652832031e+00) (104, 2.35293507575988769531e+00) (0, -1.57391033172607421875e+01) (1, 1.31346118450164794922e+00) (2, 8.97702038288116455078e-01) (3, 2.92934507131576538086e-01) (4, 8.42721760272979736328e-01) (5, 1.07156252861022949219e+00) (6, -3.74351859092712402344e-01) (7, 1.41886198520660400391e+00) (8, -1.45862913131713867188e+00) (9, -2.57728427648544311523e-01) (10, 6.17432355880737304688e-01) (11, 2.05461072921752929688e+00) (12, -6.76182687282562255859e-01) (13, 3.50269651412963867188e+00) (14, 2.63721853494644165039e-01) (15, -6.35520040988922119141e-01) (16, -4.97726500034332275391e-01) (17, -1.44929838180541992188e+00) (18, -2.55373507738113403320e-01) (19, -5.67997336387634277344e-01) (20, 2.18285679817199707031e+00) (21, -1.59802615642547607422e-01) (22, 1.30046486854553222656e+00) (23, -2.07914143800735473633e-01) (24, -7.20508277416229248047e-01) (25, -1.92566469311714172363e-01) (26, 5.14769554138183593750e-01) (27, -6.46592199802398681641e-01) (28, 1.22322225570678710938e+00) (29, -6.61859154701232910156e-01) (30, -4.35082793235778808594e-01) (31, -6.87813460826873779297e-01) (32, -6.15449965000152587891e-01) (33, 4.69213008880615234375e-01) (34, 4.11159515380859375000e+00) (35, -5.23892343044281005859e-01) (36, 5.40738821029663085938e-01) (37, -8.72955322265625000000e-01) (38, -9.05784010887145996094e-01) (39, -6.65246188640594482422e-01) (40, -8.55871379375457763672e-01) (41, -6.99993371963500976562e-02) (42, 9.24944937229156494141e-01) (43, -1.11389979720115661621e-01) (44, -1.52740210294723510742e-01) (45, -6.21519744396209716797e-01) (46, -9.51848268508911132812e-01) (47, -6.08668446540832519531e-01) (48, -7.64448583126068115234e-01) (49, -6.73532128334045410156e-01) (50, -7.09603548049926757812e-01) (51, -6.03295862674713134766e-01) (52, -7.96437025070190429688e-01) (53, -4.40201252698898315430e-01) (54, 8.01817178726196289062e-01) (55, -8.66681766510009765625e+00) (56, 4.18812894821166992188e+00) (57, -3.33290195465087890625e+00) (58, 3.71836423873901367188e-02) (59, 6.66322040557861328125e+00) (60, -4.16796505451202392578e-01) (61, -1.62753832340240478516e+00) (62, -8.05495977401733398438e-01) (63, 1.04290526360273361206e-02) (64, 2.27631354331970214844e+00) (65, 8.51425826549530029297e-01) (66, 3.65033507347106933594e+00) (67, 8.62753331661224365234e-01) (68, 2.24626755714416503906e+00) (69, 8.11096191406250000000e-01) (70, 8.26762378215789794922e-01) (71, 2.51032799482345581055e-01) (72, -4.49945062398910522461e-01) (73, -1.64686131477355957031e+00) (74, -7.52035737037658691406e-01) (75, 1.42583191394805908203e+00) (76, 2.28117036819458007812e+00) (77, -2.99197733402252197266e-01) (78, 1.97366189956665039062e+00) (79, -6.63744354248046875000e+00) (80, 4.40410518646240234375e+00) (81, 1.83382976055145263672e+00) (82, 1.87785136699676513672e+00) (83, 4.82277584075927734375e+00) (84, 5.31371164321899414062e+00) (85, -1.64329862594604492188e+00) (86, -3.79723757505416870117e-01) (87, 1.43627679347991943359e+00) (88, 4.26920795440673828125e+00) (89, 1.82931363582611083984e+00) (90, 3.72351264953613281250e+00) (91, 2.26012635231018066406e+00) (92, 1.27147698402404785156e+00) (93, 3.83252406120300292969e+00) (94, -6.62446796894073486328e-01) (95, -3.20704340934753417969e-01) (96, 2.60718673467636108398e-01) (97, -5.55709552764892578125e+00) (98, 4.83060169219970703125e+00) (99, -4.75083732604980468750e+00) (100, -1.77356374263763427734e+00) (101, 1.58095109462738037109e+00) (102, 1.72770237922668457031e+00) (103, 6.33253276348114013672e-01) (104, 2.30663108825683593750e+00) (0, -2.73999900817871093750e+01) (1, -2.47358009219169616699e-01) (2, 1.93375921249389648438e+00) (3, -1.76796364784240722656e+00) (4, 1.24340295791625976562e+00) (5, 1.38127654790878295898e-01) (6, 1.44131016731262207031e+00) (7, 8.89308691024780273438e-01) (8, -7.30170822143554687500e+00) (9, 1.27394318580627441406e+00) (10, 3.17477464675903320312e+00) (11, 6.64764106273651123047e-01) (12, 7.90064632892608642578e-01) (13, -5.92725127935409545898e-02) (14, 1.73198282718658447266e+00) (15, 6.28531599044799804688e+00) (16, 4.38500165939331054688e-01) (17, 6.10229253768920898438e-01) (18, 2.92021799087524414062e+00) (19, -3.97622376680374145508e-01) (20, -2.37225675582885742188e+00) (21, 4.00702333450317382812e+00) (22, 5.72512388229370117188e+00) (23, -8.63426268100738525391e-01) (24, 2.09097579121589660645e-01) (25, 1.61018800735473632812e+00) (26, -5.11254405975341796875e+00) (27, 1.43390727043151855469e+00) (28, -9.93514358997344970703e-01) (29, 2.35109949111938476562e+00) (30, 1.32916712760925292969e+00) (31, -1.85656833648681640625e+00) (32, 3.30715703964233398438e+00) (33, -1.51040971279144287109e+00) (34, 5.75673103332519531250e+00) (35, -9.63130950927734375000e-01) (36, -8.61286103725433349609e-01) (37, -8.41524600982666015625e-01) (38, 2.22027325630187988281e+00) (39, -1.10866367816925048828e+00) (40, -4.28042700514197349548e-03) (41, 2.80105948448181152344e+00) (42, 1.32963037490844726562e+00) (43, 1.03679347038269042969e+00) (44, 1.02334711700677871704e-02) (45, -1.04783689975738525391e+00) (46, -2.65148639678955078125e+00) (47, 1.35132884979248046875e+00) (48, 2.24650979042053222656e+00) (49, -1.77941954135894775391e+00) (50, 2.72150444984436035156e+00) (51, 1.34786808490753173828e+00) (52, -5.32299503684043884277e-02) (53, 8.49452078342437744141e-01) (54, 8.67690742015838623047e-01) (55, 9.32863771915435791016e-01) (56, 2.53836572170257568359e-01) (57, -3.27007949352264404297e-01) (58, 7.22582399845123291016e-01) (59, -5.87396621704101562500e-01) (60, -5.11670053005218505859e-01) (61, -4.45276379585266113281e-01) (62, 3.21825563907623291016e-01) (63, -4.83510524034500122070e-01) (64, -1.41238525509834289551e-01) (65, 1.37476885318756103516e+00) (66, -7.32763350009918212891e-01) (67, 2.54087090492248535156e-01) (68, 9.15778875350952148438e-01) (69, -2.38379426300525665283e-02) (70, 1.22978842258453369141e+00) (71, 5.92039942741394042969e-01) (72, 1.29120492935180664062e+00) (73, -5.67135393619537353516e-01) (74, 5.26818484067916870117e-02) (75, 2.90017090737819671631e-02) (76, 4.35325920581817626953e-01) (77, 2.33784943819046020508e-01) (78, -3.39432716369628906250e-01) (79, -7.93857201933860778809e-02) (80, -3.25088314712047576904e-02) (81, 1.42469406127929687500e-01) (82, 2.86243617534637451172e-01) (83, -3.46191495656967163086e-01) (84, 1.29375457763671875000e+00) (85, 6.75714373588562011719e-01) (86, -2.60604768991470336914e-01) (87, 3.73110711574554443359e-01) (88, 1.18532299995422363281e+00) (89, -2.96978622674942016602e-01) (90, 1.36522960662841796875e+00) (91, -5.53136408329010009766e-01) (92, -1.78831219673156738281e-01) (93, 3.25886905193328857422e-01) (94, 1.59301280975341796875e-01) (95, 1.33815145492553710938e+00) (96, 1.02167439460754394531e+00) (97, 7.66347646713256835938e-01) (98, 7.97188103199005126953e-01) (99, 1.74308389425277709961e-01) (100, -4.17571812868118286133e-01) (101, 1.19780111312866210938e+00) (102, 1.50708198547363281250e+00) (103, 1.76549541950225830078e+00) (104, 1.61892104148864746094e+00) (0, 1.05797775268554687500e+02) (1, 5.65843522548675537109e-01) (2, -6.85240775346755981445e-02) (3, -2.05177707672119140625e+01) (4, 2.18800172209739685059e-01) (5, 4.08957749605178833008e-01) (6, -5.65565526485443115234e-01) (7, 9.46743041276931762695e-02) (8, -3.34367096424102783203e-01) (9, 4.25727128982543945312e+00) (10, -1.69574661254882812500e+01) (11, -7.89258193969726562500e+01) (12, -7.85373508930206298828e-01) (13, -4.43323612213134765625e+00) (14, -8.43989908695220947266e-01) (15, -1.27172899246215820312e+01) (16, -1.49501276016235351562e+01) (17, -8.59311342239379882812e-01) (18, -5.97288906574249267578e-01) (19, -6.51872813701629638672e-01) (20, -5.66817820072174072266e-01) (21, -4.88454341888427734375e-01) (22, -7.70341694355010986328e-01) (23, -7.00366437435150146484e-01) (24, -2.11636930704116821289e-01) (25, -6.67360782623291015625e-01) (26, -9.11652088165283203125e-01) (27, -8.04534673690795898438e-01) (28, -6.33423030376434326172e-01) (29, -9.60250854492187500000e-01) (30, -8.70205223560333251953e-01) (31, -8.82589280605316162109e-01) (32, -4.30899918079376220703e-01) (33, -5.94449877738952636719e-01) (34, -8.53541135787963867188e-01) (35, -7.32179045677185058594e-01) (36, -5.84918141365051269531e-01) (37, -8.89989435672760009766e-01) (38, -1.07001554965972900391e+00) (39, -9.42582011222839355469e-01) (40, -4.64771330356597900391e-01) (41, -9.17289018630981445312e-01) (42, 3.12477678060531616211e-01) (43, -1.35370707511901855469e+00) (44, -6.01414680480957031250e-01) (45, -1.00386452674865722656e+00) (46, -2.64489044189453125000e+02) (47, -6.82774126529693603516e-01) (48, -7.38662838935852050781e-01) (49, -9.06867504119873046875e-01) (50, -7.07236230373382568359e-01) (51, -1.50954350829124450684e-01) (52, -7.78958976268768310547e-01) (53, -7.22950935363769531250e-01) (54, -7.19753444194793701172e-01) (55, -3.83106493949890136719e+00) (56, -7.21125066280364990234e-01) (57, -9.74448621273040771484e-01) (58, -1.96755809783935546875e+01) (59, -4.07950744628906250000e+01) (60, -9.93011713027954101562e-01) (61, -8.39725136756896972656e-01) (62, -6.64685428142547607422e-01) (63, -7.72881865501403808594e-01) (64, -2.57330447435379028320e-01) (65, -8.46652925014495849609e-01) (66, -3.46916675567626953125e+00) (67, 3.54875177145004272461e-01) (68, -7.69634902477264404297e-01) (69, -1.29363226890563964844e+00) (70, -7.50414609909057617188e-01) (71, -8.39950025081634521484e-01) (72, 1.36822298169136047363e-01) (73, -7.53008604049682617188e-01) (74, -2.58715778589248657227e-01) (75, -7.75175333023071289062e-01) (76, -5.05859375000000000000e-01) (77, -6.97494685649871826172e-01) (78, -8.80575001239776611328e-01) (79, -1.27337923049926757812e+01) (80, -7.06217288970947265625e+00) (81, -1.26461446285247802734e+00) (82, -9.47588145732879638672e-01) (83, -7.16387367248535156250e+00) (84, -1.18191456794738769531e+00) (85, -5.18306732177734375000e+00) (86, -8.67925047874450683594e-01) (87, -6.78187966346740722656e-01) (88, -6.75125789642333984375e+00) (89, -7.88243651390075683594e-01) (90, -2.54560160636901855469e+00) (91, -3.18428015708923339844e+00) (92, -8.29865753650665283203e-01) (93, -6.86546027660369873047e-01) (94, -8.94547224044799804688e-01) (95, -8.77894997596740722656e-01) (96, -1.29643470048904418945e-01) (97, -8.41305792331695556641e-01) (98, -8.21450948715209960938e-01) (99, -8.69280695915222167969e-01) (100, -8.77584934234619140625e-01) (101, -6.96695327758789062500e-01) (102, -2.06600561738014221191e-01) (103, 3.28721785545349121094e+00) (104, 2.74637746810913085938e+00) (0, 2.02704882621765136719e+00) (1, 3.48645472526550292969e+00) (2, -2.29606533050537109375e+00) (3, 8.58919739723205566406e-01) (4, 5.46709001064300537109e-01) (5, -6.89911603927612304688e+00) (6, 4.02339696884155273438e+00) (7, -1.89315283298492431641e+00) (8, 1.11444163322448730469e+00) (9, 1.44064247608184814453e+00) (10, -1.58375203609466552734e-01) (11, 2.98806977272033691406e+00) (12, -5.71653068065643310547e-01) (13, -2.68917703628540039062e+00) (14, 1.01008641719818115234e+00) (15, 1.54554462432861328125e+00) (16, 7.71174371242523193359e-01) (17, -1.81092143058776855469e+00) (18, -1.03271543979644775391e+00) (19, 1.31991431117057800293e-01) (20, -3.02243280410766601562e+00) (21, -1.09810970723628997803e-01) (22, -4.17321729660034179688e+00) (23, 1.79787591099739074707e-01) (24, -2.05401325225830078125e+00) (25, 3.21093654632568359375e+00) (26, 2.20379471778869628906e+00) (27, 1.52673375606536865234e+00) (28, -2.42145991325378417969e+00) (29, -4.18362569808959960938e+00) (30, -4.16506648063659667969e-01) (31, -1.34394454956054687500e+00) (32, 1.09543979167938232422e+00) (33, 5.92901587486267089844e-01) (34, 2.71384024620056152344e+00) (35, -5.38088500499725341797e-01) (36, -4.23843050003051757812e+00) (37, -1.89694035053253173828e+00) (38, 3.61345958709716796875e+00) (39, 1.24400019645690917969e+00) (40, -1.29895281791687011719e+00) (41, 6.32549226284027099609e-01) (42, 9.32376325130462646484e-01) (43, 2.32141876220703125000e+00) (44, 1.50612652301788330078e+00) (45, -3.52820873260498046875e-01) (46, -1.41017422080039978027e-01) (47, 7.17344880104064941406e-01) (48, -5.91731131076812744141e-01) (49, -1.99528113007545471191e-01) (50, -2.81843519210815429688e+00) (51, -2.88269877433776855469e+00) (52, 1.55367326736450195312e+00) (53, 2.81284999847412109375e+00) (54, 2.12165370583534240723e-01) (55, 2.17519259452819824219e+00) (56, 2.13173246383666992188e+00) (57, -7.12397694587707519531e-01) (58, 3.38098436594009399414e-01) (59, -1.15024960041046142578e+00) (60, -7.85311639308929443359e-01) (61, -1.40166163444519042969e+00) (62, -6.20725035667419433594e-01) (63, -6.57517313957214355469e-01) (64, -1.55272901058197021484e-01) (65, 8.24193004518747329712e-03) (66, -1.78465709090232849121e-01) (67, 1.42961609363555908203e+00) (68, -1.61213085055351257324e-01) (69, -6.60901427268981933594e-01) (70, 9.52773690223693847656e-01) (71, 7.49886095523834228516e-01) (72, -1.26708948612213134766e+00) (73, -8.70640695095062255859e-01) (74, -8.46212983131408691406e-01) (75, -6.35580778121948242188e-01) (76, -1.41036176681518554688e+00) (77, 3.94019275903701782227e-01) (78, -6.54324531555175781250e-01) (79, -6.37756347656250000000e-01) (80, 4.64709371328353881836e-01) (81, 1.54462659358978271484e+00) (82, 4.46826726198196411133e-01) (83, -6.99212789535522460938e-01) (84, 2.93811112642288208008e-01) (85, 1.64541220664978027344e+00) (86, 3.70493888854980468750e-01) (87, 5.76303243637084960938e-01) (88, -7.49004304409027099609e-01) (89, 2.59268671274185180664e-01) (90, -6.39575719833374023438e-01) (91, 4.41771447658538818359e-01) (92, -5.92435657978057861328e-01) (93, 5.30440211296081542969e-01) (94, -7.98509061336517333984e-01) (95, -7.21481978893280029297e-01) (96, -3.67351233959197998047e-01) (97, 3.46568912267684936523e-01) (98, -7.12971627712249755859e-01) (99, 3.78259807825088500977e-01) (100, -6.14136397838592529297e-01) (101, 3.18865418434143066406e-01) (102, 6.31434977054595947266e-01) (103, 1.44952523708343505859e+00) (104, 2.39851260185241699219e+00) (0, 6.30037486553192138672e-01) (1, 6.53124392032623291016e-01) (2, -6.82661414146423339844e-01) (3, -3.70420590043067932129e-02) (4, -1.97159517556428909302e-02) (5, -1.91111639142036437988e-01) (6, -6.09073162078857421875e-01) (7, 8.87033581733703613281e-01) (8, 2.31822937726974487305e-01) (9, 4.85085070133209228516e-01) (10, 2.22991180419921875000e+00) (11, 1.02691888809204101562e+00) (12, 5.46852052211761474609e-01) (13, -9.90366116166114807129e-02) (14, 4.73197788000106811523e-01) (15, 6.71844422817230224609e-01) (16, 5.89573800563812255859e-01) (17, -8.19901168346405029297e-01) (18, -2.88177818059921264648e-01) (19, -2.98664420843124389648e-01) (20, -7.90788948535919189453e-01) (21, -2.52373957633972167969e+00) (22, 4.98524785041809082031e-01) (23, 1.50347232818603515625e-01) (24, -7.16370761394500732422e-01) (25, 3.38254481554031372070e-01) (26, 1.07692551612854003906e+00) (27, 5.87926506996154785156e-01) (28, -7.26894319057464599609e-01) (29, -1.86152946949005126953e+00) (30, -4.10720527172088623047e-01) (31, 4.37586277723312377930e-01) (32, -3.74192893505096435547e-01) (33, 4.07585680484771728516e-01) (34, -1.71203449368476867676e-01) (35, 5.39827108383178710938e-01) (36, -8.48579823970794677734e-01) (37, 6.97069585323333740234e-01) (38, 9.23431634902954101562e-01) (39, -3.61438423395156860352e-01) (40, -6.87997758388519287109e-01) (41, -1.57407224178314208984e-01) (42, -5.68866074085235595703e-01) (43, 4.79824185371398925781e-01) (44, -1.07898719608783721924e-01) (45, 5.76546907424926757812e-01) (46, 1.82904338836669921875e+00) (47, 6.69234812259674072266e-01) (48, 2.56972908973693847656e-01) (49, -1.89265653491020202637e-01) (50, 8.49491953849792480469e-01) (51, 6.57573461532592773438e-01) (52, -7.04858958721160888672e-01) (53, 6.34209141135215759277e-02) (54, 9.36347186565399169922e-01) (55, -2.89280056953430175781e-01) (56, -6.36542558670043945312e-01) (57, 1.11140513420104980469e+00) (58, 2.39161252975463867188e+00) (59, -4.11346673965454101562e-01) (60, -4.54275995492935180664e-01) (61, 1.10836498439311981201e-01) (62, -6.78166449069976806641e-02) (63, 7.50512361526489257812e-01) (64, -6.17795944213867187500e-01) (65, -1.85101591050624847412e-02) (66, -6.13308012485504150391e-01) (67, 9.84767198562622070312e-01) (68, -5.83918929100036621094e-01) (69, 1.16059279441833496094e+00) (70, -8.25761795043945312500e-01) (71, 2.92542397975921630859e-01) (72, -7.04738020896911621094e-01) (73, -1.25918114185333251953e+00) (74, -9.09403562545776367188e-01) (75, 3.42268139123916625977e-01) (76, -1.03057718276977539062e+00) (77, -3.76880854368209838867e-01) (78, -5.02135992050170898438e-01) (79, -8.77345260232686996460e-03) (80, -1.72316932678222656250e+00) (81, 8.17687451839447021484e-01) (82, 2.99222290515899658203e-01) (83, -7.37039864063262939453e-01) (84, 6.82921826839447021484e-01) (85, 8.03781509399414062500e-01) (86, 6.47788941860198974609e-01) (87, -6.70224487781524658203e-01) (88, 1.04129515588283538818e-01) (89, 5.13888299465179443359e-01) (90, 5.57570338249206542969e-01) (91, 8.50765824317932128906e-01) (92, -7.88536846637725830078e-01) (93, -6.75274908542633056641e-01) (94, -1.69639676809310913086e-01) (95, -5.70423603057861328125e-01) (96, -8.27573180198669433594e-01) (97, 7.24401891231536865234e-01) (98, 1.83295631408691406250e+00) (99, -2.04950734972953796387e-01) (100, 9.22122478485107421875e-01) (101, -5.90899646282196044922e-01) (102, 9.13637161254882812500e-01) (103, 1.88068807125091552734e+00) (104, 2.59150314331054687500e+00) (0, 5.02331314086914062500e+01) (1, 8.87225914001464843750e+00) (2, 9.68927001953125000000e+00) (3, 7.93688344955444335938e+00) (4, -6.97025358676910400391e-01) (5, -1.49270638823509216309e-01) (6, -2.51340597867965698242e-01) (7, -1.28942489624023437500e+00) (8, 5.19960117340087890625e+00) (9, -3.74028831720352172852e-01) (10, 8.95945072174072265625e-01) (11, 6.77252411842346191406e-01) (12, -4.65280950069427490234e-01) (13, -4.76517248153686523438e+00) (14, -4.12489175796508789062e-01) (15, -3.55220168828964233398e-01) (16, -7.54905581474304199219e-01) (17, 6.70804560184478759766e-01) (18, -9.74389493465423583984e-01) (19, -4.51952040195465087891e-01) (20, -7.42952525615692138672e-01) (21, -9.01467621326446533203e-01) (22, -3.68453693389892578125e+00) (23, -3.09311175346374511719e+00) (24, -7.23462462425231933594e-01) (25, -8.16485762596130371094e-01) (26, -5.07530331611633300781e-01) (27, -4.17385965585708618164e-01) (28, 1.29258871078491210938e+00) (29, 7.26621299982070922852e-02) (30, 3.63330334424972534180e-01) (31, 1.42333149909973144531e+00) (32, -7.73737668991088867188e-01) (33, 8.43653678894042968750e-01) (34, 9.24018621444702148438e-01) (35, 1.27888941764831542969e+00) (36, 8.13163399696350097656e-01) (37, 1.24815130233764648438e+00) (38, 5.43899536132812500000e-01) (39, -3.99779200553894042969e-01) (40, -3.37355792522430419922e-01) (41, 8.76615643501281738281e-01) (42, -4.61936026811599731445e-01) (43, 1.02196764945983886719e+00) (44, 1.00508022308349609375e+00) (45, 2.16267585754394531250e+00) (46, 1.31741774082183837891e+00) (47, 2.30624318122863769531e+00) (48, 8.96661341190338134766e-01) (49, 1.77466362714767456055e-01) (50, 2.01603221893310546875e+00) (51, 5.63624799251556396484e-01) (52, 4.46507096290588378906e-01) (53, 9.52790260314941406250e-01) (54, 1.43545627593994140625e+00) (55, 1.49333274364471435547e+00) (56, -2.21275851130485534668e-01) (57, 1.96376061439514160156e+00) (58, 2.42313003540039062500e+00) (59, 2.17445516586303710938e+00) (60, -1.69507741928100585938e-01) (61, 2.08943152427673339844e+00) (62, -4.42342609167098999023e-01) (63, -2.20940157771110534668e-01) (64, 1.40806466341018676758e-01) (65, 8.61566185951232910156e-01) (66, 6.79086565971374511719e-01) (67, 8.75330507755279541016e-01) (68, 5.39749622344970703125e-01) (69, -1.42169401049613952637e-01) (70, -3.95666450262069702148e-01) (71, 6.28139555454254150391e-01) (72, 5.18626943230628967285e-02) (73, 2.67747759819030761719e+00) (74, -4.51990634202957153320e-01) (75, 1.58340573310852050781e-01) (76, 2.84829381853342056274e-02) (77, -1.61140933632850646973e-01) (78, 9.99271631240844726562e-01) (79, 7.79855728149414062500e-01) (80, 1.66826754808425903320e-01) (81, -3.24917674064636230469e-01) (82, 9.21272039413452148438e-01) (83, -2.23903864622116088867e-01) (84, 1.12857139110565185547e+00) (85, -3.83341968059539794922e-01) (86, -1.39578267931938171387e-01) (87, -5.24311065673828125000e-01) (88, 1.44585818052291870117e-01) (89, -1.43810063600540161133e-01) (90, 2.49521344900131225586e-01) (91, -1.68493226170539855957e-01) (92, -8.69178548455238342285e-02) (93, 1.93982660770416259766e-01) (94, 9.41145002841949462891e-01) (95, 1.11509613692760467529e-01) (96, -5.59497654438018798828e-01) (97, -2.09940031170845031738e-01) (98, 1.33098471164703369141e+00) (99, -9.61945280432701110840e-02) (100, -1.60792842507362365723e-01) (101, 6.87040388584136962891e-01) (102, -2.56146144866943359375e+00) (103, 5.59020090103149414062e+00) (104, 2.09487032890319824219e+00) (0, -7.87831735610961914062e+00) (1, -1.26181304454803466797e+00) (2, -8.97803187370300292969e-01) (3, 6.74785256385803222656e-01) (4, -5.86498022079467773438e-01) (5, -4.78504419326782226562e-01) (6, -4.26022469997406005859e-01) (7, 1.41223907470703125000e+00) (8, -2.14631271362304687500e+00) (9, -9.14139866828918457031e-01) (10, -4.16015833616256713867e-01) (11, 4.28119748830795288086e-01) (12, 1.36838304996490478516e+00) (13, 1.44666567444801330566e-01) (14, 1.66807830333709716797e+00) (15, -4.83247548341751098633e-01) (16, 3.09271931648254394531e-01) (17, 8.79219353199005126953e-01) (18, 2.99582391977310180664e-01) (19, 2.06043982505798339844e+00) (20, 1.06758248805999755859e+00) (21, -1.59440249204635620117e-01) (22, 1.68167173862457275391e+00) (23, 1.66130995750427246094e+00) (24, 4.98387187719345092773e-01) (25, -5.79927444458007812500e-01) (26, -3.26443135738372802734e-01) (27, -4.28795725107192993164e-01) (28, 2.61660861968994140625e+00) (29, -7.24837660789489746094e-01) (30, 4.23164039850234985352e-01) (31, 1.92715561389923095703e+00) (32, -1.37473678588867187500e+00) (33, 1.76670360565185546875e+00) (34, -4.17451238632202148438e+00) (35, -5.37262141704559326172e-01) (36, -1.48111417889595031738e-01) (37, 1.79930293560028076172e+00) (38, 1.18207216262817382812e+00) (39, 1.33523511886596679688e+00) (40, 9.89830911159515380859e-01) (41, -1.54974544048309326172e+00) (42, 7.82275378704071044922e-01) (43, -1.34492003917694091797e+00) (44, -3.08235263824462890625e+00) (45, 9.94151175022125244141e-01) (46, 1.13558387756347656250e+00) (47, -6.29356324672698974609e-01) (48, -2.74554312229156494141e-01) (49, -5.74103355407714843750e-01) (50, 2.16793632507324218750e+00) (51, 1.30224323272705078125e+00) (52, -2.86911129951477050781e-01) (53, -1.53441154956817626953e+00) (54, -3.10641556978225708008e-01) (55, 8.07481169700622558594e-01) (56, 5.01386165618896484375e-01) (57, -4.19473469257354736328e-01) (58, 2.43226838111877441406e+00) (59, -1.50984093546867370605e-01) (60, -5.63365817070007324219e-01) (61, 1.29821240901947021484e+00) (62, -3.15527975559234619141e-01) (63, -5.21981298923492431641e-01) (64, -1.01307559013366699219e+00) (65, -4.09180760383605957031e-01) (66, -3.46334981918334960938e+00) (67, -8.40065907686948776245e-03) (68, -1.05824843049049377441e-01) (69, -6.94372296333312988281e-01) (70, -4.11648660898208618164e-01) (71, 2.69721698760986328125e+00) (72, -8.58270525932312011719e-01) (73, -1.36290073394775390625e+00) (74, 5.57247877120971679688e-01) (75, 1.14817750453948974609e+00) (76, 1.53131797909736633301e-01) (77, 6.85030400753021240234e-01) (78, -8.60773801803588867188e-01) (79, -5.29223620891571044922e-01) (80, -9.83602702617645263672e-01) (81, 6.03821754455566406250e-01) (82, -1.00972509384155273438e+00) (83, -9.50079560279846191406e-01) (84, -1.50568455457687377930e-01) (85, -4.27026271820068359375e-01) (86, -2.55059868097305297852e-01) (87, 1.45265960693359375000e+00) (88, 9.19264853000640869141e-01) (89, 1.32933998107910156250e+00) (90, -1.85063496232032775879e-01) (91, 1.01280617713928222656e+00) (92, 1.40680074691772460938e+00) (93, -3.42700600624084472656e-01) (94, -4.19080972671508789062e-01) (95, 1.11022651195526123047e+00) (96, 1.45537948608398437500e+00) (97, 2.30574965476989746094e+00) (98, 2.29829812049865722656e+00) (99, 6.22660458087921142578e-01) (100, -9.97247636318206787109e-01) (101, 5.17420351505279541016e-01) (102, 5.79801678657531738281e-01) (103, 2.43494892120361328125e+00) (104, 2.25942420959472656250e+00) (105, 1.59628495573997497559e-01) (106, -8.80488693714141845703e-01) (107, 1.67379736900329589844e+00) (108, 6.33380711078643798828e-01) (109, 2.83909296989440917969e+00) (110, 2.43652760982513427734e-01) (111, 2.12090039253234863281e+00) (112, 1.73566532135009765625e+00) (113, 2.82690215110778808594e+00) (114, 3.37222456932067871094e+00) (115, -2.82770347595214843750e+00) (116, 1.64258134365081787109e+00) (117, -1.94961154460906982422e+00) (118, 3.30176949501037597656e-01) (119, 3.90030431747436523438e+00) (120, 1.28681910037994384766e+00) (121, 4.39791470766067504883e-01) (122, 3.36221075057983398438e+00) (123, 3.35652184486389160156e+00) (124, -1.84800851345062255859e+00) (125, 2.35036492347717285156e+00) (126, 4.34100818634033203125e+00) (127, -2.31613850593566894531e+00) (128, -4.87414360046386718750e-01) (129, 3.39938187599182128906e+00) (130, 2.49331378936767578125e+00) 
