FANN_FLO_2.1
num_layers=3
learning_rate=0.700000
connection_rate=1.000000
network_type=0
learning_momentum=0.000000
training_algorithm=2
train_error_function=1
train_stop_function=0
cascade_output_change_fraction=0.010000
quickprop_decay=-0.000100
quickprop_mu=1.750000
rprop_increase_factor=1.200000
rprop_decrease_factor=0.500000
rprop_delta_min=0.000000
rprop_delta_max=50.000000
rprop_delta_zero=0.100000
cascade_output_stagnation_epochs=12
cascade_candidate_change_fraction=0.010000
cascade_candidate_stagnation_epochs=12
cascade_max_out_epochs=150
cascade_max_cand_epochs=150
cascade_num_candidate_groups=2
bit_fail_limit=3.49999994039535522461e-01
cascade_candidate_limit=1.00000000000000000000e+03
cascade_weight_multiplier=4.00000005960464477539e-01
cascade_activation_functions_count=10
cascade_activation_functions=3 5 7 8 10 11 14 15 16 17 
cascade_activation_steepnesses_count=4
cascade_activation_steepnesses=2.50000000000000000000e-01 5.00000000000000000000e-01 7.50000000000000000000e-01 1.00000000000000000000e+00 
layer_sizes=105 26 2 
scale_included=0
neurons (num_inputs, activation_function, activation_steepness)=(0, 0, 0.00000000000000000000e+00) (0, 0, 0.00000000000000000000e+00) (0, 0, 0.00000000000000000000e+00) (0, 0, 0.00000000000000000000e+00) (0, 0, 0.00000000000000000000e+00) (0, 0, 0.00000000000000000000e+00) (0, 0, 0.00000000000000000000e+00) (0, 0, 0.00000000000000000000e+00) (0, 0, 0.00000000000000000000e+00) (0, 0, 0.00000000000000000000e+00) (0, 0, 0.00000000000000000000e+00) (0, 0, 0.00000000000000000000e+00) (0, 0, 0.00000000000000000000e+00) (0, 0, 0.00000000000000000000e+00) (0, 0, 0.00000000000000000000e+00) (0, 0, 0.00000000000000000000e+00) (0, 0, 0.00000000000000000000e+00) (0, 0, 0.00000000000000000000e+00) (0, 0, 0.00000000000000000000e+00) (0, 0, 0.00000000000000000000e+00) (0, 0, 0.00000000000000000000e+00) (0, 0, 0.00000000000000000000e+00) (0, 0, 0.00000000000000000000e+00) (0, 0, 0.00000000000000000000e+00) (0, 0, 0.00000000000000000000e+00) (0, 0, 0.00000000000000000000e+00) (0, 0, 0.00000000000000000000e+00) (0, 0, 0.00000000000000000000e+00) (0, 0, 0.00000000000000000000e+00) (0, 0, 0.00000000000000000000e+00) (0, 0, 0.00000000000000000000e+00) (0, 0, 0.00000000000000000000e+00) (0, 0, 0.00000000000000000000e+00) (0, 0, 0.00000000000000000000e+00) (0, 0, 0.00000000000000000000e+00) (0, 0, 0.00000000000000000000e+00) (0, 0, 0.00000000000000000000e+00) (0, 0, 0.00000000000000000000e+00) (0, 0, 0.00000000000000000000e+00) (0, 0, 0.00000000000000000000e+00) (0, 0, 0.00000000000000000000e+00) (0, 0, 0.00000000000000000000e+00) (0, 0, 0.00000000000000000000e+00) (0, 0, 0.00000000000000000000e+00) (0, 0, 0.00000000000000000000e+00) (0, 0, 0.00000000000000000000e+00) (0, 0, 0.00000000000000000000e+00) (0, 0, 0.00000000000000000000e+00) (0, 0, 0.00000000000000000000e+00) (0, 0, 0.00000000000000000000e+00) (0, 0, 0.00000000000000000000e+00) (0, 0, 0.00000000000000000000e+00) (0, 0, 0.00000000000000000000e+00) (0, 0, 0.00000000000000000000e+00) (0, 0, 0.00000000000000000000e+00) (0, 0, 0.00000000000000000000e+00) (0, 0, 0.00000000000000000000e+00) (0, 0, 0.00000000000000000000e+00) (0, 0, 0.00000000000000000000e+00) (0, 0, 0.00000000000000000000e+00) (0, 0, 0.00000000000000000000e+00) (0, 0, 0.00000000000000000000e+00) (0, 0, 0.00000000000000000000e+00) (0, 0, 0.00000000000000000000e+00) (0, 0, 0.00000000000000000000e+00) (0, 0, 0.00000000000000000000e+00) (0, 0, 0.00000000000000000000e+00) (0, 0, 0.00000000000000000000e+00) (0, 0, 0.00000000000000000000e+00) (0, 0, 0.00000000000000000000e+00) (0, 0, 0.00000000000000000000e+00) (0, 0, 0.00000000000000000000e+00) (0, 0, 0.00000000000000000000e+00) (0, 0, 0.00000000000000000000e+00) (0, 0, 0.00000000000000000000e+00) (0, 0, 0.00000000000000000000e+00) (0, 0, 0.00000000000000000000e+00) (0, 0, 0.00000000000000000000e+00) (0, 0, 0.00000000000000000000e+00) (0, 0, 0.00000000000000000000e+00) (0, 0, 0.00000000000000000000e+00) (0, 0, 0.00000000000000000000e+00) (0, 0, 0.00000000000000000000e+00) (0, 0, 0.00000000000000000000e+00) (0, 0, 0.00000000000000000000e+00) (0, 0, 0.00000000000000000000e+00) (0, 0, 0.00000000000000000000e+00) (0, 0, 0.00000000000000000000e+00) (0, 0, 0.00000000000000000000e+00) (0, 0, 0.00000000000000000000e+00) (0, 0, 0.00000000000000000000e+00) (0, 0, 0.00000000000000000000e+00) (0, 0, 0.00000000000000000000e+00) (0, 0, 0.00000000000000000000e+00) (0, 0, 0.00000000000000000000e+00) (0, 0, 0.00000000000000000000e+00) (0, 0, 0.00000000000000000000e+00) (0, 0, 0.00000000000000000000e+00) (0, 0, 0.00000000000000000000e+00) (0, 0, 0.00000000000000000000e+00) (0, 0, 0.00000000000000000000e+00) (0, 0, 0.00000000000000000000e+00) (0, 0, 0.00000000000000000000e+00) (0, 0, 0.00000000000000000000e+00) (0, 0, 0.00000000000000000000e+00) (105, 5, 5.00000000000000000000e-01) (105, 5, 5.00000000000000000000e-01) (105, 5, 5.00000000000000000000e-01) (105, 5, 5.00000000000000000000e-01) (105, 5, 5.00000000000000000000e-01) (105, 5, 5.00000000000000000000e-01) (105, 5, 5.00000000000000000000e-01) (105, 5, 5.00000000000000000000e-01) (105, 5, 5.00000000000000000000e-01) (105, 5, 5.00000000000000000000e-01) (105, 5, 5.00000000000000000000e-01) (105, 5, 5.00000000000000000000e-01) (105, 5, 5.00000000000000000000e-01) (105, 5, 5.00000000000000000000e-01) (105, 5, 5.00000000000000000000e-01) (105, 5, 5.00000000000000000000e-01) (105, 5, 5.00000000000000000000e-01) (105, 5, 5.00000000000000000000e-01) (105, 5, 5.00000000000000000000e-01) (105, 5, 5.00000000000000000000e-01) (105, 5, 5.00000000000000000000e-01) (105, 5, 5.00000000000000000000e-01) (105, 5, 5.00000000000000000000e-01) (105, 5, 5.00000000000000000000e-01) (105, 5, 5.00000000000000000000e-01) (0, 5, 0.00000000000000000000e+00) (26, 5, 5.00000000000000000000e-01) (0, 5, 0.00000000000000000000e+00) 
connections (connected_to_neuron, weight)=(0, 3.55431318283081054688e-01) (1, -1.10912919044494628906e+00) (2, -6.97782278060913085938e-01) (3, -4.64734137058258056641e-01) (4, 1.22117988765239715576e-01) (5, -8.89441251754760742188e-01) (6, -6.52499020099639892578e-01) (7, 1.25314667820930480957e-01) (8, 7.81270146369934082031e-01) (9, 5.96179217100143432617e-02) (10, -6.24659299850463867188e-01) (11, -3.06683331727981567383e-01) (12, -4.23248797655105590820e-01) (13, 8.56155514717102050781e-01) (14, 4.21512216329574584961e-01) (15, -3.63709032535552978516e-01) (16, -4.12553459405899047852e-01) (17, -7.46497869491577148438e-01) (18, 7.95908570289611816406e-01) (19, 1.75633847713470458984e+00) (20, 7.19134628772735595703e-01) (21, -1.10919781029224395752e-01) (22, -6.24405264854431152344e-01) (23, 1.46840786933898925781e+00) (24, -1.73595261573791503906e+00) (25, 1.28695175051689147949e-01) (26, 1.42567169666290283203e+00) (27, 3.58304232358932495117e-01) (28, 3.31470936536788940430e-01) (29, -1.03642773628234863281e+00) (30, 3.09598118066787719727e-01) (31, 3.46193343400955200195e-01) (32, -6.58600389957427978516e-01) (33, -7.96602010726928710938e-01) (34, -4.62639689445495605469e-01) (35, -2.33633488416671752930e-01) (36, -7.46505975723266601562e-01) (37, -5.01510500907897949219e-01) (38, -7.53111839294433593750e-01) (39, 3.53848397731781005859e-01) (40, -5.18345057964324951172e-01) (41, 1.37978851795196533203e+00) (42, -4.17643696069717407227e-01) (43, -4.57131296396255493164e-01) (44, -3.58393043279647827148e-01) (45, -7.28142559528350830078e-01) (46, -2.37766429781913757324e-02) (47, -1.37434375286102294922e+00) (48, 2.38134551048278808594e+00) (49, 8.65835011005401611328e-01) (50, -5.20678639411926269531e-01) (51, 2.77840167284011840820e-01) (52, 1.60129263997077941895e-01) (53, 6.99415151029825210571e-03) (54, 9.11055147647857666016e-01) (55, -1.08370967209339141846e-01) (56, 6.03655219078063964844e-01) (57, -7.63790249824523925781e-01) (58, -9.06412363052368164062e-01) (59, -1.24445545673370361328e+00) (60, -7.89701879024505615234e-01) (61, -5.13933181762695312500e-01) (62, 1.13577878475189208984e+00) (63, 2.41500392556190490723e-01) (64, -4.49151247739791870117e-01) (65, -6.07606589794158935547e-01) (66, 7.77089834213256835938e-01) (67, -6.02072179317474365234e-01) (68, 2.12817624211311340332e-01) (69, -1.01655527949333190918e-01) (70, -4.84183728694915771484e-01) (71, -2.71382778882980346680e-01) (72, 2.34122082591056823730e-01) (73, -1.29937216639518737793e-01) (74, -3.95877987146377563477e-01) (75, -7.53209054470062255859e-01) (76, -8.56143355369567871094e-01) (77, -8.03723096847534179688e-01) (78, -5.66415905952453613281e-01) (79, 9.55406486988067626953e-01) (80, 5.34198224544525146484e-01) (81, 3.69841545820236206055e-01) (82, 1.98898875713348388672e+00) (83, 7.23784267902374267578e-01) (84, 9.10007894039154052734e-01) (85, 1.92576181888580322266e+00) (86, -1.87116011977195739746e-01) (87, 1.12332880496978759766e+00) (88, -5.47158062458038330078e-01) (89, 9.39492881298065185547e-01) (90, -7.61516034603118896484e-01) (91, -1.01328408718109130859e+00) (92, 7.80547678470611572266e-01) (93, 7.09821105003356933594e-01) (94, -7.50829398632049560547e-01) (95, -8.21265101432800292969e-01) (96, 1.11345636844635009766e+00) (97, 1.59546363353729248047e+00) (98, 9.91249382495880126953e-01) (99, 3.02344888448715209961e-01) (100, 9.42429527640342712402e-02) (101, 7.43957638740539550781e-01) (102, -1.23591676354408264160e-01) (103, 2.11109185218811035156e+00) (104, 2.57870435714721679688e+00) (0, 8.10750901699066162109e-01) (1, 5.21439790725708007812e-01) (2, 9.01656448841094970703e-01) (3, -3.09576749801635742188e-01) (4, 5.66198050975799560547e-01) (5, -5.58560609817504882812e-01) (6, 1.41552376747131347656e+00) (7, -4.85636591911315917969e-01) (8, -2.51391887664794921875e-01) (9, -6.08146727085113525391e-01) (10, 8.26352000236511230469e-01) (11, -3.35881650447845458984e-01) (12, 8.90309512615203857422e-01) (13, 2.63012194633483886719e+00) (14, -1.42085805535316467285e-01) (15, 1.18173658847808837891e+00) (16, 4.00148057937622070312e+00) (17, -5.53543508052825927734e-01) (18, 6.63523793220520019531e-01) (19, 2.15766444802284240723e-01) (20, 4.48747301101684570312e+00) (21, -1.25066682696342468262e-01) (22, -1.78257000446319580078e+00) (23, 2.46728420257568359375e+00) (24, -6.47797822952270507812e-01) (25, 5.54002523422241210938e+00) (26, 2.40366816520690917969e-01) (27, 2.75645852088928222656e+00) (28, 2.87022322416305541992e-01) (29, 2.85988956689834594727e-01) (30, -9.43043589591979980469e-01) (31, 1.17195582389831542969e+00) (32, -1.67478585243225097656e+00) (33, 2.18227314949035644531e+00) (34, 8.61744284629821777344e-02) (35, -3.58557581901550292969e-01) (36, 8.18888366222381591797e-01) (37, -2.62364268302917480469e-01) (38, -1.30181685090065002441e-01) (39, 5.46736001968383789062e+00) (40, 1.95799499750137329102e-01) (41, -1.48682141304016113281e+00) (42, -5.62452912330627441406e-01) (43, -1.06705117225646972656e+00) (44, -1.92697748541831970215e-01) (45, -1.18945598602294921875e+00) (46, 2.29533767700195312500e+00) (47, -6.47691106796264648438e+00) (48, 1.67038798332214355469e+00) (49, 1.68212556838989257812e+00) (50, 2.21063542366027832031e+00) (51, 1.15063869953155517578e+00) (52, -7.68350601196289062500e-01) (53, 3.07160091400146484375e+00) (54, -6.12251043319702148438e-01) (55, -5.79040229320526123047e-01) (56, 1.60622283816337585449e-01) (57, -2.86546587944030761719e-01) (58, 2.04550623893737792969e+00) (59, 7.72686660289764404297e-01) (60, -3.31131964921951293945e-02) (61, 1.36871552467346191406e+00) (62, -3.81668895483016967773e-01) (63, 6.08501732349395751953e-01) (64, -1.21134777069091796875e+01) (65, 4.55990105867385864258e-01) (66, -3.44029963016510009766e-01) (67, 1.22748807072639465332e-01) (68, -3.68236720561981201172e-01) (69, -2.57250726222991943359e-01) (70, -2.43078172206878662109e-01) (71, 1.11476972699165344238e-01) (72, 1.78525567054748535156e+00) (73, 1.69081497192382812500e+00) (74, 1.41118004918098449707e-01) (75, -2.05051377415657043457e-01) (76, -1.76926851272583007812e-01) (77, 3.78702074289321899414e-01) (78, 1.48327243328094482422e+00) (79, 1.64817199110984802246e-01) (80, -1.12221240997314453125e+00) (81, 2.14535091072320938110e-02) (82, 9.74112272262573242188e-01) (83, 1.81569886207580566406e+00) (84, 3.24432626366615295410e-02) (85, -1.40650235116481781006e-02) (86, -1.77989900112152099609e+00) (87, -4.97030645608901977539e-01) (88, 1.60182043910026550293e-01) (89, 5.76526001095771789551e-02) (90, -1.79485126864165067673e-03) (91, -1.15788793563842773438e+00) (92, -2.61125594377517700195e-01) (93, -2.44554728269577026367e-01) (94, 3.24225813150405883789e-01) (95, 1.13373706117272377014e-02) (96, -7.31535136699676513672e-01) (97, 2.97365933656692504883e-01) (98, -3.55793774127960205078e-01) (99, 5.33992409706115722656e-01) (100, 1.52577802538871765137e-01) (101, -2.55686789751052856445e-01) (102, 5.81063807010650634766e-01) (103, 1.38489890098571777344e+00) (104, 1.50217139720916748047e+00) (0, 5.34004020690917968750e+00) (1, 1.01598286628723144531e+00) (2, 7.03994750976562500000e-01) (3, -3.91574084758758544922e-01) (4, -1.63529843091964721680e-01) (5, 1.34629702568054199219e+00) (6, 5.45700371265411376953e-01) (7, 1.16634976863861083984e+00) (8, -3.77859145402908325195e-01) (9, 1.37519228458404541016e+00) (10, 8.35370242595672607422e-01) (11, 9.61746513843536376953e-01) (12, 1.46272909641265869141e+00) (13, -1.06705226004123687744e-01) (14, 2.31607556343078613281e+00) (15, 1.27687647938728332520e-01) (16, 7.74152457714080810547e-01) (17, 8.36695015430450439453e-01) (18, 2.19484639167785644531e+00) (19, -9.37374979257583618164e-02) (20, 4.23552602529525756836e-01) (21, 8.65882456302642822266e-01) (22, 3.75071257352828979492e-01) (23, -1.35305017232894897461e-01) (24, 4.16609734296798706055e-01) (25, 7.43354976177215576172e-01) (26, -1.70658543705940246582e-01) (27, 1.27951395511627197266e+00) (28, 1.09765100479125976562e+00) (29, 3.91022175550460815430e-01) (30, 3.04967254400253295898e-01) (31, 1.08330428600311279297e+00) (32, 6.80387973785400390625e-01) (33, -6.46907612681388854980e-02) (34, 6.20537549257278442383e-02) (35, -1.22860133647918701172e-01) (36, -2.07754075527191162109e-01) (37, 4.89841014146804809570e-01) (38, 2.26722165942192077637e-01) (39, 2.77075797319412231445e-01) (40, -1.65874481201171875000e-01) (41, 3.04954081773757934570e-01) (42, 8.84966909885406494141e-01) (43, 2.35978174209594726562e+00) (44, 1.78197026252746582031e+00) (45, 4.11918431520462036133e-01) (46, -4.71475869417190551758e-02) (47, 6.69334053993225097656e-01) (48, -2.95000940561294555664e-01) (49, 3.69491875171661376953e-02) (50, -3.05375128984451293945e-01) (51, 4.78277891874313354492e-01) (52, 3.08638364076614379883e-01) (53, 1.10787475109100341797e+00) (54, 9.70498502254486083984e-01) (55, 2.05615639686584472656e+00) (56, 1.42884826660156250000e+00) (57, 5.38150250911712646484e-01) (58, 4.90077286958694458008e-01) (59, 2.28606510162353515625e+00) (60, 2.31446099281311035156e+00) (61, 1.10999178886413574219e+00) (62, 1.20823848247528076172e+00) (63, 4.37056988477706909180e-01) (64, 4.01941566467285156250e+01) (65, 6.05482757091522216797e-01) (66, 5.42472004890441894531e-02) (67, 4.52153891324996948242e-01) (68, 1.60721909999847412109e+00) (69, 2.10315927863121032715e-01) (70, 3.99751275777816772461e-01) (71, 1.02658115327358245850e-01) (72, 5.29967367649078369141e-01) (73, 1.00397670269012451172e+00) (74, 1.63134023547172546387e-01) (75, 7.15828001499176025391e-01) (76, -1.93835318088531494141e-01) (77, -3.09346765279769897461e-01) (78, -1.40326619148254394531e-01) (79, -5.01815617084503173828e-01) (80, 3.55788081884384155273e-01) (81, 2.62456331402063369751e-02) (82, 1.11153341829776763916e-01) (83, -1.35637475177645683289e-02) (84, -1.72231402248144149780e-02) (85, 7.97534957528114318848e-02) (86, -4.29789036512374877930e-01) (87, 3.46882849931716918945e-01) (88, -1.12326979637145996094e-01) (89, 1.56408861279487609863e-01) (90, 3.08264642953872680664e-01) (91, -2.46699750423431396484e-01) (92, 5.41740775108337402344e-01) (93, 5.08110404014587402344e-01) (94, -3.45472663640975952148e-01) (95, 2.19077065587043762207e-01) (96, 5.95913410186767578125e-01) (97, -1.66942343115806579590e-01) (98, 2.64797478914260864258e-01) (99, 4.72313135862350463867e-01) (100, -3.19492369890213012695e-01) (101, 4.95017439126968383789e-01) (102, 1.52108931541442871094e+00) (103, 3.96098792552947998047e-01) (104, 2.25203227996826171875e+00) (0, 5.20678100585937500000e+01) (1, 1.28800475597381591797e+00) (2, 7.82722651958465576172e-01) (3, -1.81280314922332763672e-01) (4, 1.52403160929679870605e-01) (5, 1.34962642192840576172e+00) (6, 1.63588440418243408203e+00) (7, 1.16121983528137207031e+00) (8, -4.40881156921386718750e+00) (9, 1.48839354515075683594e+00) (10, 1.06093370914459228516e+00) (11, 1.08648157119750976562e+00) (12, 1.60485124588012695312e+00) (13, 3.42873126268386840820e-01) (14, 1.26465725898742675781e+00) (15, 1.77527725696563720703e-01) (16, 8.90717685222625732422e-01) (17, 1.23476123809814453125e+00) (18, 1.14647293090820312500e+00) (19, 1.33510053157806396484e-01) (20, 4.67797428369522094727e-01) (21, 1.12851774692535400391e+00) (22, 4.58540976047515869141e-01) (23, 3.87890517711639404297e-01) (24, 1.18307161331176757812e+00) (25, 8.67637932300567626953e-01) (26, 2.02870547771453857422e-01) (27, 1.43704330921173095703e+00) (28, 1.23066723346710205078e+00) (29, 7.46090829372406005859e-01) (30, 5.86067080497741699219e-01) (31, 8.07707250118255615234e-01) (32, 8.23730528354644775391e-01) (33, 8.91985118389129638672e-01) (34, 2.47061982750892639160e-01) (35, 4.24594253301620483398e-01) (36, 8.14641416072845458984e-01) (37, 1.42859637737274169922e+00) (38, 1.22525668144226074219e+00) (39, 1.17999970912933349609e+00) (40, 8.98566305637359619141e-01) (41, 4.77288812398910522461e-01) (42, 1.01748645305633544922e+00) (43, 1.42197656631469726562e+00) (44, 8.39118301868438720703e-01) (45, 1.03707003593444824219e+00) (46, 4.07236903905868530273e-01) (47, 9.84216392040252685547e-01) (48, 8.33680570125579833984e-01) (49, 3.77337503433227539062e+00) (50, 4.04405504465103149414e-01) (51, 1.30708944797515869141e+00) (52, 7.62046754360198974609e-01) (53, 1.55112934112548828125e+00) (54, 1.21240675449371337891e+00) (55, 1.10735189914703369141e+00) (56, 3.93046885728836059570e-01) (57, 8.27553093433380126953e-01) (58, 7.61986076831817626953e-01) (59, 2.49141502380371093750e+00) (60, 1.21905028820037841797e+00) (61, 3.50311950683593750000e+02) (62, 1.48515558242797851562e+00) (63, 5.41936814785003662109e-01) (64, 2.63200149536132812500e+01) (65, 6.31321012973785400391e-01) (66, 1.57752215862274169922e+00) (67, 8.89568388462066650391e-01) (68, 1.88222634792327880859e+00) (69, 4.12307500839233398438e-01) (70, 1.40780711174011230469e+00) (71, 2.63167530298233032227e-01) (72, 6.04608714580535888672e-01) (73, 1.22615921497344970703e+00) (74, 7.13417649269104003906e-01) (75, 9.42416116595268249512e-02) (76, 4.81236547231674194336e-01) (77, 2.60961145162582397461e-01) (78, 7.42344319820404052734e-01) (79, -7.97256678342819213867e-02) (80, 9.02789056301116943359e-01) (81, 3.15057069063186645508e-01) (82, 1.41543483734130859375e+00) (83, 9.08057153224945068359e-01) (84, 2.92819052934646606445e-01) (85, 2.27245464920997619629e-01) (86, 6.33574426174163818359e-02) (87, 8.46257984638214111328e-01) (88, 1.91287949681282043457e-01) (89, 4.16114777326583862305e-01) (90, 4.12757843732833862305e-01) (91, 1.18261031806468963623e-01) (92, 1.42726922035217285156e+00) (93, 1.51461875438690185547e+00) (94, 1.27461686730384826660e-01) (95, 1.14291810989379882812e+00) (96, 1.19511663913726806641e+00) (97, 4.49212104082107543945e-01) (98, 1.30910933017730712891e+00) (99, 5.70289492607116699219e-01) (100, 3.45498472452163696289e-02) (101, 1.44717121124267578125e+00) (102, 1.83050525188446044922e+00) (103, 1.64174273610115051270e-01) (104, 1.94105029106140136719e+00) (0, -3.41935992240905761719e+00) (1, 2.04226315021514892578e-01) (2, 6.15803360939025878906e-01) (3, 1.53414094448089599609e+00) (4, 1.87155342102050781250e+00) (5, 3.22109842300415039062e+00) (6, -2.01235842704772949219e+00) (7, 1.07472471892833709717e-01) (8, 9.38166156411170959473e-02) (9, 1.84510922431945800781e+00) (10, -4.57734489440917968750e+00) (11, 1.69649004936218261719e+00) (12, -6.48267388343811035156e-01) (13, 7.19708871841430664062e+00) (14, -2.11678385734558105469e+00) (15, 2.33500623703002929688e+00) (16, 1.94527328014373779297e+00) (17, 5.99394083023071289062e-01) (18, -3.25784295797348022461e-01) (19, 1.29049777984619140625e-01) (20, 3.90516781806945800781e+00) (21, 1.98171114921569824219e+00) (22, -1.87966775894165039062e+00) (23, 2.03197789192199707031e+00) (24, 4.58289003372192382812e+00) (25, -8.58812332153320312500e-01) (26, -8.10879021883010864258e-02) (27, -3.90413045883178710938e+00) (28, 2.10020518302917480469e+00) (29, 6.59511506557464599609e-01) (30, -3.58724266290664672852e-01) (31, -5.81980657577514648438e+00) (32, -1.61149704456329345703e+00) (33, -1.06938727200031280518e-01) (34, 2.09486198425292968750e+00) (35, 4.61979293823242187500e+00) (36, -1.45293557643890380859e+00) (37, 1.53414750099182128906e+00) (38, 1.70457637310028076172e+00) (39, -2.71465569734573364258e-01) (40, 8.95599842071533203125e-01) (41, -1.06842021942138671875e+01) (42, -9.17247474193572998047e-01) (43, -1.63732075691223144531e+00) (44, 5.52277421951293945312e+00) (45, 7.89116978645324707031e-01) (46, -9.64775562286376953125e-01) (47, 9.36169147491455078125e-01) (48, 8.64501476287841796875e+00) (49, -1.14688426256179809570e-01) (50, -5.55149745941162109375e+00) (51, -9.89546000957489013672e-01) (52, -9.53415036201477050781e-01) (53, 1.14475047588348388672e+00) (54, -1.33774662017822265625e+00) (55, 8.67211699485778808594e-01) (56, 6.88321813941001892090e-02) (57, 1.39162707328796386719e+00) (58, 1.19363164901733398438e+00) (59, 1.98139578104019165039e-01) (60, 5.59634327888488769531e-01) (61, 1.77008569240570068359e-01) (62, 1.56185853481292724609e+00) (63, 8.04397940635681152344e-01) (64, -1.37133417129516601562e+01) (65, 1.45338523387908935547e+00) (66, -1.45518434047698974609e+00) (67, -2.68017977476119995117e-01) (68, -5.02064049243927001953e-01) (69, 5.72503030300140380859e-01) (70, 6.74782693386077880859e-01) (71, 2.83149504661560058594e+00) (72, 2.62532442808151245117e-01) (73, 1.62617886066436767578e+00) (74, -1.61048066616058349609e+00) (75, 1.12668967247009277344e+00) (76, 8.77928078174591064453e-01) (77, 3.41189205646514892578e-01) (78, 1.15029489994049072266e+00) (79, -2.63971805572509765625e+00) (80, -6.41632258892059326172e-01) (81, -3.02945375442504882812e-01) (82, 1.89818367362022399902e-01) (83, -1.02594837546348571777e-01) (84, 2.85741031169891357422e-01) (85, 1.90766191482543945312e+00) (86, 1.06105327606201171875e+00) (87, 6.50391727685928344727e-02) (88, -2.38447815179824829102e-01) (89, 5.86529612541198730469e-01) (90, 2.89968699216842651367e-01) (91, 1.60732418298721313477e-01) (92, -5.93524932861328125000e-01) (93, -6.44128262996673583984e-01) (94, 3.88565540313720703125e-01) (95, 1.84792995452880859375e+00) (96, 9.96908783912658691406e-01) (97, 2.09594249725341796875e+00) (98, 2.03834724426269531250e+00) (99, -3.14680814743041992188e-01) (100, 4.80848252773284912109e-01) (101, 1.63007605075836181641e+00) (102, -7.94351279735565185547e-01) (103, 2.75718688964843750000e+00) (104, 1.59429204463958740234e+00) (0, -9.92078840732574462891e-01) (1, -5.57505786418914794922e-01) (2, -1.60410165786743164062e+00) (3, 4.13289403915405273438e+00) (4, -2.26944699883460998535e-01) (5, -4.27534759044647216797e-01) (6, 1.24285733699798583984e+00) (7, -9.73974049091339111328e-01) (8, -5.49149453639984130859e-01) (9, -5.59155881404876708984e-01) (10, -6.80479466915130615234e-01) (11, 5.98236918449401855469e-01) (12, 1.23452508449554443359e+00) (13, -1.68678164482116699219e-01) (14, 3.28873723745346069336e-01) (15, 5.00824078917503356934e-02) (16, 2.83140373229980468750e+00) (17, -2.70243257284164428711e-01) (18, 4.67601984739303588867e-01) (19, 2.15110078454017639160e-01) (20, 6.66770339012145996094e-01) (21, 2.04932713508605957031e+00) (22, -2.59706407785415649414e-01) (23, -1.42954695224761962891e+00) (24, 1.55735421180725097656e+00) (25, 1.60500955581665039062e+00) (26, 1.47016370296478271484e+00) (27, 1.06281006336212158203e+00) (28, -1.96072387695312500000e+00) (29, 4.15944308042526245117e-01) (30, -3.78301799297332763672e-01) (31, -2.28084772825241088867e-01) (32, 2.04373264312744140625e+00) (33, -1.00423979759216308594e+00) (34, -1.15172719955444335938e+00) (35, 5.07413983345031738281e-01) (36, 4.32765334844589233398e-01) (37, -7.60165691375732421875e-01) (38, 1.32469356060028076172e+00) (39, 1.80274093151092529297e+00) (40, 4.96785074472427368164e-01) (41, 3.04744005203247070312e-01) (42, 1.58217266201972961426e-01) (43, 4.03743058443069458008e-01) (44, -3.92093539237976074219e-01) (45, -6.06210529804229736328e-01) (46, 9.45803999900817871094e-01) (47, -4.25892770290374755859e-02) (48, -1.09299683570861816406e+00) (49, -8.23674857616424560547e-01) (50, -4.87686216831207275391e-01) (51, -5.60224831104278564453e-01) (52, 3.53157728910446166992e-01) (53, -7.28251785039901733398e-02) (54, -1.42613995075225830078e+00) (55, -1.05864918231964111328e+00) (56, 1.21044790744781494141e+00) (57, 1.29528617858886718750e+00) (58, 2.58773416280746459961e-01) (59, -2.34497770667076110840e-01) (60, 1.12228119373321533203e+00) (61, 7.11959064006805419922e-01) (62, 1.31583139300346374512e-01) (63, -8.79185438156127929688e-01) (64, -1.00920319557189941406e+00) (65, 5.77332615852355957031e-01) (66, -7.40440964698791503906e-01) (67, -1.18480515480041503906e+00) (68, -5.76054036617279052734e-01) (69, -5.76814487576484680176e-02) (70, -2.57762163877487182617e-01) (71, -4.98025506734848022461e-01) (72, -3.20740282535552978516e-01) (73, 1.50547087192535400391e+00) (74, -6.74309074878692626953e-01) (75, 5.29933273792266845703e-01) (76, 1.68635681271553039551e-01) (77, -8.06391090154647827148e-02) (78, 1.99949502944946289062e+00) (79, -9.36962544918060302734e-01) (80, 1.80539417266845703125e+00) (81, 4.77023869752883911133e-01) (82, -9.35407817363739013672e-01) (83, -4.73554059863090515137e-02) (84, -5.46606302261352539062e-01) (85, 1.50166049599647521973e-01) (86, -1.77569240331649780273e-01) (87, -8.25753271579742431641e-01) (88, -1.23272442817687988281e+00) (89, -4.59333956241607666016e-01) (90, 3.07344466447830200195e-01) (91, 9.36112463474273681641e-01) (92, 8.31757724285125732422e-01) (93, -3.49337071180343627930e-01) (94, -3.98646861314773559570e-01) (95, -4.81715589761734008789e-01) (96, 1.24261379241943359375e+00) (97, -4.76750522851943969727e-01) (98, 6.43548309803009033203e-01) (99, 6.59300506114959716797e-01) (100, -7.85196006298065185547e-01) (101, 1.36426246166229248047e+00) (102, -7.03898787498474121094e-01) (103, 2.94144868850708007812e+00) (104, 2.63896536827087402344e+00) (0, -1.01148746907711029053e-02) (1, 1.88484072685241699219e+00) (2, -7.85493493080139160156e-01) (3, -1.02553772926330566406e+00) (4, -8.90143573284149169922e-01) (5, 2.61445850133895874023e-01) (6, 5.54789543151855468750e-01) (7, 1.23064172267913818359e+00) (8, -5.19258356094360351562e+00) (9, 3.34494411945343017578e-01) (10, 2.36572003364562988281e+00) (11, 6.24384656548500061035e-02) (12, -4.49997603893280029297e-01) (13, 2.76755833625793457031e+00) (14, 4.82126682996749877930e-01) (15, 6.78163528442382812500e-01) (16, -6.43228816986083984375e+00) (17, 1.91709205508232116699e-01) (18, -1.14223117828369140625e+01) (19, 4.22213017940521240234e-01) (20, 4.45176076889038085938e+00) (21, -3.08677554130554199219e+00) (22, 4.71698474884033203125e+00) (23, -2.95906376838684082031e+00) (24, -6.98192167282104492188e+00) (25, -1.25003623962402343750e+00) (26, 4.76462095975875854492e-01) (27, -4.14497911930084228516e-01) (28, -2.74167388677597045898e-01) (29, 4.78946208953857421875e+00) (30, 1.27478182315826416016e+00) (31, 3.05936127901077270508e-01) (32, -4.05520105361938476562e+00) (33, -2.48891258239746093750e+00) (34, -8.53171157836914062500e+00) (35, 3.00534510612487792969e+00) (36, -3.23156237602233886719e-01) (37, 1.97227716445922851562e+00) (38, -1.01969146728515625000e+00) (39, -1.51799157261848449707e-01) (40, 2.73371410369873046875e+00) (41, -1.23215389251708984375e+00) (42, 1.02531826496124267578e+00) (43, -3.23492813110351562500e+00) (44, 2.46349477767944335938e+00) (45, -1.95388090610504150391e+00) (46, -1.05444364547729492188e+01) (47, 1.67269265651702880859e+00) (48, 3.03461217880249023438e+00) (49, -7.72984921932220458984e-01) (50, 2.30445504188537597656e+00) (51, -3.69153118133544921875e+00) (52, -1.01167619228363037109e+00) (53, -1.13259327411651611328e+00) (54, -1.35744512081146240234e+00) (55, 4.44165706634521484375e+00) (56, 2.36999273300170898438e+00) (57, 8.30121040344238281250e-02) (58, -7.07729816436767578125e-01) (59, -1.21208682656288146973e-01) (60, -1.66397666931152343750e+00) (61, -1.94166496396064758301e-01) (62, 2.65287846326828002930e-01) (63, 3.36294859647750854492e-01) (64, 1.18065845966339111328e+00) (65, 4.93943423032760620117e-01) (66, -1.63332247734069824219e+00) (67, 2.77234244346618652344e+00) (68, 8.25659811496734619141e-01) (69, -1.25054919719696044922e+00) (70, -2.50916719436645507812e+00) (71, 1.93640959262847900391e+00) (72, 1.54906737804412841797e+00) (73, -1.06120280921459197998e-01) (74, 2.77891588211059570312e+00) (75, 1.66776943206787109375e+00) (76, -6.55555009841918945312e-01) (77, 1.25627768039703369141e+00) (78, -4.47387039661407470703e-01) (79, -3.35753798484802246094e-01) (80, -7.83619880676269531250e-02) (81, 2.51840561628341674805e-01) (82, 1.52799510955810546875e+00) (83, -6.14359378814697265625e-01) (84, 7.85667479038238525391e-01) (85, -4.06276345252990722656e-01) (86, -1.66828364133834838867e-01) (87, -1.53101220726966857910e-01) (88, -6.99594616889953613281e-01) (89, -4.48260664939880371094e-01) (90, -7.91332304477691650391e-01) (91, -6.90449893474578857422e-01) (92, -5.30044913291931152344e-01) (93, 7.06166446208953857422e-01) (94, 3.96893560886383056641e-01) (95, -7.26910650730133056641e-01) (96, 9.33512628078460693359e-01) (97, 3.42970490455627441406e-01) (98, -3.98087918758392333984e-01) (99, 7.37206637859344482422e-01) (100, -6.62456512451171875000e-01) (101, -6.11163079738616943359e-01) (102, -1.39833056926727294922e+00) (103, 3.69658231735229492188e+00) (104, 1.32571423053741455078e+00) (0, 1.15243072509765625000e+01) (1, 3.57394790649414062500e+00) (2, -9.14219260215759277344e-01) (3, -6.39201760292053222656e-01) (4, -6.16097331047058105469e-01) (5, 2.87262439727783203125e+00) (6, 1.16929352283477783203e+00) (7, -1.00234794616699218750e+00) (8, 1.36852574348449707031e+00) (9, 2.34566763043403625488e-01) (10, -3.00666362047195434570e-01) (11, -5.41456699371337890625e-01) (12, 2.02531833201646804810e-02) (13, -7.88489952683448791504e-02) (14, 2.59474525228142738342e-03) (15, 4.26662063598632812500e+00) (16, 1.17883396148681640625e+00) (17, -1.69759690761566162109e+00) (18, 1.10449731349945068359e+00) (19, -7.13350355625152587891e-01) (20, -2.71985590457916259766e-01) (21, 2.51387858390808105469e+00) (22, 1.31802630424499511719e+00) (23, 1.23882305622100830078e+00) (24, 1.38589823246002197266e+00) (25, -2.97107622027397155762e-02) (26, -5.32766222953796386719e-01) (27, 2.50164818763732910156e+00) (28, 1.88492429256439208984e+00) (29, 1.61353123188018798828e+00) (30, 1.87554442882537841797e+00) (31, -9.48919057846069335938e-02) (32, 1.22650909423828125000e+00) (33, -7.65929296612739562988e-02) (34, -1.22229792177677154541e-01) (35, 1.15807962417602539062e+00) (36, -1.09215244650840759277e-01) (37, -9.72173154354095458984e-01) (38, -1.07458508014678955078e+00) (39, 4.44722503423690795898e-01) (40, 3.87637764215469360352e-01) (41, -6.80374860763549804688e-01) (42, -6.41993284225463867188e-01) (43, -7.15649545192718505859e-01) (44, -6.48211836814880371094e-01) (45, -9.93203699588775634766e-01) (46, -8.94971907138824462891e-01) (47, -1.09777855873107910156e+00) (48, 1.33948791027069091797e+00) (49, 2.94566780328750610352e-01) (50, -6.63957595825195312500e-01) (51, 1.55170059204101562500e+00) (52, -8.18897068500518798828e-01) (53, 4.75859165191650390625e-01) (54, 6.56688690185546875000e-01) (55, 1.43774425983428955078e+00) (56, 1.35106527805328369141e+00) (57, -7.14539408683776855469e-01) (58, -6.32477223873138427734e-01) (59, 4.34957712888717651367e-01) (60, -5.53480625152587890625e-01) (61, 3.93692284822463989258e-01) (62, -5.63723444938659667969e-01) (63, 1.26367592811584472656e+00) (64, -5.41127979755401611328e-01) (65, 4.67004805803298950195e-01) (66, 7.02276110649108886719e-01) (67, 5.56884527206420898438e-01) (68, -2.84259200096130371094e-01) (69, 5.24301588535308837891e-01) (70, -5.79942524433135986328e-01) (71, 1.57057714462280273438e+00) (72, 1.43261373043060302734e+00) (73, -8.27993452548980712891e-01) (74, -5.30980110168457031250e-01) (75, -6.43644928932189941406e-01) (76, -5.74484229087829589844e-01) (77, -5.44476091861724853516e-01) (78, -6.48042559623718261719e-01) (79, -6.09077513217926025391e-01) (80, -5.95454335212707519531e-01) (81, -4.90378230810165405273e-01) (82, -6.25472962856292724609e-01) (83, -5.55709302425384521484e-01) (84, -6.19814515113830566406e-01) (85, -8.05893957614898681641e-01) (86, 1.99110463261604309082e-01) (87, 1.87421157956123352051e-01) (88, -2.61935088783502578735e-02) (89, -6.76285684108734130859e-01) (90, 1.23124063014984130859e-01) (91, -1.51719478890299797058e-02) (92, -6.18689477443695068359e-01) (93, -5.92904925346374511719e-01) (94, 8.49508345127105712891e-02) (95, -6.73656523227691650391e-01) (96, 2.60012954473495483398e-01) (97, -5.28122186660766601562e-01) (98, -5.11588692665100097656e-01) (99, -6.56899392604827880859e-01) (100, 6.36344924569129943848e-02) (101, -5.71618735790252685547e-01) (102, 4.21278476715087890625e+00) (103, -1.09212625026702880859e+00) (104, 1.69361543655395507812e+00) (0, 7.49887704849243164062e-01) (1, 7.80191645026206970215e-02) (2, 1.87398695945739746094e+00) (3, 1.53580796718597412109e+00) (4, 1.63624927401542663574e-01) (5, -2.05065989494323730469e+00) (6, -2.67992727458477020264e-02) (7, 1.51291453838348388672e+00) (8, -1.89543038606643676758e-01) (9, -8.61429274082183837891e-01) (10, 7.22085684537887573242e-02) (11, 1.22427093982696533203e+00) (12, -9.10484671592712402344e-01) (13, 3.49084168672561645508e-01) (14, -1.29919350147247314453e-01) (15, 7.65248715877532958984e-01) (16, 2.41058969497680664062e+00) (17, 2.45280489325523376465e-01) (18, -4.71429765224456787109e-01) (19, 1.38403534889221191406e+00) (20, 4.15551155805587768555e-01) (21, -4.34766523540019989014e-03) (22, -5.99279403686523437500e-01) (23, -8.43010663986206054688e-01) (24, 8.30141007900238037109e-01) (25, -6.25376939773559570312e-01) (26, 9.91201341152191162109e-01) (27, 2.41164900362491607666e-02) (28, -1.22558367252349853516e+00) (29, 2.11895561218261718750e+00) (30, -1.44368994235992431641e+00) (31, -6.08603477478027343750e-01) (32, 4.04118388891220092773e-01) (33, 2.63819079846143722534e-02) (34, -5.24092435836791992188e-01) (35, 2.54532980918884277344e+00) (36, 1.26186740398406982422e+00) (37, -1.24861264228820800781e+00) (38, -4.24412935972213745117e-02) (39, 2.85528987646102905273e-01) (40, 1.05529129505157470703e+00) (41, -1.02354872226715087891e+00) (42, 2.06781387329101562500e+00) (43, -1.68786025047302246094e+00) (44, 1.44642782211303710938e+00) (45, -1.92565417289733886719e+00) (46, 2.92084723711013793945e-01) (47, 2.63486170768737792969e+00) (48, -6.92664146423339843750e-01) (49, 6.23745322227478027344e-02) (50, -1.17714352905750274658e-01) (51, -7.28582143783569335938e-02) (52, 5.96727013587951660156e-01) (53, 2.42428883910179138184e-01) (54, 6.09557032585144042969e-01) (55, -5.84143280982971191406e-01) (56, 6.98016881942749023438e-01) (57, 4.88088279962539672852e-02) (58, -1.07477521896362304688e+00) (59, -1.65207996964454650879e-01) (60, 4.24571394920349121094e-01) (61, -7.83749043941497802734e-01) (62, 6.13918527960777282715e-03) (63, -8.38896870613098144531e-01) (64, 7.52357602119445800781e-01) (65, -2.18464195728302001953e-01) (66, 6.15779101848602294922e-01) (67, 1.23386599123477935791e-01) (68, -7.99203753471374511719e-01) (69, -7.87550091743469238281e-01) (70, 1.40624427795410156250e+00) (71, -2.73075640201568603516e-01) (72, -2.44523376226425170898e-01) (73, -5.05695104598999023438e-01) (74, -4.30824548006057739258e-01) (75, 1.29783499240875244141e+00) (76, 5.40849447250366210938e-01) (77, 2.29525402188301086426e-01) (78, -7.33327150344848632812e-01) (79, 1.04461872577667236328e+00) (80, -6.43407046794891357422e-01) (81, 4.36893671751022338867e-01) (82, 8.84033858776092529297e-01) (83, 4.65090215206146240234e-01) (84, -8.94922614097595214844e-01) (85, -6.77983462810516357422e-01) (86, 1.49463126435875892639e-02) (87, -7.12427079677581787109e-01) (88, 1.66660869121551513672e+00) (89, 2.42846563458442687988e-01) (90, -6.22036084532737731934e-02) (91, 2.95518785715103149414e-01) (92, -7.91494905948638916016e-01) (93, 4.34493273496627807617e-01) (94, -8.15193057060241699219e-01) (95, -9.09800827503204345703e-01) (96, 1.12258934974670410156e+00) (97, -7.87715554237365722656e-01) (98, -7.80188739299774169922e-01) (99, -6.86707317829132080078e-01) (100, -6.78229868412017822266e-01) (101, -6.97965979576110839844e-01) (102, -4.42061376571655273438e+00) (103, 9.15882968902587890625e+00) (104, 2.68044734001159667969e+00) (0, 1.28524992614984512329e-02) (1, -4.35205623507499694824e-02) (2, -1.31337478756904602051e-01) (3, -6.08579516410827636719e-01) (4, 4.22974705696105957031e-01) (5, -2.58408010005950927734e-01) (6, -4.17564153671264648438e-01) (7, -2.80476301908493041992e-01) (8, -1.17075872421264648438e+00) (9, -4.35313344001770019531e-01) (10, -5.26233136653900146484e-01) (11, -3.23311614990234375000e+00) (12, -3.78742098808288574219e-01) (13, 3.79086017608642578125e+00) (14, -5.08958399295806884766e-01) (15, 5.15358865261077880859e-01) (16, 1.27468675374984741211e-01) (17, -6.54740154743194580078e-01) (18, 1.30109935998916625977e-01) (19, 3.21451067924499511719e-01) (20, 4.19533550739288330078e-01) (21, -6.07427284121513366699e-02) (22, 3.34890663623809814453e-01) (23, -1.37221276760101318359e-01) (24, -2.67763376235961914062e-01) (25, 3.76130342483520507812e-01) (26, 4.33404713869094848633e-01) (27, -3.17466437816619873047e-01) (28, 2.45566201210021972656e+00) (29, 6.65374577045440673828e-01) (30, 4.25184154510498046875e+00) (31, 3.71599853038787841797e-01) (32, 3.59824943542480468750e+00) (33, 2.34740793704986572266e-01) (34, -1.09342598915100097656e+00) (35, 1.73149955272674560547e+00) (36, -3.49967837333679199219e+00) (37, -2.70262479782104492188e-01) (38, 1.06045532226562500000e+00) (39, 8.17628428339958190918e-02) (40, -1.31131207942962646484e+00) (41, 5.07896041870117187500e+00) (42, -7.19115972518920898438e-01) (43, -1.78208971023559570312e+00) (44, -2.94015165418386459351e-02) (45, -6.87064647674560546875e-01) (46, -2.09670448303222656250e+00) (47, -4.80821728706359863281e-01) (48, 1.48125481605529785156e+00) (49, 1.41071748733520507812e+00) (50, 1.32691121101379394531e+00) (51, -4.23050433397293090820e-01) (52, -3.56220155954360961914e-01) (53, -6.06507444381713867188e+00) (54, -3.77032011747360229492e-01) (55, 1.46303117275238037109e+00) (56, 2.68091440200805664062e-01) (57, -3.49769443273544311523e-02) (58, 3.85181128978729248047e-01) (59, 1.86719274520874023438e+00) (60, -6.10687024891376495361e-02) (61, 5.38351893424987792969e-01) (62, -3.15149724483489990234e-01) (63, 5.02351045608520507812e-01) (64, -1.78934307098388671875e+01) (65, 5.50033330917358398438e-01) (66, 3.14008057117462158203e-01) (67, 4.88203859329223632812e+00) (68, 2.60844588279724121094e-01) (69, 9.61774028837680816650e-03) (70, 3.33196401596069335938e+00) (71, 7.76281207799911499023e-02) (72, 5.11054217815399169922e-01) (73, 1.36031436920166015625e+00) (74, 5.28474226593971252441e-02) (75, 1.54391098022460937500e+00) (76, 4.16303336620330810547e-01) (77, 4.45263564586639404297e-01) (78, -8.07009279727935791016e-01) (79, 6.16718173027038574219e-01) (80, -1.36995404958724975586e-01) (81, 1.13196425139904022217e-01) (82, 1.14177024364471435547e+00) (83, -7.09199905395507812500e-01) (84, -9.85196113586425781250e-01) (85, 2.14220619201660156250e+00) (86, 4.95085000991821289062e-01) (87, -3.05581003427505493164e-01) (88, 1.75858080387115478516e+00) (89, -5.67040443420410156250e-01) (90, 3.38367319107055664062e+00) (91, 6.95187509059906005859e-01) (92, -2.50816047191619873047e-01) (93, 2.72554349899291992188e+00) (94, 4.68523204326629638672e-01) (95, -3.33766043186187744141e-02) (96, -4.14210408926010131836e-01) (97, 1.69291603565216064453e+00) (98, -1.50984644889831542969e+00) (99, 5.51644802093505859375e-01) (100, 4.44301187992095947266e-01) (101, -3.25851202011108398438e-01) (102, -9.51025724411010742188e-01) (103, 3.17179417610168457031e+00) (104, 1.30327057838439941406e+00) (0, 2.74492651224136352539e-02) (1, -5.04090428352355957031e-01) (2, 5.48081994056701660156e-01) (3, 1.19240343570709228516e+00) (4, 8.70603263378143310547e-01) (5, 1.44940042495727539062e+00) (6, -4.90648120641708374023e-01) (7, -1.03680515289306640625e+00) (8, -5.82173407077789306641e-01) (9, -9.51333761215209960938e-01) (10, 4.53078389167785644531e-01) (11, -6.85154438018798828125e-01) (12, 1.46806538105010986328e-01) (13, -1.89608648419380187988e-01) (14, -8.78200709819793701172e-01) (15, -4.59230452775955200195e-01) (16, 1.14339399337768554688e+00) (17, -7.99048304557800292969e-01) (18, -5.45005500316619873047e-02) (19, -3.66046756505966186523e-01) (20, -3.04245680570602416992e-01) (21, 3.03718447685241699219e-01) (22, -8.19292247295379638672e-01) (23, -3.47888857126235961914e-01) (24, 7.78287112712860107422e-01) (25, 3.61178159713745117188e-01) (26, 3.17156076431274414062e-01) (27, 5.45038521289825439453e-01) (28, -8.03133130073547363281e-01) (29, 1.32542550563812255859e-01) (30, -3.99654358625411987305e-01) (31, -7.44101963937282562256e-03) (32, 1.80456209182739257812e+00) (33, 6.98583006858825683594e-01) (34, 6.17831349372863769531e-01) (35, 6.11868798732757568359e-02) (36, 6.74059927463531494141e-01) (37, -6.27101957798004150391e-01) (38, -4.80695545673370361328e-01) (39, 7.87427663803100585938e-01) (40, 1.15465618669986724854e-01) (41, -1.61340385675430297852e-01) (42, 8.58550786972045898438e-01) (43, -1.43653607368469238281e+00) (44, -8.78109276294708251953e-01) (45, -7.44482457637786865234e-01) (46, -4.15759980678558349609e-01) (47, 4.98641468584537506104e-03) (48, 1.08148324489593505859e+00) (49, 1.65283882617950439453e+00) (50, 8.07120800018310546875e-01) (51, 1.72432422637939453125e-01) (52, 2.79598146677017211914e-01) (53, -4.33212220668792724609e-01) (54, -8.75283777713775634766e-01) (55, -1.07503578066825866699e-01) (56, 2.29501277208328247070e-01) (57, -3.07994008064270019531e-01) (58, -1.02524483203887939453e+00) (59, 3.29903066158294677734e-02) (60, -1.70037105679512023926e-01) (61, -4.92629945278167724609e-01) (62, -8.07864069938659667969e-01) (63, 1.44347381591796875000e+00) (64, 5.02759516239166259766e-01) (65, 2.32113711535930633545e-02) (66, 1.21384106576442718506e-01) (67, 5.62512755393981933594e-01) (68, -3.82903933525085449219e-01) (69, 3.52857351303100585938e-01) (70, -6.97154819965362548828e-01) (71, -3.85214537382125854492e-01) (72, 1.16902506351470947266e+00) (73, 1.97146926075220108032e-03) (74, -1.29268497228622436523e-01) (75, 1.12485729157924652100e-01) (76, 9.10305790603160858154e-03) (77, 3.79719197750091552734e-01) (78, -2.89916187524795532227e-01) (79, 3.47701966762542724609e-01) (80, -2.39886671304702758789e-01) (81, -5.06166219711303710938e-01) (82, -7.76108145713806152344e-01) (83, 4.63393270969390869141e-01) (84, 3.68940770626068115234e-01) (85, -2.74290084838867187500e-01) (86, 3.57543230056762695312e-01) (87, -6.38812601566314697266e-01) (88, -7.08635926246643066406e-01) (89, 1.08868694305419921875e+00) (90, 4.72699522972106933594e-01) (91, 5.11605203151702880859e-01) (92, 1.83999150991439819336e-01) (93, -8.40950533747673034668e-02) (94, -1.69042386114597320557e-02) (95, 3.35703641176223754883e-01) (96, -5.45270383358001708984e-01) (97, 1.49024415016174316406e+00) (98, 9.09240722656250000000e-01) (99, -3.74069690704345703125e-01) (100, 4.47925329208374023438e-01) (101, -9.21783566474914550781e-01) (102, -1.12257933616638183594e+00) (103, 2.99014616012573242188e+00) (104, 1.41193985939025878906e+00) (0, -2.43020701408386230469e+00) (1, 4.98737215995788574219e-01) (2, -1.25525438785552978516e+00) (3, 3.87896966934204101562e+00) (4, 4.25214719772338867188e+00) (5, -1.59715104103088378906e+00) (6, -2.82221511006355285645e-02) (7, 1.36228179931640625000e+01) (8, -1.17533087730407714844e+00) (9, -7.23534286022186279297e-01) (10, 4.05195856094360351562e+00) (11, -4.99171972274780273438e+00) (12, -7.87822341918945312500e+00) (13, -2.97115230560302734375e+00) (14, 4.01019483804702758789e-01) (15, 1.90023005008697509766e-01) (16, 9.46233558654785156250e+00) (17, -9.60458517074584960938e-01) (18, -1.93379366397857666016e+00) (19, 1.12678420543670654297e+00) (20, 2.01076245307922363281e+00) (21, -5.17228066921234130859e-01) (22, 4.18116569519042968750e+00) (23, -1.58811688423156738281e-01) (24, -8.17808818817138671875e+00) (25, -1.05896806716918945312e+00) (26, 4.98122930526733398438e-01) (27, -3.19969594478607177734e-01) (28, 5.91230392456054687500e-01) (29, -5.52852414548397064209e-02) (30, 7.28785037994384765625e-01) (31, -3.97112107276916503906e+00) (32, 1.27749657630920410156e+00) (33, -3.25741815567016601562e+00) (34, 1.35743796825408935547e+00) (35, 2.70270156860351562500e+00) (36, 1.06013834476470947266e+00) (37, 1.30581152439117431641e+00) (38, 2.44091844558715820312e+00) (39, 2.56339848041534423828e-01) (40, 2.13760662078857421875e+00) (41, 1.71038961410522460938e+00) (42, 5.66690862178802490234e-01) (43, -4.65708881616592407227e-01) (44, 5.76652669906616210938e+00) (45, -6.37500524520874023438e-01) (46, 2.52305660396814346313e-02) (47, 6.88652038574218750000e-01) (48, -2.35145115852355957031e+00) (49, -2.17270064353942871094e+00) (50, 1.74351346492767333984e+00) (51, 3.83524775505065917969e-01) (52, -5.16539096832275390625e-01) (53, -1.22608089447021484375e+00) (54, 1.35501754283905029297e+00) (55, -2.34670728445053100586e-01) (56, 2.24571883678436279297e-01) (57, 1.78363323211669921875e+00) (58, 1.34551119804382324219e+00) (59, 2.37056541442871093750e+00) (60, 4.20786559581756591797e-01) (61, 1.77319824695587158203e+00) (62, 1.30988466739654541016e+00) (63, 2.48295068740844726562e-01) (64, -1.28936824798583984375e+01) (65, 8.09466958045959472656e-01) (66, -2.28524422645568847656e+00) (67, -1.64666503667831420898e-01) (68, -4.73135530948638916016e-01) (69, 1.57284379005432128906e+00) (70, -5.34870564937591552734e-01) (71, 1.71525526046752929688e+00) (72, 2.14850020408630371094e+00) (73, -6.91310048103332519531e-01) (74, -4.96839237213134765625e+00) (75, 1.11306953430175781250e+00) (76, 2.00987839698791503906e+00) (77, -4.40572381019592285156e-01) (78, 2.12486124038696289062e+00) (79, 5.34859932959079742432e-02) (80, 6.72420561313629150391e-01) (81, 3.55002999305725097656e-01) (82, -2.39515852928161621094e+00) (83, -1.32429972290992736816e-01) (84, 2.56313145160675048828e-01) (85, -1.03937554359436035156e+00) (86, 2.05234766006469726562e-01) (87, 2.89390712976455688477e-01) (88, -7.53255128860473632812e-01) (89, 7.22489535808563232422e-01) (90, 9.49511155486106872559e-02) (91, 3.39387208223342895508e-02) (92, 2.31598038226366043091e-02) (93, -7.13211596012115478516e-01) (94, 8.40484380722045898438e-01) (95, 4.72891390323638916016e-01) (96, -6.40973985195159912109e-01) (97, 7.73843050003051757812e-01) (98, 1.58503580093383789062e+00) (99, -1.46599337458610534668e-01) (100, 3.08545887470245361328e-01) (101, 6.03976666927337646484e-01) (102, -1.82574912905693054199e-01) (103, 2.60381746292114257812e+00) (104, 1.64262318611145019531e+00) (0, 5.69825897216796875000e+01) (1, 1.04425895214080810547e+00) (2, 7.26160824298858642578e-01) (3, -4.45009112358093261719e-01) (4, 5.49567639827728271484e-02) (5, 1.10228192806243896484e+00) (6, 1.51614618301391601562e+00) (7, 1.07051670551300048828e+00) (8, 1.30772924423217773438e+00) (9, 1.36102592945098876953e+00) (10, 9.85446989536285400391e-01) (11, 9.69519197940826416016e-01) (12, 1.36617732048034667969e+00) (13, 9.21748578548431396484e-02) (14, 1.14133489131927490234e+00) (15, 1.61046370863914489746e-01) (16, 8.28343808650970458984e-01) (17, 1.25122129917144775391e+00) (18, 1.07018399238586425781e+00) (19, 5.44953644275665283203e-02) (20, 4.03704434633255004883e-01) (21, 1.29791188240051269531e+00) (22, 2.63951092958450317383e-01) (23, 2.97023087739944458008e-01) (24, 1.08184564113616943359e+00) (25, 7.20140278339385986328e-01) (26, 2.25297227501869201660e-01) (27, 1.38118660449981689453e+00) (28, 1.01864576339721679688e+00) (29, 6.28887891769409179688e-01) (30, 5.90678930282592773438e-01) (31, 6.77457928657531738281e-01) (32, 7.40856468677520751953e-01) (33, 7.57199227809906005859e-01) (34, 1.83571413159370422363e-01) (35, 1.66065290570259094238e-01) (36, 7.46108591556549072266e-01) (37, 1.33710741996765136719e+00) (38, 1.12035715579986572266e+00) (39, 1.06904280185699462891e+00) (40, 6.69998764991760253906e-01) (41, 4.00547116994857788086e-01) (42, 9.48131859302520751953e-01) (43, 1.28819859027862548828e+00) (44, 6.68636620044708251953e-01) (45, 9.10540521144866943359e-01) (46, 3.55863064527511596680e-01) (47, 6.45811855792999267578e-01) (48, 2.89580911397933959961e-01) (49, 5.75294589996337890625e+00) (50, 2.56753116846084594727e-01) (51, 9.51298534870147705078e-01) (52, 6.06468558311462402344e-01) (53, 1.47355234622955322266e+00) (54, 1.07417392730712890625e+00) (55, 2.14503955841064453125e+00) (56, 1.41044127941131591797e+00) (57, 6.82725191116333007812e-01) (58, 5.96050083637237548828e-01) (59, -1.78521728515625000000e+00) (60, 1.05718076229095458984e+00) (61, 2.28505386352539062500e+02) (62, 1.40143668651580810547e+00) (63, 5.45872509479522705078e-01) (64, 2.63806896209716796875e+01) (65, 4.92803424596786499023e-01) (66, 1.28663137555122375488e-01) (67, 7.03492999076843261719e-01) (68, 1.80088150501251220703e+00) (69, 3.46305996179580688477e-01) (70, 1.24326789379119873047e+00) (71, 2.03625872731208801270e-01) (72, 4.76179927587509155273e-01) (73, 1.05745005607604980469e+00) (74, 5.01951575279235839844e-01) (75, 1.08442115783691406250e+00) (76, 3.95950525999069213867e-01) (77, 6.03369921445846557617e-02) (78, 5.96011579036712646484e-01) (79, -1.87671035528182983398e-01) (80, 1.23992717266082763672e+00) (81, 1.27353206276893615723e-01) (82, 1.11378204822540283203e+00) (83, 7.30948030948638916016e-01) (84, 4.17161509394645690918e-02) (85, 9.84491184353828430176e-02) (86, -2.10688218474388122559e-01) (87, 7.37753331661224365234e-01) (88, 6.29265680909156799316e-02) (89, 3.51689189672470092773e-01) (90, 3.30840855836868286133e-01) (91, -1.01911894977092742920e-01) (92, 1.32386457920074462891e+00) (93, 1.36937212944030761719e+00) (94, -2.42751017212867736816e-02) (95, 1.08112382888793945312e+00) (96, 9.16777431964874267578e-01) (97, 3.51384550333023071289e-01) (98, 1.34713089466094970703e+00) (99, 3.68547350168228149414e-01) (100, 4.22344505786895751953e-02) (101, 1.37351179122924804688e+00) (102, 3.30324101448059082031e+00) (103, -1.07709312438964843750e+00) (104, 2.04698991775512695312e+00) (0, 6.26604309082031250000e+01) (1, 1.53423821926116943359e+00) (2, 1.05702888965606689453e+00) (3, 2.15142822265625000000e+00) (4, 1.67466354370117187500e+00) (5, 1.36091768741607666016e+00) (6, 1.12328398227691650391e+00) (7, 1.40368938446044921875e+00) (8, 1.53194054961204528809e-01) (9, 1.11456704139709472656e+00) (10, 6.94814085960388183594e-01) (11, 1.57906055450439453125e+00) (12, 1.16648113727569580078e+00) (13, 1.75069606304168701172e+00) (14, 8.34946811199188232422e-01) (15, 1.82195782661437988281e+00) (16, 1.83521378040313720703e+00) (17, 7.10899114608764648438e-01) (18, 1.49510085582733154297e+00) (19, 1.54073071479797363281e+00) (20, 1.71699786186218261719e+00) (21, 1.55765664577484130859e+00) (22, 1.62764751911163330078e+00) (23, 1.53970742225646972656e+00) (24, 1.01825273036956787109e+00) (25, 2.08197116851806640625e+00) (26, 1.50420081615447998047e+00) (27, 1.52592957019805908203e+00) (28, 1.51106202602386474609e+00) (29, 2.31335854530334472656e+00) (30, 2.10286116600036621094e+00) (31, 1.72443747520446777344e+00) (32, 1.85097467899322509766e+00) (33, 1.82565867900848388672e+00) (34, 1.80226075649261474609e+00) (35, 1.43933689594268798828e+00) (36, 1.78511571884155273438e+00) (37, 1.15303373336791992188e+00) (38, 1.59034478664398193359e+00) (39, 1.49503874778747558594e+00) (40, 1.72297644615173339844e+00) (41, 1.38196730613708496094e+00) (42, 1.00211513042449951172e+00) (43, 1.23666846752166748047e+00) (44, 1.79732954502105712891e+00) (45, 8.71354401111602783203e-01) (46, 1.46046698093414306641e+00) (47, 1.90693926811218261719e+00) (48, 1.63272631168365478516e+00) (49, 1.80852460861206054688e+00) (50, 1.91545259952545166016e+00) (51, 8.73055040836334228516e-01) (52, 6.15380108356475830078e-01) (53, 1.45734477043151855469e+00) (54, 8.48306834697723388672e-01) (55, 1.56083679199218750000e+00) (56, 1.56271564960479736328e+00) (57, 1.19029140472412109375e+00) (58, 2.34510016441345214844e+00) (59, 1.30641269683837890625e+00) (60, 1.70724654197692871094e+00) (61, 1.98882079124450683594e+00) (62, 1.44537913799285888672e+00) (63, 2.36348700523376464844e+00) (64, -1.07553997039794921875e+01) (65, 2.23461675643920898438e+00) (66, 1.63301908969879150391e+00) (67, 2.13727903366088867188e+00) (68, 1.55881035327911376953e+00) (69, 1.46311652660369873047e+00) (70, 1.49356102943420410156e+00) (71, 1.77097487449645996094e+00) (72, 2.07140398025512695312e+00) (73, 1.47345256805419921875e+00) (74, 7.85528540611267089844e-01) (75, 1.18737256526947021484e+00) (76, 1.35649895668029785156e+00) (77, 1.78854072093963623047e+00) (78, 1.98181986808776855469e+00) (79, 1.28390479087829589844e+00) (80, 1.15710055828094482422e+00) (81, 1.65153193473815917969e+00) (82, 1.70448529720306396484e+00) (83, 1.84890782833099365234e+00) (84, 1.77307105064392089844e+00) (85, 1.72476887702941894531e+00) (86, 1.55255424976348876953e+00) (87, 6.24209165573120117188e-01) (88, 1.69646275043487548828e+00) (89, 1.43739843368530273438e+00) (90, 1.62846088409423828125e+00) (91, 1.60744631290435791016e+00) (92, 1.43488991260528564453e+00) (93, 1.46808564662933349609e+00) (94, 1.61478781700134277344e+00) (95, 1.77596259117126464844e+00) (96, 8.75617504119873046875e-01) (97, 1.74477851390838623047e+00) (98, 1.99167537689208984375e+00) (99, 2.21578907966613769531e+00) (100, 1.53285002708435058594e+00) (101, 1.51420831680297851562e+00) (102, 4.92277145385742187500e-01) (103, 1.91540455818176269531e+00) (104, 2.88052976131439208984e-01) (0, 2.67881059646606445312e+00) (1, 1.37714993953704833984e+00) (2, -7.14080512523651123047e-01) (3, 8.21668386459350585938e-01) (4, -3.79826664924621582031e-01) (5, -1.67322778701782226562e+00) (6, -8.89782786369323730469e-01) (7, 1.36974513530731201172e+00) (8, -3.48595559597015380859e-01) (9, 6.00008368492126464844e-01) (10, -8.20190370082855224609e-01) (11, 2.21623730659484863281e+00) (12, -6.84424698352813720703e-01) (13, 2.45716476440429687500e+00) (14, -6.00324310362339019775e-02) (15, 9.19765010476112365723e-02) (16, -1.24227114021778106689e-01) (17, -7.96854496002197265625e-01) (18, -4.92104411125183105469e-01) (19, 7.22949877381324768066e-02) (20, -2.20128238201141357422e-01) (21, -1.17159806191921234131e-01) (22, 2.97068692743778228760e-02) (23, -7.46972382068634033203e-01) (24, 1.16819632053375244141e+00) (25, 6.22815251350402832031e-01) (26, 2.00451302528381347656e+00) (27, -1.66656386852264404297e+00) (28, 1.54293978214263916016e+00) (29, 2.13056743144989013672e-01) (30, 7.64056742191314697266e-01) (31, 5.48085868358612060547e-01) (32, -8.37878346443176269531e-01) (33, -1.31089061498641967773e-01) (34, -6.03452958166599273682e-02) (35, 6.90457940101623535156e-01) (36, -1.58836573362350463867e-01) (37, 4.26395684480667114258e-01) (38, 7.47230172157287597656e-01) (39, 5.33001959323883056641e-01) (40, 2.24923908710479736328e-01) (41, -2.42982894182205200195e-01) (42, -8.05738747119903564453e-01) (43, 3.02806735038757324219e-01) (44, -1.66776999831199645996e-01) (45, -1.92888211458921432495e-02) (46, 3.77224028110504150391e-01) (47, -8.30788373947143554688e-01) (48, -5.92907786369323730469e-01) (49, 3.53943645954132080078e-01) (50, 1.96476113796234130859e+00) (51, -6.90357983112335205078e-01) (52, 5.34403547644615173340e-02) (53, 6.09014451503753662109e-01) (54, -7.81678617000579833984e-01) (55, -4.77918595075607299805e-01) (56, -7.28523671627044677734e-01) (57, -6.55478596687316894531e-01) (58, 1.26053738594055175781e+00) (59, 6.56801998615264892578e-01) (60, -4.33613181114196777344e-01) (61, -1.58674657344818115234e-01) (62, -8.71901392936706542969e-01) (63, -5.54274797439575195312e-01) (64, -2.48853132128715515137e-01) (65, -5.59115350246429443359e-01) (66, -1.16640710830688476562e+00) (67, 9.64309453964233398438e-01) (68, 1.93079364299774169922e+00) (69, 6.87331974506378173828e-01) (70, 2.73350358009338378906e-01) (71, 3.27099144458770751953e-01) (72, 1.39057993888854980469e-01) (73, -6.60492420196533203125e-01) (74, -1.68560728430747985840e-01) (75, -7.62570738792419433594e-01) (76, -7.57708489894866943359e-01) (77, -4.15396481752395629883e-01) (78, 1.97298264503479003906e+00) (79, -5.32696843147277832031e-01) (80, -1.59171596169471740723e-01) (81, 5.11616349220275878906e-01) (82, 1.53762125968933105469e+00) (83, -8.16569149494171142578e-01) (84, 2.05188441276550292969e+00) (85, 1.56203436851501464844e+00) (86, -3.97145122289657592773e-01) (87, -6.99906110763549804688e-01) (88, 5.19273102283477783203e-01) (89, -9.76610302925109863281e-01) (90, -6.28943860530853271484e-01) (91, -7.18607842922210693359e-01) (92, 4.83491450548171997070e-01) (93, -7.33542203903198242188e-01) (94, -3.98488283157348632812e-01) (95, -4.13992702960968017578e-01) (96, -7.01303303241729736328e-01) (97, 1.17794120311737060547e+00) (98, 4.91733014583587646484e-01) (99, 4.74841892719268798828e-01) (100, 1.25996172428131103516e-01) (101, -8.06647360324859619141e-01) (102, -7.17407286167144775391e-01) (103, 2.61135959625244140625e+00) (104, 2.28378105163574218750e+00) (0, -9.37173843383789062500e-01) (1, -7.76281774044036865234e-01) (2, 7.17073917388916015625e-01) (3, 1.87376916408538818359e+00) (4, -6.91799461841583251953e-01) (5, -3.49118185043334960938e+00) (6, 8.87102901935577392578e-01) (7, -2.57338643074035644531e+00) (8, -2.21017241477966308594e+00) (9, -7.08835780620574951172e-01) (10, 2.30525583028793334961e-02) (11, -8.92130970954895019531e-01) (12, -5.70279955863952636719e-01) (13, 1.17298877239227294922e+00) (14, -5.94453454017639160156e-01) (15, -6.66992962360382080078e-01) (16, 4.55703943967819213867e-01) (17, -6.44216388463973999023e-02) (18, 6.83903455734252929688e-01) (19, -1.71282231807708740234e-01) (20, -2.26022315025329589844e+00) (21, 8.40652704238891601562e-01) (22, -1.07604241371154785156e+00) (23, -3.04451119154691696167e-02) (24, 2.34157943725585937500e+00) (25, -1.38714563846588134766e+00) (26, -1.95806697010993957520e-01) (27, -6.78982436656951904297e-01) (28, -6.25579476356506347656e-01) (29, -2.44287467002868652344e+00) (30, 1.52923524379730224609e+00) (31, 2.07507014274597167969e+00) (32, -3.88901382684707641602e-01) (33, 3.67373228073120117188e+00) (34, 6.71079754829406738281e-01) (35, 2.17397427558898925781e+00) (36, 2.59174257516860961914e-01) (37, -5.43201208114624023438e-01) (38, 6.68733119964599609375e-01) (39, -3.93258184194564819336e-01) (40, -3.91002297401428222656e-01) (41, -1.72049117088317871094e+00) (42, 1.26462459564208984375e+00) (43, -4.93226408958435058594e-01) (44, -1.80136784911155700684e-02) (45, -1.95934087038040161133e-01) (46, 2.96769022941589355469e+00) (47, 2.59345388412475585938e+00) (48, -2.07907259464263916016e-01) (49, 2.12600517272949218750e+00) (50, 3.35817408561706542969e+00) (51, -1.38981997966766357422e+00) (52, 1.41491460800170898438e+00) (53, -2.26676249504089355469e+00) (54, -2.26947575807571411133e-01) (55, 1.38120555877685546875e+00) (56, 6.10904037952423095703e-01) (57, 7.87210017442703247070e-02) (58, 8.74834656715393066406e-01) (59, 6.53256475925445556641e-01) (60, -5.46599686145782470703e-01) (61, 2.85539317131042480469e+00) (62, -7.37039685249328613281e-01) (63, -7.92722523212432861328e-01) (64, -2.42849752306938171387e-01) (65, -8.49867537617683410645e-02) (66, -4.08562564849853515625e+00) (67, 7.07302331924438476562e-01) (68, -9.86182630062103271484e-01) (69, 8.13947260379791259766e-01) (70, -7.98954844474792480469e-01) (71, -1.04710176587104797363e-01) (72, -1.69110372662544250488e-01) (73, -1.75552487373352050781e+00) (74, -7.04188346862792968750e-01) (75, -2.12812386453151702881e-02) (76, 1.09641873836517333984e+00) (77, -7.06890106201171875000e-01) (78, 9.35270965099334716797e-01) (79, 6.01315051317214965820e-02) (80, -2.96027630567550659180e-01) (81, -5.07025241851806640625e-01) (82, -6.43595695495605468750e-01) (83, -1.83736252784729003906e+00) (84, 1.45068347454071044922e+00) (85, -4.96933966875076293945e-01) (86, 4.30786043405532836914e-01) (87, -5.23216426372528076172e-02) (88, 1.61233276128768920898e-01) (89, 9.96902823448181152344e-01) (90, -4.40531402826309204102e-01) (91, -3.39886248111724853516e-01) (92, 1.58870017528533935547e+00) (93, 9.12915289402008056641e-01) (94, -2.38672289997339248657e-02) (95, 1.86970102787017822266e+00) (96, 4.88656133413314819336e-01) (97, 1.33183681964874267578e+00) (98, 2.88803005218505859375e+00) (99, 6.19442641735076904297e-01) (100, -4.46090787649154663086e-01) (101, 1.50933897495269775391e+00) (102, 1.47613450884819030762e-01) (103, 1.55315625667572021484e+00) (104, 1.99292325973510742188e+00) (0, 2.48041614890098571777e-01) (1, 1.20859134197235107422e+00) (2, 4.28543627262115478516e-01) (3, -9.19385075569152832031e-01) (4, 1.86197295784950256348e-01) (5, -1.62855848670005798340e-01) (6, 1.54793098568916320801e-01) (7, 9.90564763545989990234e-01) (8, -1.23787903785705566406e+00) (9, -5.45067071914672851562e-01) (10, -5.96106909215450286865e-02) (11, -7.99269676208496093750e-01) (12, -4.45913225412368774414e-01) (13, -3.18278372287750244141e-01) (14, 7.60876297950744628906e-01) (15, 8.57383549213409423828e-01) (16, 2.10735872387886047363e-01) (17, -1.16313360631465911865e-01) (18, 6.94507777690887451172e-01) (19, 5.04726409912109375000e-01) (20, -5.90875446796417236328e-01) (21, -1.60073652863502502441e-01) (22, -6.47521317005157470703e-01) (23, -7.20491528511047363281e-01) (24, 1.63111403584480285645e-01) (25, 2.63562470674514770508e-01) (26, -7.43425726890563964844e-01) (27, 1.95222473144531250000e+00) (28, 1.70292150974273681641e+00) (29, 1.84643518924713134766e+00) (30, 1.51486122608184814453e+00) (31, 2.38587304949760437012e-01) (32, -7.59367406368255615234e-01) (33, 1.03732891380786895752e-01) (34, -1.16320073604583740234e+00) (35, -8.75764250755310058594e-01) (36, -7.17310130596160888672e-01) (37, -1.00037848949432373047e+00) (38, -7.23285317420959472656e-01) (39, 1.71053722500801086426e-01) (40, 2.50280741602182388306e-02) (41, -8.02112698554992675781e-01) (42, 5.95205545425415039062e-01) (43, 1.35337010025978088379e-01) (44, -2.86075681447982788086e-01) (45, -5.89280903339385986328e-01) (46, -2.38052129745483398438e+00) (47, -1.06861412525177001953e+00) (48, 2.07309794425964355469e+00) (49, -2.48645395040512084961e-01) (50, -7.27667570114135742188e-01) (51, -8.66193100810050964355e-02) (52, 1.76238429546356201172e+00) (53, -1.59405267238616943359e+00) (54, -6.02746307849884033203e-01) (55, -2.21049880981445312500e+00) (56, -4.01892811059951782227e-01) (57, 6.87850952148437500000e-01) (58, 1.05078780651092529297e+00) (59, -2.70541727542877197266e-01) (60, 5.60404241085052490234e-01) (61, -1.67444276809692382812e+00) (62, 2.09117269515991210938e+00) (63, 1.25494098663330078125e+00) (64, -6.00444972515106201172e-02) (65, 1.30498659610748291016e+00) (66, -9.44590270519256591797e-01) (67, 3.94009447097778320312e+00) (68, -4.29636746644973754883e-01) (69, 1.11212015151977539062e+00) (70, -7.44462966918945312500e-01) (71, -6.76967650651931762695e-02) (72, -5.77862799167633056641e-01) (73, -8.89113724231719970703e-01) (74, -3.05084884166717529297e-01) (75, -8.64557325839996337891e-01) (76, 4.51920062303543090820e-01) (77, -5.50008833408355712891e-01) (78, -8.60344469547271728516e-01) (79, -1.12794181331992149353e-02) (80, -5.76565206050872802734e-01) (81, -1.28183948993682861328e+00) (82, -9.15335714817047119141e-01) (83, 1.77844595909118652344e+00) (84, -7.48605251312255859375e-01) (85, 5.48352956771850585938e-01) (86, 8.71610224246978759766e-01) (87, -6.66535198688507080078e-01) (88, -5.25680065155029296875e-01) (89, -5.05514860153198242188e-01) (90, 1.13159024715423583984e+00) (91, -4.88092601299285888672e-01) (92, 2.11110636591911315918e-01) (93, -6.70901715755462646484e-01) (94, 3.65325927734375000000e-01) (95, 5.86939603090286254883e-02) (96, 8.25200602412223815918e-02) (97, 4.32382613420486450195e-01) (98, -5.22340834140777587891e-01) (99, -5.90529501438140869141e-01) (100, 1.13188111782073974609e+00) (101, -8.80219280719757080078e-01) (102, 5.97902908921241760254e-02) (103, 2.04143714904785156250e+00) (104, 7.13167250156402587891e-01) (0, -1.58570742607116699219e+00) (1, -4.01192951202392578125e+00) (2, 4.27427005767822265625e+00) (3, 1.54579436779022216797e+00) (4, -3.14301759004592895508e-01) (5, 1.01547241210937500000e+00) (6, -1.11879897117614746094e+00) (7, 1.77004766464233398438e+00) (8, -1.78085196018218994141e+00) (9, -5.41124701499938964844e-01) (10, -2.58803820610046386719e+00) (11, -2.79037737846374511719e+00) (12, -1.33227920532226562500e+00) (13, 1.31733477115631103516e+00) (14, -5.88564157485961914062e-01) (15, 1.72014451026916503906e+00) (16, 6.33541822433471679688e+00) (17, -1.44380617141723632812e+00) (18, 2.00280451774597167969e+00) (19, 1.19062776565551757812e+01) (20, 9.78879165649414062500e+00) (21, -3.83662986755371093750e+00) (22, -1.35569814592599868774e-02) (23, 1.18872356414794921875e+00) (24, 1.21170997619628906250e+01) (25, 1.60567796230316162109e+00) (26, 1.06427085399627685547e+00) (27, -1.93769633769989013672e+00) (28, -1.23297774791717529297e+00) (29, -2.68157944083213806152e-02) (30, 6.26243829727172851562e-01) (31, -1.68977284431457519531e+00) (32, -2.88667500019073486328e-01) (33, -6.39547586441040039062e-01) (34, 1.08941614627838134766e+00) (35, 1.28813338279724121094e+00) (36, -1.75329887866973876953e+00) (37, 3.25823044776916503906e+00) (38, -8.78524661064147949219e-01) (39, -7.66473591327667236328e-01) (40, 1.28510129451751708984e+00) (41, -1.72059130668640136719e+00) (42, -9.20612514019012451172e-01) (43, -1.26020276546478271484e+00) (44, -1.83859789371490478516e+00) (45, -6.12030792236328125000e+00) (46, 1.11900138854980468750e+00) (47, -1.75211822986602783203e+00) (48, 9.05331969261169433594e-01) (49, 6.20323300361633300781e-01) (50, 4.09337282180786132812e-01) (51, 1.16518175601959228516e+00) (52, -2.23976016044616699219e+00) (53, -6.54010057449340820312e+00) (54, -7.04525113105773925781e-01) (55, -1.56830275058746337891e+00) (56, -2.13884234428405761719e+00) (57, -3.78887623548507690430e-01) (58, 3.16532075405120849609e-01) (59, 1.18488395214080810547e+00) (60, 1.74253916740417480469e+00) (61, 1.33978652954101562500e+00) (62, 2.24347615242004394531e+00) (63, 1.57428634166717529297e+00) (64, -1.31171092987060546875e+01) (65, 4.96458947658538818359e-01) (66, 1.68015074729919433594e+00) (67, 1.33313894271850585938e-01) (68, -4.24876332283020019531e-01) (69, 1.65981042385101318359e+00) (70, 1.66380274295806884766e+00) (71, 1.81628918647766113281e+00) (72, 4.93887948989868164062e+00) (73, 5.02636015415191650391e-01) (74, -3.94853085279464721680e-01) (75, 1.18632626533508300781e+00) (76, 1.52833354473114013672e+00) (77, 3.55076491832733154297e-01) (78, 8.46930444240570068359e-02) (79, -9.59459602832794189453e-01) (80, -6.15161836147308349609e-01) (81, -3.82181346416473388672e-01) (82, -3.55969339609146118164e-01) (83, 8.05748160928487777710e-04) (84, -2.26429477334022521973e-01) (85, -8.37203189730644226074e-02) (86, 1.39283573627471923828e+00) (87, 1.88756585121154785156e-01) (88, 1.51859283447265625000e+00) (89, 6.48756921291351318359e-01) (90, 1.33364319801330566406e+00) (91, 1.02880470454692840576e-01) (92, -5.31876146793365478516e-01) (93, -6.77655100822448730469e-01) (94, 3.30244839191436767578e-01) (95, 9.33407187461853027344e-01) (96, 1.04316234588623046875e+00) (97, 1.22714556753635406494e-01) (98, 2.18002796173095703125e+00) (99, 3.47231149673461914062e-01) (100, 1.35688364505767822266e+00) (101, -5.76995730400085449219e-01) (102, 2.45448017120361328125e+00) (103, -4.14470136165618896484e-01) (104, 1.50186204910278320312e+00) (0, 5.19459762573242187500e+01) (1, 1.20146369934082031250e+00) (2, 8.00244987010955810547e-01) (3, -2.96828210353851318359e-01) (4, 4.62710782885551452637e-02) (5, 1.28676354885101318359e+00) (6, 1.47582328319549560547e+00) (7, 1.19995129108428955078e+00) (8, -3.58954620361328125000e+00) (9, 1.55835020542144775391e+00) (10, 1.08200681209564208984e+00) (11, 1.09417974948883056641e+00) (12, 1.56978678703308105469e+00) (13, 1.97672843933105468750e-01) (14, 1.13694596290588378906e+00) (15, 1.50195345282554626465e-01) (16, 8.47402751445770263672e-01) (17, 1.28194487094879150391e+00) (18, 1.14297187328338623047e+00) (19, 8.86975601315498352051e-02) (20, 5.20056307315826416016e-01) (21, 1.17808520793914794922e+00) (22, 4.54561233520507812500e-01) (23, 4.31609004735946655273e-01) (24, 1.15249514579772949219e+00) (25, 9.39729392528533935547e-01) (26, 2.86961674690246582031e-01) (27, 1.51089262962341308594e+00) (28, 1.12679803371429443359e+00) (29, 7.09910452365875244141e-01) (30, 6.89772903919219970703e-01) (31, 7.74333775043487548828e-01) (32, 9.03600394725799560547e-01) (33, 8.57055008411407470703e-01) (34, 2.70332247018814086914e-01) (35, 2.42502555251121520996e-01) (36, 8.45142543315887451172e-01) (37, 1.49198853969573974609e+00) (38, 1.24514925479888916016e+00) (39, 1.22015833854675292969e+00) (40, 7.90583670139312744141e-01) (41, 5.18970012664794921875e-01) (42, 1.16980981826782226562e+00) (43, 1.44167649745941162109e+00) (44, 8.36201250553131103516e-01) (45, 9.60234701633453369141e-01) (46, 4.07046228647232055664e-01) (47, 8.37371408939361572266e-01) (48, 7.43951380252838134766e-01) (49, 3.24947810173034667969e+00) (50, 4.59864765405654907227e-01) (51, 1.12057185173034667969e+00) (52, 7.55431234836578369141e-01) (53, 1.16807651519775390625e+00) (54, 1.22133302688598632812e+00) (55, 1.09267818927764892578e+00) (56, 5.74381709098815917969e-01) (57, 8.56770932674407958984e-01) (58, 7.19361245632171630859e-01) (59, 2.64606642723083496094e+00) (60, 1.15795183181762695312e+00) (61, 3.50266296386718750000e+02) (62, 1.45151782035827636719e+00) (63, 6.53217256069183349609e-01) (64, 2.63825454711914062500e+01) (65, 6.21361792087554931641e-01) (66, 1.86019623279571533203e+00) (67, 9.22538459300994873047e-01) (68, 2.10660815238952636719e+00) (69, 4.21412289142608642578e-01) (70, 1.48004710674285888672e+00) (71, 3.58028978109359741211e-01) (72, 6.86491668224334716797e-01) (73, 1.30415904521942138672e+00) (74, 5.91683804988861083984e-01) (75, 1.72250837087631225586e-01) (76, 5.34241676330566406250e-01) (77, 1.88016220927238464355e-01) (78, 8.05786669254302978516e-01) (79, -3.02317570894956588745e-02) (80, 9.58587110042572021484e-01) (81, 3.14212471246719360352e-01) (82, 1.11808931827545166016e+00) (83, 9.88413035869598388672e-01) (84, 3.14467638731002807617e-01) (85, 2.50533193349838256836e-01) (86, -1.24407447874546051025e-02) (87, 9.25103127956390380859e-01) (88, 2.82419711351394653320e-01) (89, 3.69825750589370727539e-01) (90, 4.34219151735305786133e-01) (91, 1.07677273452281951904e-01) (92, 1.44494974613189697266e+00) (93, 1.51742899417877197266e+00) (94, 1.44758233800530433655e-02) (95, 1.18699038028717041016e+00) (96, 1.15289604663848876953e+00) (97, 5.16972064971923828125e-01) (98, 1.38211822509765625000e+00) (99, 5.69556415081024169922e-01) (100, 3.56816574931144714355e-02) (101, 1.60231757164001464844e+00) (102, 1.63260173797607421875e+00) (103, 3.73792231082916259766e-01) (104, 1.92308044433593750000e+00) (0, 3.32376747131347656250e+01) (1, 1.09950780868530273438e+01) (2, 1.20533549785614013672e+00) (3, 2.12292408943176269531e+00) (4, 3.87688040733337402344e-01) (5, 8.01657140254974365234e-02) (6, 1.33644771575927734375e+00) (7, -1.52909660339355468750e+01) (8, 8.75603961944580078125e+00) (9, -1.21406689286231994629e-01) (10, -6.34314954280853271484e-01) (11, 9.87031877040863037109e-01) (12, 7.50988125801086425781e-01) (13, 3.43084096908569335938e-01) (14, -3.22377353906631469727e-01) (15, 5.96923053264617919922e-01) (16, 5.33026278018951416016e-01) (17, -4.87338632345199584961e-01) (18, 1.44665569067001342773e-01) (19, 6.99586421251296997070e-02) (20, 4.96792256832122802734e-01) (21, 9.03446823358535766602e-02) (22, 9.45226550102233886719e-02) (23, 5.77102720737457275391e-01) (24, -2.52721875905990600586e-01) (25, 8.72573256492614746094e-01) (26, 4.63884234428405761719e-01) (27, 2.24519431591033935547e-01) (28, 1.75017446279525756836e-01) (29, 1.01003813743591308594e+00) (30, 1.03684699535369873047e+00) (31, 2.26871699094772338867e-01) (32, 5.85024297237396240234e-01) (33, 8.98912787437438964844e-01) (34, 8.08935582637786865234e-01) (35, 1.60943388938903808594e-01) (36, 7.56448030471801757812e-01) (37, 2.02612340450286865234e-01) (38, 1.18071544170379638672e+00) (39, 4.25793886184692382812e-01) (40, 5.04383802413940429688e-01) (41, 1.97600238025188446045e-02) (42, -3.47478151321411132812e-01) (43, -1.46249637007713317871e-01) (44, 4.89838838577270507812e-01) (45, -2.94646799564361572266e-01) (46, 1.97884917259216308594e-01) (47, 4.96047854423522949219e-01) (48, -3.36193704605102539062e+00) (49, 4.80568945407867431641e-01) (50, 6.41486763954162597656e-01) (51, -1.36308097839355468750e+00) (52, -1.78238555788993835449e-01) (53, 1.52773022651672363281e-01) (54, -3.08616429567337036133e-01) (55, 1.32580250501632690430e-01) (56, 1.45696997642517089844e-01) (57, 7.92743206024169921875e-01) (58, 2.56998038291931152344e+00) (59, 5.77569186687469482422e-01) (60, 4.70661818981170654297e-01) (61, 4.22523915767669677734e-01) (62, 3.26360464096069335938e-01) (63, 8.81397604942321777344e-01) (64, -1.10575332641601562500e+01) (65, 9.92036461830139160156e-01) (66, 6.70412302017211914062e-01) (67, 1.27115666866302490234e+00) (68, 5.25988459587097167969e-01) (69, 1.19735133647918701172e+00) (70, -2.63492703437805175781e-01) (71, 5.61042070388793945312e-01) (72, 1.08059608936309814453e+00) (73, 6.46962344646453857422e-01) (74, -3.24398374557495117188e+00) (75, -1.93666771054267883301e-01) (76, 1.77153491973876953125e+00) (77, 1.78505510091781616211e-01) (78, 1.41604542732238769531e+00) (79, -1.62738561630249023438e-01) (80, 7.57468044757843017578e-01) (81, 9.70332682132720947266e-01) (82, 4.43261086940765380859e-01) (83, 1.12741816043853759766e+00) (84, 1.39768075942993164062e+00) (85, 2.21566176414489746094e+00) (86, 2.10566788911819458008e-01) (87, -4.42768722772598266602e-01) (88, 1.21406400203704833984e+00) (89, 2.74265050888061523438e-01) (90, 6.20648264884948730469e-01) (91, 3.16580176353454589844e-01) (92, 3.16228330135345458984e-01) (93, -1.52877122163772583008e-01) (94, 2.95344412326812744141e-01) (95, 6.02918863296508789062e-01) (96, -3.69911491870880126953e-01) (97, 6.02811098098754882812e-01) (98, 1.10348844528198242188e+00) (99, 1.08164930343627929688e+00) (100, 4.09401118755340576172e-01) (101, 2.58968532085418701172e-01) (102, 1.92196106910705566406e+00) (103, 1.11670397222042083740e-01) (104, 1.46290707588195800781e+00) (0, 5.09766510009765625000e+02) (1, 1.71408343315124511719e+00) (2, 1.32573544979095458984e+00) (3, 1.08355700969696044922e+00) (4, 4.96326029300689697266e-01) (5, 1.41891813278198242188e+00) (6, 1.91038918495178222656e+00) (7, 2.09319114685058593750e+00) (8, 1.97005677223205566406e+00) (9, 1.84976959228515625000e+00) (10, 1.53909456729888916016e+00) (11, 1.55379760265350341797e+00) (12, 1.94032049179077148438e+00) (13, 8.34836065769195556641e-01) (14, 1.80712878704071044922e+00) (15, 6.58965528011322021484e-01) (16, 1.36735332012176513672e+00) (17, 1.71164715290069580078e+00) (18, 1.60191178321838378906e+00) (19, 5.26410937309265136719e-01) (20, 9.92867350578308105469e-01) (21, 1.44198298454284667969e+00) (22, 9.75185155868530273438e-01) (23, 3.89937043190002441406e-01) (24, 1.60934758186340332031e+00) (25, 1.31304645538330078125e+00) (26, 7.70404338836669921875e-01) (27, 1.93619227409362792969e+00) (28, 1.76872789859771728516e+00) (29, 1.25968265533447265625e+00) (30, 1.04562902450561523438e+00) (31, 1.31988036632537841797e+00) (32, 1.28371787071228027344e+00) (33, 1.32904231548309326172e+00) (34, 7.98297226428985595703e-01) (35, 1.66207361221313476562e+00) (36, 1.34954369068145751953e+00) (37, 1.06793189048767089844e+00) (38, 8.56210768222808837891e-01) (39, 7.96410501003265380859e-01) (40, 4.04295295476913452148e-01) (41, 1.16939973831176757812e+00) (42, 1.48020446300506591797e+00) (43, 1.83931481838226318359e+00) (44, 1.37112057209014892578e+00) (45, 1.58428680896759033203e+00) (46, 5.34332454204559326172e-01) (47, 1.43349242210388183594e+00) (48, 1.49508314132690429688e+01) (49, 1.54555046558380126953e+00) (50, 3.05304110050201416016e-01) (51, 1.55569851398468017578e+00) (52, 9.21073675155639648438e-01) (53, 9.27706480026245117188e-01) (54, 1.70005571842193603516e+00) (55, 1.69654667377471923828e+00) (56, 1.32071590423583984375e+00) (57, 8.18605840206146240234e-01) (58, 3.29862058162689208984e-01) (59, 1.82437801361083984375e+00) (60, 1.66730415821075439453e+00) (61, 3.91443695068359375000e+02) (62, 1.88205146789550781250e+00) (63, 1.01064074039459228516e+00) (64, 3.98422203063964843750e+01) (65, 1.08124542236328125000e+00) (66, 9.07641470432281494141e-01) (67, 3.56498271226882934570e-01) (68, 1.41016232967376708984e+00) (69, 1.01372969150543212891e+00) (70, 9.71427559852600097656e-01) (71, 7.51777470111846923828e-01) (72, 1.17582416534423828125e+00) (73, 1.85464668273925781250e+00) (74, 1.17801702022552490234e+00) (75, 4.47579205036163330078e-01) (76, 1.07489752769470214844e+00) (77, 7.01086401939392089844e-01) (78, 4.96093451976776123047e-01) (79, 7.89384245872497558594e-02) (80, 1.25616133213043212891e+00) (81, 8.94450604915618896484e-01) (82, 7.39232897758483886719e-01) (83, 1.31298506259918212891e+00) (84, 7.79740631580352783203e-01) (85, 7.82780528068542480469e-01) (86, 5.09816646575927734375e-01) (87, 1.23537397384643554688e+00) (88, 8.21942985057830810547e-01) (89, 1.03389787673950195312e+00) (90, 8.71913015842437744141e-01) (91, 5.85863471031188964844e-01) (92, 2.03754901885986328125e+00) (93, 1.93458819389343261719e+00) (94, 5.42629599571228027344e-01) (95, 7.72941231727600097656e-01) (96, 1.83277654647827148438e+00) (97, 4.27259683609008789062e-01) (98, 9.16028738021850585938e-01) (99, 2.84736156463623046875e-01) (100, 5.47594547271728515625e-01) (101, 1.13619017601013183594e+00) (102, 1.17344510555267333984e+00) (103, 8.33336055278778076172e-01) (104, 1.18841993808746337891e+00) (0, 2.99222930908203125000e+02) (1, 2.11780643463134765625e+00) (2, 1.75498902797698974609e+00) (3, 6.96663022041320800781e-01) (4, 9.20563459396362304688e-01) (5, 2.16338920593261718750e+00) (6, 2.34130144119262695312e+00) (7, 2.18375015258789062500e+00) (8, 2.29620170593261718750e+00) (9, 2.42656087875366210938e+00) (10, 1.79697954654693603516e+00) (11, 1.91017818450927734375e+00) (12, 2.46180438995361328125e+00) (13, 1.07090663909912109375e+00) (14, 2.04092073440551757812e+00) (15, 9.74357724189758300781e-01) (16, 1.67408287525177001953e+00) (17, 2.05635786056518554688e+00) (18, 2.04174184799194335938e+00) (19, 1.01826786994934082031e+00) (20, 1.30467903614044189453e+00) (21, 2.41044449806213378906e+00) (22, 1.27252364158630371094e+00) (23, 1.24568641185760498047e+00) (24, 2.06981444358825683594e+00) (25, 1.67513918876647949219e+00) (26, 1.22640466690063476562e+00) (27, 2.34284925460815429688e+00) (28, 2.06427311897277832031e+00) (29, 1.78216290473937988281e+00) (30, 1.59773445129394531250e+00) (31, 1.66857028007507324219e+00) (32, 1.61629688739776611328e+00) (33, 1.74020349979400634766e+00) (34, 1.11027944087982177734e+00) (35, 1.24726438522338867188e+00) (36, 1.71424019336700439453e+00) (37, 2.25506186485290527344e+00) (38, 1.97432518005371093750e+00) (39, 2.04879379272460937500e+00) (40, 1.73947179317474365234e+00) (41, 1.46377849578857421875e+00) (42, 1.95783591270446777344e+00) (43, 2.21325683593750000000e+00) (44, 1.78895902633666992188e+00) (45, 1.80964899063110351562e+00) (46, 1.14945793151855468750e+00) (47, 1.69696104526519775391e+00) (48, 9.57199096679687500000e-01) (49, 1.76185798645019531250e+00) (50, 1.31057143211364746094e+00) (51, 1.90440499782562255859e+00) (52, 1.56808292865753173828e+00) (53, 2.12761569023132324219e+00) (54, 2.02717089653015136719e+00) (55, 1.89017128944396972656e+00) (56, 1.38583517074584960938e+00) (57, 1.52204501628875732422e+00) (58, 1.61570656299591064453e+00) (59, 2.29447889328002929688e+00) (60, 2.06815910339355468750e+00) (61, 1.81853317260742187500e+02) (62, 2.38743472099304199219e+00) (63, 1.51475751399993896484e+00) (64, 2.73662452697753906250e+01) (65, 1.48273062705993652344e+00) (66, 1.13597393035888671875e+00) (67, 1.77288329601287841797e+00) (68, 1.86678850650787353516e+00) (69, 1.32469069957733154297e+00) (70, 2.32354640960693359375e+00) (71, 1.18692624568939208984e+00) (72, 1.51355004310607910156e+00) (73, 1.99283719062805175781e+00) (74, 1.45839369297027587891e+00) (75, 1.04781734943389892578e+00) (76, 1.46240925788879394531e+00) (77, 9.86971974372863769531e-01) (78, 1.64766573905944824219e+00) (79, 6.89103901386260986328e-01) (80, 2.25638151168823242188e+00) (81, 1.14652299880981445312e+00) (82, 2.05904459953308105469e+00) (83, 1.79771399497985839844e+00) (84, 1.10205280780792236328e+00) (85, 1.08264124393463134766e+00) (86, 8.21943223476409912109e-01) (87, 1.66849946975708007812e+00) (88, 9.99983191490173339844e-01) (89, 1.29105401039123535156e+00) (90, 1.28003299236297607422e+00) (91, 9.06338036060333251953e-01) (92, 2.29423236846923828125e+00) (93, 2.32866382598876953125e+00) (94, 8.73982071876525878906e-01) (95, 2.03251695632934570312e+00) (96, 1.91218936443328857422e+00) (97, 1.30980265140533447266e+00) (98, 2.24179577827453613281e+00) (99, 1.51509463787078857422e+00) (100, 9.45647180080413818359e-01) (101, 2.36604952812194824219e+00) (102, 2.03628349304199218750e+00) (103, 3.58079373836517333984e-01) (104, 1.23405849933624267578e+00) (0, 4.38596829771995544434e-02) (1, -9.53290998935699462891e-01) (2, 4.68774557113647460938e-01) (3, 6.89480662345886230469e-01) (4, 1.60314485430717468262e-01) (5, 4.99142587184906005859e-01) (6, -1.60512164235115051270e-01) (7, 1.95707821846008300781e+00) (8, -1.59676104784011840820e-01) (9, 5.85937976837158203125e-01) (10, 7.14653313159942626953e-01) (11, 6.51902437210083007812e-01) (12, 2.38523602485656738281e+00) (13, 2.66211986541748046875e-01) (14, 3.61408144235610961914e-01) (15, -6.77960693836212158203e-01) (16, -6.44104421138763427734e-01) (17, -8.01228821277618408203e-01) (18, 1.59047126770019531250e+00) (19, -8.38907182216644287109e-01) (20, 3.05268198251724243164e-01) (21, 1.39151871204376220703e+00) (22, -8.92452255357056856155e-04) (23, -2.17700779438018798828e-01) (24, -3.15323799848556518555e-01) (25, -1.55138576030731201172e+00) (26, 3.56440514326095581055e-01) (27, 5.57675778865814208984e-01) (28, -3.67815345525741577148e-01) (29, -4.61625516414642333984e-01) (30, 4.95261281728744506836e-01) (31, -3.56248289346694946289e-01) (32, 1.09688699245452880859e+00) (33, 1.42443335056304931641e+00) (34, 2.78839111328125000000e+00) (35, -1.21679592132568359375e+00) (36, 5.20123004913330078125e-01) (37, 1.28999829292297363281e+00) (38, -8.03759396076202392578e-01) (39, -9.29953694343566894531e-01) (40, 4.12170737981796264648e-01) (41, 3.31352084875106811523e-01) (42, 5.78957617282867431641e-01) (43, 3.99846017360687255859e-01) (44, 5.68657398223876953125e-01) (45, 3.86698752641677856445e-01) (46, 9.48276460170745849609e-01) (47, -2.19667363166809082031e+00) (48, -9.74492549896240234375e-01) (49, -1.32800781726837158203e+00) (50, -1.37131381034851074219e+00) (51, -5.66790342330932617188e-01) (52, -5.76155483722686767578e-01) (53, 4.42704945802688598633e-01) (54, -4.20765578746795654297e-01) (55, -1.74303364753723144531e+00) (56, 1.19912493228912353516e+00) (57, -7.82728374004364013672e-01) (58, -6.73889100551605224609e-01) (59, 2.21722364425659179688e+00) (60, -1.81377038359642028809e-01) (61, -8.53080451488494873047e-01) (62, 1.71376481652259826660e-01) (63, -6.83702886104583740234e-01) (64, -6.32247388362884521484e-01) (65, -6.45247876644134521484e-01) (66, -1.05331730842590332031e+00) (67, 1.85170173645019531250e-02) (68, 2.31913536787033081055e-01) (69, 3.28079134225845336914e-01) (70, 7.23873913288116455078e-01) (71, -1.03094249963760375977e-01) (72, 9.17947143316268920898e-02) (73, -1.14653658866882324219e+00) (74, 6.01138830184936523438e-01) (75, 2.35193586349487304688e+00) (76, -1.28171825408935546875e+00) (77, 3.14835816621780395508e-01) (78, 1.73772498965263366699e-01) (79, 1.07110702991485595703e+00) (80, 1.55731880664825439453e+00) (81, 7.96851396560668945312e-01) (82, -6.45599365234375000000e-01) (83, 1.52834677696228027344e+00) (84, 1.89036023616790771484e+00) (85, -1.71973466873168945312e+00) (86, -7.01492667198181152344e-01) (87, -1.84011533856391906738e-01) (88, 9.90267634391784667969e-01) (89, 9.15289938449859619141e-01) (90, 3.11466574668884277344e-01) (91, 1.49080681800842285156e+00) (92, -4.82686549425125122070e-01) (93, 7.78545439243316650391e-01) (94, -6.98216080665588378906e-01) (95, -2.34905630350112915039e-01) (96, 1.59293606877326965332e-01) (97, 4.56660360097885131836e-01) (98, -3.75108867883682250977e-01) (99, -9.34956550598144531250e-01) (100, 2.20596179366111755371e-01) (101, 5.76381459832191467285e-02) (102, -4.49890822172164916992e-01) (103, 2.53998231887817382812e+00) (104, 2.72729754447937011719e+00) (0, 5.20480108261108398438e+00) (1, 1.13841390609741210938e+00) (2, 7.79245555400848388672e-01) (3, -5.67688405513763427734e-01) (4, -5.34264333546161651611e-02) (5, 1.17658483982086181641e+00) (6, 5.46514093875885009766e-01) (7, 1.16498506069183349609e+00) (8, -6.10807836055755615234e-01) (9, 1.43944323062896728516e+00) (10, 9.13109958171844482422e-01) (11, 9.32535827159881591797e-01) (12, 1.32294750213623046875e+00) (13, -2.20071859657764434814e-02) (14, 2.50239992141723632812e+00) (15, 1.33385643362998962402e-01) (16, 7.04449653625488281250e-01) (17, 6.92873597145080566406e-01) (18, 2.21952652931213378906e+00) (19, -1.68843418359756469727e-01) (20, 3.66251081228256225586e-01) (21, 8.87687623500823974609e-01) (22, 2.41407826542854309082e-01) (23, -6.04797601699829101562e-02) (24, 3.31262379884719848633e-01) (25, 8.06074678897857666016e-01) (26, -2.29494929313659667969e-01) (27, 1.35123300552368164062e+00) (28, 1.09098422527313232422e+00) (29, 4.09537881612777709961e-01) (30, 3.24169605970382690430e-01) (31, 9.33286726474761962891e-01) (32, 6.75900697708129882812e-01) (33, -1.59926801919937133789e-01) (34, 2.85625830292701721191e-02) (35, -9.06194895505905151367e-02) (36, -2.02673822641372680664e-01) (37, 6.48001074790954589844e-01) (38, 2.24760398268699645996e-01) (39, 3.13002616167068481445e-01) (40, -1.91187620162963867188e-01) (41, 3.22076708078384399414e-01) (42, 9.79151546955108642578e-01) (43, 2.42956042289733886719e+00) (44, 1.81078374385833740234e+00) (45, 3.18710535764694213867e-01) (46, -7.45334476232528686523e-02) (47, 7.58089959621429443359e-01) (48, -2.74448126554489135742e-01) (49, -2.14946530759334564209e-02) (50, -3.15263241529464721680e-01) (51, 5.72562098503112792969e-01) (52, 3.73353332281112670898e-01) (53, 9.12704527378082275391e-01) (54, 9.36948955059051513672e-01) (55, 2.06694173812866210938e+00) (56, 1.44707798957824707031e+00) (57, 5.56914687156677246094e-01) (58, 4.53330844640731811523e-01) (59, 2.37776541709899902344e+00) (60, 2.11219167709350585938e+00) (61, 1.11249721050262451172e+00) (62, 1.19662439823150634766e+00) (63, 5.91810107231140136719e-01) (64, 4.02183074951171875000e+01) (65, 5.65888583660125732422e-01) (66, -3.57490517199039459229e-02) (67, 4.60604816675186157227e-01) (68, 1.62648189067840576172e+00) (69, 1.19203709065914154053e-01) (70, 4.90859538316726684570e-01) (71, 1.05642445385456085205e-01) (72, 5.44542372226715087891e-01) (73, 9.66661989688873291016e-01) (74, 1.22563742101192474365e-01) (75, 7.35149145126342773438e-01) (76, -2.19757735729217529297e-01) (77, -3.79779905080795288086e-01) (78, -2.25003331899642944336e-01) (79, -5.22232651710510253906e-01) (80, 5.00372171401977539062e-01) (81, 8.68077799677848815918e-02) (82, 1.99564054608345031738e-01) (83, 8.66204593330621719360e-03) (84, 9.02495384216308593750e-02) (85, -8.66081118583679199219e-02) (86, -3.15223515033721923828e-01) (87, 3.64024132490158081055e-01) (88, -8.95488634705543518066e-02) (89, 1.39213576912879943848e-01) (90, 2.17970773577690124512e-01) (91, -2.07220956683158874512e-01) (92, 5.61133623123168945312e-01) (93, 5.94406604766845703125e-01) (94, -4.58465963602066040039e-01) (95, 2.09879115223884582520e-01) (96, 6.62569522857666015625e-01) (97, -1.53805345296859741211e-01) (98, 4.24764364957809448242e-01) (99, 4.86488014459609985352e-01) (100, -3.60925406217575073242e-01) (101, 5.47262549400329589844e-01) (102, 1.46486365795135498047e+00) (103, 4.12863820791244506836e-01) (104, 2.21599149703979492188e+00) (0, 2.04429578781127929688e+00) (1, 3.24811667203903198242e-01) (2, 4.63129132986068725586e-01) (3, -6.86930477619171142578e-01) (4, -6.92770421504974365234e-01) (5, 8.01832020282745361328e-01) (6, -6.24083995819091796875e-01) (7, 1.47054564952850341797e+00) (8, -1.18439540266990661621e-01) (9, -5.78916966915130615234e-01) (10, -5.96355617046356201172e-01) (11, 4.73931074142456054688e-01) (12, -9.69655998051166534424e-03) (13, 6.53718531131744384766e-01) (14, -2.82460629940032958984e-01) (15, -7.68977880477905273438e-01) (16, -7.75237679481506347656e-01) (17, -7.49210059642791748047e-01) (18, -3.17998230457305908203e-01) (19, -6.34593009948730468750e-01) (20, -6.72884881496429443359e-01) (21, 1.95400372147560119629e-01) (22, -8.23584973812103271484e-01) (23, -5.30192255973815917969e-01) (24, 1.62148618698120117188e+00) (25, 8.62149178981781005859e-01) (26, -5.85630178451538085938e-01) (27, -5.22666275501251220703e-01) (28, 7.26044476032257080078e-01) (29, -7.58352100849151611328e-01) (30, -8.05490434169769287109e-01) (31, -5.51344871520996093750e-01) (32, 1.34353291988372802734e+00) (33, 3.44601064920425415039e-01) (34, 1.50695633888244628906e+00) (35, 2.95604914426803588867e-01) (36, 4.83902901411056518555e-01) (37, 8.14990937709808349609e-01) (38, -7.39695787429809570312e-01) (39, -7.78857707977294921875e-01) (40, 1.96260824799537658691e-01) (41, 1.23498499393463134766e+00) (42, 4.89681273698806762695e-01) (43, 2.14171931147575378418e-01) (44, -4.97220367193222045898e-01) (45, 3.85333448648452758789e-01) (46, -4.26798880100250244141e-01) (47, 7.80469737946987152100e-04) (48, 2.01713562011718750000e+00) (49, -5.53411483764648437500e-01) (50, -6.26678168773651123047e-01) (51, 1.03993225097656250000e+00) (52, -7.88311243057250976562e-01) (53, -2.41883620619773864746e-01) (54, 1.00275099277496337891e+00) (55, 1.15761244297027587891e+00) (56, 2.55858689546585083008e-01) (57, -7.63312995433807373047e-01) (58, -1.29159545898437500000e+00) (59, 1.55334317684173583984e+00) (60, 2.82847493886947631836e-01) (61, -4.43198293447494506836e-01) (62, 1.09560325741767883301e-01) (63, -7.52294003963470458984e-01) (64, 7.04225480556488037109e-01) (65, -7.59746074676513671875e-01) (66, 2.60106295347213745117e-01) (67, 7.97578573226928710938e-01) (68, 9.77438867092132568359e-01) (69, -2.25214153528213500977e-01) (70, 4.63735252618789672852e-01) (71, 1.08116197586059570312e+00) (72, -2.79507935047149658203e-01) (73, 5.02331376075744628906e-01) (74, 2.83458381891250610352e-01) (75, -5.32078564167022705078e-01) (76, 1.31300044059753417969e+00) (77, 2.34459117054939270020e-01) (78, 4.62792128324508666992e-01) (79, -8.51323902606964111328e-01) (80, 3.24719786643981933594e-01) (81, 3.13832521438598632812e-01) (82, -7.50057339668273925781e-01) (83, -8.45193684101104736328e-01) (84, 4.47795659303665161133e-01) (85, 3.11117619276046752930e-01) (86, -1.70622095465660095215e-01) (87, 2.77989059686660766602e-01) (88, -7.24353015422821044922e-01) (89, -7.84308552742004394531e-01) (90, -6.89780414104461669922e-01) (91, -1.87714651226997375488e-01) (92, -5.00715911388397216797e-01) (93, 6.75244808197021484375e-01) (94, -7.24510729312896728516e-01) (95, -1.80649653077125549316e-01) (96, 1.02377712726593017578e+00) (97, 4.37604278326034545898e-01) (98, -7.00726509094238281250e-01) (99, -7.47661113739013671875e-01) (100, -1.34309366345405578613e-01) (101, -7.74087905883789062500e-01) (102, 1.28105580806732177734e+00) (103, 4.00450110435485839844e-01) (104, 2.44480466842651367188e+00) (105, 2.04608488082885742188e+00) (106, 1.99099719524383544922e+00) (107, 1.17617273330688476562e+00) (108, 4.83694821596145629883e-02) (109, -1.98924827575683593750e+00) (110, 3.87468338012695312500e+00) (111, 3.68926048278808593750e+00) (112, 2.95157408714294433594e+00) (113, 2.88097643852233886719e+00) (114, -1.03773391246795654297e+00) (115, -3.10683679580688476562e+00) (116, -1.57607388496398925781e+00) (117, 2.92377825826406478882e-03) (118, 8.95405828952789306641e-01) (119, -1.82122194766998291016e+00) (120, 3.93343305587768554688e+00) (121, 3.33902406692504882812e+00) (122, -1.78880584239959716797e+00) (123, 7.60731697082519531250e-02) (124, -6.77562177181243896484e-01) (125, -8.99230912327766418457e-02) (126, -3.41735891997814178467e-02) (127, 3.13217806816101074219e+00) (128, 1.17140591144561767578e+00) (129, 2.19821166992187500000e+00) (130, 2.04299616813659667969e+00) 
