FANN_FLO_2.1
num_layers=3
learning_rate=0.700000
connection_rate=1.000000
network_type=0
learning_momentum=0.000000
training_algorithm=2
train_error_function=1
train_stop_function=0
cascade_output_change_fraction=0.010000
quickprop_decay=-0.000100
quickprop_mu=1.750000
rprop_increase_factor=1.200000
rprop_decrease_factor=0.500000
rprop_delta_min=0.000000
rprop_delta_max=50.000000
rprop_delta_zero=0.100000
cascade_output_stagnation_epochs=12
cascade_candidate_change_fraction=0.010000
cascade_candidate_stagnation_epochs=12
cascade_max_out_epochs=150
cascade_max_cand_epochs=150
cascade_num_candidate_groups=2
bit_fail_limit=3.49999994039535522461e-01
cascade_candidate_limit=1.00000000000000000000e+03
cascade_weight_multiplier=4.00000005960464477539e-01
cascade_activation_functions_count=10
cascade_activation_functions=3 5 7 8 10 11 14 15 16 17 
cascade_activation_steepnesses_count=4
cascade_activation_steepnesses=2.50000000000000000000e-01 5.00000000000000000000e-01 7.50000000000000000000e-01 1.00000000000000000000e+00 
layer_sizes=105 26 2 
scale_included=0
neurons (num_inputs, activation_function, activation_steepness)=(0, 0, 0.00000000000000000000e+00) (0, 0, 0.00000000000000000000e+00) (0, 0, 0.00000000000000000000e+00) (0, 0, 0.00000000000000000000e+00) (0, 0, 0.00000000000000000000e+00) (0, 0, 0.00000000000000000000e+00) (0, 0, 0.00000000000000000000e+00) (0, 0, 0.00000000000000000000e+00) (0, 0, 0.00000000000000000000e+00) (0, 0, 0.00000000000000000000e+00) (0, 0, 0.00000000000000000000e+00) (0, 0, 0.00000000000000000000e+00) (0, 0, 0.00000000000000000000e+00) (0, 0, 0.00000000000000000000e+00) (0, 0, 0.00000000000000000000e+00) (0, 0, 0.00000000000000000000e+00) (0, 0, 0.00000000000000000000e+00) (0, 0, 0.00000000000000000000e+00) (0, 0, 0.00000000000000000000e+00) (0, 0, 0.00000000000000000000e+00) (0, 0, 0.00000000000000000000e+00) (0, 0, 0.00000000000000000000e+00) (0, 0, 0.00000000000000000000e+00) (0, 0, 0.00000000000000000000e+00) (0, 0, 0.00000000000000000000e+00) (0, 0, 0.00000000000000000000e+00) (0, 0, 0.00000000000000000000e+00) (0, 0, 0.00000000000000000000e+00) (0, 0, 0.00000000000000000000e+00) (0, 0, 0.00000000000000000000e+00) (0, 0, 0.00000000000000000000e+00) (0, 0, 0.00000000000000000000e+00) (0, 0, 0.00000000000000000000e+00) (0, 0, 0.00000000000000000000e+00) (0, 0, 0.00000000000000000000e+00) (0, 0, 0.00000000000000000000e+00) (0, 0, 0.00000000000000000000e+00) (0, 0, 0.00000000000000000000e+00) (0, 0, 0.00000000000000000000e+00) (0, 0, 0.00000000000000000000e+00) (0, 0, 0.00000000000000000000e+00) (0, 0, 0.00000000000000000000e+00) (0, 0, 0.00000000000000000000e+00) (0, 0, 0.00000000000000000000e+00) (0, 0, 0.00000000000000000000e+00) (0, 0, 0.00000000000000000000e+00) (0, 0, 0.00000000000000000000e+00) (0, 0, 0.00000000000000000000e+00) (0, 0, 0.00000000000000000000e+00) (0, 0, 0.00000000000000000000e+00) (0, 0, 0.00000000000000000000e+00) (0, 0, 0.00000000000000000000e+00) (0, 0, 0.00000000000000000000e+00) (0, 0, 0.00000000000000000000e+00) (0, 0, 0.00000000000000000000e+00) (0, 0, 0.00000000000000000000e+00) (0, 0, 0.00000000000000000000e+00) (0, 0, 0.00000000000000000000e+00) (0, 0, 0.00000000000000000000e+00) (0, 0, 0.00000000000000000000e+00) (0, 0, 0.00000000000000000000e+00) (0, 0, 0.00000000000000000000e+00) (0, 0, 0.00000000000000000000e+00) (0, 0, 0.00000000000000000000e+00) (0, 0, 0.00000000000000000000e+00) (0, 0, 0.00000000000000000000e+00) (0, 0, 0.00000000000000000000e+00) (0, 0, 0.00000000000000000000e+00) (0, 0, 0.00000000000000000000e+00) (0, 0, 0.00000000000000000000e+00) (0, 0, 0.00000000000000000000e+00) (0, 0, 0.00000000000000000000e+00) (0, 0, 0.00000000000000000000e+00) (0, 0, 0.00000000000000000000e+00) (0, 0, 0.00000000000000000000e+00) (0, 0, 0.00000000000000000000e+00) (0, 0, 0.00000000000000000000e+00) (0, 0, 0.00000000000000000000e+00) (0, 0, 0.00000000000000000000e+00) (0, 0, 0.00000000000000000000e+00) (0, 0, 0.00000000000000000000e+00) (0, 0, 0.00000000000000000000e+00) (0, 0, 0.00000000000000000000e+00) (0, 0, 0.00000000000000000000e+00) (0, 0, 0.00000000000000000000e+00) (0, 0, 0.00000000000000000000e+00) (0, 0, 0.00000000000000000000e+00) (0, 0, 0.00000000000000000000e+00) (0, 0, 0.00000000000000000000e+00) (0, 0, 0.00000000000000000000e+00) (0, 0, 0.00000000000000000000e+00) (0, 0, 0.00000000000000000000e+00) (0, 0, 0.00000000000000000000e+00) (0, 0, 0.00000000000000000000e+00) (0, 0, 0.00000000000000000000e+00) (0, 0, 0.00000000000000000000e+00) (0, 0, 0.00000000000000000000e+00) (0, 0, 0.00000000000000000000e+00) (0, 0, 0.00000000000000000000e+00) (0, 0, 0.00000000000000000000e+00) (0, 0, 0.00000000000000000000e+00) (0, 0, 0.00000000000000000000e+00) (0, 0, 0.00000000000000000000e+00) (0, 0, 0.00000000000000000000e+00) (0, 0, 0.00000000000000000000e+00) (105, 5, 5.00000000000000000000e-01) (105, 5, 5.00000000000000000000e-01) (105, 5, 5.00000000000000000000e-01) (105, 5, 5.00000000000000000000e-01) (105, 5, 5.00000000000000000000e-01) (105, 5, 5.00000000000000000000e-01) (105, 5, 5.00000000000000000000e-01) (105, 5, 5.00000000000000000000e-01) (105, 5, 5.00000000000000000000e-01) (105, 5, 5.00000000000000000000e-01) (105, 5, 5.00000000000000000000e-01) (105, 5, 5.00000000000000000000e-01) (105, 5, 5.00000000000000000000e-01) (105, 5, 5.00000000000000000000e-01) (105, 5, 5.00000000000000000000e-01) (105, 5, 5.00000000000000000000e-01) (105, 5, 5.00000000000000000000e-01) (105, 5, 5.00000000000000000000e-01) (105, 5, 5.00000000000000000000e-01) (105, 5, 5.00000000000000000000e-01) (105, 5, 5.00000000000000000000e-01) (105, 5, 5.00000000000000000000e-01) (105, 5, 5.00000000000000000000e-01) (105, 5, 5.00000000000000000000e-01) (105, 5, 5.00000000000000000000e-01) (0, 5, 0.00000000000000000000e+00) (26, 5, 5.00000000000000000000e-01) (0, 5, 0.00000000000000000000e+00) 
connections (connected_to_neuron, weight)=(0, 1.50000000000000000000e+03) (1, -1.49999133300781250000e+03) (2, 3.11021852493286132812e+00) (3, 1.50000000000000000000e+03) (4, 1.49996850585937500000e+03) (5, 1.50000000000000000000e+03) (6, -1.50000000000000000000e+03) (7, -1.49991540527343750000e+03) (8, 1.50000000000000000000e+03) (9, -1.50000000000000000000e+03) (10, -1.50000000000000000000e+03) (11, 1.49910253906250000000e+03) (12, 1.49373364448547363281e+00) (13, -1.49821667480468750000e+03) (14, -1.50000000000000000000e+03) (15, 1.49996215820312500000e+03) (16, 1.50000000000000000000e+03) (17, -1.50000000000000000000e+03) (18, 1.50000000000000000000e+03) (19, 1.50000000000000000000e+03) (20, 1.50000000000000000000e+03) (21, 1.50000000000000000000e+03) (22, 1.50000000000000000000e+03) (23, 1.50000000000000000000e+03) (24, 1.50000000000000000000e+03) (25, -1.49997790527343750000e+03) (26, 1.50000000000000000000e+03) (27, 1.50000000000000000000e+03) (28, 1.50000000000000000000e+03) (29, 7.51661837100982666016e-01) (30, 1.49998413085937500000e+03) (31, 1.50000000000000000000e+03) (32, 1.50000000000000000000e+03) (33, 8.67697830200195312500e+01) (34, 1.50000000000000000000e+03) (35, 1.82714252471923828125e+01) (36, 1.50000000000000000000e+03) (37, 4.53750457763671875000e+02) (38, 1.50000000000000000000e+03) (39, 1.50000000000000000000e+03) (40, 2.09263277053833007812e+00) (41, 1.50000000000000000000e+03) (42, 3.05133008956909179688e+00) (43, 1.50000000000000000000e+03) (44, 1.50000000000000000000e+03) (45, 6.84953842163085937500e+01) (46, 1.47385358810424804688e+01) (47, 1.50000000000000000000e+03) (48, 2.49233474731445312500e+01) (49, 1.49908654785156250000e+03) (50, 1.49907666015625000000e+03) (51, 1.49899670410156250000e+03) (52, 1.49902282714843750000e+03) (53, 1.49996655273437500000e+03) (54, -1.50000000000000000000e+03) (55, 1.50000000000000000000e+03) (56, 3.66749215126037597656e+00) (57, 1.50000000000000000000e+03) (58, 1.49996215820312500000e+03) (59, 1.50000000000000000000e+03) (60, 1.49996215820312500000e+03) (61, -1.50000000000000000000e+03) (62, 3.10738086700439453125e+00) (63, 1.49996215820312500000e+03) (64, 1.49996215820312500000e+03) (65, 1.49996215820312500000e+03) (66, 1.49996215820312500000e+03) (67, 1.49996215820312500000e+03) (68, 4.82712783813476562500e+01) (69, 1.49995751953125000000e+03) (70, 2.81567025184631347656e+00) (71, 2.89518928527832031250e+00) (72, 1.50000000000000000000e+03) (73, 2.66040191650390625000e+02) (74, 8.06387305259704589844e-01) (75, 3.05284667015075683594e+00) (76, 3.48048400878906250000e+01) (77, 7.27658033370971679688e+00) (78, 2.90340709686279296875e+00) (79, 2.12362885475158691406e+00) (80, 1.49897546386718750000e+03) (81, 1.39443530273437500000e+03) (82, 1.32540710449218750000e+03) (83, 1.49995703125000000000e+03) (84, 1.49995703125000000000e+03) (85, 2.54309368133544921875e+01) (86, 1.77891712188720703125e+01) (87, 3.20013666152954101562e+00) (88, 1.49993383789062500000e+03) (89, 6.78444976806640625000e+01) (90, 1.49993420410156250000e+03) (91, 1.49993444824218750000e+03) (92, 1.49996215820312500000e+03) (93, 1.49996215820312500000e+03) (94, 1.49996215820312500000e+03) (95, 1.06928076171875000000e+03) (96, 2.65502905845642089844e+00) (97, 3.27167105674743652344e+00) (98, 1.49996215820312500000e+03) (99, 2.40191543579101562500e+02) (100, 1.49996215820312500000e+03) (101, 2.67190074920654296875e+00) (102, 1.50000000000000000000e+03) (103, -1.50000000000000000000e+03) (104, -8.68621647357940673828e-01) (0, 1.66937577724456787109e+00) (1, 4.57366630434989929199e-02) (2, -3.41432034969329833984e-01) (3, -9.21990871429443359375e-01) (4, -5.61177611351013183594e-01) (5, -1.48157525062561035156e+00) (6, 1.61915493011474609375e+00) (7, -2.96373367309570312500e-01) (8, -1.54094743728637695312e+00) (9, 4.21934306621551513672e-01) (10, 2.56462603807449340820e-01) (11, 9.66610074043273925781e-01) (12, 1.42165672779083251953e+00) (13, 7.17897340655326843262e-02) (14, 6.98587417602539062500e-01) (15, -6.37382030487060546875e-01) (16, 4.49443280696868896484e-01) (17, 3.78398329019546508789e-01) (18, -6.45682096481323242188e-01) (19, -6.07355833053588867188e-01) (20, 4.51024919748306274414e-01) (21, 1.46694732829928398132e-02) (22, -1.23910820484161376953e+00) (23, -1.29642105102539062500e+00) (24, -4.84595805406570434570e-01) (25, 2.35127067565917968750e+00) (26, -4.78873372077941894531e-01) (27, -4.15883749723434448242e-01) (28, -1.97196856141090393066e-01) (29, -4.29508119821548461914e-01) (30, -2.10279509425163269043e-01) (31, -6.28770291805267333984e-01) (32, 9.82835412025451660156e-01) (33, 1.11660826206207275391e+00) (34, -2.79374337196350097656e+00) (35, 1.26718312501907348633e-01) (36, -8.05536389350891113281e-01) (37, -7.28162676095962524414e-02) (38, 8.56849610805511474609e-01) (39, 1.08471035957336425781e+00) (40, 1.30128598213195800781e+00) (41, 2.93287372589111328125e+00) (42, 2.26049041748046875000e+00) (43, 2.65370011329650878906e-01) (44, -4.75397557020187377930e-01) (45, 1.84371888637542724609e-01) (46, 8.53385850787162780762e-02) (47, -3.73895525932312011719e-01) (48, 4.83520030975341796875e-01) (49, -1.16873729228973388672e+00) (50, 5.38781523704528808594e-01) (51, -3.23175370693206787109e-01) (52, 1.45999419689178466797e+00) (53, -3.74934643507003784180e-01) (54, -1.89771875739097595215e-01) (55, 4.91227328777313232422e-01) (56, -1.36042404174804687500e+00) (57, -1.04829204082489013672e+00) (58, -6.47565186023712158203e-01) (59, -1.05180537700653076172e+00) (60, 5.39783120155334472656e-01) (61, 5.44217288494110107422e-01) (62, -5.33078610897064208984e-01) (63, -6.49863421916961669922e-01) (64, -5.34568548202514648438e-01) (65, -4.24704521894454956055e-01) (66, -1.29581224918365478516e+00) (67, -6.45670816302299499512e-02) (68, -1.57615971565246582031e+00) (69, -4.61715400218963623047e-01) (70, 1.48182761669158935547e+00) (71, 1.55232858657836914062e+00) (72, -5.79490005970001220703e-01) (73, 1.45233988761901855469e+00) (74, 1.47941255569458007812e+00) (75, 1.34920799732208251953e+00) (76, 6.83590650558471679688e-01) (77, -5.08381366729736328125e-01) (78, 1.77664488554000854492e-01) (79, 1.24780642986297607422e+00) (80, -5.21293163299560546875e-01) (81, -1.72634041309356689453e+00) (82, -5.65808832645416259766e-01) (83, -7.64219999313354492188e-01) (84, -8.49083542823791503906e-01) (85, -3.27543437480926513672e-01) (86, -6.17470264434814453125e-01) (87, 2.21343517303466796875e+00) (88, -5.93424856662750244141e-01) (89, -3.25970315933227539062e+00) (90, -1.11857104301452636719e+00) (91, -1.15391051769256591797e+00) (92, -9.88170385360717773438e-01) (93, -5.55263578891754150391e-01) (94, -7.34775066375732421875e-01) (95, 1.18678301572799682617e-01) (96, 2.31998920440673828125e+00) (97, 2.30586647987365722656e+00) (98, -1.94245719909667968750e+00) (99, 1.29500675201416015625e+00) (100, -6.88308596611022949219e-01) (101, 1.00214791297912597656e+00) (102, 1.00325956940650939941e-01) (103, 1.85713791847229003906e+00) (104, 4.02119159698486328125e-01) (0, -1.35476379394531250000e+02) (1, 1.00327849388122558594e+00) (2, 8.73921290040016174316e-02) (3, 4.14752244949340820312e-01) (4, -9.98250320553779602051e-02) (5, 3.38597267866134643555e-01) (6, 1.05895578861236572266e+00) (7, 2.09179954528808593750e+01) (8, 6.29019165039062500000e+02) (9, 2.57021284103393554688e+00) (10, 2.68863677978515625000e+00) (11, 3.32627868652343750000e+00) (12, 2.38702082633972167969e+00) (13, -3.66782257080078125000e+02) (14, 2.36609053611755371094e+00) (15, 2.35017204284667968750e+00) (16, -3.08013248443603515625e+00) (17, 2.61625075340270996094e+00) (18, 3.66292929649353027344e+00) (19, -6.93969428539276123047e-01) (20, -1.21608037948608398438e+01) (21, 2.21784019470214843750e+00) (22, 2.77591419219970703125e+01) (23, 1.41951618194580078125e+01) (24, -2.34975906372070312500e+02) (25, 3.49190711975097656250e+00) (26, 1.67829680442810058594e+00) (27, 1.52418410778045654297e+00) (28, 1.55295095443725585938e+01) (29, -3.46121072769165039062e-01) (30, -1.65190517902374267578e+00) (31, -9.04422378540039062500e+00) (32, 1.26847391128540039062e+01) (33, 2.92658519744873046875e+01) (34, 5.62082576751708984375e+00) (35, 1.62821216583251953125e+01) (36, 5.33745803833007812500e+01) (37, 5.91905517578125000000e+01) (38, 2.61112728118896484375e+01) (39, 6.04548168182373046875e+00) (40, 3.54692602157592773438e+00) (41, 2.25901770591735839844e+00) (42, 5.12278616428375244141e-01) (43, 2.88622188568115234375e+00) (44, 2.83776140213012695312e+00) (45, 6.14430694580078125000e+01) (46, 1.13936614990234375000e+01) (47, 1.29634582519531250000e+03) (48, 3.29021334648132324219e+00) (49, -2.95598083496093750000e+02) (50, -1.62427330017089843750e+01) (51, 2.48938560485839843750e+00) (52, 2.39039278030395507812e+00) (53, -4.34939908981323242188e+00) (54, -4.87382698059082031250e+00) (55, 5.41797103881835937500e+01) (56, 1.19028031826019287109e+00) (57, -5.54301595687866210938e+00) (58, 1.85358658432960510254e-01) (59, 5.17681777477264404297e-01) (60, 3.60402077436447143555e-01) (61, 1.93202054500579833984e+00) (62, 8.15028667449951171875e-01) (63, 1.71313688158988952637e-01) (64, 6.56926512718200683594e-01) (65, 4.16329264640808105469e-01) (66, 8.78704071044921875000e+00) (67, 5.56446492671966552734e-01) (68, 4.99716222286224365234e-01) (69, 9.92405593395233154297e-01) (70, 3.09027969837188720703e-01) (71, 4.33003544807434082031e-01) (72, -1.11090481281280517578e+00) (73, 7.24447555541992187500e+01) (74, 6.68473422527313232422e-01) (75, 6.84447944164276123047e-01) (76, 6.72017037868499755859e-01) (77, 3.37063938379287719727e-01) (78, 3.38033223152160644531e+00) (79, 7.48672544956207275391e-01) (80, 4.83347743749618530273e-01) (81, 6.47418379783630371094e-01) (82, 3.72972816228866577148e-01) (83, 4.54932451248168945312e-01) (84, 8.13911914825439453125e-01) (85, 4.46737080812454223633e-01) (86, 3.39708000421524047852e-01) (87, 7.69248902797698974609e-01) (88, 1.32744133472442626953e+00) (89, 5.25639653205871582031e-01) (90, 7.23606348037719726562e-01) (91, 5.46595215797424316406e-01) (92, 3.49453449249267578125e-01) (93, 2.54497349262237548828e-01) (94, 5.36910176277160644531e-01) (95, 4.23568576574325561523e-01) (96, 7.62653946876525878906e-01) (97, 5.14219403266906738281e-01) (98, 5.45844137668609619141e-01) (99, 4.87234562635421752930e-01) (100, 3.41358751058578491211e-01) (101, 5.26020944118499755859e-01) (102, -5.49360389709472656250e+01) (103, 7.98590393066406250000e+01) (104, 1.56664896011352539062e+00) (0, 1.50000000000000000000e+03) (1, -1.49999133300781250000e+03) (2, 2.61412119865417480469e+00) (3, 1.50000000000000000000e+03) (4, 1.49996850585937500000e+03) (5, 1.50000000000000000000e+03) (6, -1.50000000000000000000e+03) (7, -1.49991540527343750000e+03) (8, 1.50000000000000000000e+03) (9, -1.50000000000000000000e+03) (10, -1.50000000000000000000e+03) (11, 8.92216396331787109375e+00) (12, 7.58122384548187255859e-01) (13, -1.49821667480468750000e+03) (14, -1.50000000000000000000e+03) (15, 1.49996215820312500000e+03) (16, 1.50000000000000000000e+03) (17, -1.50000000000000000000e+03) (18, 1.50000000000000000000e+03) (19, 1.50000000000000000000e+03) (20, 1.50000000000000000000e+03) (21, 1.50000000000000000000e+03) (22, 1.50000000000000000000e+03) (23, 1.50000000000000000000e+03) (24, 3.36182678222656250000e+02) (25, -1.49997790527343750000e+03) (26, 1.50000000000000000000e+03) (27, 1.50000000000000000000e+03) (28, 1.50000000000000000000e+03) (29, 1.01648592948913574219e+00) (30, 1.49998413085937500000e+03) (31, 1.50000000000000000000e+03) (32, 1.50000000000000000000e+03) (33, 4.20095748901367187500e+01) (34, 1.50000000000000000000e+03) (35, 1.38891592025756835938e+01) (36, 1.50000000000000000000e+03) (37, 5.63712158203125000000e+01) (38, 1.50000000000000000000e+03) (39, 1.50000000000000000000e+03) (40, 1.78840506076812744141e+00) (41, 1.50000000000000000000e+03) (42, 2.66404628753662109375e+00) (43, 1.50000000000000000000e+03) (44, 1.50000000000000000000e+03) (45, 5.49834823608398437500e+01) (46, 1.43120927810668945312e+01) (47, 1.50000000000000000000e+03) (48, 1.01945095062255859375e+01) (49, 1.49908654785156250000e+03) (50, 1.49907666015625000000e+03) (51, 1.49899670410156250000e+03) (52, 1.49902282714843750000e+03) (53, 4.26203422546386718750e+01) (54, -1.50000000000000000000e+03) (55, 1.50000000000000000000e+03) (56, 2.40330147743225097656e+00) (57, 1.50000000000000000000e+03) (58, 1.49996215820312500000e+03) (59, 1.50000000000000000000e+03) (60, 1.49996215820312500000e+03) (61, -1.50000000000000000000e+03) (62, 2.51419520378112792969e+00) (63, 1.49996215820312500000e+03) (64, 1.49996215820312500000e+03) (65, 1.49996215820312500000e+03) (66, 1.61832599639892578125e+01) (67, 1.49996215820312500000e+03) (68, 2.54254555702209472656e+00) (69, 3.08628153800964355469e+00) (70, 2.38227796554565429688e+00) (71, 2.40732407569885253906e+00) (72, 1.50000000000000000000e+03) (73, 7.44556350708007812500e+01) (74, 4.18255984783172607422e-01) (75, 2.50487327575683593750e+00) (76, 4.04812037944793701172e-01) (77, 2.64629364013671875000e+00) (78, 2.25489592552185058594e+00) (79, 5.09598851203918457031e-01) (80, 6.92736506462097167969e-01) (81, 2.47805356979370117188e+00) (82, 2.74883151054382324219e+00) (83, 2.46065282821655273438e+00) (84, 3.32372689247131347656e+00) (85, 2.79447984695434570312e+00) (86, 2.64995217323303222656e+00) (87, 2.35561442375183105469e+00) (88, 3.81387901306152343750e+00) (89, 2.51037549972534179688e+00) (90, 2.66465282440185546875e+00) (91, 2.85261869430541992188e+00) (92, 1.49996215820312500000e+03) (93, 1.49996215820312500000e+03) (94, 9.06295013427734375000e+01) (95, 2.58616566658020019531e+00) (96, 2.24432873725891113281e+00) (97, 2.41361570358276367188e+00) (98, 1.49996215820312500000e+03) (99, 2.54873013496398925781e+00) (100, 1.49996215820312500000e+03) (101, 2.37117671966552734375e+00) (102, 1.50000000000000000000e+03) (103, -1.50000000000000000000e+03) (104, -4.30220365524291992188e-01) (0, -7.73144483566284179688e-01) (1, -2.68489092588424682617e-01) (2, -5.53947806358337402344e-01) (3, 2.28406381607055664062e+00) (4, -3.31380546092987060547e-01) (5, -5.30601501464843750000e-01) (6, -2.18648448586463928223e-01) (7, 1.38471496105194091797e+00) (8, 5.18214285373687744141e-01) (9, 1.38892912864685058594e+00) (10, -5.93093395233154296875e-01) (11, 1.27124583721160888672e+00) (12, 1.52267003059387207031e+00) (13, -1.21943688392639160156e+00) (14, -4.36864227056503295898e-01) (15, -6.25341355800628662109e-01) (16, -1.16918635368347167969e+00) (17, 1.27126801013946533203e+00) (18, 2.31880712509155273438e+00) (19, 1.58186757564544677734e+00) (20, -2.70822572708129882812e+00) (21, 1.67194426059722900391e+00) (22, 6.94695949554443359375e-01) (23, -1.56385552883148193359e+00) (24, -1.00037181377410888672e+00) (25, -8.47856044769287109375e-01) (26, -2.86653578281402587891e-01) (27, -4.91861343383789062500e-01) (28, 4.85040307044982910156e-01) (29, -1.39702928066253662109e+00) (30, 7.89661467075347900391e-01) (31, 5.26473298668861389160e-02) (32, -1.27162206172943115234e+00) (33, -1.21769690513610839844e+00) (34, 3.08455300331115722656e+00) (35, -6.23493611812591552734e-01) (36, -1.28513705730438232422e+00) (37, -1.24585044384002685547e+00) (38, 1.13148486614227294922e+00) (39, 1.25697159767150878906e+00) (40, 1.21990215778350830078e+00) (41, -2.01920461654663085938e+00) (42, -3.58919292688369750977e-01) (43, 1.47832727432250976562e+00) (44, -4.28133249282836914062e-01) (45, 1.94956839084625244141e+00) (46, 1.17551434040069580078e+00) (47, 5.37304925918579101562e+00) (48, -5.66397964954376220703e-01) (49, 1.15249145030975341797e+00) (50, 1.14662933349609375000e+00) (51, -5.23824870586395263672e-01) (52, -9.26904439926147460938e-01) (53, -1.35919022560119628906e+00) (54, -5.40734767913818359375e-01) (55, -3.98327088356018066406e+00) (56, 1.53616380691528320312e+00) (57, -2.38727641105651855469e+00) (58, -3.14362972974777221680e-01) (59, 3.30452322959899902344e+00) (60, -4.17900681495666503906e-01) (61, -4.94502365589141845703e-01) (62, -3.18212956190109252930e-01) (63, -3.75869542360305786133e-01) (64, 2.63088989257812500000e+00) (65, -3.46015751361846923828e-01) (66, 5.47963285446166992188e+00) (67, -1.38842904567718505859e+00) (68, 4.44671678543090820312e+00) (69, 2.31465458869934082031e-01) (70, -4.32050585746765136719e-01) (71, -5.28704106807708740234e-01) (72, -1.01711618900299072266e+00) (73, 1.93750536441802978516e+00) (74, -2.80276089906692504883e-01) (75, -3.56857991218566894531e+00) (76, 1.54244005680084228516e+00) (77, -4.78742271661758422852e-01) (78, 2.87438297271728515625e+00) (79, -8.44966888427734375000e+00) (80, 4.16824436187744140625e+00) (81, 1.60552430152893066406e+00) (82, 1.38971328735351562500e+00) (83, 4.48944902420043945312e+00) (84, 3.69686365127563476562e+00) (85, -1.16040194034576416016e+00) (86, -4.35913711786270141602e-01) (87, -4.20620173215866088867e-01) (88, 4.09491777420043945312e+00) (89, 3.57761010527610778809e-02) (90, 6.77911567687988281250e+00) (91, 2.69041562080383300781e+00) (92, -9.55093979835510253906e-01) (93, 7.99996078014373779297e-01) (94, -4.95509535074234008789e-01) (95, 7.87148416042327880859e-01) (96, -1.92069828510284423828e-01) (97, -6.91992282867431640625e+00) (98, -7.57975757122039794922e-01) (99, -3.91168355941772460938e+00) (100, -5.90680301189422607422e-01) (101, -9.24324095249176025391e-02) (102, -1.46716654300689697266e+00) (103, 3.50076937675476074219e+00) (104, 2.16138362884521484375e+00) (0, 1.78566300868988037109e+00) (1, -6.07021391391754150391e-01) (2, -7.94191479682922363281e-01) (3, 7.59913384914398193359e-01) (4, -4.80681866407394409180e-01) (5, -3.28942823410034179688e+00) (6, -6.15389883518218994141e-01) (7, 1.50565373897552490234e+00) (8, 1.57624602317810058594e+00) (9, 1.35871386528015136719e+00) (10, -5.19784748554229736328e-01) (11, 1.55041050910949707031e+00) (12, 1.86877167224884033203e+00) (13, -8.19736778736114501953e-01) (14, 3.55426669120788574219e-01) (15, -7.25673973560333251953e-01) (16, -4.95472222566604614258e-01) (17, 4.03106259182095527649e-03) (18, 1.46683573722839355469e+00) (19, 5.09893894195556640625e-01) (20, 1.21704292297363281250e+00) (21, -1.44556939601898193359e-01) (22, 1.08234918117523193359e+00) (23, -8.99111688137054443359e-01) (24, -3.37461441755294799805e-01) (25, 1.74378705024719238281e+00) (26, 1.38235783576965332031e+00) (27, 4.38943833112716674805e-01) (28, 1.25178194046020507812e+00) (29, 8.41827094554901123047e-01) (30, 2.21801444888114929199e-01) (31, 1.34816491603851318359e+00) (32, -6.39427483081817626953e-01) (33, -5.94608426094055175781e-01) (34, 5.82540631294250488281e-01) (35, 3.20036888122558593750e-01) (36, -7.59092092514038085938e-01) (37, -1.06494262814521789551e-01) (38, 9.20381605625152587891e-01) (39, 7.39510953426361083984e-01) (40, -4.87691700458526611328e-01) (41, -7.80597269535064697266e-01) (42, -5.40194392204284667969e-01) (43, 1.35645341873168945312e+00) (44, -5.14467418193817138672e-01) (45, -2.21845579147338867188e+00) (46, 1.03366959095001220703e+00) (47, 6.56750142574310302734e-01) (48, -9.54372465610504150391e-01) (49, -1.37544524669647216797e+00) (50, 1.20442199707031250000e+00) (51, 1.28439974784851074219e+00) (52, 1.30632126331329345703e+00) (53, -6.31936967372894287109e-01) (54, -3.82407367229461669922e-01) (55, -6.83321356773376464844e-01) (56, -5.76570749282836914062e-01) (57, 2.86452144384384155273e-01) (58, 1.27883541584014892578e+00) (59, 1.23826956748962402344e+00) (60, -5.50294458866119384766e-01) (61, 2.24128198623657226562e+00) (62, -3.47173631191253662109e-01) (63, -8.21638941764831542969e-01) (64, 2.77424097061157226562e-01) (65, -5.45460164546966552734e-01) (66, -1.62297058105468750000e+00) (67, 1.08977663516998291016e+00) (68, 2.81778037548065185547e-01) (69, 1.25732457637786865234e+00) (70, -5.12367904186248779297e-01) (71, -4.28015738725662231445e-01) (72, -9.63232576847076416016e-01) (73, 2.40031033754348754883e-01) (74, -3.47071945667266845703e-01) (75, 2.56783962249755859375e-01) (76, -3.80317211151123046875e-01) (77, -5.57639658451080322266e-01) (78, 4.21768009662628173828e-01) (79, 4.27830696105957031250e-01) (80, 1.40785384178161621094e+00) (81, -7.19752907752990722656e-01) (82, -6.14677369594573974609e-01) (83, -4.55430060625076293945e-01) (84, 1.30849194526672363281e+00) (85, -9.47000503540039062500e-01) (86, -5.86070120334625244141e-01) (87, 3.50215554237365722656e-01) (88, -9.88393068313598632812e-01) (89, 2.45872288942337036133e-01) (90, -7.05603063106536865234e-01) (91, -1.31163835525512695312e+00) (92, -2.63445645570755004883e-01) (93, -5.15982151031494140625e-01) (94, -6.70105874538421630859e-01) (95, 3.29875767230987548828e-01) (96, 4.37913060188293457031e-01) (97, 3.42284470796585083008e-01) (98, -6.08168184757232666016e-01) (99, -6.64293766021728515625e-01) (100, -5.40406048297882080078e-01) (101, 1.35894477367401123047e+00) (102, -1.64471673965454101562e+00) (103, 4.09997129440307617188e+00) (104, 1.54497647285461425781e+00) (0, 1.64711494445800781250e+01) (1, 7.33262205123901367188e+00) (2, 2.12832212448120117188e+00) (3, -4.71934854984283447266e-01) (4, -2.59516739845275878906e+00) (5, 6.50333106517791748047e-01) (6, -1.19350016117095947266e+00) (7, -8.88406467437744140625e+00) (8, 8.87916088104248046875e+00) (9, 4.04457855224609375000e+00) (10, 4.21683967113494873047e-01) (11, 4.58712196350097656250e+00) (12, 4.56431961059570312500e+00) (13, -7.97245883941650390625e+00) (14, -7.74321508407592773438e+00) (15, 2.91306567192077636719e+00) (16, -7.62848973274230957031e-01) (17, -1.14412415027618408203e+00) (18, -5.60099363327026367188e-01) (19, -9.49851393699645996094e-01) (20, -1.24895298480987548828e+00) (21, 4.06138032674789428711e-01) (22, -1.09480166435241699219e+00) (23, 1.90585291385650634766e+00) (24, 1.78303897380828857422e+00) (25, 2.19037938117980957031e+00) (26, -5.64824581146240234375e-01) (27, 5.37800133228302001953e-01) (28, -8.20371747016906738281e-01) (29, 4.65223222970962524414e-01) (30, -4.19488638639450073242e-01) (31, -4.95652467012405395508e-01) (32, 2.31889337301254272461e-01) (33, 1.76228713989257812500e+00) (34, 1.26091158390045166016e+00) (35, -1.39664918184280395508e-01) (36, 1.80151951313018798828e+00) (37, 1.37612092494964599609e+00) (38, 8.90853226184844970703e-01) (39, 1.10161364078521728516e+00) (40, 1.24236178398132324219e+00) (41, -9.13713514804840087891e-01) (42, -4.79234725236892700195e-01) (43, 1.10018050670623779297e+00) (44, 2.17236685752868652344e+00) (45, -1.96723610162734985352e-01) (46, -2.37956523895263671875e-01) (47, 1.64894580841064453125e+00) (48, 1.24463152885437011719e+00) (49, 1.25324380397796630859e+00) (50, 1.23869216442108154297e+00) (51, 1.31675517559051513672e+00) (52, 1.11738586425781250000e+00) (53, 2.58276581764221191406e-01) (54, 9.25871357321739196777e-02) (55, 2.82033729553222656250e+00) (56, 1.67202666401863098145e-01) (57, -1.57907199859619140625e+00) (58, -4.27641898393630981445e-01) (59, -3.55979979038238525391e-01) (60, -5.18609941005706787109e-01) (61, 4.90699023008346557617e-01) (62, -3.86313557624816894531e-01) (63, -4.88703250885009765625e-01) (64, -5.88882386684417724609e-01) (65, -4.22752708196640014648e-01) (66, -4.54598665237426757812e-01) (67, -4.56342816352844238281e-01) (68, -4.35837209224700927734e-01) (69, -4.18719232082366943359e-01) (70, -3.97614300251007080078e-01) (71, -4.54591095447540283203e-01) (72, -4.68953967094421386719e-01) (73, -8.18763196468353271484e-01) (74, -5.12860059738159179688e-01) (75, -6.52643263339996337891e-01) (76, -4.14887934923171997070e-01) (77, -5.87151288986206054688e-01) (78, 4.73938316106796264648e-01) (79, 4.19098824262619018555e-01) (80, -6.28368020057678222656e-01) (81, 2.77954548597335815430e-01) (82, -5.49010992050170898438e-01) (83, -4.30409103631973266602e-01) (84, -6.08268558979034423828e-01) (85, -3.99528145790100097656e-01) (86, -4.71946090459823608398e-01) (87, -4.25972551107406616211e-01) (88, 3.37254732847213745117e-01) (89, -6.30399227142333984375e-01) (90, 7.23072826862335205078e-01) (91, -6.14785194396972656250e-01) (92, -5.52104771137237548828e-01) (93, -5.17807006835937500000e-01) (94, -8.54720532894134521484e-01) (95, -3.64638030529022216797e-01) (96, 3.60952407121658325195e-01) (97, 4.18474584817886352539e-01) (98, -3.74702543020248413086e-01) (99, -3.78957539796829223633e-01) (100, -4.39269214868545532227e-01) (101, 3.67364376783370971680e-01) (102, 8.96920680999755859375e+00) (103, 9.84473943710327148438e-01) (104, 1.53078055381774902344e+00) (0, -1.50000000000000000000e+03) (1, 1.49999401855468750000e+03) (2, -1.13086378574371337891e+00) (3, -1.50000000000000000000e+03) (4, -1.49996716308593750000e+03) (5, -1.50000000000000000000e+03) (6, 1.50000000000000000000e+03) (7, 1.49993334960937500000e+03) (8, -1.50000000000000000000e+03) (9, 1.50000000000000000000e+03) (10, 1.50000000000000000000e+03) (11, -6.33487487792968750000e+02) (12, 8.48017454147338867188e-01) (13, 1.49836010742187500000e+03) (14, 1.50000000000000000000e+03) (15, -1.49996179199218750000e+03) (16, -1.50000000000000000000e+03) (17, 1.50000000000000000000e+03) (18, -1.50000000000000000000e+03) (19, -1.50000000000000000000e+03) (20, -1.50000000000000000000e+03) (21, -1.50000000000000000000e+03) (22, -1.50000000000000000000e+03) (23, -1.50000000000000000000e+03) (24, -1.50000000000000000000e+03) (25, 1.49998937988281250000e+03) (26, -1.50000000000000000000e+03) (27, -1.50000000000000000000e+03) (28, -1.50000000000000000000e+03) (29, -6.00335121154785156250e-01) (30, -1.49997937011718750000e+03) (31, -1.50000000000000000000e+03) (32, -1.50000000000000000000e+03) (33, -5.71087188720703125000e+01) (34, -1.50000000000000000000e+03) (35, -9.00922775268554687500e+00) (36, -1.50000000000000000000e+03) (37, -4.95933761596679687500e+01) (38, -1.50000000000000000000e+03) (39, -1.50000000000000000000e+03) (40, 4.04488086700439453125e-01) (41, -1.50000000000000000000e+03) (42, -1.02553856372833251953e+00) (43, -1.50000000000000000000e+03) (44, -1.50000000000000000000e+03) (45, -1.12785987854003906250e+02) (46, -9.68791961669921875000e+00) (47, -1.50000000000000000000e+03) (48, -1.50033798217773437500e+01) (49, -1.49906945800781250000e+03) (50, -1.49906103515625000000e+03) (51, -1.49898669433593750000e+03) (52, -1.49901232910156250000e+03) (53, -1.48702294921875000000e+03) (54, 1.50000000000000000000e+03) (55, -1.50000000000000000000e+03) (56, -1.33288085460662841797e+00) (57, -1.50000000000000000000e+03) (58, -1.49996130371093750000e+03) (59, -1.50000000000000000000e+03) (60, -1.49996203613281250000e+03) (61, 1.50000000000000000000e+03) (62, -9.08924818038940429688e-01) (63, -1.49996179199218750000e+03) (64, -1.49996203613281250000e+03) (65, -1.49996203613281250000e+03) (66, -1.49996203613281250000e+03) (67, -1.49996203613281250000e+03) (68, -3.18648242950439453125e+01) (69, -6.66289672851562500000e+02) (70, -9.37436103820800781250e-01) (71, -9.77901101112365722656e-01) (72, -1.50000000000000000000e+03) (73, -2.20364913940429687500e+02) (74, 1.06420338153839111328e+00) (75, -1.05956518650054931641e+00) (76, -2.22169513702392578125e+01) (77, -3.90551400184631347656e+00) (78, -8.27984809875488281250e-01) (79, 3.60733032226562500000e-01) (80, -1.49896789550781250000e+03) (81, -9.61747924804687500000e+02) (82, -9.05624206542968750000e+02) (83, -1.13901037597656250000e+03) (84, -1.49995312500000000000e+03) (85, -4.75541400909423828125e+00) (86, -1.10285797119140625000e+01) (87, -9.27157402038574218750e-01) (88, -1.49147717285156250000e+03) (89, -8.72744941711425781250e+00) (90, -4.72707489013671875000e+02) (91, -1.49993054199218750000e+03) (92, -1.49996179199218750000e+03) (93, -1.49996203613281250000e+03) (94, -1.49996179199218750000e+03) (95, -7.35061706542968750000e+02) (96, -6.86264097690582275391e-01) (97, -1.07534766197204589844e+00) (98, -1.49996057128906250000e+03) (99, -1.63115905761718750000e+02) (100, -1.49996179199218750000e+03) (101, -6.67971014976501464844e-01) (102, -1.50000000000000000000e+03) (103, 1.50000000000000000000e+03) (104, 2.85095024108886718750e+00) (0, -1.50000000000000000000e+03) (1, 1.49999401855468750000e+03) (2, -1.10052335262298583984e+00) (3, -1.50000000000000000000e+03) (4, -1.49996716308593750000e+03) (5, -1.50000000000000000000e+03) (6, 1.50000000000000000000e+03) (7, 1.49993334960937500000e+03) (8, -1.50000000000000000000e+03) (9, 1.50000000000000000000e+03) (10, 1.50000000000000000000e+03) (11, -6.33477294921875000000e+02) (12, 7.78039932250976562500e-01) (13, 1.49836010742187500000e+03) (14, 1.50000000000000000000e+03) (15, -1.49996179199218750000e+03) (16, -1.50000000000000000000e+03) (17, 1.50000000000000000000e+03) (18, -1.50000000000000000000e+03) (19, -1.50000000000000000000e+03) (20, -1.50000000000000000000e+03) (21, -1.50000000000000000000e+03) (22, -1.50000000000000000000e+03) (23, -1.50000000000000000000e+03) (24, -1.50000000000000000000e+03) (25, 1.49998937988281250000e+03) (26, -1.50000000000000000000e+03) (27, -1.50000000000000000000e+03) (28, -1.50000000000000000000e+03) (29, -6.63746297359466552734e-01) (30, -1.49997937011718750000e+03) (31, -1.50000000000000000000e+03) (32, -1.50000000000000000000e+03) (33, -2.79222106933593750000e+01) (34, -1.50000000000000000000e+03) (35, -6.99763917922973632812e+00) (36, -1.50000000000000000000e+03) (37, -3.29533653259277343750e+01) (38, -1.50000000000000000000e+03) (39, -1.50000000000000000000e+03) (40, 3.39011788368225097656e-01) (41, -1.50000000000000000000e+03) (42, -8.58149170875549316406e-01) (43, -1.50000000000000000000e+03) (44, -1.50000000000000000000e+03) (45, -6.93050537109375000000e+01) (46, -9.65822887420654296875e+00) (47, -1.50000000000000000000e+03) (48, -1.52634086608886718750e+01) (49, -1.49906945800781250000e+03) (50, -1.49906103515625000000e+03) (51, -1.49898669433593750000e+03) (52, -1.49901232910156250000e+03) (53, -1.48702294921875000000e+03) (54, 1.50000000000000000000e+03) (55, -1.50000000000000000000e+03) (56, -1.26888048648834228516e+00) (57, -1.50000000000000000000e+03) (58, -1.49996130371093750000e+03) (59, -1.50000000000000000000e+03) (60, -1.49996203613281250000e+03) (61, 1.50000000000000000000e+03) (62, -1.00455868244171142578e+00) (63, -1.49996179199218750000e+03) (64, -1.49996203613281250000e+03) (65, -1.49996203613281250000e+03) (66, -1.49996203613281250000e+03) (67, -1.49996203613281250000e+03) (68, -3.19703502655029296875e+01) (69, -6.66556884765625000000e+02) (70, -9.67336356639862060547e-01) (71, -1.01659226417541503906e+00) (72, -1.50000000000000000000e+03) (73, -1.75048599243164062500e+02) (74, 1.09208369255065917969e+00) (75, -9.19441461563110351562e-01) (76, -2.22211914062500000000e+01) (77, -3.91966795921325683594e+00) (78, -8.44854414463043212891e-01) (79, 2.25915297865867614746e-01) (80, -1.49896789550781250000e+03) (81, -9.61847839355468750000e+02) (82, -9.05707763671875000000e+02) (83, -1.13892175292968750000e+03) (84, -1.49995312500000000000e+03) (85, -4.00615310668945312500e+00) (86, -1.09648857116699218750e+01) (87, -9.37863767147064208984e-01) (88, -1.49147717285156250000e+03) (89, -4.09208183288574218750e+01) (90, -4.23594329833984375000e+02) (91, -1.49993054199218750000e+03) (92, -1.49996179199218750000e+03) (93, -1.49996203613281250000e+03) (94, -1.49996179199218750000e+03) (95, -7.34929565429687500000e+02) (96, -6.94163799285888671875e-01) (97, -1.05121898651123046875e+00) (98, -1.49996057128906250000e+03) (99, -1.63043609619140625000e+02) (100, -1.49996179199218750000e+03) (101, -6.83299481868743896484e-01) (102, -1.50000000000000000000e+03) (103, 1.50000000000000000000e+03) (104, 2.80207729339599609375e+00) (0, 3.39175271987915039062e+00) (1, -7.39429071545600891113e-02) (2, 1.09788620471954345703e+00) (3, 1.79606568813323974609e+00) (4, 2.18547439575195312500e+00) (5, -1.28609395027160644531e+00) (6, 1.78764343261718750000e+00) (7, -8.64924073219299316406e-01) (8, -4.45309686660766601562e+00) (9, -4.76584166288375854492e-01) (10, 8.62859547138214111328e-01) (11, -2.17350438237190246582e-01) (12, 1.41157686710357666016e+00) (13, -2.71708393096923828125e+00) (14, -1.29997515678405761719e+00) (15, 1.38189935684204101562e+00) (16, -2.96898484230041503906e+00) (17, 1.70308935642242431641e+00) (18, -1.07841002941131591797e+00) (19, -1.03377592563629150391e+00) (20, 2.21238946914672851562e+00) (21, 2.89914178848266601562e+00) (22, 2.99690461158752441406e+00) (23, 3.36382770538330078125e+00) (24, -5.59400320053100585938e+00) (25, 5.52660405635833740234e-01) (26, -5.37155270576477050781e-01) (27, -1.38118469715118408203e+00) (28, -9.83085155487060546875e-01) (29, -1.64380118250846862793e-01) (30, -3.21532934904098510742e-02) (31, 2.59139227867126464844e+00) (32, -2.49903774261474609375e+00) (33, 4.05196523666381835938e+00) (34, 4.34336042404174804688e+00) (35, -3.23072981834411621094e+00) (36, -1.06670272350311279297e+00) (37, 6.96153193712234497070e-02) (38, -1.42351090908050537109e+00) (39, -1.42074847221374511719e+00) (40, -6.32105350494384765625e-01) (41, -8.57686233520507812500e+00) (42, 1.50271594524383544922e+00) (43, 1.39917862415313720703e+00) (44, -5.49693226814270019531e-01) (45, -1.15247285366058349609e+00) (46, 2.07481667399406433105e-01) (47, 8.51986885070800781250e+00) (48, -7.42228806018829345703e-01) (49, 1.22769653797149658203e+00) (50, 2.56241858005523681641e-01) (51, 6.35975599288940429688e-01) (52, 1.14753103256225585938e+00) (53, 2.60053253173828125000e+00) (54, 1.96899235248565673828e-01) (55, -1.24919332563877105713e-01) (56, -2.52954393625259399414e-01) (57, -1.71920800209045410156e+00) (58, -3.65380555391311645508e-01) (59, -4.10110980272293090820e-01) (60, -5.02133667469024658203e-01) (61, 1.15736496448516845703e+00) (62, -3.92512470483779907227e-01) (63, -1.37073084712028503418e-01) (64, -1.40599775314331054688e+00) (65, -4.20498400926589965820e-01) (66, -2.45983910560607910156e+00) (67, 2.83920764923095703125e+00) (68, -6.79989397525787353516e-01) (69, 3.45536899566650390625e+00) (70, 1.85642421245574951172e+00) (71, 5.50980627536773681641e-01) (72, -3.44368529319763183594e+00) (73, 2.06401205062866210938e+00) (74, -2.54997706413269042969e+00) (75, 2.13899821043014526367e-01) (76, -3.90639495849609375000e+00) (77, 1.28472399711608886719e+00) (78, -2.86699438095092773438e+00) (79, 8.93314743041992187500e+00) (80, 9.69144880771636962891e-01) (81, -6.93048596382141113281e-01) (82, -1.08217364177107810974e-02) (83, -2.40865796804428100586e-01) (84, -1.08667266368865966797e+00) (85, 8.35828840732574462891e-01) (86, -3.86060416698455810547e-01) (87, -2.09094777703285217285e-01) (88, -1.74048709869384765625e+00) (89, -1.73661017417907714844e+00) (90, 1.86561250686645507812e+00) (91, -2.52333092689514160156e+00) (92, 2.02999591827392578125e+00) (93, 4.29892808198928833008e-01) (94, -4.29954379796981811523e-01) (95, -1.18719947338104248047e+00) (96, 3.11471724510192871094e+00) (97, 2.58442831039428710938e+00) (98, 3.24723869562149047852e-01) (99, -2.00437259674072265625e+00) (100, -1.61033725738525390625e+00) (101, 6.81568086147308349609e-01) (102, -1.01872622966766357422e+00) (103, 2.94775199890136718750e+00) (104, -5.31110525131225585938e-01) (0, 1.50000000000000000000e+03) (1, -1.49999133300781250000e+03) (2, 3.27271246910095214844e+00) (3, 1.50000000000000000000e+03) (4, 1.49996850585937500000e+03) (5, 1.50000000000000000000e+03) (6, -1.50000000000000000000e+03) (7, -1.49991540527343750000e+03) (8, 1.50000000000000000000e+03) (9, -1.50000000000000000000e+03) (10, -1.50000000000000000000e+03) (11, 1.49910253906250000000e+03) (12, 1.46430051326751708984e+00) (13, -1.49821667480468750000e+03) (14, -1.50000000000000000000e+03) (15, 1.49996215820312500000e+03) (16, 1.50000000000000000000e+03) (17, -1.50000000000000000000e+03) (18, 1.50000000000000000000e+03) (19, 1.50000000000000000000e+03) (20, 1.50000000000000000000e+03) (21, 1.50000000000000000000e+03) (22, 1.50000000000000000000e+03) (23, 1.50000000000000000000e+03) (24, 1.50000000000000000000e+03) (25, -1.49997790527343750000e+03) (26, 1.50000000000000000000e+03) (27, 1.50000000000000000000e+03) (28, 1.50000000000000000000e+03) (29, 7.22732603549957275391e-01) (30, 1.49998413085937500000e+03) (31, 1.50000000000000000000e+03) (32, 1.50000000000000000000e+03) (33, 8.67346115112304687500e+01) (34, 1.50000000000000000000e+03) (35, 1.82154808044433593750e+01) (36, 1.50000000000000000000e+03) (37, 4.53700805664062500000e+02) (38, 1.50000000000000000000e+03) (39, 1.50000000000000000000e+03) (40, 2.03518795967102050781e+00) (41, 1.50000000000000000000e+03) (42, 3.07011198997497558594e+00) (43, 1.50000000000000000000e+03) (44, 1.50000000000000000000e+03) (45, 6.83945007324218750000e+01) (46, 1.47311220169067382812e+01) (47, 1.50000000000000000000e+03) (48, 2.49628028869628906250e+01) (49, 1.49908654785156250000e+03) (50, 1.49907666015625000000e+03) (51, 1.49899670410156250000e+03) (52, 1.49902282714843750000e+03) (53, 1.49996655273437500000e+03) (54, -1.50000000000000000000e+03) (55, 1.50000000000000000000e+03) (56, 3.57357883453369140625e+00) (57, 1.50000000000000000000e+03) (58, 1.49996215820312500000e+03) (59, 1.50000000000000000000e+03) (60, 1.49996215820312500000e+03) (61, -1.50000000000000000000e+03) (62, 3.08689832687377929688e+00) (63, 1.49996215820312500000e+03) (64, 1.49996215820312500000e+03) (65, 1.49996215820312500000e+03) (66, 1.49996215820312500000e+03) (67, 1.49996215820312500000e+03) (68, 4.84037094116210937500e+01) (69, 1.49995751953125000000e+03) (70, 2.82393765449523925781e+00) (71, 2.98516917228698730469e+00) (72, 1.50000000000000000000e+03) (73, 2.66053192138671875000e+02) (74, 9.51871514320373535156e-01) (75, 3.09724259376525878906e+00) (76, 3.47739830017089843750e+01) (77, 7.22202348709106445312e+00) (78, 2.77079772949218750000e+00) (79, 1.96946442127227783203e+00) (80, 1.49897546386718750000e+03) (81, 1.39444897460937500000e+03) (82, 1.32552380371093750000e+03) (83, 1.49995703125000000000e+03) (84, 1.49995703125000000000e+03) (85, 2.55044460296630859375e+01) (86, 1.76493873596191406250e+01) (87, 3.14860868453979492188e+00) (88, 1.49993383789062500000e+03) (89, 6.79340820312500000000e+01) (90, 1.49993420410156250000e+03) (91, 1.49993444824218750000e+03) (92, 1.49996215820312500000e+03) (93, 1.49996215820312500000e+03) (94, 1.49996215820312500000e+03) (95, 1.06931872558593750000e+03) (96, 2.81321072578430175781e+00) (97, 3.21594572067260742188e+00) (98, 1.49996215820312500000e+03) (99, 2.40176589965820312500e+02) (100, 1.49996215820312500000e+03) (101, 2.76803326606750488281e+00) (102, 1.50000000000000000000e+03) (103, -1.50000000000000000000e+03) (104, -9.11088228225708007812e-01) (0, 4.99250125885009765625e+00) (1, -2.14035964012145996094e+00) (2, -1.04517245292663574219e+00) (3, 1.11612415313720703125e+00) (4, -5.92664301395416259766e-01) (5, 1.93211603164672851562e+00) (6, 7.31327116489410400391e-01) (7, 1.13640451431274414062e+00) (8, -2.21819311380386352539e-01) (9, 2.26017944514751434326e-02) (10, 5.23299455642700195312e-01) (11, 2.85194230079650878906e+00) (12, -3.67143750190734863281e-01) (13, 2.59850859642028808594e+00) (14, 1.05882391333580017090e-01) (15, -2.95338302850723266602e-01) (16, 1.43657970428466796875e+00) (17, -5.56223273277282714844e-01) (18, -5.87631836533546447754e-02) (19, -1.48394238948822021484e+00) (20, -2.67034292221069335938e+00) (21, 2.68418860435485839844e+00) (22, 9.46352958679199218750e-01) (23, -9.02712881565093994141e-01) (24, 5.50870418548583984375e-01) (25, -1.04056954383850097656e-01) (26, -3.93635749816894531250e-01) (27, 1.96000599861145019531e+00) (28, -6.48337364196777343750e-01) (29, 1.75233566761016845703e+00) (30, -1.43007412552833557129e-01) (31, 2.02234014868736267090e-02) (32, 5.34628438949584960938e+00) (33, -1.10176146030426025391e+00) (34, 3.84822398424148559570e-01) (35, -8.64277482032775878906e-01) (36, -2.06119394302368164062e+00) (37, -1.77322375774383544922e+00) (38, 1.10559046268463134766e+00) (39, -6.16738796234130859375e-01) (40, -6.02847516536712646484e-01) (41, -2.93479323387145996094e+00) (42, -5.77613055706024169922e-01) (43, -2.82986450195312500000e+00) (44, 1.99464082717895507812e+00) (45, -9.47699725627899169922e-01) (46, -1.11761748790740966797e+00) (47, -2.17089593410491943359e-01) (48, -6.42907142639160156250e-01) (49, -8.34221422672271728516e-01) (50, -8.65410447120666503906e-01) (51, -1.68388772010803222656e+00) (52, -6.04068756103515625000e-01) (53, 1.05571675300598144531e+00) (54, -3.40380966663360595703e-01) (55, 1.66529548168182373047e+00) (56, 1.43347775936126708984e+00) (57, 2.11317014694213867188e+00) (58, -3.24636727571487426758e-01) (59, -4.72723513841629028320e-01) (60, 2.67446398735046386719e+00) (61, -6.27467095851898193359e-01) (62, -1.69920668005943298340e-01) (63, -3.80792170763015747070e-01) (64, -4.23999965190887451172e-01) (65, -3.33150506019592285156e-01) (66, 1.64085614681243896484e+00) (67, -4.10515099763870239258e-01) (68, -4.77387815713882446289e-01) (69, -5.23550629615783691406e-01) (70, 7.68516600131988525391e-01) (71, 1.07962632179260253906e+00) (72, -5.91217517852783203125e-01) (73, -4.86521929502487182617e-01) (74, 2.25407028198242187500e+00) (75, 2.95428037643432617188e+00) (76, 3.54535937309265136719e+00) (77, 1.44544398784637451172e+00) (78, 1.40964460372924804688e+00) (79, 1.55990862846374511719e+00) (80, -3.40324312448501586914e-01) (81, 1.33128297328948974609e+00) (82, 1.03815186023712158203e+00) (83, -4.40817087888717651367e-01) (84, -1.02617919445037841797e+00) (85, -6.12212300300598144531e-01) (86, -4.77257758378982543945e-01) (87, -2.94734477996826171875e-01) (88, -9.59291398525238037109e-01) (89, -7.41260230541229248047e-01) (90, -5.23789465427398681641e-01) (91, -5.36050438880920410156e-01) (92, -3.20800304412841796875e-01) (93, -5.10096430778503417969e-01) (94, -5.39012253284454345703e-01) (95, -5.14342069625854492188e-01) (96, -3.30631136894226074219e-01) (97, -4.31937187910079956055e-01) (98, -4.22825068235397338867e-01) (99, -5.44583618640899658203e-01) (100, -7.98630595207214355469e-01) (101, -2.97226399183273315430e-01) (102, 1.40229425430297851562e+01) (103, 1.22976675033569335938e+01) (104, 2.28687739372253417969e+00) (0, -1.91819643974304199219e+00) (1, -4.31819498538970947266e-01) (2, -7.09933876991271972656e-01) (3, -1.29003018140792846680e-01) (4, -3.33733797073364257812e-01) (5, -4.09948736429214477539e-01) (6, 2.31084966659545898438e+00) (7, 1.58489215373992919922e+00) (8, 2.40674352645874023438e+00) (9, -3.73571276664733886719e-01) (10, 2.68591552972793579102e-01) (11, 4.65351253747940063477e-01) (12, -5.29818177223205566406e-01) (13, 1.18157052993774414062e+00) (14, -5.30589163303375244141e-01) (15, 1.55945444107055664062e+00) (16, -1.30197215080261230469e+00) (17, -3.27410268783569335938e+00) (18, -5.80230951309204101562e-01) (19, -6.98117136955261230469e-01) (20, 3.25086784362792968750e+00) (21, -5.89902758598327636719e-01) (22, 1.89856255054473876953e+00) (23, -1.31552612781524658203e+00) (24, -8.42915892601013183594e-01) (25, -1.50872588157653808594e+00) (26, 1.74095779657363891602e-01) (27, 2.36350345611572265625e+00) (28, -3.34171509742736816406e+00) (29, -6.31038010120391845703e-01) (30, 1.52811014652252197266e+00) (31, -1.04940831661224365234e+00) (32, -5.29883503913879394531e-01) (33, 1.69769935309886932373e-02) (34, 8.51573276519775390625e+00) (35, -2.46967911720275878906e-01) (36, -1.49804425239562988281e+00) (37, -1.71026837825775146484e+00) (38, 4.47143763303756713867e-01) (39, 2.30135694146156311035e-02) (40, 1.73059010505676269531e+00) (41, -1.68184757232666015625e+00) (42, 1.57317817211151123047e+00) (43, 1.33391487598419189453e+00) (44, 2.22334790229797363281e+00) (45, -2.13440728187561035156e+00) (46, -1.15591838955879211426e-01) (47, -4.12043714523315429688e+00) (48, 1.26694750785827636719e+00) (49, 1.14060866832733154297e+00) (50, -3.53216576576232910156e+00) (51, 1.28978538513183593750e+00) (52, -1.70078051090240478516e+00) (53, 1.09772074222564697266e+00) (54, -6.08031332492828369141e-01) (55, -7.43376731872558593750e+00) (56, 2.42538952827453613281e+00) (57, -2.95261740684509277344e+00) (58, 2.06475925445556640625e+00) (59, 6.50074768066406250000e+00) (60, -3.48559021949768066406e-01) (61, -2.18985366821289062500e+00) (62, 1.03544163703918457031e+00) (63, 2.18581914901733398438e+00) (64, 3.32396812736988067627e-02) (65, 1.64856231212615966797e+00) (66, 5.70402145385742187500e-01) (67, 1.45249855518341064453e+00) (68, -2.05646586418151855469e+00) (69, 1.46180748939514160156e+00) (70, -2.28467240929603576660e-01) (71, 1.50915277004241943359e+00) (72, -1.92908298969268798828e+00) (73, -4.34602165222167968750e+00) (74, 1.44638490676879882812e+00) (75, 2.43691825866699218750e+00) (76, 4.51306730508804321289e-01) (77, 1.31720447540283203125e+00) (78, 4.64618116617202758789e-01) (79, 5.72735965251922607422e-02) (80, 4.72834396362304687500e+00) (81, 3.67578125000000000000e+00) (82, -1.68298947811126708984e+00) (83, 1.59051704406738281250e+00) (84, 9.63787078857421875000e-01) (85, -2.19020438194274902344e+00) (86, -3.69265764951705932617e-01) (87, -5.72790682315826416016e-01) (88, -4.57613468170166015625e-01) (89, 3.30944514274597167969e+00) (90, 3.20389652252197265625e+00) (91, 1.35786092281341552734e+00) (92, -8.16291987895965576172e-01) (93, -6.30250215530395507812e-01) (94, -6.21911406517028808594e-01) (95, -6.59986078739166259766e-01) (96, -3.16067129373550415039e-01) (97, -9.89046692848205566406e-01) (98, 1.52214455604553222656e+00) (99, -1.87283635139465332031e+00) (100, -4.33943688869476318359e-01) (101, -1.23139144852757453918e-02) (102, -6.30086600780487060547e-01) (103, 2.46595978736877441406e+00) (104, 2.67230778932571411133e-01) (0, 8.18863677978515625000e+00) (1, 9.67397332191467285156e-01) (2, -3.42212617397308349609e-01) (3, 7.53002643585205078125e-01) (4, -1.08644552528858184814e-01) (5, -8.65312099456787109375e-01) (6, 5.74545681476593017578e-01) (7, -3.78371924161911010742e-01) (8, -3.20664286613464355469e+00) (9, -1.25432014465332031250e+00) (10, -1.23653030395507812500e+00) (11, 8.55903387069702148438e-01) (12, -3.18713754415512084961e-01) (13, 3.07189035415649414062e+00) (14, -8.30895721912384033203e-01) (15, -3.29695641994476318359e-01) (16, 2.11083388328552246094e+00) (17, -6.14701509475708007812e-01) (18, -5.90755522251129150391e-01) (19, 7.30360388755798339844e-01) (20, -9.86027061939239501953e-01) (21, -1.12862244248390197754e-01) (22, -1.00689053535461425781e+00) (23, 2.43696546554565429688e+00) (24, 2.84005713462829589844e+00) (25, -2.47961783409118652344e+00) (26, 1.53957045078277587891e+00) (27, 5.36283493041992187500e-01) (28, -1.92421650886535644531e+00) (29, -9.19646203517913818359e-01) (30, 1.47117769718170166016e+00) (31, 1.83829593658447265625e+00) (32, -9.45168793201446533203e-01) (33, -9.78026092052459716797e-01) (34, -1.18971467018127441406e+00) (35, 1.42959311604499816895e-01) (36, -1.83590209484100341797e+00) (37, 1.35807216167449951172e+00) (38, -1.22119760513305664062e+00) (39, -7.35009968280792236328e-01) (40, 3.70866370201110839844e+00) (41, 8.72644245624542236328e-01) (42, 1.75419747829437255859e+00) (43, -5.50849854946136474609e-01) (44, 1.94661843776702880859e+00) (45, -7.86467730998992919922e-01) (46, -8.86134803295135498047e-01) (47, 2.90858006477355957031e+00) (48, 5.89567303657531738281e-01) (49, 2.17891716957092285156e+00) (50, 1.75652027130126953125e-01) (51, 4.39700931310653686523e-01) (52, 1.28926873207092285156e+00) (53, -1.86039006710052490234e+00) (54, -1.78512725979089736938e-02) (55, -5.99729299545288085938e-01) (56, 3.76681089401245117188e+00) (57, -4.62900131940841674805e-01) (58, 3.44471186399459838867e-01) (59, 1.63240540027618408203e+00) (60, -6.42970502376556396484e-01) (61, -6.02452635765075683594e-01) (62, 3.35403174161911010742e-01) (63, -3.55765670537948608398e-01) (64, 1.03589773178100585938e+00) (65, -5.09257078170776367188e-01) (66, -1.23691432178020477295e-01) (67, 1.49287223815917968750e+00) (68, -5.58028101921081542969e-01) (69, -5.06543576717376708984e-01) (70, 3.36419671773910522461e-01) (71, -2.53406822681427001953e-01) (72, 2.63035088777542114258e-01) (73, 4.41898018121719360352e-01) (74, -5.02321422100067138672e-01) (75, -4.50567841529846191406e-01) (76, -8.31829667091369628906e-01) (77, 1.68375790119171142578e+00) (78, 1.40052497386932373047e+00) (79, 1.37711906433105468750e+00) (80, 4.72242951393127441406e-01) (81, -4.76083070039749145508e-01) (82, 1.66110968589782714844e+00) (83, 1.55131113529205322266e+00) (84, -6.07827723026275634766e-01) (85, -1.99801182746887207031e+00) (86, -5.46201169490814208984e-01) (87, -7.06132113933563232422e-01) (88, -1.09914672374725341797e+00) (89, -1.26739251613616943359e+00) (90, -1.00015842914581298828e+00) (91, 6.74093902111053466797e-01) (92, -4.61169779300689697266e-01) (93, 1.49279201030731201172e+00) (94, -4.92155820131301879883e-01) (95, -2.19601273536682128906e+00) (96, -3.85712742805480957031e-01) (97, -3.96314173936843872070e-01) (98, -1.09127950668334960938e+00) (99, -5.52643120288848876953e-01) (100, -2.18635487556457519531e+00) (101, -2.92233735322952270508e-01) (102, 2.45773839950561523438e+00) (103, -3.22894632816314697266e-01) (104, 2.16473984718322753906e+00) (0, -2.33408308029174804688e+00) (1, -3.90916228294372558594e-01) (2, -5.72395741939544677734e-01) (3, -3.44325363636016845703e-01) (4, -5.34569203853607177734e-01) (5, -7.00773119926452636719e-01) (6, -3.85813981294631958008e-01) (7, 2.83717274665832519531e+00) (8, 6.27826273441314697266e-01) (9, -5.54979920387268066406e-01) (10, 3.04486840963363647461e-01) (11, 1.23615658283233642578e+00) (12, 1.41978049278259277344e+00) (13, 8.90781939029693603516e-01) (14, 4.16505426168441772461e-01) (15, 1.74227476119995117188e-01) (16, 1.43352836370468139648e-01) (17, -6.00086450576782226562e-01) (18, -7.49250173568725585938e-01) (19, 1.28987574577331542969e+00) (20, -8.53158354759216308594e-01) (21, 2.06808328628540039062e+00) (22, -9.81841146945953369141e-01) (23, -4.71692144870758056641e-01) (24, 1.78504514694213867188e+00) (25, -1.06613826751708984375e+00) (26, -8.18745672702789306641e-01) (27, -6.62592947483062744141e-01) (28, 1.18370544910430908203e+00) (29, -6.15800499916076660156e-01) (30, -2.57951945066452026367e-01) (31, -5.64538598060607910156e-01) (32, -5.44507622718811035156e-01) (33, -6.28936469554901123047e-01) (34, 8.19022715091705322266e-01) (35, -4.36100969091057777405e-03) (36, 2.12556743621826171875e+00) (37, 1.38438105583190917969e+00) (38, -7.45030999183654785156e-01) (39, -5.26447951793670654297e-01) (40, -3.51277470588684082031e-01) (41, -1.03259766101837158203e+00) (42, -4.42649036645889282227e-01) (43, 1.41906356811523437500e+00) (44, 1.39866578578948974609e+00) (45, -2.15760722756385803223e-01) (46, -3.26675200462341308594e+00) (47, -2.44227004051208496094e+00) (48, 1.23863482475280761719e+00) (49, 3.40645700693130493164e-01) (50, 2.28222638368606567383e-01) (51, -4.40104395151138305664e-01) (52, -4.75674062967300415039e-01) (53, -3.76859039068222045898e-01) (54, 2.11676907539367675781e+00) (55, -5.21753251552581787109e-01) (56, 3.07452529668807983398e-01) (57, 1.95706391334533691406e+00) (58, -6.60022199153900146484e-01) (59, 4.88166600465774536133e-01) (60, 1.27410185337066650391e+00) (61, -4.69813913106918334961e-01) (62, -5.11238396167755126953e-01) (63, -6.40745997428894042969e-01) (64, -5.45502364635467529297e-01) (65, 1.58748960494995117188e+00) (66, -7.47319698333740234375e-01) (67, -6.41068756580352783203e-01) (68, 7.31886446475982666016e-01) (69, -7.44771420955657958984e-01) (70, -4.30253684520721435547e-01) (71, -5.65668225288391113281e-01) (72, -7.05718815326690673828e-01) (73, -2.03655576705932617188e+00) (74, 1.38099992275238037109e+00) (75, -5.91615319252014160156e-01) (76, -3.77093732357025146484e-01) (77, 1.41016292572021484375e+00) (78, -8.03764343261718750000e-01) (79, -3.77409040927886962891e-01) (80, -5.13714551925659179688e-01) (81, 4.06745791435241699219e-01) (82, 1.74046254158020019531e+00) (83, 1.96742224693298339844e+00) (84, -1.22914791107177734375e+00) (85, 8.54133784770965576172e-01) (86, 2.84393101930618286133e-01) (87, -5.00856101512908935547e-01) (88, -4.10819381475448608398e-01) (89, 2.06412315368652343750e-01) (90, -1.17985522747039794922e+00) (91, -1.04337632656097412109e+00) (92, -5.73144078254699707031e-01) (93, 1.44313144683837890625e+00) (94, -5.52833318710327148438e-01) (95, 1.31918406486511230469e+00) (96, -4.24388438463211059570e-01) (97, -6.98525130748748779297e-01) (98, 1.17284619808197021484e+00) (99, 9.35771286487579345703e-01) (100, -4.45313930511474609375e-01) (101, -5.89884757995605468750e-01) (102, 1.29329189658164978027e-01) (103, 1.76279139518737792969e+00) (104, 2.28360557556152343750e+00) (0, 5.71326208114624023438e+00) (1, -1.48584389686584472656e+00) (2, 3.97818893194198608398e-01) (3, 1.01050484180450439453e+00) (4, -5.30751645565032958984e-01) (5, 1.39366316795349121094e+00) (6, 8.75740945339202880859e-01) (7, 1.98894965648651123047e+00) (8, -1.88200736045837402344e+00) (9, -4.97842699289321899414e-01) (10, -6.17781043052673339844e-01) (11, 1.26470828056335449219e+00) (12, -5.01080036163330078125e-01) (13, -1.86003819108009338379e-01) (14, -6.19044184684753417969e-01) (15, 2.33652377128601074219e+00) (16, 4.77464646100997924805e-01) (17, -1.10094285011291503906e+00) (18, -4.69093799591064453125e-01) (19, -6.50776445865631103516e-01) (20, -8.52038443088531494141e-01) (21, 4.95983421802520751953e-01) (22, -8.37469995021820068359e-01) (23, 2.25464200973510742188e+00) (24, 6.08949840068817138672e-01) (25, -9.26760971546173095703e-01) (26, -6.85705363750457763672e-01) (27, 3.38956832885742187500e+00) (28, 2.78362417221069335938e+00) (29, -7.63473749160766601562e-01) (30, 1.44223725795745849609e+00) (31, -1.00413048267364501953e+00) (32, 1.40759599208831787109e+00) (33, 1.62767446041107177734e+00) (34, 2.12824106216430664062e+00) (35, -3.64477008581161499023e-01) (36, -7.34493017196655273438e-01) (37, -1.78475403785705566406e+00) (38, -1.33556222915649414062e+00) (39, -6.65781259536743164062e-01) (40, -6.29376590251922607422e-01) (41, -4.94658994674682617188e+00) (42, -4.65209126472473144531e-01) (43, -5.71767139434814453125e+00) (44, -5.64196050167083740234e-01) (45, -1.72517812252044677734e+00) (46, 2.70448178052902221680e-01) (47, -6.41073167324066162109e-01) (48, -3.83208632469177246094e-01) (49, -8.61959815025329589844e-01) (50, 1.32732105255126953125e+00) (51, -5.41903972625732421875e-01) (52, -5.34449696540832519531e-01) (53, 4.86049115657806396484e-01) (54, -6.83665394783020019531e-01) (55, 4.37167549133300781250e+00) (56, -5.65532326698303222656e-01) (57, 2.18371653556823730469e+00) (58, 3.21901887655258178711e-01) (59, 7.74261593818664550781e-01) (60, 2.08470606803894042969e+00) (61, 2.50373649597167968750e+00) (62, 8.47844123840332031250e-01) (63, 2.31794685125350952148e-01) (64, -5.34266889095306396484e-01) (65, -5.26891231536865234375e-01) (66, 1.78211116790771484375e+00) (67, -3.39565902948379516602e-01) (68, 6.48003935813903808594e-01) (69, 1.46999275684356689453e+00) (70, -3.97322505712509155273e-01) (71, 2.08238482475280761719e+00) (72, -4.08509433269500732422e-01) (73, -5.62888562679290771484e-01) (74, -3.53025257587432861328e-01) (75, 8.98242592811584472656e-01) (76, -4.94278043508529663086e-01) (77, -2.38072294741868972778e-02) (78, -3.11655879020690917969e-01) (79, -3.80900889635086059570e-01) (80, 2.44389820098876953125e+00) (81, -4.35003519058227539062e-01) (82, -7.22804486751556396484e-01) (83, -7.93778821825981140137e-02) (84, -4.18490886688232421875e-01) (85, -6.22614026069641113281e-01) (86, 1.51369944214820861816e-01) (87, -1.60950616002082824707e-01) (88, -4.31441485881805419922e-01) (89, -2.92165368795394897461e-01) (90, -4.67552915215492248535e-02) (91, 1.25162899494171142578e-02) (92, 2.31318339705467224121e-01) (93, -3.42575103044509887695e-01) (94, -2.13684409856796264648e-01) (95, 9.70088392496109008789e-02) (96, 2.33848258852958679199e-01) (97, -1.21382653713226318359e-01) (98, -2.83265739679336547852e-01) (99, 2.34827920794486999512e-01) (100, -1.06761717796325683594e+00) (101, 7.87751153111457824707e-02) (102, 2.63546657562255859375e+00) (103, -4.19315189123153686523e-01) (104, 1.48863279819488525391e+00) (0, -2.81262087821960449219e+00) (1, -1.01434493064880371094e+00) (2, -4.71644133329391479492e-01) (3, 4.25631713867187500000e+00) (4, -3.52095872163772583008e-01) (5, -4.78482991456985473633e-01) (6, -1.93334996700286865234e-01) (7, 1.48077762126922607422e+00) (8, -2.89436888694763183594e+00) (9, -4.23331230878829956055e-01) (10, -4.34552907943725585938e-01) (11, -2.97809123992919921875e-01) (12, 1.44156432151794433594e+00) (13, 9.08987522125244140625e-01) (14, 1.99002408981323242188e+00) (15, -4.99938875436782836914e-01) (16, -9.11559522151947021484e-01) (17, 9.48760211467742919922e-02) (18, 8.62261593341827392578e-01) (19, -7.22804486751556396484e-01) (20, -7.86692619323730468750e-01) (21, -2.53315776586532592773e-01) (22, 9.10136818885803222656e-01) (23, -1.08232140541076660156e+00) (24, 1.03380835056304931641e+00) (25, 1.59175527095794677734e+00) (26, -2.29561086744070053101e-02) (27, -4.71022725105285644531e-01) (28, -9.67181384563446044922e-01) (29, -6.91986978054046630859e-01) (30, -1.15382766723632812500e+00) (31, -1.12336337566375732422e+00) (32, 9.90558266639709472656e-01) (33, -8.35686206817626953125e-01) (34, -2.84957981109619140625e+00) (35, -1.09579885005950927734e+00) (36, -1.51144385337829589844e+00) (37, -1.14762258529663085938e+00) (38, -1.21778166294097900391e+00) (39, -5.79535305500030517578e-01) (40, -3.68413776159286499023e-01) (41, -1.27395153045654296875e+00) (42, 1.95221364498138427734e+00) (43, 1.37632429599761962891e+00) (44, -6.52176439762115478516e-01) (45, -1.21365463733673095703e+00) (46, 4.35658073425292968750e+00) (47, -3.05616211891174316406e+00) (48, 1.24345183372497558594e+00) (49, -6.33694171905517578125e-01) (50, 1.62239027023315429688e+00) (51, -1.84561505913734436035e-01) (52, 8.80085229873657226562e-01) (53, -3.04301887750625610352e-01) (54, -3.84030938148498535156e-01) (55, 4.07866477966308593750e-01) (56, 1.93525284528732299805e-01) (57, -1.82329893112182617188e+00) (58, 2.15408205986022949219e+00) (59, 8.55525910854339599609e-01) (60, 4.99538004398345947266e-01) (61, 1.02841365337371826172e+00) (62, 2.65774035453796386719e+00) (63, -5.65057873725891113281e-01) (64, -2.00964021682739257812e+00) (65, 1.28372120857238769531e+00) (66, -1.70437288284301757812e+00) (67, 3.31145930290222167969e+00) (68, -6.07630133628845214844e-01) (69, -2.09949064254760742188e+00) (70, 8.28371584415435791016e-01) (71, -4.29921865463256835938e-01) (72, 1.87194085121154785156e+00) (73, -1.53654420375823974609e+00) (74, -3.35966020822525024414e-01) (75, 1.74095129966735839844e+00) (76, 6.08411312103271484375e+00) (77, 1.48894143104553222656e+00) (78, -3.41302180290222167969e+00) (79, -3.63334631919860839844e+00) (80, -1.66164529323577880859e+00) (81, 1.25187754631042480469e+00) (82, -3.37946861982345581055e-01) (83, -4.36296319961547851562e+00) (84, 2.00386261940002441406e+00) (85, 6.30589306354522705078e-01) (86, -3.33170950412750244141e-01) (87, 1.99401593208312988281e+00) (88, 1.09682202339172363281e+00) (89, 6.46125221252441406250e+00) (90, 3.65726143121719360352e-01) (91, 5.56901276111602783203e-01) (92, 3.14121651649475097656e+00) (93, -6.82841479778289794922e-01) (94, -3.91805291175842285156e-01) (95, 1.06858551502227783203e+00) (96, -3.37234050035476684570e-01) (97, -3.02723026275634765625e+00) (98, 2.29812574386596679688e+00) (99, 3.01345765590667724609e-01) (100, 1.72706913948059082031e+00) (101, 7.69627511501312255859e-01) (102, -1.04662489891052246094e+00) (103, 3.95330667495727539062e+00) (104, -4.79504972696304321289e-01) (0, 1.50000000000000000000e+03) (1, -1.49999133300781250000e+03) (2, 3.25106096267700195312e+00) (3, 1.50000000000000000000e+03) (4, 1.49996850585937500000e+03) (5, 1.50000000000000000000e+03) (6, -1.50000000000000000000e+03) (7, -1.49991540527343750000e+03) (8, 1.50000000000000000000e+03) (9, -1.50000000000000000000e+03) (10, -1.50000000000000000000e+03) (11, 1.49910253906250000000e+03) (12, 1.49175572395324707031e+00) (13, -1.49821667480468750000e+03) (14, -1.50000000000000000000e+03) (15, 1.49996215820312500000e+03) (16, 1.50000000000000000000e+03) (17, -1.50000000000000000000e+03) (18, 1.50000000000000000000e+03) (19, 1.50000000000000000000e+03) (20, 1.50000000000000000000e+03) (21, 1.50000000000000000000e+03) (22, 1.50000000000000000000e+03) (23, 1.50000000000000000000e+03) (24, 1.50000000000000000000e+03) (25, -1.49997790527343750000e+03) (26, 1.50000000000000000000e+03) (27, 1.50000000000000000000e+03) (28, 1.50000000000000000000e+03) (29, 7.53049433231353759766e-01) (30, 1.49998413085937500000e+03) (31, 1.50000000000000000000e+03) (32, 1.50000000000000000000e+03) (33, 8.66130752563476562500e+01) (34, 1.50000000000000000000e+03) (35, 1.70107879638671875000e+01) (36, 1.50000000000000000000e+03) (37, 4.53682281494140625000e+02) (38, 1.50000000000000000000e+03) (39, 1.50000000000000000000e+03) (40, 2.09551715850830078125e+00) (41, 1.50000000000000000000e+03) (42, 3.09279847145080566406e+00) (43, 1.50000000000000000000e+03) (44, 1.50000000000000000000e+03) (45, 6.83924865722656250000e+01) (46, 1.49015932083129882812e+01) (47, 1.50000000000000000000e+03) (48, 2.48728618621826171875e+01) (49, 1.49908654785156250000e+03) (50, 1.49907666015625000000e+03) (51, 1.49899670410156250000e+03) (52, 1.49902282714843750000e+03) (53, 1.49996655273437500000e+03) (54, -1.50000000000000000000e+03) (55, 1.50000000000000000000e+03) (56, 3.66591620445251464844e+00) (57, 1.50000000000000000000e+03) (58, 1.49996215820312500000e+03) (59, 1.50000000000000000000e+03) (60, 1.49996215820312500000e+03) (61, -1.50000000000000000000e+03) (62, 3.09990262985229492188e+00) (63, 1.49996215820312500000e+03) (64, 1.49996215820312500000e+03) (65, 1.49996215820312500000e+03) (66, 1.49996215820312500000e+03) (67, 1.49996215820312500000e+03) (68, 4.82133026123046875000e+01) (69, 1.49995751953125000000e+03) (70, 2.99347949028015136719e+00) (71, 2.87709450721740722656e+00) (72, 1.50000000000000000000e+03) (73, 2.66084350585937500000e+02) (74, 9.52685475349426269531e-01) (75, 3.02065277099609375000e+00) (76, 3.49395980834960937500e+01) (77, 7.26985502243041992188e+00) (78, 2.87847590446472167969e+00) (79, 2.09619331359863281250e+00) (80, 1.49897546386718750000e+03) (81, 1.39456787109375000000e+03) (82, 1.32540454101562500000e+03) (83, 1.49995703125000000000e+03) (84, 1.49995703125000000000e+03) (85, 2.54351329803466796875e+01) (86, 1.77342872619628906250e+01) (87, 3.04491734504699707031e+00) (88, 1.49993383789062500000e+03) (89, 6.78665542602539062500e+01) (90, 1.49993420410156250000e+03) (91, 1.49993444824218750000e+03) (92, 1.49996215820312500000e+03) (93, 1.49996215820312500000e+03) (94, 1.49996215820312500000e+03) (95, 1.06931201171875000000e+03) (96, 2.78357338905334472656e+00) (97, 3.29977607727050781250e+00) (98, 1.49996215820312500000e+03) (99, 2.40254959106445312500e+02) (100, 1.49996215820312500000e+03) (101, 2.76189279556274414062e+00) (102, 1.50000000000000000000e+03) (103, -1.50000000000000000000e+03) (104, -7.67640352249145507812e-01) (0, 1.50000000000000000000e+03) (1, -1.49999133300781250000e+03) (2, 3.24292540550231933594e+00) (3, 1.50000000000000000000e+03) (4, 1.49996850585937500000e+03) (5, 1.50000000000000000000e+03) (6, -1.50000000000000000000e+03) (7, -1.49991540527343750000e+03) (8, 1.50000000000000000000e+03) (9, -1.50000000000000000000e+03) (10, -1.50000000000000000000e+03) (11, 1.49910253906250000000e+03) (12, 1.36240935325622558594e+00) (13, -1.49821667480468750000e+03) (14, -1.50000000000000000000e+03) (15, 1.49996215820312500000e+03) (16, 1.50000000000000000000e+03) (17, -1.50000000000000000000e+03) (18, 1.50000000000000000000e+03) (19, 1.50000000000000000000e+03) (20, 1.50000000000000000000e+03) (21, 1.50000000000000000000e+03) (22, 1.50000000000000000000e+03) (23, 1.50000000000000000000e+03) (24, 1.50000000000000000000e+03) (25, -1.49997790527343750000e+03) (26, 1.50000000000000000000e+03) (27, 1.50000000000000000000e+03) (28, 1.50000000000000000000e+03) (29, 8.05341839790344238281e-01) (30, 1.49998413085937500000e+03) (31, 1.50000000000000000000e+03) (32, 1.50000000000000000000e+03) (33, 8.66257705688476562500e+01) (34, 1.50000000000000000000e+03) (35, 1.82695770263671875000e+01) (36, 1.50000000000000000000e+03) (37, 4.53752380371093750000e+02) (38, 1.50000000000000000000e+03) (39, 1.50000000000000000000e+03) (40, 2.08056712150573730469e+00) (41, 1.50000000000000000000e+03) (42, 3.01324033737182617188e+00) (43, 1.50000000000000000000e+03) (44, 1.50000000000000000000e+03) (45, 6.84741592407226562500e+01) (46, 1.48690414428710937500e+01) (47, 1.50000000000000000000e+03) (48, 2.49758434295654296875e+01) (49, 1.49908654785156250000e+03) (50, 1.49907666015625000000e+03) (51, 1.49899670410156250000e+03) (52, 1.49902282714843750000e+03) (53, 1.49996655273437500000e+03) (54, -1.50000000000000000000e+03) (55, 1.50000000000000000000e+03) (56, 3.60117173194885253906e+00) (57, 1.50000000000000000000e+03) (58, 1.49996215820312500000e+03) (59, 1.50000000000000000000e+03) (60, 1.49996215820312500000e+03) (61, -1.50000000000000000000e+03) (62, 2.97613930702209472656e+00) (63, 1.49996215820312500000e+03) (64, 1.49996215820312500000e+03) (65, 1.49996215820312500000e+03) (66, 1.49996215820312500000e+03) (67, 1.49996215820312500000e+03) (68, 4.81954879760742187500e+01) (69, 1.49995751953125000000e+03) (70, 2.82361364364624023438e+00) (71, 3.00030946731567382812e+00) (72, 1.50000000000000000000e+03) (73, 3.85138549804687500000e+02) (74, 9.11539554595947265625e-01) (75, 3.06550168991088867188e+00) (76, 3.47840118408203125000e+01) (77, 7.32071542739868164062e+00) (78, 2.76272606849670410156e+00) (79, 2.10766911506652832031e+00) (80, 1.49897546386718750000e+03) (81, 1.39438354492187500000e+03) (82, 1.32539025878906250000e+03) (83, 1.49995703125000000000e+03) (84, 1.49995703125000000000e+03) (85, 1.47012252807617187500e+01) (86, 1.77429466247558593750e+01) (87, 3.13536334037780761719e+00) (88, 1.49993383789062500000e+03) (89, 3.00233211517333984375e+01) (90, 1.49993420410156250000e+03) (91, 1.49993444824218750000e+03) (92, 1.49996215820312500000e+03) (93, 1.49996215820312500000e+03) (94, 1.49996215820312500000e+03) (95, 1.06923303222656250000e+03) (96, 2.71109151840209960938e+00) (97, 3.31718420982360839844e+00) (98, 1.49996215820312500000e+03) (99, 1.01764656066894531250e+02) (100, 1.49996215820312500000e+03) (101, 2.67622733116149902344e+00) (102, 1.50000000000000000000e+03) (103, -1.50000000000000000000e+03) (104, -8.17324042320251464844e-01) (0, -1.50000000000000000000e+03) (1, 1.49999401855468750000e+03) (2, -1.10467147827148437500e+00) (3, -1.50000000000000000000e+03) (4, -1.49996716308593750000e+03) (5, -1.50000000000000000000e+03) (6, 1.50000000000000000000e+03) (7, 1.49993334960937500000e+03) (8, -1.50000000000000000000e+03) (9, 1.50000000000000000000e+03) (10, 1.50000000000000000000e+03) (11, -1.49646411132812500000e+03) (12, 8.74010086059570312500e-01) (13, 1.49836010742187500000e+03) (14, 1.50000000000000000000e+03) (15, -1.49996179199218750000e+03) (16, -1.50000000000000000000e+03) (17, 1.50000000000000000000e+03) (18, -1.50000000000000000000e+03) (19, -1.50000000000000000000e+03) (20, -1.50000000000000000000e+03) (21, -1.50000000000000000000e+03) (22, -1.50000000000000000000e+03) (23, -1.50000000000000000000e+03) (24, -1.50000000000000000000e+03) (25, 1.49998937988281250000e+03) (26, -1.50000000000000000000e+03) (27, -1.50000000000000000000e+03) (28, -1.50000000000000000000e+03) (29, -5.87820529937744140625e-01) (30, -1.49997937011718750000e+03) (31, -1.50000000000000000000e+03) (32, -1.50000000000000000000e+03) (33, -8.27504577636718750000e+01) (34, -1.50000000000000000000e+03) (35, -9.30587482452392578125e+00) (36, -1.50000000000000000000e+03) (37, -4.56706504821777343750e+01) (38, -1.50000000000000000000e+03) (39, -1.50000000000000000000e+03) (40, 6.15101277828216552734e-01) (41, -1.50000000000000000000e+03) (42, -1.00474739074707031250e+00) (43, -1.50000000000000000000e+03) (44, -1.50000000000000000000e+03) (45, -3.62959747314453125000e+02) (46, -9.78970909118652343750e+00) (47, -1.50000000000000000000e+03) (48, -1.54137706756591796875e+01) (49, -1.49906945800781250000e+03) (50, -1.49906103515625000000e+03) (51, -1.49898669433593750000e+03) (52, -1.49901232910156250000e+03) (53, -1.48702294921875000000e+03) (54, 1.50000000000000000000e+03) (55, -1.50000000000000000000e+03) (56, -1.36985158920288085938e+00) (57, -1.50000000000000000000e+03) (58, -1.49996130371093750000e+03) (59, -1.50000000000000000000e+03) (60, -1.49996203613281250000e+03) (61, 1.50000000000000000000e+03) (62, -1.06746745109558105469e+00) (63, -1.49996179199218750000e+03) (64, -1.49996203613281250000e+03) (65, -1.49996203613281250000e+03) (66, -1.49996203613281250000e+03) (67, -1.49996203613281250000e+03) (68, -3.19491825103759765625e+01) (69, -2.78502044677734375000e+02) (70, -8.17920267581939697266e-01) (71, -8.57931792736053466797e-01) (72, -1.50000000000000000000e+03) (73, -8.49333572387695312500e+01) (74, 1.15024924278259277344e+00) (75, -1.03291785717010498047e+00) (76, -2.23023223876953125000e+01) (77, -3.85536074638366699219e+00) (78, -8.27868878841400146484e-01) (79, 2.61670380830764770508e-01) (80, -1.49896789550781250000e+03) (81, -9.61899475097656250000e+02) (82, -9.05606201171875000000e+02) (83, -1.13898132324218750000e+03) (84, -1.49995312500000000000e+03) (85, -3.30351948738098144531e+00) (86, -1.10000267028808593750e+01) (87, -1.11459958553314208984e+00) (88, -1.49147717285156250000e+03) (89, -4.55122718811035156250e+01) (90, -4.72788482666015625000e+02) (91, -1.49993054199218750000e+03) (92, -1.49996179199218750000e+03) (93, -1.49996203613281250000e+03) (94, -1.49996179199218750000e+03) (95, -7.34951110839843750000e+02) (96, -8.23753356933593750000e-01) (97, -1.08406412601470947266e+00) (98, -1.49996057128906250000e+03) (99, -1.63038955688476562500e+02) (100, -1.49996179199218750000e+03) (101, -7.59898424148559570312e-01) (102, -1.50000000000000000000e+03) (103, 1.50000000000000000000e+03) (104, 2.86103081703186035156e+00) (0, -1.50000000000000000000e+03) (1, 1.49999401855468750000e+03) (2, -1.01530051231384277344e+00) (3, -1.50000000000000000000e+03) (4, -1.49996716308593750000e+03) (5, -1.50000000000000000000e+03) (6, 1.50000000000000000000e+03) (7, 1.49993334960937500000e+03) (8, -1.50000000000000000000e+03) (9, 1.50000000000000000000e+03) (10, 1.50000000000000000000e+03) (11, -1.09740028381347656250e+02) (12, 9.04396712779998779297e-01) (13, 1.49836010742187500000e+03) (14, 1.50000000000000000000e+03) (15, -1.49996179199218750000e+03) (16, -1.50000000000000000000e+03) (17, 1.50000000000000000000e+03) (18, -1.50000000000000000000e+03) (19, -1.50000000000000000000e+03) (20, -1.50000000000000000000e+03) (21, -1.50000000000000000000e+03) (22, -1.50000000000000000000e+03) (23, -1.50000000000000000000e+03) (24, -1.50000000000000000000e+03) (25, 1.49998937988281250000e+03) (26, -1.50000000000000000000e+03) (27, -1.50000000000000000000e+03) (28, -1.50000000000000000000e+03) (29, -8.62885534763336181641e-01) (30, -1.49997937011718750000e+03) (31, -1.50000000000000000000e+03) (32, -1.50000000000000000000e+03) (33, -3.25472869873046875000e+01) (34, -1.50000000000000000000e+03) (35, -1.30359983444213867188e+01) (36, -1.50000000000000000000e+03) (37, -3.81680030822753906250e+01) (38, -1.50000000000000000000e+03) (39, -1.50000000000000000000e+03) (40, 2.63589143753051757812e-01) (41, -1.50000000000000000000e+03) (42, -1.00416159629821777344e+00) (43, -1.50000000000000000000e+03) (44, -1.50000000000000000000e+03) (45, -3.98197097778320312500e+01) (46, -4.79631004333496093750e+01) (47, -1.50000000000000000000e+03) (48, -1.50732641220092773438e+01) (49, -1.49906945800781250000e+03) (50, -1.49906103515625000000e+03) (51, -1.49898669433593750000e+03) (52, -1.49901232910156250000e+03) (53, -1.48702294921875000000e+03) (54, 1.50000000000000000000e+03) (55, -1.50000000000000000000e+03) (56, -1.30321800708770751953e+00) (57, -1.50000000000000000000e+03) (58, -1.49996130371093750000e+03) (59, -1.50000000000000000000e+03) (60, -1.49996203613281250000e+03) (61, 1.50000000000000000000e+03) (62, -1.01930248737335205078e+00) (63, -1.49996179199218750000e+03) (64, -1.49996203613281250000e+03) (65, -1.49996203613281250000e+03) (66, -5.15151138305664062500e+01) (67, -1.49996203613281250000e+03) (68, -3.19623985290527343750e+01) (69, -1.72426521778106689453e+00) (70, -7.86922037601470947266e-01) (71, -9.94724392890930175781e-01) (72, -1.50000000000000000000e+03) (73, -6.84252777099609375000e+01) (74, 1.22073125839233398438e+00) (75, -8.23842227458953857422e-01) (76, -2.09162473678588867188e+00) (77, -2.10347175598144531250e+00) (78, -6.56342267990112304688e-01) (79, 9.78839695453643798828e-01) (80, -4.03331207275390625000e+02) (81, -5.09204483032226562500e+00) (82, -1.05355062484741210938e+01) (83, -1.27707204818725585938e+01) (84, -1.49995312500000000000e+03) (85, -1.43503880500793457031e+00) (86, -1.10295429229736328125e+01) (87, -9.77548480033874511719e-01) (88, -2.01543331146240234375e+01) (89, -9.37982439994812011719e-01) (90, -7.00948905944824218750e+00) (91, -1.49993054199218750000e+03) (92, -1.49996179199218750000e+03) (93, -1.49996203613281250000e+03) (94, -1.49996179199218750000e+03) (95, -8.57841205596923828125e+00) (96, -6.32970035076141357422e-01) (97, -1.04901838302612304688e+00) (98, -1.49996057128906250000e+03) (99, -2.45130538940429687500e+01) (100, -1.49996179199218750000e+03) (101, -7.06152677536010742188e-01) (102, -1.50000000000000000000e+03) (103, 1.50000000000000000000e+03) (104, 2.86658596992492675781e+00) (0, 7.03264904022216796875e+00) (1, 1.38450694084167480469e+00) (2, -1.79763650894165039062e+00) (3, -1.50702011585235595703e+00) (4, -5.48772037029266357422e-01) (5, -2.37829875946044921875e+00) (6, -1.78843230009078979492e-01) (7, 2.54817461967468261719e+00) (8, -1.38390016555786132812e+00) (9, 3.52176427841186523438e-01) (10, -7.58446514606475830078e-01) (11, 5.36183452606201171875e+00) (12, 2.19561600685119628906e+00) (13, 9.43491935729980468750e-01) (14, 1.92468869686126708984e+00) (15, 1.43029224872589111328e+00) (16, -1.29013991355895996094e+00) (17, -1.09373128414154052734e+00) (18, -3.05045747756958007812e+00) (19, -1.79489970207214355469e+00) (20, -2.08005118370056152344e+00) (21, 1.69955164194107055664e-01) (22, -9.72115039825439453125e-01) (23, 1.23814577236771583557e-02) (24, 1.92960155010223388672e+00) (25, 1.48993527889251708984e+00) (26, 1.42851793766021728516e+00) (27, -5.48462569713592529297e-01) (28, 1.02612245082855224609e+00) (29, 2.83373802900314331055e-01) (30, 8.76689255237579345703e-01) (31, -9.85871791839599609375e-01) (32, -1.80189085006713867188e+00) (33, 6.53206944465637207031e-01) (34, 1.34021937847137451172e+00) (35, -1.52601432800292968750e+00) (36, -1.97833764553070068359e+00) (37, 1.04921698570251464844e+00) (38, 8.19748222827911376953e-01) (39, 1.36698257923126220703e+00) (40, 3.27183902263641357422e-01) (41, 2.80116343498229980469e+00) (42, -4.66691672801971435547e-01) (43, 3.16812276840209960938e+00) (44, -3.76286149024963378906e-01) (45, -1.39655244350433349609e+00) (46, -8.33247601985931396484e-01) (47, 2.35910668969154357910e-01) (48, -2.78340673446655273438e+00) (49, -1.50471723079681396484e+00) (50, 3.56771349906921386719e+00) (51, 1.17259788513183593750e+00) (52, 2.05559611320495605469e+00) (53, -4.22259777784347534180e-01) (54, 1.76396715641021728516e+00) (55, -1.54643192887306213379e-01) (56, -2.98472791910171508789e-02) (57, 1.39644527435302734375e+00) (58, -4.46534216403961181641e-01) (59, -5.71691215038299560547e-01) (60, -5.37441968917846679688e-01) (61, 1.83220136165618896484e+00) (62, -3.59184175729751586914e-01) (63, 1.36502957344055175781e+00) (64, -6.97016954421997070312e-01) (65, -4.75962102413177490234e-01) (66, 6.61127328872680664062e-01) (67, 1.10138520598411560059e-01) (68, 1.38121819496154785156e+00) (69, -6.04105353355407714844e-01) (70, -4.06827181577682495117e-01) (71, -4.21019107103347778320e-01) (72, -1.31174516677856445312e+00) (73, 1.52119785547256469727e-01) (74, -1.28047502040863037109e+00) (75, 1.55402410030364990234e+00) (76, -2.51092106103897094727e-01) (77, 1.54293149709701538086e-01) (78, -3.04606735706329345703e-01) (79, 4.13016223907470703125e+00) (80, 2.35549092292785644531e+00) (81, -7.26933121681213378906e-01) (82, 4.45340037345886230469e-01) (83, -3.59194785356521606445e-01) (84, -6.79131984710693359375e-01) (85, -5.07446646690368652344e-01) (86, 2.26161122322082519531e+00) (87, 3.54817867279052734375e-01) (88, -3.91753649711608886719e+00) (89, -1.19576072692871093750e+00) (90, -7.73752927780151367188e-01) (91, -6.42978012561798095703e-01) (92, -3.28664869070053100586e-01) (93, 2.09071844816207885742e-01) (94, -5.01979827880859375000e-01) (95, -3.55638921260833740234e-01) (96, -3.84228587150573730469e-01) (97, -4.50112551450729370117e-01) (98, -5.23174881935119628906e-01) (99, -5.98541080951690673828e-01) (100, -6.53189420700073242188e-01) (101, -2.80973124504089355469e+00) (102, 1.64679479598999023438e+00) (103, 1.02842020988464355469e+00) (104, 2.35305380821228027344e+00) (0, 1.50000000000000000000e+03) (1, -1.49999133300781250000e+03) (2, 2.86163640022277832031e+00) (3, 1.50000000000000000000e+03) (4, 1.49996850585937500000e+03) (5, 1.50000000000000000000e+03) (6, -1.50000000000000000000e+03) (7, -1.49991540527343750000e+03) (8, 1.50000000000000000000e+03) (9, -1.50000000000000000000e+03) (10, -1.50000000000000000000e+03) (11, 1.49910253906250000000e+03) (12, 9.58378732204437255859e-01) (13, -1.49821667480468750000e+03) (14, -1.50000000000000000000e+03) (15, 1.49996215820312500000e+03) (16, 1.50000000000000000000e+03) (17, -1.50000000000000000000e+03) (18, 1.50000000000000000000e+03) (19, 1.50000000000000000000e+03) (20, 1.50000000000000000000e+03) (21, 1.50000000000000000000e+03) (22, 1.50000000000000000000e+03) (23, 1.50000000000000000000e+03) (24, 1.50000000000000000000e+03) (25, -1.49997790527343750000e+03) (26, 1.50000000000000000000e+03) (27, 1.50000000000000000000e+03) (28, 1.50000000000000000000e+03) (29, 3.67748588323593139648e-01) (30, 1.49998413085937500000e+03) (31, 1.50000000000000000000e+03) (32, 1.50000000000000000000e+03) (33, 1.87095397949218750000e+02) (34, 1.50000000000000000000e+03) (35, 2.46854572296142578125e+01) (36, 1.50000000000000000000e+03) (37, 2.19219131469726562500e+02) (38, 1.50000000000000000000e+03) (39, 1.50000000000000000000e+03) (40, 1.81268513202667236328e+00) (41, 1.50000000000000000000e+03) (42, 2.71316480636596679688e+00) (43, 1.50000000000000000000e+03) (44, 1.50000000000000000000e+03) (45, 9.39966812133789062500e+01) (46, 1.47557010650634765625e+01) (47, 1.50000000000000000000e+03) (48, 2.44472332000732421875e+01) (49, 1.49908654785156250000e+03) (50, 1.49907666015625000000e+03) (51, 1.49899670410156250000e+03) (52, 1.49902282714843750000e+03) (53, 1.49996655273437500000e+03) (54, -1.50000000000000000000e+03) (55, 1.50000000000000000000e+03) (56, 3.28037524223327636719e+00) (57, 1.50000000000000000000e+03) (58, 1.49996215820312500000e+03) (59, 1.50000000000000000000e+03) (60, 1.49996215820312500000e+03) (61, -1.50000000000000000000e+03) (62, 2.75440049171447753906e+00) (63, 1.49996215820312500000e+03) (64, 1.49996215820312500000e+03) (65, 1.49996215820312500000e+03) (66, 1.49996215820312500000e+03) (67, 1.49996215820312500000e+03) (68, 4.77758445739746093750e+01) (69, 9.68512329101562500000e+02) (70, 2.57767748832702636719e+00) (71, 2.61656880378723144531e+00) (72, 1.50000000000000000000e+03) (73, 1.40555068969726562500e+02) (74, 4.76726591587066650391e-01) (75, 2.62144446372985839844e+00) (76, 3.45089225769042968750e+01) (77, 6.88330602645874023438e+00) (78, 2.44689083099365234375e+00) (79, 1.62766218185424804688e+00) (80, 1.49897546386718750000e+03) (81, 1.39404199218750000000e+03) (82, 1.32501025390625000000e+03) (83, 1.49995703125000000000e+03) (84, 1.49995703125000000000e+03) (85, 7.69259786605834960938e+00) (86, 1.73186264038085937500e+01) (87, 2.66472172737121582031e+00) (88, 1.49993383789062500000e+03) (89, 2.96240730285644531250e+01) (90, 4.45803802490234375000e+02) (91, 1.49993444824218750000e+03) (92, 1.49996215820312500000e+03) (93, 1.49996215820312500000e+03) (94, 1.49996215820312500000e+03) (95, 1.06885888671875000000e+03) (96, 2.33680725097656250000e+00) (97, 2.82536363601684570312e+00) (98, 1.49996215820312500000e+03) (99, 2.39857528686523437500e+02) (100, 1.49996215820312500000e+03) (101, 2.36647343635559082031e+00) (102, 1.50000000000000000000e+03) (103, -1.50000000000000000000e+03) (104, -5.69707214832305908203e-01) (0, 1.07495756149291992188e+01) (1, 7.56123161315917968750e+00) (2, 1.27714109420776367188e+00) (3, -6.12310266494750976562e+00) (4, 2.20961737632751464844e+00) (5, -1.30494010448455810547e+00) (6, -9.34756398200988769531e-01) (7, -1.12148976325988769531e+00) (8, 3.47386741638183593750e+00) (9, 3.22396248579025268555e-01) (10, -2.01763272285461425781e+00) (11, -1.20838749408721923828e+00) (12, 2.19600677490234375000e+00) (13, 1.30343759059906005859e+00) (14, 1.05345785617828369141e+00) (15, 2.45327782630920410156e+00) (16, 2.23524853587150573730e-01) (17, -9.07624661922454833984e-01) (18, 2.26681113243103027344e-01) (19, -6.55877113342285156250e-01) (20, -1.07926630973815917969e+00) (21, 7.16572666168212890625e+00) (22, 1.55950236320495605469e+00) (23, 1.74888157844543457031e+00) (24, -2.11825871467590332031e+00) (25, 1.78694224357604980469e+00) (26, 1.22964656352996826172e+00) (27, 1.60562980175018310547e+00) (28, 2.43313884735107421875e+00) (29, 2.33154940605163574219e+00) (30, 3.44599306583404541016e-01) (31, -7.24676787853240966797e-01) (32, 2.06671166419982910156e+00) (33, -6.22387468814849853516e-01) (34, -2.46287047863006591797e-01) (35, -1.19917833805084228516e+00) (36, 1.49217140674591064453e+00) (37, -1.16227042675018310547e+00) (38, -7.81226754188537597656e-01) (39, 1.85720336437225341797e+00) (40, 1.51051652431488037109e+00) (41, -7.99829244613647460938e-01) (42, -6.85061633586883544922e-01) (43, -6.21920228004455566406e-01) (44, -1.75805509090423583984e+00) (45, -1.30693793296813964844e+00) (46, -1.31732499599456787109e+00) (47, -2.55368733406066894531e+00) (48, -7.90839254856109619141e-01) (49, 1.18722236156463623047e+00) (50, -3.97077620029449462891e-01) (51, 5.36926090717315673828e-01) (52, 1.46296465396881103516e+00) (53, 2.08413586020469665527e-01) (54, -4.28193712234497070312e+00) (55, -1.26599714159965515137e-01) (56, 1.36494266986846923828e+00) (57, -7.95240402221679687500e-01) (58, -3.67385178804397583008e-01) (59, -3.54250341653823852539e-01) (60, -4.50164824724197387695e-01) (61, -4.82471078634262084961e-01) (62, -3.98767977952957153320e-01) (63, -5.91094970703125000000e-01) (64, -6.12501442432403564453e-01) (65, -4.74232465028762817383e-01) (66, -5.85527956485748291016e-01) (67, -5.68581581115722656250e-01) (68, -3.27768564224243164062e-01) (69, -4.53879743814468383789e-01) (70, -1.20784807205200195312e+00) (71, -4.57951217889785766602e-01) (72, -6.99051082134246826172e-01) (73, -8.56235086917877197266e-01) (74, -7.11211979389190673828e-01) (75, 1.37797057628631591797e+00) (76, -1.71252220869064331055e-01) (77, -4.77050960063934326172e-01) (78, 1.34686923027038574219e+00) (79, 1.23890984058380126953e+00) (80, 1.27569365501403808594e+00) (81, 1.39708673954010009766e+00) (82, 1.29573440551757812500e+00) (83, 1.44410598278045654297e+00) (84, 1.42526602745056152344e+00) (85, -4.71624851226806640625e-01) (86, -5.55505812168121337891e-01) (87, -3.86595577001571655273e-01) (88, -4.31224048137664794922e-01) (89, -5.75567603111267089844e-01) (90, 1.39758491516113281250e+00) (91, -4.05687481164932250977e-01) (92, -3.77492189407348632812e-01) (93, -4.96449619531631469727e-01) (94, -5.44952452182769775391e-01) (95, 1.35304629802703857422e+00) (96, -3.06743651628494262695e-01) (97, -4.96613651514053344727e-01) (98, 1.40978968143463134766e+00) (99, 1.30853784084320068359e+00) (100, -5.28211176395416259766e-01) (101, -4.43186551332473754883e-01) (102, 1.31553430557250976562e+01) (103, 1.40129947662353515625e+01) (104, 2.22914099693298339844e+00) (0, 7.52589166164398193359e-01) (1, -4.32874107360839843750e+00) (2, 1.44647800922393798828e+00) (3, -6.52305603027343750000e-01) (4, 1.41423368453979492188e+00) (5, -7.19227075576782226562e-01) (6, 3.58865350484848022461e-01) (7, 3.98312985897064208984e-01) (8, -1.54000949859619140625e+00) (9, 1.54315721988677978516e+00) (10, -3.15416187047958374023e-01) (11, 1.64025664329528808594e+00) (12, -3.43494594097137451172e-01) (13, -5.61369538307189941406e-01) (14, -3.86332660913467407227e-01) (15, -4.53628629446029663086e-01) (16, 4.77908283472061157227e-01) (17, -5.62842071056365966797e-01) (18, 9.60514605045318603516e-01) (19, 1.30394065380096435547e+00) (20, -8.06567609310150146484e-01) (21, -3.61102461814880371094e-01) (22, -6.05625987052917480469e-01) (23, -8.86339068412780761719e-01) (24, -5.18917888402938842773e-02) (25, -9.35583949089050292969e-01) (26, -1.70446681976318359375e+00) (27, -4.78418469429016113281e-01) (28, -8.82791101932525634766e-01) (29, -6.73914968967437744141e-01) (30, -7.88210988044738769531e-01) (31, -1.38769638538360595703e+00) (32, 1.00788640975952148438e+00) (33, -9.18409526348114013672e-01) (34, 1.15834303200244903564e-01) (35, -1.48818337917327880859e+00) (36, 2.89283782243728637695e-01) (37, -1.42075669765472412109e+00) (38, 7.55852818489074707031e-01) (39, -5.34806668758392333984e-01) (40, -6.09992623329162597656e-01) (41, 3.01373481750488281250e+00) (42, -3.48714619874954223633e-01) (43, 2.30426144599914550781e+00) (44, 2.37007713317871093750e+00) (45, -7.04424619674682617188e-01) (46, 3.44474339485168457031e+00) (47, 8.11065256595611572266e-01) (48, 1.11897134780883789062e+00) (49, -5.14592945575714111328e-01) (50, -6.97202026844024658203e-01) (51, 1.75028502941131591797e+00) (52, 1.38741695880889892578e+00) (53, -1.41127061843872070312e+00) (54, 1.72389078140258789062e+00) (55, -3.65547388792037963867e-01) (56, 1.36262583732604980469e+00) (57, -5.53960204124450683594e-01) (58, 4.15359675884246826172e-01) (59, -2.39621090888977050781e+00) (60, 1.13107681274414062500e+00) (61, -2.79338312149047851562e+00) (62, 2.33976817131042480469e+00) (63, -3.93178880214691162109e-01) (64, 2.03007197380065917969e+00) (65, 1.29462134838104248047e+00) (66, 3.86329293251037597656e+00) (67, -9.39283013343811035156e-01) (68, 2.18676590919494628906e+00) (69, 2.38873347640037536621e-01) (70, -2.54184365272521972656e-01) (71, 2.24242782592773437500e+00) (72, -2.02517747879028320312e-01) (73, 2.51135468482971191406e+00) (74, -1.18922400474548339844e+00) (75, -1.64207804203033447266e+00) (76, -1.82197734713554382324e-01) (77, -1.32691964507102966309e-01) (78, 2.24332356452941894531e+00) (79, -3.35724854469299316406e+00) (80, 2.12438255548477172852e-01) (81, 1.35678601264953613281e+00) (82, -1.37947797775268554688e+00) (83, -1.69865918159484863281e+00) (84, -9.94977712631225585938e-01) (85, -9.40761923789978027344e-01) (86, 9.06868755817413330078e-01) (87, 1.53711724281311035156e+00) (88, -2.51220417022705078125e+00) (89, -2.28425288200378417969e+00) (90, 2.77469009160995483398e-01) (91, 9.83585596084594726562e-01) (92, 1.36880517005920410156e+00) (93, 1.29696536064147949219e+00) (94, 1.46053934097290039062e+00) (95, -4.09857177734375000000e+00) (96, 1.70133399963378906250e+00) (97, -7.77230799198150634766e-01) (98, -1.00610518455505371094e+00) (99, -5.26388585567474365234e-01) (100, 6.21750414371490478516e-01) (101, 1.63603222370147705078e+00) (102, -2.74410963058471679688e-01) (103, 2.21120619773864746094e+00) (104, 1.07959814369678497314e-01) (105, -7.87913739681243896484e-01) (106, 3.72450399398803710938e+00) (107, 2.48011425137519836426e-01) (108, -9.18699979782104492188e-01) (109, 3.47908997535705566406e+00) (110, 1.35767233371734619141e+00) (111, 2.19260621070861816406e+00) (112, 2.85845565795898437500e+00) (113, 2.83958959579467773438e+00) (114, 3.13845109939575195312e+00) (115, -8.00873577594757080078e-01) (116, 2.33853268623352050781e+00) (117, 3.83937215805053710938e+00) (118, 3.23645496368408203125e+00) (119, 4.53041744232177734375e+00) (120, 2.21799945831298828125e+00) (121, 3.75364351272583007812e+00) (122, -7.77514040470123291016e-01) (123, -8.25120747089385986328e-01) (124, 2.79152417182922363281e+00) (125, 2.75532579421997070312e+00) (126, -3.06148600578308105469e+00) (127, -7.59440362453460693359e-01) (128, 2.21721148490905761719e+00) (129, 2.43109488487243652344e+00) (130, 2.40635490417480468750e+00) 
