FANN_FLO_2.1
num_layers=3
learning_rate=0.700000
connection_rate=1.000000
network_type=0
learning_momentum=0.000000
training_algorithm=2
train_error_function=1
train_stop_function=0
cascade_output_change_fraction=0.010000
quickprop_decay=-0.000100
quickprop_mu=1.750000
rprop_increase_factor=1.200000
rprop_decrease_factor=0.500000
rprop_delta_min=0.000000
rprop_delta_max=50.000000
rprop_delta_zero=0.100000
cascade_output_stagnation_epochs=12
cascade_candidate_change_fraction=0.010000
cascade_candidate_stagnation_epochs=12
cascade_max_out_epochs=150
cascade_max_cand_epochs=150
cascade_num_candidate_groups=2
bit_fail_limit=3.49999994039535522461e-01
cascade_candidate_limit=1.00000000000000000000e+03
cascade_weight_multiplier=4.00000005960464477539e-01
cascade_activation_functions_count=10
cascade_activation_functions=3 5 7 8 10 11 14 15 16 17 
cascade_activation_steepnesses_count=4
cascade_activation_steepnesses=2.50000000000000000000e-01 5.00000000000000000000e-01 7.50000000000000000000e-01 1.00000000000000000000e+00 
layer_sizes=105 26 2 
scale_included=0
neurons (num_inputs, activation_function, activation_steepness)=(0, 0, 0.00000000000000000000e+00) (0, 0, 0.00000000000000000000e+00) (0, 0, 0.00000000000000000000e+00) (0, 0, 0.00000000000000000000e+00) (0, 0, 0.00000000000000000000e+00) (0, 0, 0.00000000000000000000e+00) (0, 0, 0.00000000000000000000e+00) (0, 0, 0.00000000000000000000e+00) (0, 0, 0.00000000000000000000e+00) (0, 0, 0.00000000000000000000e+00) (0, 0, 0.00000000000000000000e+00) (0, 0, 0.00000000000000000000e+00) (0, 0, 0.00000000000000000000e+00) (0, 0, 0.00000000000000000000e+00) (0, 0, 0.00000000000000000000e+00) (0, 0, 0.00000000000000000000e+00) (0, 0, 0.00000000000000000000e+00) (0, 0, 0.00000000000000000000e+00) (0, 0, 0.00000000000000000000e+00) (0, 0, 0.00000000000000000000e+00) (0, 0, 0.00000000000000000000e+00) (0, 0, 0.00000000000000000000e+00) (0, 0, 0.00000000000000000000e+00) (0, 0, 0.00000000000000000000e+00) (0, 0, 0.00000000000000000000e+00) (0, 0, 0.00000000000000000000e+00) (0, 0, 0.00000000000000000000e+00) (0, 0, 0.00000000000000000000e+00) (0, 0, 0.00000000000000000000e+00) (0, 0, 0.00000000000000000000e+00) (0, 0, 0.00000000000000000000e+00) (0, 0, 0.00000000000000000000e+00) (0, 0, 0.00000000000000000000e+00) (0, 0, 0.00000000000000000000e+00) (0, 0, 0.00000000000000000000e+00) (0, 0, 0.00000000000000000000e+00) (0, 0, 0.00000000000000000000e+00) (0, 0, 0.00000000000000000000e+00) (0, 0, 0.00000000000000000000e+00) (0, 0, 0.00000000000000000000e+00) (0, 0, 0.00000000000000000000e+00) (0, 0, 0.00000000000000000000e+00) (0, 0, 0.00000000000000000000e+00) (0, 0, 0.00000000000000000000e+00) (0, 0, 0.00000000000000000000e+00) (0, 0, 0.00000000000000000000e+00) (0, 0, 0.00000000000000000000e+00) (0, 0, 0.00000000000000000000e+00) (0, 0, 0.00000000000000000000e+00) (0, 0, 0.00000000000000000000e+00) (0, 0, 0.00000000000000000000e+00) (0, 0, 0.00000000000000000000e+00) (0, 0, 0.00000000000000000000e+00) (0, 0, 0.00000000000000000000e+00) (0, 0, 0.00000000000000000000e+00) (0, 0, 0.00000000000000000000e+00) (0, 0, 0.00000000000000000000e+00) (0, 0, 0.00000000000000000000e+00) (0, 0, 0.00000000000000000000e+00) (0, 0, 0.00000000000000000000e+00) (0, 0, 0.00000000000000000000e+00) (0, 0, 0.00000000000000000000e+00) (0, 0, 0.00000000000000000000e+00) (0, 0, 0.00000000000000000000e+00) (0, 0, 0.00000000000000000000e+00) (0, 0, 0.00000000000000000000e+00) (0, 0, 0.00000000000000000000e+00) (0, 0, 0.00000000000000000000e+00) (0, 0, 0.00000000000000000000e+00) (0, 0, 0.00000000000000000000e+00) (0, 0, 0.00000000000000000000e+00) (0, 0, 0.00000000000000000000e+00) (0, 0, 0.00000000000000000000e+00) (0, 0, 0.00000000000000000000e+00) (0, 0, 0.00000000000000000000e+00) (0, 0, 0.00000000000000000000e+00) (0, 0, 0.00000000000000000000e+00) (0, 0, 0.00000000000000000000e+00) (0, 0, 0.00000000000000000000e+00) (0, 0, 0.00000000000000000000e+00) (0, 0, 0.00000000000000000000e+00) (0, 0, 0.00000000000000000000e+00) (0, 0, 0.00000000000000000000e+00) (0, 0, 0.00000000000000000000e+00) (0, 0, 0.00000000000000000000e+00) (0, 0, 0.00000000000000000000e+00) (0, 0, 0.00000000000000000000e+00) (0, 0, 0.00000000000000000000e+00) (0, 0, 0.00000000000000000000e+00) (0, 0, 0.00000000000000000000e+00) (0, 0, 0.00000000000000000000e+00) (0, 0, 0.00000000000000000000e+00) (0, 0, 0.00000000000000000000e+00) (0, 0, 0.00000000000000000000e+00) (0, 0, 0.00000000000000000000e+00) (0, 0, 0.00000000000000000000e+00) (0, 0, 0.00000000000000000000e+00) (0, 0, 0.00000000000000000000e+00) (0, 0, 0.00000000000000000000e+00) (0, 0, 0.00000000000000000000e+00) (0, 0, 0.00000000000000000000e+00) (0, 0, 0.00000000000000000000e+00) (0, 0, 0.00000000000000000000e+00) (0, 0, 0.00000000000000000000e+00) (0, 0, 0.00000000000000000000e+00) (105, 5, 5.00000000000000000000e-01) (105, 5, 5.00000000000000000000e-01) (105, 5, 5.00000000000000000000e-01) (105, 5, 5.00000000000000000000e-01) (105, 5, 5.00000000000000000000e-01) (105, 5, 5.00000000000000000000e-01) (105, 5, 5.00000000000000000000e-01) (105, 5, 5.00000000000000000000e-01) (105, 5, 5.00000000000000000000e-01) (105, 5, 5.00000000000000000000e-01) (105, 5, 5.00000000000000000000e-01) (105, 5, 5.00000000000000000000e-01) (105, 5, 5.00000000000000000000e-01) (105, 5, 5.00000000000000000000e-01) (105, 5, 5.00000000000000000000e-01) (105, 5, 5.00000000000000000000e-01) (105, 5, 5.00000000000000000000e-01) (105, 5, 5.00000000000000000000e-01) (105, 5, 5.00000000000000000000e-01) (105, 5, 5.00000000000000000000e-01) (105, 5, 5.00000000000000000000e-01) (105, 5, 5.00000000000000000000e-01) (105, 5, 5.00000000000000000000e-01) (105, 5, 5.00000000000000000000e-01) (105, 5, 5.00000000000000000000e-01) (0, 5, 0.00000000000000000000e+00) (26, 5, 5.00000000000000000000e-01) (0, 5, 0.00000000000000000000e+00) 
connections (connected_to_neuron, weight)=(0, 2.94570598602294921875e+01) (1, 6.70130462646484375000e+01) (2, 1.43299889564514160156e+00) (3, -8.57543587684631347656e-01) (4, 2.27425670623779296875e+00) (5, 4.36997622251510620117e-01) (6, 2.52799302339553833008e-01) (7, 2.65520648956298828125e+01) (8, 7.34998083114624023438e+00) (9, 3.34484028816223144531e+00) (10, 1.56719529628753662109e+00) (11, 4.67645645141601562500e+00) (12, 2.47651481628417968750e+00) (13, -3.47178626060485839844e+00) (14, 2.47386312484741210938e+00) (15, 2.51925683021545410156e+00) (16, -6.30138739943504333496e-02) (17, 1.00144493579864501953e+00) (18, -7.25217628479003906250e+00) (19, -5.42522192001342773438e-01) (20, -9.62490940093994140625e+00) (21, -3.00696969032287597656e-01) (22, -1.09450411796569824219e+00) (23, -7.54790604114532470703e-01) (24, -4.47008311748504638672e-01) (25, -2.38360328674316406250e+01) (26, 1.23767785727977752686e-01) (27, 2.13817691802978515625e+00) (28, 6.38115310668945312500e+00) (29, 1.51978313922882080078e+00) (30, 2.17579364776611328125e+00) (31, 1.61770737171173095703e+00) (32, 5.41685295104980468750e+00) (33, 1.22880065441131591797e+00) (34, 1.43276929855346679688e+00) (35, 1.96102643013000488281e+00) (36, 1.87134921550750732422e+00) (37, 1.45141053199768066406e+00) (38, 1.70352554321289062500e+00) (39, 1.72790026664733886719e+00) (40, -1.50137972831726074219e+00) (41, 2.61083375662565231323e-02) (42, 2.63511395454406738281e+00) (43, 1.94504129886627197266e+00) (44, 1.86909067630767822266e+00) (45, 1.43442153930664062500e+00) (46, -2.07476034760475158691e-01) (47, -3.42697596549987792969e+00) (48, -3.03458541631698608398e-01) (49, 1.25835812091827392578e+00) (50, 2.20694971084594726562e+00) (51, 2.86203002929687500000e+00) (52, 2.43113803863525390625e+00) (53, -2.56661200523376464844e+00) (54, -1.23810432851314544678e-02) (55, 2.43529602885246276855e-01) (56, 2.33294558525085449219e+00) (57, 5.46495628356933593750e+00) (58, -4.11028385162353515625e+00) (59, 1.88731443881988525391e+00) (60, 2.27457809448242187500e+00) (61, 5.14285743236541748047e-01) (62, 2.88717412948608398438e+00) (63, 2.29823946952819824219e+00) (64, 1.33267986774444580078e+00) (65, 2.34292006492614746094e+00) (66, 3.56163096427917480469e+00) (67, 1.19039142131805419922e+00) (68, 1.79307639598846435547e+00) (69, 2.57778787612915039062e+00) (70, 2.43506312370300292969e+00) (71, 2.36516475677490234375e+00) (72, 2.17938303947448730469e+00) (73, 5.07690072059631347656e-01) (74, 1.52748596668243408203e+00) (75, 4.70604032278060913086e-01) (76, 2.92044925689697265625e+00) (77, 2.37441110610961914062e+00) (78, -1.84960734844207763672e+00) (79, -2.55217814445495605469e+00) (80, 3.06820392608642578125e+00) (81, 2.42891454696655273438e+00) (82, 2.67519950866699218750e+00) (83, 8.38477432727813720703e-01) (84, 2.20232820510864257812e+00) (85, 2.20380926132202148438e+00) (86, 2.38122630119323730469e+00) (87, 1.40698122978210449219e+00) (88, 1.44848990440368652344e+00) (89, -1.38244800567626953125e+01) (90, 2.29816985130310058594e+00) (91, 9.67939972877502441406e-01) (92, 2.82791209220886230469e+00) (93, 2.86760902404785156250e+00) (94, 2.41601562500000000000e+00) (95, 3.70481878519058227539e-01) (96, 2.58289527893066406250e+00) (97, 1.60221934318542480469e+00) (98, -9.90401172637939453125e+00) (99, 2.30342602729797363281e+00) (100, 2.33282375335693359375e+00) (101, 3.07915925979614257812e+00) (102, 1.48833068847656250000e+03) (103, -1.47343798828125000000e+03) (104, -6.22631907463073730469e-01) (0, 1.73508942127227783203e-01) (1, -1.03819727897644042969e+00) (2, -5.67847251892089843750e-01) (3, -5.34300029277801513672e-01) (4, -1.49275377392768859863e-01) (5, 7.54277288913726806641e-01) (6, -1.64510563015937805176e-01) (7, 1.53192865848541259766e+00) (8, -1.60540497303009033203e+00) (9, -2.34090805053710937500e-01) (10, -9.07518416643142700195e-02) (11, 4.20441687107086181641e-01) (12, -1.96780666708946228027e-01) (13, 2.08019924163818359375e+00) (14, -2.04119265079498291016e-01) (15, 1.97526216506958007812e+00) (16, -5.46822845935821533203e-01) (17, 5.81739604473114013672e-01) (18, 5.41681587696075439453e-01) (19, 4.12623435258865356445e-02) (20, 2.58085823059082031250e+00) (21, 1.14594018459320068359e+00) (22, 1.78653752803802490234e+00) (23, 2.18179535865783691406e+00) (24, -2.23276410251855850220e-02) (25, 5.06005477905273437500e+00) (26, 2.17708730697631835938e+00) (27, 1.15921282768249511719e+00) (28, -1.44751653075218200684e-01) (29, 5.47146610915660858154e-03) (30, 8.92545104026794433594e-01) (31, 6.60245001316070556641e-01) (32, 9.01241041719913482666e-03) (33, 2.76864576339721679688e+00) (34, 3.12387061119079589844e+00) (35, 2.04678726196289062500e+00) (36, 2.18117666244506835938e+00) (37, 2.17868757247924804688e+00) (38, 2.20788216590881347656e+00) (39, 2.10077309608459472656e+00) (40, 2.00449490547180175781e+00) (41, 2.04760432243347167969e+00) (42, -2.54970669746398925781e-01) (43, -1.56810715794563293457e-01) (44, -3.54233324527740478516e-01) (45, -8.22047293186187744141e-01) (46, -5.02584949135780334473e-02) (47, -1.13814100623130798340e-01) (48, 9.54617857933044433594e-02) (49, 2.05208396911621093750e+00) (50, -1.29139259457588195801e-01) (51, -2.40729346871376037598e-01) (52, -1.97289958596229553223e-01) (53, -1.71999067068099975586e-01) (54, -1.99591562151908874512e-01) (55, -3.22641104459762573242e-01) (56, 3.45096811652183532715e-02) (57, -1.43964898586273193359e+00) (58, 3.55141639709472656250e-01) (59, -6.40929698944091796875e+00) (60, -3.26831713318824768066e-02) (61, -2.01327395439147949219e+00) (62, -3.29104155302047729492e-01) (63, -4.48626875877380371094e-02) (64, 1.84672141075134277344e+00) (65, -1.66899874806404113770e-01) (66, -4.22101640701293945312e+00) (67, -2.61015057563781738281e+00) (68, 1.77300679683685302734e+00) (69, -4.55208301544189453125e-01) (70, -1.31767466664314270020e-01) (71, -1.46536633372306823730e-01) (72, 1.19494199752807617188e-01) (73, -3.68696188926696777344e+00) (74, 1.36754754930734634399e-02) (75, -1.57239460945129394531e+00) (76, -4.24027109146118164062e+00) (77, -1.30351737141609191895e-01) (78, 2.24632430076599121094e+00) (79, 1.43588340282440185547e+00) (80, -1.09908843040466308594e+00) (81, -2.07356810569763183594e+00) (82, 4.55976724624633789062e+00) (83, -1.81103098392486572266e+00) (84, 3.73303174972534179688e-01) (85, 9.79840531945228576660e-02) (86, -7.42190927267074584961e-02) (87, -2.91532039642333984375e-01) (88, 3.15773868560791015625e+00) (89, 3.95284056663513183594e+00) (90, 5.16996240615844726562e+00) (91, 8.33150818943977355957e-02) (92, 8.79391312599182128906e-01) (93, 2.36618328094482421875e+00) (94, -6.97167441248893737793e-02) (95, 1.15843331813812255859e+00) (96, -2.64193683862686157227e-01) (97, 4.96491432189941406250e+00) (98, -5.70371198654174804688e+00) (99, 1.09899005889892578125e+01) (100, 1.84659101068973541260e-02) (101, 1.42244184017181396484e+00) (102, -9.18401241302490234375e+00) (103, 2.29574565887451171875e+01) (104, 2.09645009040832519531e+00) (0, 1.08147270202636718750e+02) (1, 3.68570089340209960938e-02) (2, 6.11344218254089355469e-01) (3, -4.89468872547149658203e-01) (4, 5.60520052909851074219e-01) (5, -3.52854818105697631836e-01) (6, 6.69006779789924621582e-02) (7, 4.33134585618972778320e-02) (8, -2.96603649854660034180e-01) (9, 1.74301850795745849609e+00) (10, 6.64832890033721923828e-01) (11, 1.71041262149810791016e+00) (12, 2.45861434936523437500e+00) (13, -8.79638828337192535400e-03) (14, 9.60987329483032226562e-01) (15, 2.29302024841308593750e+00) (16, 1.79305028915405273438e+00) (17, 1.56479561328887939453e+00) (18, 1.57171797752380371094e+00) (19, 1.68222200870513916016e+00) (20, 8.24383080005645751953e-01) (21, 1.69065630435943603516e+00) (22, -5.12024164199829101562e-01) (23, -5.03912746906280517578e-01) (24, -4.82554972171783447266e-01) (25, -7.31154918670654296875e-01) (26, -6.63016214966773986816e-02) (27, 4.72124546766281127930e-01) (28, -4.64812666177749633789e-01) (29, 1.55965256690979003906e+00) (30, 2.20496034622192382812e+00) (31, -4.37636435031890869141e-01) (32, 3.59259575605392456055e-01) (33, -4.67233717441558837891e-01) (34, -3.28879058361053466797e-01) (35, 3.75120699405670166016e-01) (36, 3.59139703214168548584e-02) (37, 5.50914525985717773438e-01) (38, 8.48018229007720947266e-02) (39, 1.38316601514816284180e-01) (40, 1.49671936035156250000e+00) (41, -3.29555243253707885742e-01) (42, 2.38849663734436035156e+00) (43, 1.31481349468231201172e+00) (44, 1.75126445293426513672e+00) (45, 1.23179435729980468750e+00) (46, 3.47893714904785156250e-01) (47, 3.42805415391921997070e-01) (48, -3.30353885889053344727e-01) (49, 1.26459312438964843750e+00) (50, 9.50001418590545654297e-01) (51, 2.73085713386535644531e+00) (52, 6.83898806571960449219e-01) (53, -3.19373281672596931458e-03) (54, 8.80564689636230468750e-01) (55, 7.67405390739440917969e-01) (56, 2.28329515457153320312e+00) (57, 1.16473877429962158203e+00) (58, -2.68027670681476593018e-02) (59, 1.20005655288696289062e+00) (60, 2.27322793006896972656e+00) (61, 1.15018463134765625000e+00) (62, 4.00804901123046875000e+00) (63, 2.16589474678039550781e+00) (64, 1.34842181205749511719e+00) (65, 2.39348244667053222656e+00) (66, 1.69338071346282958984e+00) (67, 1.53273332118988037109e+00) (68, 1.44872272014617919922e+00) (69, 2.60515904426574707031e+00) (70, 2.28265762329101562500e+00) (71, 2.35515522956848144531e+00) (72, 1.07618379592895507812e+00) (73, 1.18956816196441650391e+00) (74, 1.57336521148681640625e+00) (75, 7.06859767436981201172e-01) (76, 2.95159649848937988281e+00) (77, 2.23437905311584472656e+00) (78, 1.32912778854370117188e+00) (79, 2.76503115892410278320e-01) (80, 2.94173026084899902344e+00) (81, 2.37461042404174804688e+00) (82, 6.42915666103363037109e-01) (83, 2.91731953620910644531e+00) (84, 1.92349576950073242188e+00) (85, 2.15745377540588378906e+00) (86, 2.17194390296936035156e+00) (87, 1.32653796672821044922e+00) (88, 8.59014272689819335938e-01) (89, -2.08065128326416015625e+00) (90, 6.56730592250823974609e-01) (91, 5.83114266395568847656e-01) (92, 1.31962442398071289062e+00) (93, 2.83508324623107910156e+00) (94, 1.25817060470581054688e+00) (95, -1.13965019583702087402e-01) (96, 2.41831612586975097656e+00) (97, 1.26841080188751220703e+00) (98, 3.11374336481094360352e-01) (99, 2.28513789176940917969e+00) (100, 1.44530868530273437500e+00) (101, 3.03479623794555664062e+00) (102, 1.48833044433593750000e+03) (103, -1.47343750000000000000e+03) (104, -5.41965425014495849609e-01) (0, 2.55018310546875000000e+01) (1, 1.14579081535339355469e+00) (2, 2.38553476333618164062e+00) (3, 1.07238960266113281250e+00) (4, 2.29045367240905761719e+00) (5, 1.45271822810173034668e-01) (6, 1.78690862655639648438e+00) (7, -1.40159655761718750000e+03) (8, 1.47591984272003173828e+00) (9, 1.90962302684783935547e+00) (10, 1.07433009147644042969e+00) (11, 2.04692077636718750000e+00) (12, 2.57891511917114257812e+00) (13, -9.71186279296875000000e+02) (14, 2.51210212707519531250e+00) (15, 2.34497785568237304688e+00) (16, 7.50943298339843750000e+02) (17, 1.66573488712310791016e+00) (18, 1.64196681976318359375e+00) (19, 1.60531568527221679688e+00) (20, 1.55591380596160888672e+00) (21, 1.82798349857330322266e+00) (22, 1.64395666122436523438e+00) (23, 1.59086692333221435547e+00) (24, 1.26064932346343994141e+00) (25, 1.43426942825317382812e+00) (26, 1.53101432323455810547e+00) (27, 2.10990762710571289062e+00) (28, 1.32253241539001464844e+00) (29, 1.40580749511718750000e+00) (30, 2.22800850868225097656e+00) (31, 1.60606944561004638672e+00) (32, 1.36327135562896728516e+00) (33, 1.14338839054107666016e+00) (34, 1.26874725341796875000e+02) (35, 1.91607570648193359375e+00) (36, 1.77783989906311035156e+00) (37, 1.26192188262939453125e+00) (38, 1.73154759407043457031e+00) (39, 1.74267256259918212891e+00) (40, 1.47206568717956542969e+00) (41, 1.79129052162170410156e+00) (42, 2.38465332984924316406e+00) (43, 1.73062217235565185547e+00) (44, 1.74724698066711425781e+00) (45, 1.17843437194824218750e+00) (46, 1.71117663383483886719e+00) (47, 5.44299125671386718750e-01) (48, 1.15363967418670654297e+00) (49, 1.24828600883483886719e+00) (50, 1.56246161460876464844e+00) (51, 2.58585095405578613281e+00) (52, 2.32243061065673828125e+00) (53, 1.27327394485473632812e+00) (54, 2.39136981964111328125e+00) (55, 2.22405982017517089844e+00) (56, 2.16825842857360839844e+00) (57, 1.50000000000000000000e+03) (58, 1.84356853365898132324e-01) (59, 3.25775070190429687500e+01) (60, 2.26602768898010253906e+00) (61, -6.91645263671875000000e+02) (62, 1.50000000000000000000e+03) (63, 2.27617692947387695312e+00) (64, 3.39261932373046875000e+01) (65, 2.30322980880737304688e+00) (66, 1.50000000000000000000e+03) (67, -1.00924751281738281250e+02) (68, 1.95736837387084960938e+00) (69, 1.50000000000000000000e+03) (70, 2.40932488441467285156e+00) (71, 2.32714343070983886719e+00) (72, 2.31272768974304199219e+00) (73, 1.49800622558593750000e+03) (74, 1.49936866760253906250e+00) (75, 2.40371203422546386719e+00) (76, 2.86861777305603027344e+00) (77, 2.40250873565673828125e+00) (78, 2.52770471572875976562e+00) (79, -9.91058410644531250000e+02) (80, 3.11770796775817871094e+00) (81, 2.31001019477844238281e+00) (82, 1.64522242546081542969e+00) (83, 2.87588548660278320312e+00) (84, 1.98756015300750732422e+00) (85, 2.90330672264099121094e+00) (86, 2.31809496879577636719e+00) (87, 2.16548752784729003906e+00) (88, 1.46414113044738769531e+00) (89, -1.49947399902343750000e+03) (90, 1.94314169883728027344e+00) (91, 1.27680802345275878906e+00) (92, 2.35008811950683593750e+00) (93, 2.91701912879943847656e+00) (94, 1.84315276145935058594e+00) (95, 3.52023273706436157227e-01) (96, 2.57384705543518066406e+00) (97, 1.86329376697540283203e+00) (98, 6.62893116474151611328e-01) (99, 1.90730285644531250000e+00) (100, 1.69984209537506103516e+00) (101, 3.09034180641174316406e+00) (102, 1.49844909667968750000e+03) (103, -1.48760449218750000000e+03) (104, -6.47024333477020263672e-01) (0, -7.86469984054565429688e+00) (1, -5.37703782320022583008e-02) (2, -1.21380582451820373535e-01) (3, -4.35580730438232421875e-01) (4, 4.74308907985687255859e-01) (5, 4.64667844772338867188e+00) (6, -1.65489152073860168457e-01) (7, 4.09091186523437500000e+00) (8, -1.60106992721557617188e+00) (9, 4.56535726785659790039e-01) (10, -2.35815834999084472656e+00) (11, 2.06674861907958984375e+00) (12, 1.85285079479217529297e+00) (13, -4.12614297866821289062e+00) (14, -2.39522010087966918945e-01) (15, 4.52979505062103271484e-01) (16, -9.71661663055419921875e+00) (17, 5.05724608898162841797e-01) (18, -9.42593753337860107422e-01) (19, -2.25973176956176757812e+00) (20, -9.89043831825256347656e-01) (21, 2.53220510482788085938e+00) (22, -1.53026189655065536499e-02) (23, 3.49867606163024902344e+00) (24, 2.44566857814788818359e-01) (25, 4.81963014602661132812e+00) (26, -2.63516455888748168945e-01) (27, -3.01562845706939697266e-01) (28, -1.36901986598968505859e+00) (29, 2.01334857940673828125e+00) (30, -1.05087957382202148438e+01) (31, 1.56849002838134765625e+01) (32, 1.45230174064636230469e+00) (33, 1.04777538776397705078e+00) (34, -1.19954490661621093750e+01) (35, 7.85752391815185546875e+00) (36, 2.35290098190307617188e+00) (37, 1.62952919006347656250e+01) (38, -5.49902677536010742188e+00) (39, -4.16652619838714599609e-01) (40, 4.02825021743774414062e+00) (41, -1.52956986427307128906e+00) (42, 2.09381252527236938477e-01) (43, 1.49333178997039794922e+00) (44, -6.22741746902465820312e+00) (45, 7.56505489349365234375e+00) (46, 1.01070046424865722656e+00) (47, -7.87233829498291015625e-01) (48, 3.25759267807006835938e+00) (49, 9.60255503654479980469e-01) (50, 1.68051576614379882812e+00) (51, -3.51001888513565063477e-01) (52, 5.25764286518096923828e-01) (53, 4.79718208312988281250e+00) (54, 1.99733352661132812500e+00) (55, 2.47121119499206542969e+00) (56, 2.09219765663146972656e+00) (57, -4.14783096313476562500e+00) (58, 2.58759903907775878906e+00) (59, -2.92395973205566406250e+00) (60, 4.19970810413360595703e-01) (61, 2.05543017387390136719e+00) (62, 3.68176966905593872070e-01) (63, 9.11818444728851318359e-02) (64, 2.41177361458539962769e-02) (65, 1.07322025299072265625e+00) (66, -7.63409554958343505859e-01) (67, 1.28172588348388671875e+00) (68, -3.35893332958221435547e-01) (69, -3.55687707662582397461e-01) (70, 9.57569181919097900391e-01) (71, -5.00977754592895507812e+00) (72, 2.20400309562683105469e+00) (73, -1.57099103927612304688e+01) (74, 7.63104796409606933594e-01) (75, 1.61645722389221191406e+00) (76, 1.13179765641689300537e-01) (77, 1.41926896572113037109e+00) (78, 1.57418835163116455078e+00) (79, 1.22662447392940521240e-01) (80, -5.51253199577331542969e-01) (81, 5.17730236053466796875e-01) (82, 3.28584015369415283203e-01) (83, -4.68934267759323120117e-01) (84, 3.31001937389373779297e-01) (85, 2.49376803636550903320e-01) (86, 1.50464558601379394531e+00) (87, 1.64237469434738159180e-01) (88, -2.27955564856529235840e-01) (89, 1.70700383186340332031e+00) (90, 4.44940775632858276367e-01) (91, 1.61142504215240478516e+00) (92, 2.71739697456359863281e+00) (93, 1.35934162139892578125e+00) (94, 3.53860706090927124023e-01) (95, 2.68305063247680664062e+00) (96, 3.43553930521011352539e-01) (97, 3.54970723390579223633e-01) (98, 2.48361945152282714844e+00) (99, 4.49104547500610351562e-01) (100, 1.01982963085174560547e+00) (101, -5.32275214791297912598e-02) (102, 2.87772769927978515625e+01) (103, -4.60316753387451171875e+00) (104, 1.49031054973602294922e+00) (0, -5.72275042533874511719e-01) (1, 5.96634149551391601562e+00) (2, 1.15092372894287109375e+00) (3, -6.89075887203216552734e-01) (4, -4.25732851028442382812e-01) (5, -3.67259949445724487305e-01) (6, 8.73431086540222167969e-01) (7, -3.61508011817932128906e+00) (8, -2.14907608032226562500e+01) (9, 3.63665533065795898438e+00) (10, -1.13897299766540527344e+00) (11, -1.03531169891357421875e+00) (12, -9.75501015782356262207e-02) (13, 6.70767736434936523438e+00) (14, 8.38687777519226074219e-01) (15, -9.92335677146911621094e-02) (16, 2.81876826286315917969e+00) (17, 3.55660986900329589844e+00) (18, -1.56351640820503234863e-01) (19, 1.94774663448333740234e+00) (20, 2.77731966972351074219e+00) (21, 2.72608190774917602539e-01) (22, -7.86011695861816406250e-01) (23, 1.42550992965698242188e+00) (24, -9.92048454284667968750e+00) (25, -4.32085084915161132812e+00) (26, -1.98102787137031555176e-01) (27, -2.51988196372985839844e+00) (28, 4.91621351242065429688e+00) (29, 1.58504176139831542969e+00) (30, -9.67732667922973632812e-01) (31, -6.16396760940551757812e+00) (32, 4.73483711481094360352e-01) (33, 1.74984121322631835938e+00) (34, -2.11079692840576171875e+00) (35, -7.66326904296875000000e-01) (36, -7.19772291183471679688e+00) (37, -3.22901695966720581055e-01) (38, -8.15655231475830078125e-01) (39, -9.44294989109039306641e-01) (40, -1.85132533311843872070e-01) (41, 6.96040105819702148438e+00) (42, 1.89493703842163085938e+00) (43, 5.34172117710113525391e-01) (44, -6.60732209682464599609e-01) (45, -2.62471050024032592773e-01) (46, 5.27928304672241210938e+00) (47, -1.54874062538146972656e+00) (48, -1.54024946689605712891e+00) (49, -2.03493699431419372559e-01) (50, 8.41310918331146240234e-01) (51, 7.31868207454681396484e-01) (52, 1.53039598464965820312e+00) (53, 1.20986330509185791016e+00) (54, -4.46415394544601440430e-01) (55, -1.16660094261169433594e+00) (56, -3.01054771989583969116e-02) (57, 2.37484291195869445801e-01) (58, -6.85937690734863281250e+00) (59, 9.13105785846710205078e-01) (60, -4.92367088794708251953e-01) (61, -1.39799952507019042969e+00) (62, -1.86364066600799560547e+00) (63, 6.63475513458251953125e-01) (64, -2.10656690597534179688e+00) (65, -3.47370207309722900391e-01) (66, -8.72144103050231933594e-01) (67, -4.71629571914672851562e+00) (68, -8.87511000037193298340e-02) (69, 9.19406414031982421875e-01) (70, -1.13107077777385711670e-01) (71, 2.69176363945007324219e+00) (72, -3.65891754627227783203e-02) (73, 5.15188872814178466797e-01) (74, 2.12556147575378417969e+00) (75, -4.85775545239448547363e-02) (76, -4.40843373537063598633e-01) (77, -2.42473959922790527344e-01) (78, -1.46437346935272216797e+00) (79, -3.64475667476654052734e-01) (80, 1.22914659976959228516e+00) (81, 1.04002511501312255859e+00) (82, -5.82851648330688476562e-01) (83, 1.13726162910461425781e+00) (84, -5.72956144809722900391e-01) (85, 2.82859683036804199219e-01) (86, -3.82405608892440795898e-01) (87, -1.41562819480895996094e-01) (88, 1.42699480056762695312e+00) (89, -7.08559155464172363281e-01) (90, -7.72697746753692626953e-01) (91, 1.44930028915405273438e+00) (92, -1.77137017250061035156e-01) (93, -4.23338800668716430664e-01) (94, -2.80254185199737548828e-01) (95, -8.94717395305633544922e-01) (96, 2.83150337636470794678e-02) (97, -4.67487633228302001953e-01) (98, -9.44711029529571533203e-01) (99, 9.83609259128570556641e-02) (100, -7.20860123634338378906e-01) (101, 1.38325595855712890625e+00) (102, 1.18705105781555175781e+00) (103, 2.67106127738952636719e+00) (104, 1.91177248954772949219e+00) (0, 1.32903730869293212891e+00) (1, -8.70943546295166015625e-01) (2, -3.89437407255172729492e-01) (3, 1.48116970062255859375e+00) (4, -1.26814335584640502930e-01) (5, 1.61651313304901123047e+00) (6, 1.81269037723541259766e+00) (7, 9.28043127059936523438e-02) (8, 1.45346689224243164062e+00) (9, -2.63080984354019165039e-01) (10, -5.48065304756164550781e-02) (11, -1.83735221624374389648e-01) (12, -2.06569582223892211914e-01) (13, 5.87599687278270721436e-02) (14, 1.79853498935699462891e+00) (15, 2.05249190330505371094e+00) (16, -2.22490757703781127930e-01) (17, 5.58897972106933593750e-01) (18, 6.25811338424682617188e-01) (19, -3.27432937920093536377e-02) (20, 1.93858051300048828125e+00) (21, 2.06175184249877929688e+00) (22, -4.28261468186974525452e-03) (23, 4.05620709061622619629e-02) (24, -3.95611599087715148926e-02) (25, 5.00393724441528320312e+00) (26, 2.18953871726989746094e+00) (27, 2.01581859588623046875e+00) (28, -4.09174710512161254883e-02) (29, 4.26840543746948242188e-01) (30, 2.18481466174125671387e-01) (31, 2.07085963338613510132e-02) (32, -8.47131907939910888672e-02) (33, 2.11046624183654785156e+00) (34, 2.59836006164550781250e+00) (35, -5.85759952664375305176e-02) (36, 3.33760023117065429688e-01) (37, 3.27745340764522552490e-02) (38, 2.19405245780944824219e+00) (39, 1.40206411480903625488e-01) (40, 9.81225445866584777832e-02) (41, -8.66304516792297363281e-01) (42, -2.73965865373611450195e-01) (43, -2.99761444330215454102e-01) (44, -1.53056174516677856445e-01) (45, -9.71958637237548828125e-02) (46, -2.93481731414794921875e+00) (47, -3.14712412655353546143e-02) (48, -6.96334913372993469238e-02) (49, -4.19948548078536987305e-02) (50, 2.00087380409240722656e+00) (51, -3.55498999357223510742e-01) (52, -1.29965871572494506836e-01) (53, -1.79880365729331970215e-01) (54, -2.44421005249023437500e-01) (55, 2.81808352470397949219e+00) (56, 2.01645755767822265625e+00) (57, 6.04309701919555664062e+00) (58, 5.64817619323730468750e+00) (59, -1.35219459533691406250e+01) (60, 2.35027484595775604248e-02) (61, -4.90853595733642578125e+00) (62, -1.63331314921379089355e-01) (63, 9.37418919056653976440e-03) (64, -2.80394816398620605469e+00) (65, -9.60152894258499145508e-02) (66, 1.19803845882415771484e+00) (67, 1.65407867431640625000e+01) (68, -1.58162009716033935547e+00) (69, 1.71646177768707275391e+00) (70, -6.48498386144638061523e-02) (71, -1.15771822631359100342e-01) (72, 1.38524308800697326660e-01) (73, -2.08183184266090393066e-01) (74, -7.50705301761627197266e-02) (75, -2.57747268676757812500e+00) (76, -7.47180402278900146484e-01) (77, -1.93516731262207031250e-01) (78, 2.26224970817565917969e+00) (79, 7.68202900886535644531e-01) (80, -3.80899429321289062500e+00) (81, -6.45039987564086914062e+00) (82, -3.26608121395111083984e-01) (83, 1.39161366969347000122e-02) (84, -3.90888154506683349609e-01) (85, 6.33283519744873046875e+00) (86, -4.80509325861930847168e-02) (87, -1.79013013839721679688e-01) (88, 7.67336845397949218750e+00) (89, -2.39314246177673339844e+00) (90, -4.62558364868164062500e+00) (91, 1.01029944419860839844e+00) (92, 4.52582311630249023438e+00) (93, 4.15442848205566406250e+00) (94, -6.61842897534370422363e-02) (95, 3.73752307891845703125e+00) (96, -1.91700026392936706543e-01) (97, 7.08382189273834228516e-01) (98, 2.07194828987121582031e+00) (99, 3.10893058776855468750e+00) (100, 5.31399212777614593506e-02) (101, 9.89007890224456787109e-01) (102, -1.36651487350463867188e+01) (103, 2.60586624145507812500e+01) (104, 1.94962048530578613281e+00) (0, -3.50234240293502807617e-01) (1, 6.58829689025878906250e-01) (2, -1.27470290660858154297e+00) (3, 2.79488772153854370117e-01) (4, -6.87001883983612060547e-01) (5, -1.34771251678466796875e+00) (6, -3.07921141386032104492e-01) (7, 5.54482817649841308594e-01) (8, 2.56632995605468750000e+00) (9, 2.50979334115982055664e-01) (10, -1.25889170169830322266e+00) (11, 7.62132778763771057129e-02) (12, 3.08941453695297241211e-01) (13, -2.30489820241928100586e-01) (14, -1.01417887210845947266e+00) (15, 8.04153740406036376953e-01) (16, -3.40273213386535644531e+00) (17, -1.34749782085418701172e+00) (18, 2.48807287216186523438e+00) (19, -8.22551667690277099609e-01) (20, 9.67680394649505615234e-01) (21, -1.25287449359893798828e+00) (22, -2.55686998367309570312e-01) (23, -1.34822934865951538086e-01) (24, -9.43875014781951904297e-01) (25, -2.78796720504760742188e+00) (26, 1.83955684304237365723e-01) (27, -9.69836175441741943359e-01) (28, -6.11920952796936035156e-01) (29, 1.88889697194099426270e-01) (30, -5.94590246677398681641e-01) (31, -1.18633782863616943359e+00) (32, -1.65103745460510253906e+00) (33, 2.36572369933128356934e-01) (34, 1.47262561321258544922e+00) (35, 1.42907953262329101562e+00) (36, -9.04741346836090087891e-01) (37, -7.71070241928100585938e-01) (38, -8.48009645938873291016e-01) (39, -6.60382747650146484375e-01) (40, -6.39382600784301757812e-01) (41, 7.39520406723022460938e+00) (42, 8.40756714344024658203e-01) (43, 6.12796425819396972656e-01) (44, 9.04112040996551513672e-01) (45, -5.08691966533660888672e-01) (46, 4.67513179779052734375e+00) (47, -6.25524938106536865234e-01) (48, -6.27678692340850830078e-01) (49, 5.66010057926177978516e-01) (50, 1.46163249015808105469e+00) (51, -9.70690011978149414062e-01) (52, 1.68621039390563964844e+00) (53, 6.12590074539184570312e-01) (54, -4.24586534500122070312e-01) (55, 3.63999652862548828125e+00) (56, 3.07364177703857421875e+00) (57, -1.00607337951660156250e+01) (58, 2.31709146499633789062e+00) (59, -3.54214787483215332031e+00) (60, -2.86653369665145874023e-01) (61, -3.94775718450546264648e-01) (62, -1.46073848009109497070e-01) (63, 8.98329913616180419922e-01) (64, -5.23197412490844726562e+00) (65, 4.43921349942684173584e-02) (66, -3.62043589353561401367e-01) (67, -4.92782920598983764648e-01) (68, 7.90416121482849121094e-01) (69, -9.24728885293006896973e-02) (70, 1.21535849571228027344e+00) (71, 1.26068091392517089844e+00) (72, -6.57644391059875488281e-01) (73, -4.26192474365234375000e+00) (74, -8.90216380357742309570e-02) (75, -4.07354593276977539062e+00) (76, 4.30085086822509765625e+00) (77, -6.62470459938049316406e-01) (78, 4.33103656768798828125e+00) (79, 7.49901652336120605469e-01) (80, 1.75981593132019042969e+00) (81, 1.93709224462509155273e-01) (82, -1.34981942176818847656e+00) (83, -1.21500897407531738281e+00) (84, 1.02692270278930664062e+00) (85, 3.06396412849426269531e+00) (86, -7.45342075824737548828e-01) (87, -5.16933262348175048828e-01) (88, -1.00754475593566894531e+00) (89, 1.57055723667144775391e+00) (90, -1.70893788337707519531e+00) (91, -9.46771430969238281250e+00) (92, 9.16979849338531494141e-01) (93, -1.13990330696105957031e+00) (94, -5.31743049621582031250e-01) (95, 8.33258032798767089844e-02) (96, 3.25017087161540985107e-02) (97, -1.87100720405578613281e+00) (98, -1.30886256694793701172e-01) (99, -8.63157331943511962891e-01) (100, 6.61868810653686523438e-01) (101, -4.10325229167938232422e-01) (102, 5.27359008789062500000e+00) (103, 3.84032607078552246094e-01) (104, 5.80847740173339843750e-01) (0, -4.81815767288208007812e+00) (1, -1.07634556293487548828e+00) (2, 1.62271213531494140625e+00) (3, 1.51842927932739257812e+00) (4, 1.19105327129364013672e+00) (5, 4.31249284744262695312e+00) (6, 1.80300354957580566406e+00) (7, 3.78263068199157714844e+00) (8, -4.33246898651123046875e+00) (9, -2.54406005144119262695e-01) (10, 2.06436228752136230469e+00) (11, 5.31160771846771240234e-01) (12, 6.47828042507171630859e-01) (13, 1.58265328407287597656e+00) (14, -2.10758328437805175781e+00) (15, 5.07159888744354248047e-01) (16, -3.42309832572937011719e+00) (17, 1.64921522140502929688e+00) (18, -2.35132265090942382812e+00) (19, 6.03390693664550781250e-01) (20, 5.06674408912658691406e-01) (21, -3.31434875726699829102e-01) (22, 1.28336989879608154297e+00) (23, -3.82522903382778167725e-02) (24, -3.28897863626480102539e-01) (25, 7.34351015090942382812e+00) (26, -7.85731732845306396484e-01) (27, 1.33959317207336425781e+00) (28, 1.98931062221527099609e+00) (29, 1.83431415557861328125e+01) (30, 1.46566069126129150391e+00) (31, -3.42839407920837402344e+00) (32, 2.66786632537841796875e+01) (33, -2.95279955863952636719e+00) (34, 6.19756579399108886719e-01) (35, -9.67746639251708984375e+00) (36, 2.12966156005859375000e+00) (37, 4.69461059570312500000e+00) (38, -4.69500875473022460938e+00) (39, 3.83034586906433105469e+00) (40, 5.87438869476318359375e+00) (41, 8.88201618194580078125e+00) (42, 5.12118637561798095703e-01) (43, 1.69534409046173095703e+00) (44, -3.78351688385009765625e+00) (45, -1.29674854278564453125e+01) (46, 2.38074570894241333008e-01) (47, 1.68149518966674804688e+00) (48, 2.00513052940368652344e+00) (49, 8.41489136219024658203e-01) (50, -6.26102256774902343750e+00) (51, 1.84687331318855285645e-01) (52, 2.29685306549072265625e-01) (53, 1.72757303714752197266e+00) (54, 6.90133333206176757812e+00) (55, 6.07818365097045898438e-01) (56, 2.65903234481811523438e+00) (57, -3.90400981903076171875e+00) (58, 1.72897005081176757812e+00) (59, -4.71712636947631835938e+00) (60, -1.45423365756869316101e-02) (61, -1.90752834081649780273e-01) (62, -1.20178151130676269531e+00) (63, 1.19066476821899414062e+00) (64, -4.60961133241653442383e-01) (65, 1.05450201034545898438e+00) (66, 4.58676457405090332031e-01) (67, 1.49085307121276855469e+00) (68, -2.33109042048454284668e-01) (69, -2.42804348468780517578e-01) (70, -7.36039161682128906250e+00) (71, -5.39508201181888580322e-02) (72, 3.66873335838317871094e+00) (73, -1.48011827468872070312e+01) (74, 1.15845692157745361328e+00) (75, 9.87051486968994140625e-01) (76, 5.12904226779937744141e-01) (77, 2.66449880599975585938e+00) (78, 9.30446386337280273438e-01) (79, 1.12039005756378173828e+00) (80, -3.21644902229309082031e+00) (81, -1.48539209365844726562e+00) (82, 1.61521720886230468750e+00) (83, 6.44567966461181640625e-01) (84, -1.42489206790924072266e+00) (85, -1.62743434309959411621e-01) (86, 1.63077616691589355469e+00) (87, 5.09215414524078369141e-01) (88, -1.17583774030208587646e-01) (89, 2.07388424873352050781e+00) (90, 9.40685272216796875000e-01) (91, -4.13516126573085784912e-02) (92, 1.68343126773834228516e+00) (93, -2.18244865536689758301e-01) (94, 1.99652838706970214844e+00) (95, 2.62539219856262207031e+00) (96, -2.35135287046432495117e-01) (97, 1.91845965385437011719e+00) (98, 2.70977926254272460938e+00) (99, 5.76717376708984375000e-01) (100, 1.65117835998535156250e+00) (101, 4.52067673206329345703e-01) (102, 6.45932674407958984375e+00) (103, 1.09301023483276367188e+01) (104, 2.07464694976806640625e+00) (0, 1.65683698654174804688e+00) (1, -2.78892588615417480469e+00) (2, 1.86351490020751953125e+00) (3, 7.70012140274047851562e-01) (4, 2.05224609375000000000e+00) (5, 1.76151573657989501953e+00) (6, 1.47088074684143066406e+00) (7, -1.45340502262115478516e+00) (8, -8.50300014019012451172e-01) (9, -4.90260988473892211914e-01) (10, -4.42447304725646972656e-01) (11, -1.87253785133361816406e+00) (12, -6.79513931274414062500e-01) (13, -1.24122381210327148438e+00) (14, -5.52415847778320312500e-01) (15, 1.85148823261260986328e+00) (16, 2.05310368537902832031e+00) (17, -7.13868141174316406250e-01) (18, 9.97623741626739501953e-01) (19, 1.25153923034667968750e+00) (20, 1.85023629665374755859e+00) (21, 1.35107254981994628906e+00) (22, -1.44918096065521240234e+00) (23, -1.41436660289764404297e+00) (24, 2.42989492416381835938e+00) (25, 2.39939987659454345703e-02) (26, -4.50977534055709838867e-02) (27, 1.37517198920249938965e-01) (28, -1.72707903385162353516e+00) (29, 1.38517177104949951172e+00) (30, -9.96478378772735595703e-01) (31, 1.48035919666290283203e+00) (32, 3.59364956617355346680e-01) (33, -7.74856269359588623047e-01) (34, -9.31708812713623046875e-01) (35, 1.24756705760955810547e+00) (36, 2.57039785385131835938e+00) (37, -1.33497762680053710938e+00) (38, -5.86703479290008544922e-01) (39, -9.67164516448974609375e-01) (40, 2.52770651131868362427e-02) (41, -2.44487237930297851562e+00) (42, 1.53595829010009765625e+00) (43, -4.63408857583999633789e-01) (44, -1.54150217771530151367e-01) (45, -9.93778407573699951172e-01) (46, -3.51159572601318359375e-01) (47, 1.13901846110820770264e-01) (48, 3.80129957199096679688e+00) (49, -3.69746774435043334961e-01) (50, -9.63437080383300781250e-01) (51, -8.17704796791076660156e-01) (52, -4.06768858432769775391e-01) (53, 3.24890643358230590820e-01) (54, 1.54724344611167907715e-01) (55, -1.52405703067779541016e+00) (56, 1.52616739273071289062e+00) (57, -6.78312182426452636719e-01) (58, 4.60969358682632446289e-01) (59, -9.24782931804656982422e-01) (60, -8.89255285263061523438e-01) (61, 4.77698951959609985352e-01) (62, 1.06608688831329345703e+00) (63, -8.43785107135772705078e-01) (64, 4.42904293537139892578e-01) (65, 1.36435851454734802246e-01) (66, -2.35892248153686523438e+00) (67, 2.19322824478149414062e+00) (68, 6.07601642608642578125e-01) (69, 4.10927623510360717773e-01) (70, -5.98294615745544433594e-01) (71, -7.88523793220520019531e-01) (72, -9.15008664131164550781e-01) (73, 2.43031954765319824219e+00) (74, 3.13562184572219848633e-01) (75, -6.13331437110900878906e-01) (76, 2.60297685861587524414e-01) (77, 1.54721593856811523438e+00) (78, -3.77291083335876464844e-01) (79, -6.62205398082733154297e-01) (80, 5.35880088806152343750e-01) (81, -2.69982576370239257812e-01) (82, 1.26660418510437011719e+00) (83, 1.44770359992980957031e+00) (84, -7.84455358982086181641e-01) (85, -6.40736401081085205078e-01) (86, -8.11642050743103027344e-01) (87, -6.74666821956634521484e-01) (88, -6.96766376495361328125e-01) (89, 3.41199725866317749023e-01) (90, -6.98750555515289306641e-01) (91, 8.61971557140350341797e-01) (92, 1.79327011108398437500e-01) (93, -6.28812670707702636719e-01) (94, -8.16863119602203369141e-01) (95, -1.13303792476654052734e+00) (96, -3.15236181020736694336e-01) (97, -7.67435789108276367188e-01) (98, -8.97607207298278808594e-01) (99, -6.89875841140747070312e-01) (100, 1.17740535736083984375e+00) (101, 3.72820645570755004883e-01) (102, -1.54691147804260253906e+00) (103, 4.24411296844482421875e+00) (104, 2.53276968002319335938e+00) (0, -1.49844813346862792969e+00) (1, 1.96156859397888183594e+00) (2, -1.10383582115173339844e+00) (3, -1.27619713544845581055e-01) (4, -2.09456816315650939941e-01) (5, -1.27951407432556152344e+00) (6, -6.42419993877410888672e-01) (7, 7.76645064353942871094e-01) (8, -1.40331459045410156250e+00) (9, -1.06408154964447021484e+00) (10, -6.49432539939880371094e-01) (11, 6.78887069225311279297e-01) (12, -1.28109610080718994141e+00) (13, 1.88990867137908935547e+00) (14, -2.08542898297309875488e-01) (15, 9.62207853794097900391e-01) (16, -4.12835311889648437500e+00) (17, 4.86649066209793090820e-01) (18, 2.24927282333374023438e+00) (19, -1.09827196598052978516e+00) (20, -6.26019179821014404297e-01) (21, 5.12099683284759521484e-01) (22, -8.58230710029602050781e-01) (23, 1.67790627479553222656e+00) (24, -1.49247217178344726562e+00) (25, 5.19029319286346435547e-01) (26, 9.85976040363311767578e-01) (27, 2.52446103096008300781e+00) (28, -2.01879978179931640625e+00) (29, 2.95700693130493164062e+00) (30, -1.48477211594581604004e-01) (31, -4.94269579648971557617e-01) (32, 9.66819226741790771484e-01) (33, -6.77766978740692138672e-01) (34, -2.35174846649169921875e+00) (35, 2.24115800857543945312e+00) (36, 2.19589158892631530762e-01) (37, -4.47023659944534301758e-01) (38, -6.16872549057006835938e-01) (39, 5.26947557926177978516e-01) (40, 3.64314889907836914062e+00) (41, -1.81396734714508056641e+00) (42, 2.26188373565673828125e+00) (43, -2.38360810279846191406e+00) (44, -1.56376529484987258911e-02) (45, -2.13921189308166503906e+00) (46, -1.85300493240356445312e+00) (47, -1.01800560951232910156e+00) (48, -5.23210883140563964844e-01) (49, 2.14848828315734863281e+00) (50, -1.63680005073547363281e+00) (51, -2.21953749656677246094e+00) (52, -2.89790600538253784180e-01) (53, -8.87866795063018798828e-01) (54, -2.26481294631958007812e+00) (55, 1.19813001155853271484e+00) (56, 4.63399678468704223633e-01) (57, -1.18419289588928222656e+00) (58, -1.45886778831481933594e+00) (59, 5.54933883249759674072e-02) (60, -2.66014993190765380859e-01) (61, -1.16862511634826660156e+00) (62, -7.78825640678405761719e-01) (63, -5.72630345821380615234e-01) (64, 1.74505758285522460938e+00) (65, -3.50341767072677612305e-01) (66, 2.18749523162841796875e+00) (67, 3.28741574287414550781e+00) (68, -3.98591041564941406250e-01) (69, 1.52649283409118652344e+00) (70, 1.14569306373596191406e+00) (71, 1.59051978588104248047e+00) (72, 1.14337325096130371094e+00) (73, -6.35236322879791259766e-01) (74, 1.14410090446472167969e+00) (75, 1.47769117355346679688e+00) (76, 4.29438143968582153320e-01) (77, 1.25275170803070068359e+00) (78, 8.53037908673286437988e-02) (79, -4.17651459574699401855e-02) (80, -8.87964963912963867188e-01) (81, 1.33054602146148681641e+00) (82, 4.30572867393493652344e-01) (83, -2.74477332830429077148e-01) (84, -1.00617480278015136719e+00) (85, -1.47214815020561218262e-01) (86, -7.45761156082153320312e-01) (87, -8.24617207050323486328e-01) (88, 1.94145396351814270020e-01) (89, -1.01703214645385742188e+00) (90, -6.59224212169647216797e-01) (91, 8.11780095100402832031e-01) (92, -3.48208069801330566406e-01) (93, 1.51783335208892822266e+00) (94, 1.27522969245910644531e+00) (95, -9.17162597179412841797e-01) (96, 1.51857912540435791016e-01) (97, -9.05016839504241943359e-01) (98, -3.67093741893768310547e-01) (99, -9.16602194309234619141e-01) (100, 1.35486853122711181641e+00) (101, -1.18549787998199462891e+00) (102, -4.89359311759471893311e-02) (103, 2.09606695175170898438e+00) (104, 2.39490962028503417969e+00) (0, 1.99309730529785156250e+00) (1, 1.58957552909851074219e+00) (2, -6.86088144779205322266e-01) (3, -3.83410215377807617188e-01) (4, -1.23316815006546676159e-04) (5, -1.93222868442535400391e+00) (6, 1.65946185588836669922e+00) (7, 1.88246190547943115234e+00) (8, -4.60223257541656494141e-01) (9, 1.67426693439483642578e+00) (10, -4.27282959222793579102e-01) (11, -5.04617094993591308594e-01) (12, 2.36843442916870117188e+00) (13, -4.47241991758346557617e-01) (14, 2.40230870246887207031e+00) (15, 1.16226948797702789307e-01) (16, -4.02188211679458618164e-01) (17, 3.52306157350540161133e-01) (18, -5.47999441623687744141e-01) (19, -5.63635945320129394531e-01) (20, -3.14653217792510986328e-01) (21, 5.01728832721710205078e-01) (22, -8.71553957462310791016e-01) (23, 1.21867895126342773438e+00) (24, 3.27376544475555419922e-01) (25, 1.32682538032531738281e+00) (26, -1.14537738263607025146e-01) (27, -5.58262228965759277344e-01) (28, 1.37592804431915283203e+00) (29, -6.28890037536621093750e-01) (30, -6.06741756200790405273e-02) (31, -8.92884850502014160156e-01) (32, 1.04484009742736816406e+00) (33, -1.08075606822967529297e+00) (34, 1.53310394287109375000e+00) (35, -2.13185369968414306641e-01) (36, -1.60081756114959716797e+00) (37, -7.93344199657440185547e-01) (38, -1.18597626686096191406e+00) (39, -1.03092765808105468750e+00) (40, -9.60746765136718750000e-01) (41, 7.12185084819793701172e-01) (42, -5.00195622444152832031e-01) (43, 1.43616151809692382812e+00) (44, 4.47006732225418090820e-01) (45, -2.55182832479476928711e-01) (46, -4.26965773105621337891e-01) (47, -1.22754812240600585938e+00) (48, -2.65820145606994628906e-01) (49, -9.00502264499664306641e-01) (50, -8.84330213069915771484e-01) (51, 1.46830129623413085938e+00) (52, 3.43134790658950805664e-01) (53, 8.45619618892669677734e-01) (54, 2.65703916549682617188e+00) (55, -3.67858648300170898438e-01) (56, 2.77078092098236083984e-01) (57, 8.03162097930908203125e-01) (58, -1.14459562301635742188e+00) (59, 1.19050100445747375488e-01) (60, 1.53935216367244720459e-02) (61, -5.25208473205566406250e-01) (62, 1.66475236415863037109e+00) (63, -5.26920855045318603516e-01) (64, 2.51398533582687377930e-01) (65, -5.60655355453491210938e-01) (66, -5.09185850620269775391e-01) (67, 9.16230738162994384766e-01) (68, 2.03792437911033630371e-01) (69, -3.63903492689132690430e-01) (70, -5.90927839279174804688e-01) (71, 8.99699032306671142578e-01) (72, -1.12861227989196777344e+00) (73, 8.91629278659820556641e-01) (74, 6.67077600955963134766e-01) (75, -2.24711328744888305664e-01) (76, 2.24758788943290710449e-01) (77, -6.25759303569793701172e-01) (78, -6.50648847222328186035e-02) (79, -1.07863259315490722656e+00) (80, 1.01017343997955322266e+00) (81, 1.83591559529304504395e-01) (82, 2.12288975715637207031e-01) (83, 2.89444886147975921631e-02) (84, 4.45982187986373901367e-01) (85, 5.02318501472473144531e-01) (86, -1.01074326038360595703e+00) (87, 1.28988635540008544922e+00) (88, 1.55074670910835266113e-01) (89, -7.65179574489593505859e-01) (90, -9.93293225765228271484e-01) (91, -1.06365799903869628906e+00) (92, 1.80027469992637634277e-01) (93, 4.40067261457443237305e-01) (94, -8.99836301803588867188e-01) (95, -9.59596216678619384766e-01) (96, -4.99479711055755615234e-01) (97, -1.20301149785518646240e-01) (98, -1.03581619262695312500e+00) (99, -4.60529588162899017334e-02) (100, -8.58235955238342285156e-01) (101, 1.20009601116180419922e+00) (102, -1.92960590124130249023e-01) (103, 2.01636457443237304688e+00) (104, 2.29114532470703125000e+00) (0, 7.14960479736328125000e+01) (1, 5.68458557128906250000e+01) (2, 2.39177989959716796875e+00) (3, 5.58766245841979980469e-01) (4, 2.42557525634765625000e+00) (5, -1.80021798610687255859e+00) (6, -1.96957433223724365234e+00) (7, -3.17483215332031250000e+02) (8, 1.08845579624176025391e+00) (9, 1.74063384532928466797e+00) (10, 7.43538081645965576172e-01) (11, 3.64618229866027832031e+00) (12, 2.45579791069030761719e+00) (13, -7.15823791503906250000e+02) (14, 2.70584249496459960938e+00) (15, 2.33917570114135742188e+00) (16, 7.50709716796875000000e+02) (17, 1.94015586376190185547e+00) (18, 1.87387967109680175781e+00) (19, 1.49089181423187255859e+00) (20, 9.44650113582611083984e-01) (21, 1.71748661994934082031e+00) (22, -5.95913696289062500000e+00) (23, 1.20723795890808105469e+00) (24, -5.63182175159454345703e-01) (25, -1.00509130954742431641e+00) (26, 1.50481629371643066406e+00) (27, 3.82120221853256225586e-01) (28, 1.31981098651885986328e+00) (29, 1.49375629425048828125e+00) (30, 2.20356702804565429688e+00) (31, 1.54841089248657226562e+00) (32, 1.43678188323974609375e+00) (33, 1.09075748920440673828e+00) (34, 2.52335098266601562500e+02) (35, 1.30374968051910400391e-01) (36, 6.10514402389526367188e-01) (37, 1.11352264881134033203e+00) (38, 1.69153845310211181641e+00) (39, 3.04256707429885864258e-01) (40, 1.67794215679168701172e+00) (41, 1.83446303009986877441e-01) (42, 2.51799583435058593750e+00) (43, 1.88732779026031494141e+00) (44, 1.76950693130493164062e+00) (45, 1.21482777595520019531e+00) (46, 7.32845187187194824219e-01) (47, 1.21543681621551513672e+00) (48, -2.49857753515243530273e-01) (49, 1.30664050579071044922e+00) (50, 2.11107850074768066406e+00) (51, 2.74880337715148925781e+00) (52, 6.34287655353546142578e-01) (53, -3.85891127586364746094e+00) (54, -1.22638635337352752686e-01) (55, 5.35703301429748535156e-01) (56, 2.26019024848937988281e+00) (57, 1.35529625415802001953e+00) (58, -4.42088460922241210938e+00) (59, 2.75385398864746093750e+01) (60, 2.30786991119384765625e+00) (61, 3.82489700317382812500e+01) (62, 2.58130836486816406250e+00) (63, 2.23900890350341796875e+00) (64, 8.96990489959716796875e+00) (65, 2.23944687843322753906e+00) (66, 4.85169124603271484375e+00) (67, 3.23370504379272460938e+00) (68, 1.83749890327453613281e+00) (69, 7.74582824707031250000e+02) (70, 2.29067564010620117188e+00) (71, 2.32789850234985351562e+00) (72, 2.30912756919860839844e+00) (73, 1.28024337768554687500e+02) (74, 1.55168342590332031250e+00) (75, 4.70125228166580200195e-01) (76, 2.82498908042907714844e+00) (77, 2.29028177261352539062e+00) (78, 2.43841814994812011719e+00) (79, -2.57341527938842773438e+00) (80, 2.99329137802124023438e+00) (81, 2.45752859115600585938e+00) (82, 1.64367091655731201172e+00) (83, 1.11129665374755859375e+00) (84, 2.06782579421997070312e+00) (85, 2.81546044349670410156e+00) (86, 2.28373003005981445312e+00) (87, 2.53032302856445312500e+00) (88, 1.64704930782318115234e+00) (89, -1.31441526412963867188e+01) (90, 6.35646104812622070312e-01) (91, 1.18511223793029785156e+00) (92, 3.04807996749877929688e+00) (93, 3.05641794204711914062e+00) (94, 2.40197992324829101562e+00) (95, 2.86236375570297241211e-01) (96, 2.42303729057312011719e+00) (97, 2.43421459197998046875e+00) (98, -1.10659608840942382812e+01) (99, 2.34466814994812011719e+00) (100, 2.27024841308593750000e+00) (101, 2.95726728439331054688e+00) (102, 1.48833044433593750000e+03) (103, -1.47343750000000000000e+03) (104, -5.53899884223937988281e-01) (0, 2.60967285156250000000e+02) (1, 1.38917074203491210938e+01) (2, 3.07625770568847656250e+00) (3, 2.96392965316772460938e+00) (4, 2.55919623374938964844e+00) (5, -1.51461052894592285156e+00) (6, 2.63201189041137695312e+00) (7, -1.43125366210937500000e+03) (8, 2.06199645996093750000e+00) (9, 2.59543800354003906250e+00) (10, 1.59991466999053955078e+00) (11, 5.66225767135620117188e+00) (12, 2.57819461822509765625e+00) (13, -1.41564123535156250000e+03) (14, 2.64859056472778320312e+00) (15, 2.46566176414489746094e+00) (16, 1.55477462768554687500e+02) (17, 2.41483688354492187500e+00) (18, 2.29650282859802246094e+00) (19, 2.39932036399841308594e+00) (20, 2.16481876373291015625e+00) (21, 2.42050909996032714844e+00) (22, 2.43281269073486328125e+00) (23, 2.36585736274719238281e+00) (24, 2.40100741386413574219e+00) (25, 1.97995555400848388672e+00) (26, 2.24299716949462890625e+00) (27, 2.40981340408325195312e+00) (28, 2.43555498123168945312e+00) (29, 2.29812288284301757812e+00) (30, 2.34780454635620117188e+00) (31, 2.45263385772705078125e+00) (32, 2.61279273033142089844e+00) (33, 2.20753335952758789062e+00) (34, 1.27268463134765625000e+02) (35, 2.43763065338134765625e+00) (36, 2.24592852592468261719e+00) (37, 1.50041532516479492188e+00) (38, 2.21726036071777343750e+00) (39, 2.34304356575012207031e+00) (40, 2.33380603790283203125e+00) (41, 2.44334769248962402344e+00) (42, 2.60650134086608886719e+00) (43, 2.56345772743225097656e+00) (44, 2.49011087417602539062e+00) (45, 2.43350458145141601562e+00) (46, 2.19079613685607910156e+00) (47, 1.63859808444976806641e+00) (48, 1.94234001636505126953e+00) (49, 2.35850906372070312500e+00) (50, 1.78110694885253906250e+00) (51, 2.80239892005920410156e+00) (52, 2.57368516921997070312e+00) (53, 2.47100138664245605469e+00) (54, 2.59132647514343261719e+00) (55, 1.80780458450317382812e+00) (56, 2.31658935546875000000e+00) (57, 1.49966101074218750000e+03) (58, 1.78583061695098876953e+00) (59, 2.03134021759033203125e+01) (60, 2.30865955352783203125e+00) (61, -1.03426354980468750000e+03) (62, 1.50000000000000000000e+03) (63, 2.38117957115173339844e+00) (64, 3.79382209777832031250e+01) (65, 2.50030803680419921875e+00) (66, 1.50000000000000000000e+03) (67, -5.99964561462402343750e+01) (68, 2.82459759712219238281e+00) (69, 5.54612976074218750000e+02) (70, 2.56041646003723144531e+00) (71, 2.51352334022521972656e+00) (72, 2.41349267959594726562e+00) (73, 1.50000000000000000000e+03) (74, 2.34384417533874511719e+00) (75, 2.43383646011352539062e+00) (76, 2.04145193099975585938e+00) (77, 2.36545038223266601562e+00) (78, 2.57255673408508300781e+00) (79, -9.94920288085937500000e+02) (80, 2.14296770095825195312e+00) (81, 2.76412343978881835938e+00) (82, 2.36799931526184082031e+00) (83, 1.94040441513061523438e+00) (84, 2.58335733413696289062e+00) (85, 3.21726632118225097656e+00) (86, 2.46406960487365722656e+00) (87, 2.54327178001403808594e+00) (88, 1.69868159294128417969e+00) (89, -1.38412194824218750000e+03) (90, 2.44959640502929687500e+00) (91, 2.22414231300354003906e+00) (92, 2.03946876525878906250e+00) (93, 1.83226346969604492188e+00) (94, 2.52054953575134277344e+00) (95, 2.16334104537963867188e+00) (96, 2.56395506858825683594e+00) (97, 2.56427621841430664062e+00) (98, 1.71080768108367919922e+00) (99, 2.46275973320007324219e+00) (100, 2.30838513374328613281e+00) (101, 1.91614484786987304688e+00) (102, 1.49031530761718750000e+03) (103, -1.47556909179687500000e+03) (104, -6.62959754467010498047e-01) (0, -2.09668135643005371094e+00) (1, -1.32073688507080078125e+00) (2, -1.27506160736083984375e+00) (3, 1.97653698921203613281e+00) (4, -5.54446801543235778809e-02) (5, -1.49912059307098388672e+00) (6, -6.20331645011901855469e-01) (7, -2.05155825614929199219e+00) (8, -3.57544153928756713867e-01) (9, -6.95005059242248535156e-01) (10, 1.26254451274871826172e+00) (11, -6.11343204975128173828e-01) (12, -5.56192994117736816406e-01) (13, 9.21761929988861083984e-01) (14, -2.15338632464408874512e-01) (15, 4.19682823121547698975e-02) (16, -6.04393661022186279297e-01) (17, 1.53309553861618041992e-01) (18, -6.70725822448730468750e-01) (19, 1.27519536018371582031e+00) (20, 1.52674663066864013672e+00) (21, 9.73278343677520751953e-01) (22, 1.42874085903167724609e+00) (23, -5.18910884857177734375e-01) (24, -1.14663112163543701172e+00) (25, 1.30678340792655944824e-01) (26, -4.96961891651153564453e-01) (27, -3.75331699848175048828e-01) (28, 1.20359599590301513672e+00) (29, -2.89184182882308959961e-01) (30, -2.76188522577285766602e-01) (31, 1.61825656890869140625e+00) (32, -1.21336507797241210938e+00) (33, 1.81215965747833251953e+00) (34, -1.44614732265472412109e+00) (35, 1.06788063049316406250e+00) (36, 1.10733425617218017578e+00) (37, 1.16639089584350585938e+00) (38, -5.78618586063385009766e-01) (39, -5.01856267452239990234e-01) (40, 1.09679889678955078125e+00) (41, -2.96855688095092773438e-01) (42, -4.96380597352981567383e-01) (43, 1.16813707351684570312e+00) (44, -8.45220029354095458984e-01) (45, 9.60236728191375732422e-01) (46, 1.17024075984954833984e+00) (47, 7.09608137607574462891e-01) (48, -2.83050149679183959961e-01) (49, 4.19594973325729370117e-01) (50, 1.55546307563781738281e+00) (51, -5.12696683406829833984e-01) (52, 7.24218130111694335938e-01) (53, -9.66925442218780517578e-01) (54, 9.05195772647857666016e-01) (55, -6.30909323692321777344e-01) (56, 1.41201823949813842773e-01) (57, -1.02206967771053314209e-01) (58, 2.96949410438537597656e+00) (59, -3.79779458045959472656e-01) (60, -1.56080782413482666016e-01) (61, 7.97732830047607421875e-01) (62, 1.63194584846496582031e+00) (63, -2.22240522503852844238e-01) (64, -2.02792859077453613281e+00) (65, -7.25473761558532714844e-01) (66, -3.81149554252624511719e+00) (67, 1.12132549285888671875e-01) (68, -1.05000686645507812500e+00) (69, -3.07543396949768066406e-01) (70, -6.54087245464324951172e-01) (71, 2.20113530755043029785e-01) (72, -1.14506505429744720459e-01) (73, -1.40890979766845703125e+00) (74, 2.45028898119926452637e-01) (75, 2.05366539955139160156e+00) (76, 1.32354295253753662109e+00) (77, -6.93822503089904785156e-01) (78, -6.52636826038360595703e-01) (79, 1.34916734695434570312e+00) (80, -7.70305097103118896484e-01) (81, -8.98237884044647216797e-01) (82, -1.68906545639038085938e+00) (83, -7.65170693397521972656e-01) (84, 3.84743571281433105469e-01) (85, 1.49356067180633544922e-01) (86, -6.69110417366027832031e-01) (87, 1.72438800334930419922e+00) (88, 2.22306156158447265625e+00) (89, 2.51710504293441772461e-01) (90, 2.18918845057487487793e-01) (91, -1.29323631525039672852e-01) (92, 1.78293704986572265625e+00) (93, 7.23851323127746582031e-01) (94, -7.26746082305908203125e-01) (95, 2.12081789970397949219e+00) (96, 7.34960019588470458984e-01) (97, 8.30499112606048583984e-01) (98, 1.26254165172576904297e+00) (99, 8.57977211475372314453e-01) (100, -1.03039014339447021484e+00) (101, 2.04426646232604980469e+00) (102, -1.12941551208496093750e+00) (103, 3.17484712600708007812e+00) (104, 2.47561287879943847656e+00) (0, 2.05527725219726562500e+02) (1, 1.33162803649902343750e+01) (2, 2.18047213554382324219e+00) (3, 1.46733391284942626953e+00) (4, 2.35386872291564941406e+00) (5, -7.69026279449462890625e-01) (6, 1.83113360404968261719e+00) (7, -1.49997814941406250000e+03) (8, 9.01056230068206787109e-01) (9, 2.05091381072998046875e+00) (10, 1.60082721710205078125e+00) (11, 4.08372449874877929688e+00) (12, 1.75805878639221191406e+00) (13, -1.41201208496093750000e+03) (14, 1.77521419525146484375e+00) (15, 1.51289975643157958984e+00) (16, 7.50148193359375000000e+02) (17, 1.68953073024749755859e+00) (18, 8.90411794185638427734e-01) (19, 8.71852695941925048828e-01) (20, 7.69594132900238037109e-01) (21, 1.68923008441925048828e+00) (22, 8.18629920482635498047e-01) (23, 7.31185436248779296875e-01) (24, 1.74040484428405761719e+00) (25, 6.54420435428619384766e-01) (26, 1.41778075695037841797e+00) (27, 2.35674691200256347656e+00) (28, 1.77187252044677734375e+00) (29, 1.29843604564666748047e+00) (30, 1.46868216991424560547e+00) (31, 7.14041411876678466797e-01) (32, 1.72244846820831298828e+00) (33, 6.85949265956878662109e-01) (34, 5.47287353515625000000e+02) (35, 1.46616470813751220703e+00) (36, 1.36929142475128173828e+00) (37, 1.46280634403228759766e+00) (38, 1.29832911491394042969e+00) (39, 1.29943490028381347656e+00) (40, 7.67856657505035400391e-01) (41, 2.51097559928894042969e+00) (42, 1.70594131946563720703e+00) (43, 1.87920463085174560547e+00) (44, 9.75415408611297607422e-01) (45, 1.64205086231231689453e+00) (46, 1.25688862800598144531e+00) (47, 9.45195138454437255859e-01) (48, 1.00723290443420410156e+00) (49, 1.45767819881439208984e+00) (50, 1.60670685768127441406e+00) (51, 1.92482388019561767578e+00) (52, 1.64663589000701904297e+00) (53, 9.29743468761444091797e-01) (54, 1.76545834541320800781e+00) (55, 1.60748422145843505859e+00) (56, 1.40883970260620117188e+00) (57, 1.49983386230468750000e+03) (58, 2.42319509387016296387e-01) (59, 7.06364929199218750000e+02) (60, 1.58628857135772705078e+00) (61, -1.06582666015625000000e+03) (62, 1.50000000000000000000e+03) (63, 1.53970062732696533203e+00) (64, 3.33017082214355468750e+01) (65, 1.63632047176361083984e+00) (66, 1.49977209472656250000e+03) (67, -3.14757446289062500000e+02) (68, 1.69217038154602050781e+00) (69, 5.54091247558593750000e+02) (70, 1.58645844459533691406e+00) (71, 2.42399621009826660156e+00) (72, 1.49539482593536376953e+00) (73, 1.50000000000000000000e+03) (74, 2.56854385137557983398e-01) (75, 1.53639316558837890625e+00) (76, 8.57443690299987792969e-01) (77, 1.12415194511413574219e+00) (78, 1.23681926727294921875e+00) (79, -9.96061096191406250000e+02) (80, 1.09285461902618408203e+00) (81, 1.06330859661102294922e+00) (82, 1.53815543651580810547e+00) (83, 9.21308636665344238281e-01) (84, 1.61737179756164550781e+00) (85, 2.24038004875183105469e+00) (86, 1.45536994934082031250e+00) (87, 1.77701330184936523438e+00) (88, 1.53926074504852294922e+00) (89, -1.49964624023437500000e+03) (90, 1.58078050613403320312e+00) (91, 1.34234380722045898438e+00) (92, 9.16696727275848388672e-01) (93, 1.05562520027160644531e+00) (94, 1.60878789424896240234e+00) (95, 1.87302902340888977051e-01) (96, 1.14596498012542724609e+00) (97, 1.02410674095153808594e+00) (98, 4.34260070323944091797e-01) (99, 1.09575951099395751953e+00) (100, 1.61770796775817871094e+00) (101, 1.16828346252441406250e+00) (102, 1.48360913085937500000e+03) (103, -1.46681750488281250000e+03) (104, 7.16165304183959960938e-01) (0, -2.02927327156066894531e+00) (1, 9.15964484214782714844e-01) (2, -4.05043363571166992188e-01) (3, -1.41302430629730224609e+00) (4, -1.33433461189270019531e-01) (5, -8.58496010303497314453e-01) (6, -6.93289041519165039062e-01) (7, 3.51403206586837768555e-01) (8, 7.01878309249877929688e-01) (9, 1.42572915554046630859e+00) (10, -7.37131357192993164062e-01) (11, 5.29105246067047119141e-01) (12, 1.48184931278228759766e+00) (13, -8.41655015945434570312e-01) (14, -5.13100326061248779297e-01) (15, -7.24692195653915405273e-02) (16, 1.08273661136627197266e+00) (17, -9.62717056274414062500e-01) (18, 8.34730446338653564453e-01) (19, -7.58262515068054199219e-01) (20, -7.11929798126220703125e-01) (21, -6.20881199836730957031e-01) (22, 1.44532769918441772461e-01) (23, -2.25930288434028625488e-02) (24, -1.62638887763023376465e-01) (25, -1.22890639305114746094e+00) (26, -8.15726697444915771484e-01) (27, -8.28834116458892822266e-01) (28, -6.85095250606536865234e-01) (29, -8.71524155139923095703e-01) (30, 1.32647883892059326172e+00) (31, -7.43808567523956298828e-01) (32, -5.70022761821746826172e-02) (33, -7.08232939243316650391e-01) (34, -1.54868876934051513672e+00) (35, -1.76949083805084228516e-01) (36, -8.87478172779083251953e-01) (37, -7.65745341777801513672e-01) (38, -8.12555313110351562500e-01) (39, -8.52228701114654541016e-01) (40, -8.92381846904754638672e-01) (41, -7.38054573535919189453e-01) (42, -7.68008053302764892578e-01) (43, -4.98552381992340087891e-01) (44, 9.80206429958343505859e-01) (45, 4.58063095808029174805e-01) (46, -2.35969796776771545410e-01) (47, 2.02727651596069335938e+00) (48, -5.17090499401092529297e-01) (49, 8.63148331642150878906e-01) (50, -1.08358897268772125244e-01) (51, 1.58893942832946777344e+00) (52, -1.39357686042785644531e-01) (53, -7.68295407295227050781e-01) (54, -5.88179469108581542969e-01) (55, 1.43185400962829589844e+00) (56, -8.07586312294006347656e-01) (57, 8.68912577629089355469e-01) (58, -8.14309477806091308594e-01) (59, 7.61609822511672973633e-02) (60, -8.85691106319427490234e-01) (61, 2.96839565038681030273e-01) (62, 1.42370235919952392578e+00) (63, -8.81989538669586181641e-01) (64, 3.47952038049697875977e-01) (65, -8.01977992057800292969e-01) (66, 4.52033042907714843750e+00) (67, -6.36177301406860351562e-01) (68, -1.63613379001617431641e-01) (69, -5.57397305965423583984e-01) (70, -6.92087560892105102539e-02) (71, -2.54295408725738525391e-01) (72, -9.56141352653503417969e-01) (73, -4.07738924026489257812e-01) (74, -7.25565433502197265625e-01) (75, -7.80127346515655517578e-01) (76, 1.90066897869110107422e+00) (77, -7.44144260883331298828e-01) (78, 4.80350941419601440430e-01) (79, 1.37401902675628662109e+00) (80, -3.01056802272796630859e-01) (81, -8.42242419719696044922e-01) (82, 2.05621615052223205566e-01) (83, -4.91893529891967773438e-01) (84, -3.74952018260955810547e-01) (85, -5.43137416243553161621e-02) (86, -8.58769416809082031250e-01) (87, 1.34755134582519531250e+00) (88, -1.24943614006042480469e-01) (89, 1.34608641266822814941e-01) (90, 1.61195341497659683228e-02) (91, -1.04495966434478759766e+00) (92, 2.38794398307800292969e+00) (93, 2.34510064125061035156e+00) (94, -7.18640446662902832031e-01) (95, 3.84585410356521606445e-01) (96, 1.49992322921752929688e+00) (97, 2.04686594009399414062e+00) (98, -2.80626487731933593750e+00) (99, 1.22614777088165283203e+00) (100, 1.30888628959655761719e+00) (101, -4.10250931978225708008e-01) (102, 3.95238637924194335938e+00) (103, -8.60525071620941162109e-01) (104, 6.11575245857238769531e-01) (0, -6.83814668655395507812e+00) (1, -1.19925022125244140625e+00) (2, 1.65596282482147216797e+00) (3, 8.79623353481292724609e-01) (4, 1.99542164802551269531e+00) (5, 8.31287443637847900391e-01) (6, -1.28237247467041015625e-01) (7, 1.47709584236145019531e+00) (8, 3.14739394187927246094e+00) (9, 4.91595447063446044922e-01) (10, 7.51279056072235107422e-01) (11, -1.42728328704833984375e+00) (12, -2.46560186147689819336e-01) (13, -2.06274628639221191406e+00) (14, -4.80952650308609008789e-01) (15, 1.46557524800300598145e-01) (16, -4.73612070083618164062e+00) (17, 5.93001961708068847656e-01) (18, 4.01427298784255981445e-01) (19, 5.39364993572235107422e-01) (20, 6.69661521911621093750e-01) (21, -7.55766689777374267578e-01) (22, 1.60849583148956298828e+00) (23, 1.20864558219909667969e+00) (24, -7.93927907943725585938e-02) (25, 3.57244968414306640625e+00) (26, 2.16233873367309570312e+00) (27, 1.28192698955535888672e+00) (28, 6.29600822925567626953e-01) (29, 7.88535177707672119141e-01) (30, 7.97530055046081542969e-01) (31, 2.62822461128234863281e+00) (32, 6.88578784465789794922e-01) (33, 1.95173537731170654297e+00) (34, 6.69016981124877929688e+00) (35, 1.08521151542663574219e+00) (36, 2.32089686393737792969e+00) (37, 2.28008818626403808594e+00) (38, 2.27013516426086425781e+00) (39, 2.28340458869934082031e+00) (40, 2.73640513420104980469e+00) (41, 1.46480813622474670410e-01) (42, -1.46450415253639221191e-01) (43, 5.39135754108428955078e-01) (44, 5.91007888317108154297e-01) (45, -2.89384555816650390625e+00) (46, -3.56379628181457519531e-01) (47, 6.70624494552612304688e-01) (48, 1.30892500281333923340e-01) (49, 1.03212249279022216797e+00) (50, -1.95146605372428894043e-01) (51, -2.47388586401939392090e-01) (52, -1.85564644634723663330e-02) (53, 5.85348665714263916016e-01) (54, 4.74609941244125366211e-01) (55, -1.67711699008941650391e+00) (56, 1.09938991069793701172e+00) (57, -5.88779497146606445312e+00) (58, 2.64077043533325195312e+00) (59, 5.44306337833404541016e-02) (60, 2.17009401321411132812e+00) (61, 3.23862910270690917969e+00) (62, -3.45205426216125488281e-01) (63, 2.03914022445678710938e+00) (64, -1.47743612527847290039e-01) (65, 1.91239130496978759766e+00) (66, 6.41280555725097656250e+00) (67, 3.38347864151000976562e+00) (68, -1.00671991705894470215e-01) (69, 5.19434869289398193359e-01) (70, 2.07631230354309082031e+00) (71, -4.39951598644256591797e-01) (72, 2.11345791816711425781e+00) (73, 3.39435338973999023438e+00) (74, 4.64216500520706176758e-01) (75, 3.01499629020690917969e+00) (76, 2.43533611297607421875e+01) (77, 2.04524493217468261719e+00) (78, 4.76655542850494384766e-01) (79, 1.37941093444824218750e+01) (80, -8.66126060485839843750e+00) (81, -1.15980315208435058594e+00) (82, -1.07479104995727539062e+01) (83, 8.66081428527832031250e+00) (84, -1.37693004608154296875e+01) (85, -3.03858518600463867188e+00) (86, 2.00859522819519042969e+00) (87, -1.29087314009666442871e-01) (88, -5.73980808258056640625e-01) (89, 1.87755942344665527344e-01) (90, -6.46190977096557617188e+00) (91, 2.16408586502075195312e+00) (92, -3.53367626667022705078e-01) (93, 1.37447035312652587891e+00) (94, 7.39204958081245422363e-02) (95, 2.61832213401794433594e+00) (96, -2.21885234117507934570e-01) (97, -2.12112379074096679688e+00) (98, 1.97303664684295654297e+00) (99, 4.51660603284835815430e-01) (100, 3.36657464504241943359e-02) (101, 6.10894918441772460938e-01) (102, -1.41066446304321289062e+01) (103, 2.53381633758544921875e+01) (104, 1.97218060493469238281e+00) (0, 3.94647331237792968750e+01) (1, 3.69206161499023437500e+01) (2, 3.37432956695556640625e+00) (3, 4.10092830657958984375e-01) (4, 2.35316109657287597656e+00) (5, 7.61602044105529785156e-01) (6, -7.29978680610656738281e-01) (7, 3.13531856536865234375e+01) (8, 9.86455726623535156250e+00) (9, 3.23204064369201660156e+00) (10, 8.92808973789215087891e-01) (11, 4.82484102249145507812e+00) (12, 2.61287879943847656250e+00) (13, -1.31197681427001953125e+01) (14, 2.59314513206481933594e+00) (15, 2.47565007209777832031e+00) (16, 3.08736586570739746094e+00) (17, 1.23944246768951416016e+00) (18, -2.37965273857116699219e+00) (19, 1.55318129062652587891e+00) (20, -8.47154998779296875000e+00) (21, -4.14295792579650878906e-01) (22, -5.46516954898834228516e-01) (23, -4.85604554414749145508e-01) (24, -1.41206219792366027832e-01) (25, -1.14460992813110351562e+01) (26, -3.32688868045806884766e-01) (27, 1.66498851776123046875e+00) (28, 1.51440179347991943359e+00) (29, 1.66900539398193359375e+00) (30, 1.53705966472625732422e+00) (31, 1.64832687377929687500e+00) (32, 4.13897705078125000000e+00) (33, 1.73449337482452392578e+00) (34, 1.31135702133178710938e+00) (35, 1.69185161590576171875e+00) (36, 1.51639270782470703125e+00) (37, 1.68695712089538574219e+00) (38, 1.63035786151885986328e+00) (39, 1.60759019851684570312e+00) (40, -6.93584144115447998047e-01) (41, 3.11848651617765426636e-02) (42, 1.84452784061431884766e+00) (43, 1.39648139476776123047e+00) (44, 1.96033060550689697266e+00) (45, 1.72908306121826171875e+00) (46, 4.23410356044769287109e-01) (47, -1.37827336788177490234e+00) (48, 3.31732273101806640625e-01) (49, 1.65543317794799804688e+00) (50, 1.94956433773040771484e+00) (51, 2.35848617553710937500e+00) (52, 2.47097635269165039062e+00) (53, -6.68504381179809570312e+00) (54, 2.14248914271593093872e-02) (55, 4.56009000539779663086e-01) (56, 2.35608935356140136719e+00) (57, 2.47792768478393554688e+00) (58, -4.18238592147827148438e+00) (59, 1.73771631717681884766e+00) (60, 2.29625105857849121094e+00) (61, 9.78680729866027832031e-01) (62, 1.63276970386505126953e+00) (63, 2.26624608039855957031e+00) (64, 1.41526889801025390625e+00) (65, 2.00964760780334472656e+00) (66, 2.39313197135925292969e+00) (67, 1.54089331626892089844e+00) (68, 1.70464825630187988281e+00) (69, 2.13779711723327636719e+00) (70, 1.24377059936523437500e+00) (71, 2.09162139892578125000e+00) (72, 2.28631925582885742188e+00) (73, 1.54014277458190917969e+00) (74, 1.25426375865936279297e+00) (75, -6.67553126811981201172e-01) (76, 1.90417623519897460938e+00) (77, 1.37642705440521240234e+00) (78, 1.08520996570587158203e+00) (79, -4.05834341049194335938e+00) (80, 2.00797963142395019531e+00) (81, 2.04919147491455078125e+00) (82, 1.49908292293548583984e+00) (83, -1.21515423059463500977e-01) (84, 2.59559178352355957031e+00) (85, 2.61251497268676757812e+00) (86, 2.32662415504455566406e+00) (87, 1.26590323448181152344e+00) (88, 1.51381468772888183594e+00) (89, -1.72844524383544921875e+01) (90, 2.38588976860046386719e+00) (91, 1.08027553558349609375e+00) (92, 1.89456975460052490234e+00) (93, 1.95861816406250000000e+00) (94, 1.77075815200805664062e+00) (95, 4.46868315339088439941e-03) (96, 2.13729834556579589844e+00) (97, 1.98377096652984619141e+00) (98, -1.46177883148193359375e+01) (99, 1.22920584678649902344e+00) (100, 1.22816288471221923828e+00) (101, 1.97112298011779785156e+00) (102, 1.48833068847656250000e+03) (103, -1.47343798828125000000e+03) (104, -2.29806020855903625488e-01) (0, 2.06302932739257812500e+02) (1, 1.32380638122558593750e+01) (2, 2.22808766365051269531e+00) (3, 2.17365717887878417969e+00) (4, 2.23365616798400878906e+00) (5, -3.64397907257080078125e+00) (6, 2.37148284912109375000e+00) (7, -1.48132275390625000000e+03) (8, 1.05394709110260009766e+00) (9, 2.44820261001586914062e+00) (10, 1.41571676731109619141e+00) (11, 4.63012504577636718750e+00) (12, 2.10422897338867187500e+00) (13, -1.41814807128906250000e+03) (14, 2.37694048881530761719e+00) (15, 2.25058627128601074219e+00) (16, 9.26632766723632812500e+01) (17, 1.60346925258636474609e+00) (18, 1.72315490245819091797e+00) (19, 2.33612871170043945312e+00) (20, 1.52467656135559082031e+00) (21, 2.29361009597778320312e+00) (22, 1.83950388431549072266e+00) (23, 1.87353742122650146484e+00) (24, 1.82903575897216796875e+00) (25, 8.83840680122375488281e-01) (26, 2.20161294937133789062e+00) (27, 2.26074075698852539062e+00) (28, 1.98907732963562011719e+00) (29, 8.27930068969726562500e+00) (30, 2.22321176528930664062e+00) (31, 1.80349111557006835938e+00) (32, 1.24553525447845458984e+00) (33, 1.84612846374511718750e+00) (34, 3.61613426208496093750e+01) (35, 1.85623109340667724609e+00) (36, 1.76001930236816406250e+00) (37, 1.69130253791809082031e+00) (38, 1.67736160755157470703e+00) (39, 1.67939817905426025391e+00) (40, 2.18501591682434082031e+00) (41, 1.85467684268951416016e+00) (42, 2.42499947547912597656e+00) (43, 2.46295022964477539062e+00) (44, 2.37233972549438476562e+00) (45, 1.98058891296386718750e+00) (46, 7.58411526679992675781e-01) (47, 1.97086167335510253906e+00) (48, 1.41861093044281005859e+00) (49, 1.83488798141479492188e+00) (50, 2.01267981529235839844e+00) (51, 2.62538552284240722656e+00) (52, 2.44410681724548339844e+00) (53, 1.63584399223327636719e+00) (54, 2.37275099754333496094e+00) (55, 2.22348308563232421875e+00) (56, 2.20100235939025878906e+00) (57, 1.49922070312500000000e+03) (58, 1.57849586009979248047e+00) (59, 3.66305046081542968750e+01) (60, 2.35357093811035156250e+00) (61, -1.06332580566406250000e+03) (62, 1.49997827148437500000e+03) (63, 2.12806129455566406250e+00) (64, 3.35110359191894531250e+01) (65, 2.37692070007324218750e+00) (66, 1.49986279296875000000e+03) (67, 2.78243236541748046875e+01) (68, 2.56919145584106445312e+00) (69, 5.54560668945312500000e+02) (70, 2.39448189735412597656e+00) (71, 2.52413606643676757812e+00) (72, 2.20357990264892578125e+00) (73, 1.50000000000000000000e+03) (74, 1.63667845726013183594e+00) (75, 2.33839249610900878906e+00) (76, 2.86219358444213867188e+00) (77, 2.43449544906616210938e+00) (78, 2.49381375312805175781e+00) (79, -9.93822387695312500000e+02) (80, 3.06817412376403808594e+00) (81, 2.38630008697509765625e+00) (82, 2.29660129547119140625e+00) (83, 2.90717363357543945312e+00) (84, 2.05560946464538574219e+00) (85, 3.36428213119506835938e+00) (86, 2.33111763000488281250e+00) (87, 2.52809166908264160156e+00) (88, 2.28888154029846191406e+00) (89, -1.49963183593750000000e+03) (90, 2.29042887687683105469e+00) (91, 2.00419044494628906250e+00) (92, 2.91057682037353515625e+00) (93, 2.84870314598083496094e+00) (94, 2.34816575050354003906e+00) (95, 2.03849124908447265625e+00) (96, 3.05191731452941894531e+00) (97, 2.94195413589477539062e+00) (98, 1.63704764842987060547e+00) (99, 2.18411540985107421875e+00) (100, 2.28343677520751953125e+00) (101, 3.03465652465820312500e+00) (102, 1.48917004394531250000e+03) (103, -1.47447631835937500000e+03) (104, -6.67718291282653808594e-01) (0, -9.82111752033233642578e-01) (1, -2.10384860634803771973e-01) (2, 1.47834277153015136719e+00) (3, 3.74564814567565917969e+00) (4, -1.47554859519004821777e-01) (5, 1.13656127452850341797e+00) (6, 5.92867612838745117188e-01) (7, 5.71308493614196777344e-01) (8, 2.94420629739761352539e-01) (9, -1.79602518677711486816e-01) (10, 1.05666279792785644531e+00) (11, 4.02387499809265136719e-01) (12, -1.86253532767295837402e-01) (13, -9.04401168227195739746e-02) (14, 4.99918758869171142578e-01) (15, -1.28652915358543395996e-01) (16, -1.94191360473632812500e+00) (17, 5.84578156471252441406e-01) (18, 4.40284013748168945312e-01) (19, 5.87403535842895507812e-01) (20, 1.71268618106842041016e+00) (21, 5.45890629291534423828e-01) (22, 5.42682826519012451172e-01) (23, 7.53812849521636962891e-01) (24, 4.34501618146896362305e-01) (25, 4.85362195968627929688e+00) (26, 2.08130860328674316406e+00) (27, 1.19246721267700195312e+00) (28, -8.07904675602912902832e-02) (29, 2.12871253490447998047e-01) (30, 8.71706843376159667969e-01) (31, 5.84232091903686523438e-01) (32, -1.84047743678092956543e-01) (33, 1.17259216308593750000e+00) (34, 5.34329950809478759766e-01) (35, -3.98583859205245971680e-02) (36, 2.54531323909759521484e-01) (37, -7.92771019041538238525e-03) (38, 2.12781715393066406250e+00) (39, 2.11318206787109375000e+00) (40, 2.06737160682678222656e+00) (41, 1.83870601654052734375e+00) (42, -2.71630764007568359375e-01) (43, -8.58346283435821533203e-01) (44, -3.86207848787307739258e-01) (45, -4.32114934921264648438e+00) (46, 1.92257285118103027344e+00) (47, -2.11254078894853591919e-02) (48, -1.48176163434982299805e-01) (49, -7.34920874238014221191e-02) (50, -2.13138982653617858887e-01) (51, -2.25103378295898437500e-01) (52, -1.11628264188766479492e-01) (53, -1.34773254394531250000e-01) (54, 2.40624260902404785156e+00) (55, 3.74100828170776367188e+00) (56, 6.31658315658569335938e-01) (57, 4.70016479492187500000e-01) (58, -4.14054751396179199219e-01) (59, -8.21386241912841796875e+00) (60, 4.62740287184715270996e-02) (61, 3.07014250755310058594e+00) (62, -1.18937537074089050293e-01) (63, 2.04959058761596679688e+00) (64, 3.03211307525634765625e+00) (65, 1.82486248016357421875e+00) (66, 2.75519514083862304688e+00) (67, -2.95070505142211914062e+00) (68, -1.42811024188995361328e+00) (69, 2.05634784698486328125e+00) (70, -8.90593528747558593750e-02) (71, -1.51736393570899963379e-01) (72, 2.16646647453308105469e+00) (73, 3.79789280891418457031e+00) (74, 6.73844814300537109375e-01) (75, 8.45555961132049560547e-01) (76, 1.28170216083526611328e+00) (77, -1.01309560239315032959e-01) (78, -4.75300461053848266602e-01) (79, 2.30002689361572265625e+00) (80, -4.22756254673004150391e-01) (81, -1.86454939842224121094e+00) (82, 1.19289898872375488281e+00) (83, -8.22475671768188476562e-01) (84, 3.52965974807739257812e+00) (85, 2.81556844711303710938e+00) (86, -1.09921135008335113525e-01) (87, -2.45952129364013671875e-01) (88, 7.22836542129516601562e+00) (89, 1.00553166866302490234e+00) (90, -1.94592456817626953125e+01) (91, -1.11072766780853271484e+00) (92, 3.57657980918884277344e+00) (93, 7.35959863662719726562e+00) (94, -8.36095139384269714355e-02) (95, 1.90236282348632812500e+00) (96, -1.82374611496925354004e-01) (97, 2.78806066513061523438e+00) (98, 3.04376268386840820312e+00) (99, 8.56589138507843017578e-01) (100, -5.36263883113861083984e-02) (101, 1.59256315231323242188e+00) (102, -1.45542526245117187500e+01) (103, 2.66635265350341796875e+01) (104, 2.06065917015075683594e+00) (0, -3.65578627586364746094e+00) (1, -2.24258854985237121582e-01) (2, 1.65701341629028320312e+00) (3, -5.04781544208526611328e-01) (4, -4.42689478397369384766e-01) (5, 2.94436264038085937500e+00) (6, -1.31129696965217590332e-01) (7, -1.80470180511474609375e+00) (8, 3.24660658836364746094e+00) (9, 1.86448335647583007812e+00) (10, -5.44694185256958007812e-01) (11, 3.16607451438903808594e+00) (12, 5.12719094753265380859e-01) (13, -1.75031995773315429688e+00) (14, 1.82660245895385742188e+00) (15, 1.97268533706665039062e+00) (16, -6.84370756149291992188e+00) (17, -2.24389290809631347656e+00) (18, 1.54715669155120849609e+00) (19, -3.17713117599487304688e+00) (20, -1.43112096786499023438e+01) (21, -3.08087611198425292969e+00) (22, -5.96983313560485839844e-01) (23, 5.87059164047241210938e+00) (24, 7.52333462238311767578e-01) (25, 1.44484577178955078125e+01) (26, -1.32508313655853271484e+00) (27, 8.16381812095642089844e-01) (28, -5.12107551097869873047e-01) (29, 2.47003388404846191406e+00) (30, -1.46459732055664062500e+01) (31, 7.46313095092773437500e+00) (32, 2.68388891220092773438e+00) (33, -1.27814376354217529297e+00) (34, 3.28859329223632812500e+00) (35, 8.59210586547851562500e+00) (36, -1.17263066768646240234e+00) (37, 1.01426124572753906250e+01) (38, -3.59863117337226867676e-02) (39, 2.05381250381469726562e+00) (40, 3.39890551567077636719e+00) (41, 1.90694379806518554688e+00) (42, 1.86372613906860351562e+00) (43, 5.32654583454132080078e-01) (44, -1.21687042713165283203e+00) (45, 5.19938802719116210938e+00) (46, -8.33707451820373535156e-02) (47, -4.39016699790954589844e-01) (48, -3.63437980413436889648e-02) (49, 4.35914725065231323242e-01) (50, -5.60671329498291015625e+00) (51, 6.03554487228393554688e-01) (52, -1.54480719566345214844e+00) (53, 4.05729436874389648438e+00) (54, 2.83028125762939453125e+00) (55, 1.70868635177612304688e+00) (56, 2.27528834342956542969e+00) (57, -8.69204616546630859375e+00) (58, 6.49145507812500000000e+00) (59, 7.85425245761871337891e-01) (60, 1.18282639980316162109e+00) (61, -6.66666090488433837891e-01) (62, -2.81681728363037109375e+00) (63, 1.21749424934387207031e+00) (64, -4.62993234395980834961e-01) (65, 1.10199999809265136719e+00) (66, -3.23039555549621582031e+00) (67, 1.47334265708923339844e+00) (68, 2.61258453130722045898e-01) (69, -8.29806983470916748047e-01) (70, 2.35403537750244140625e-01) (71, -3.09653067588806152344e+00) (72, 7.46437907218933105469e-01) (73, -8.08102512359619140625e+00) (74, 8.09823334217071533203e-01) (75, 9.86230894923210144043e-02) (76, -1.81390857696533203125e+00) (77, -8.16307365894317626953e-02) (78, 1.83628380298614501953e+00) (79, 1.95544660091400146484e-01) (80, -4.77971971035003662109e-01) (81, 8.93630027770996093750e-01) (82, -2.25888907909393310547e-01) (83, 8.18665385246276855469e-01) (84, -1.31342029571533203125e+00) (85, -2.66279816627502441406e-01) (86, 1.96297788619995117188e+00) (87, 4.73072171211242675781e-01) (88, -6.10668241977691650391e-01) (89, 4.65687876567244529724e-03) (90, -7.35669806599617004395e-02) (91, -1.32696896791458129883e-01) (92, 1.70850455760955810547e+00) (93, 1.84572565555572509766e+00) (94, 2.00024580955505371094e+00) (95, 2.16789603233337402344e+00) (96, -6.73389077186584472656e-01) (97, -5.14210402965545654297e-01) (98, 2.75530171394348144531e+00) (99, 1.66229307651519775391e+00) (100, 7.18555927276611328125e-01) (101, 4.31771516799926757812e-01) (102, 2.67582244873046875000e+01) (103, -4.03472995758056640625e+00) (104, 9.44371342658996582031e-01) (0, 2.05333221435546875000e+02) (1, 1.40828781127929687500e+01) (2, 3.02194428443908691406e+00) (3, 2.92400765419006347656e+00) (4, 2.47806286811828613281e+00) (5, -1.81265735626220703125e+00) (6, 2.49991297721862792969e+00) (7, -1.38565966796875000000e+03) (8, 1.99361932277679443359e+00) (9, 2.64751124382019042969e+00) (10, 1.53150713443756103516e+00) (11, 5.50816202163696289062e+00) (12, 2.68355369567871093750e+00) (13, -1.38566113281250000000e+03) (14, 2.63540363311767578125e+00) (15, 2.45475578308105468750e+00) (16, 7.51671752929687500000e+02) (17, 2.36557388305664062500e+00) (18, 2.56589078903198242188e+00) (19, 2.49741768836975097656e+00) (20, 2.33667993545532226562e+00) (21, 2.45828366279602050781e+00) (22, 2.34744095802307128906e+00) (23, 2.30482721328735351562e+00) (24, 2.40147566795349121094e+00) (25, 2.09797000885009765625e+00) (26, 2.32319355010986328125e+00) (27, 2.33190655708312988281e+00) (28, 2.43469357490539550781e+00) (29, 2.15367722511291503906e+00) (30, 2.21753168106079101562e+00) (31, 2.33068060874938964844e+00) (32, 2.69527053833007812500e+00) (33, 2.37609648704528808594e+00) (34, 1.27345748901367187500e+02) (35, 2.37623715400695800781e+00) (36, 2.16669726371765136719e+00) (37, 1.56245911121368408203e+00) (38, 2.19716572761535644531e+00) (39, 2.27448868751525878906e+00) (40, 2.30053687095642089844e+00) (41, 2.54124498367309570312e+00) (42, 2.45205521583557128906e+00) (43, 2.54852509498596191406e+00) (44, 2.48723006248474121094e+00) (45, 2.47710394859313964844e+00) (46, 2.10490822792053222656e+00) (47, 1.65832245349884033203e+00) (48, 1.27983653545379638672e+00) (49, 2.43207383155822753906e+00) (50, 1.73897719383239746094e+00) (51, 2.73840451240539550781e+00) (52, 2.47354698181152343750e+00) (53, 2.47155594825744628906e+00) (54, 2.58414697647094726562e+00) (55, 1.64142239093780517578e+00) (56, 2.31133031845092773438e+00) (57, 1.50000000000000000000e+03) (58, 1.47115921974182128906e+00) (59, 1.89734973907470703125e+01) (60, 2.31820940971374511719e+00) (61, -1.03438623046875000000e+03) (62, 1.50000000000000000000e+03) (63, 2.30019736289978027344e+00) (64, 3.69149093627929687500e+01) (65, 2.40308785438537597656e+00) (66, 1.50000000000000000000e+03) (67, -7.52108993530273437500e+01) (68, 2.70695900917053222656e+00) (69, 5.54654479980468750000e+02) (70, 2.49091124534606933594e+00) (71, 2.16934528350830078125e+01) (72, 2.38184976577758789062e+00) (73, 1.50000000000000000000e+03) (74, 2.39037919044494628906e+00) (75, 2.41703653335571289062e+00) (76, 1.81681907176971435547e+00) (77, 2.55476474761962890625e+00) (78, 2.58350920677185058594e+00) (79, -9.94971313476562500000e+02) (80, 1.93036091327667236328e+00) (81, 2.38039731979370117188e+00) (82, 2.27156639099121093750e+00) (83, 1.87801122665405273438e+00) (84, 2.54216217994689941406e+00) (85, 3.11887931823730468750e+00) (86, 2.34813570976257324219e+00) (87, 2.63189148902893066406e+00) (88, 1.71163451671600341797e+00) (89, -1.38413610839843750000e+03) (90, 2.47655272483825683594e+00) (91, 2.17475891113281250000e+00) (92, 1.76523935794830322266e+00) (93, 1.84787130355834960938e+00) (94, 2.39113664627075195312e+00) (95, 2.15937066078186035156e+00) (96, 2.11019086837768554688e+00) (97, 2.40748620033264160156e+00) (98, 1.69124197959899902344e+00) (99, 2.36696815490722656250e+00) (100, 2.35406947135925292969e+00) (101, 1.95974791049957275391e+00) (102, 1.48746264648437500000e+03) (103, -1.47119616699218750000e+03) (104, -6.83849930763244628906e-01) (0, 8.55882048606872558594e-01) (1, -3.10691863298416137695e-01) (2, 1.82826316356658935547e+00) (3, -7.91343986988067626953e-01) (4, -3.56670692563056945801e-02) (5, -8.95360827445983886719e-01) (6, -3.44449847936630249023e-01) (7, 7.66534745693206787109e-01) (8, 1.52968823909759521484e+00) (9, -6.22321546077728271484e-01) (10, 7.84770429134368896484e-01) (11, 9.97461497783660888672e-01) (12, 1.77806720137596130371e-01) (13, 7.35630035400390625000e-01) (14, 1.11538362503051757812e+00) (15, -1.20668482780456542969e+00) (16, 1.00645124912261962891e+00) (17, 1.78694903850555419922e+00) (18, -3.83451652526855468750e+00) (19, -1.50459516048431396484e+00) (20, -1.93850231170654296875e+00) (21, 1.01020526885986328125e+00) (22, -5.83298206329345703125e-01) (23, -6.27587139606475830078e-01) (24, 8.24085712432861328125e-01) (25, 2.71480798721313476562e+00) (26, -4.87604528665542602539e-01) (27, 1.45010447502136230469e+00) (28, -8.71721327304840087891e-01) (29, 3.70253235101699829102e-01) (30, -4.41588640213012695312e-01) (31, -5.81865489482879638672e-01) (32, 4.68402534723281860352e-01) (33, -1.63783375173807144165e-02) (34, 1.59524011611938476562e+00) (35, -7.33342468738555908203e-01) (36, 9.06703993678092956543e-02) (37, 1.86322069168090820312e+00) (38, 1.41259492374956607819e-03) (39, 2.31165242195129394531e+00) (40, 1.47884953022003173828e+00) (41, 2.61775636672973632812e+00) (42, 1.82857334613800048828e+00) (43, 1.08531136065721511841e-02) (44, 5.93832731246948242188e-01) (45, -8.63292217254638671875e-01) (46, -7.60163292288780212402e-02) (47, -1.27405846118927001953e+00) (48, 1.78251504898071289062e+00) (49, -9.16573882102966308594e-01) (50, -3.78214716911315917969e-01) (51, 5.03282904624938964844e-01) (52, 6.76472932100296020508e-02) (53, 8.21729600429534912109e-01) (54, 5.54567158222198486328e-01) (55, -9.40414190292358398438e-01) (56, 3.55482906103134155273e-01) (57, -7.57458746433258056641e-01) (58, 1.57193437218666076660e-01) (59, 1.16821515560150146484e+00) (60, 1.77295339107513427734e+00) (61, -9.29385364055633544922e-01) (62, -9.49949145317077636719e-01) (63, 6.32470380514860153198e-03) (64, -9.67140197753906250000e-01) (65, -5.78491836786270141602e-02) (66, -4.40018147230148315430e-01) (67, 3.22535745799541473389e-02) (68, -7.98746228218078613281e-01) (69, -6.69286847114562988281e-01) (70, 6.51499748229980468750e-01) (71, -6.85979545116424560547e-01) (72, -1.32426404953002929688e+00) (73, -1.08830046653747558594e+00) (74, 6.91386833786964416504e-02) (75, 1.89535245299339294434e-02) (76, -1.00239741802215576172e+00) (77, 3.51997524499893188477e-01) (78, 1.32242631912231445312e+00) (79, -8.34628760814666748047e-01) (80, -3.84281605482101440430e-01) (81, 1.06862343847751617432e-01) (82, 5.30442953109741210938e-01) (83, 1.50068536400794982910e-01) (84, -1.57033371925354003906e+00) (85, 7.95635879039764404297e-01) (86, 2.04620790481567382812e+00) (87, -1.13877415657043457031e+00) (88, -4.34678308665752410889e-02) (89, -1.55155682563781738281e+00) (90, 9.66279327869415283203e-01) (91, -6.72481730580329895020e-02) (92, -2.85313367843627929688e-01) (93, 1.21250176429748535156e+00) (94, 1.32595467567443847656e+00) (95, -1.36528408527374267578e+00) (96, 8.30837011337280273438e-01) (97, -6.72843977808952331543e-02) (98, -8.66796076297760009766e-01) (99, -3.11838686466217041016e-01) (100, -7.81973004341125488281e-01) (101, -5.14006242156028747559e-02) (102, 7.81883522868156433105e-02) (103, 2.61701869964599609375e+00) (104, 2.47551035881042480469e+00) (0, 2.02950286865234375000e+02) (1, 1.47004938125610351562e+01) (2, 2.98272156715393066406e+00) (3, 2.86810898780822753906e+00) (4, 2.33315229415893554688e+00) (5, -2.25050163269042968750e+00) (6, 2.44650053977966308594e+00) (7, -1.46097045898437500000e+03) (8, 1.56430172920227050781e+00) (9, 2.52836179733276367188e+00) (10, 1.55173909664154052734e+00) (11, 4.57281017303466796875e+00) (12, 2.63147497177124023438e+00) (13, -1.39699768066406250000e+03) (14, 2.57444000244140625000e+00) (15, 2.50149655342102050781e+00) (16, 2.60724401473999023438e+00) (17, 2.41836595535278320312e+00) (18, 2.09472894668579101562e+00) (19, 2.47644567489624023438e+00) (20, 1.51567387580871582031e+00) (21, 2.44597721099853515625e+00) (22, 2.30979418754577636719e+00) (23, 2.32726097106933593750e+00) (24, 2.42906999588012695312e+00) (25, -9.97232913970947265625e+00) (26, 2.20540833473205566406e+00) (27, 2.26299691200256347656e+00) (28, 2.40172600746154785156e+00) (29, 9.84709644317626953125e+00) (30, 2.36753225326538085938e+00) (31, 2.33220362663269042969e+00) (32, 2.59868621826171875000e+00) (33, 2.21274542808532714844e+00) (34, 1.86837506294250488281e+00) (35, 2.37816405296325683594e+00) (36, 2.16089463233947753906e+00) (37, 2.29596614837646484375e+00) (38, 2.27996778488159179688e+00) (39, 2.32013487815856933594e+00) (40, 2.29309439659118652344e+00) (41, 2.56496095657348632812e+00) (42, 2.54491710662841796875e+00) (43, 2.52923035621643066406e+00) (44, 2.53268218040466308594e+00) (45, 2.38027644157409667969e+00) (46, 1.55870032310485839844e+00) (47, 2.32705688476562500000e+00) (48, 1.11034333705902099609e+00) (49, 2.48431181907653808594e+00) (50, 2.60376739501953125000e+00) (51, 2.80992007255554199219e+00) (52, 2.63421440124511718750e+00) (53, 2.46257233619689941406e+00) (54, 2.51152372360229492188e+00) (55, 2.48179221153259277344e+00) (56, 2.32939028739929199219e+00) (57, 1.50000000000000000000e+03) (58, 1.98525917530059814453e+00) (59, 2.14238071441650390625e+01) (60, 2.36251425743103027344e+00) (61, -1.02782861328125000000e+03) (62, 1.50000000000000000000e+03) (63, 2.33900213241577148438e+00) (64, 6.18437423706054687500e+01) (65, 2.40037679672241210938e+00) (66, 1.49977185058593750000e+03) (67, 2.95501213073730468750e+01) (68, 2.53918981552124023438e+00) (69, 5.59308898925781250000e+02) (70, 2.48849892616271972656e+00) (71, 2.63114404678344726562e+00) (72, 2.39870333671569824219e+00) (73, 1.50000000000000000000e+03) (74, 2.31437611579895019531e+00) (75, 2.34459948539733886719e+00) (76, 1.90378737449645996094e+00) (77, 2.50824165344238281250e+00) (78, 2.03190898895263671875e+00) (79, -9.93589294433593750000e+02) (80, 2.09800672531127929688e+00) (81, 2.37383699417114257812e+00) (82, 2.29790854454040527344e+00) (83, 1.82277786731719970703e+00) (84, 2.37570714950561523438e+00) (85, 3.18629097938537597656e+00) (86, 2.40195012092590332031e+00) (87, 2.62171506881713867188e+00) (88, 2.50886845588684082031e+00) (89, -1.49921435546875000000e+03) (90, 2.30791115760803222656e+00) (91, 2.21762776374816894531e+00) (92, 1.86554849147796630859e+00) (93, 1.86806929111480712891e+00) (94, 2.35091733932495117188e+00) (95, 1.54924511909484863281e+00) (96, 2.19440913200378417969e+00) (97, 2.06710171699523925781e+00) (98, 1.17663872241973876953e+00) (99, 2.40064191818237304688e+00) (100, 2.37198138236999511719e+00) (101, 1.99470984935760498047e+00) (102, 1.48924536132812500000e+03) (103, -1.47428405761718750000e+03) (104, -1.67765200138092041016e-01) (105, 2.73737692832946777344e+00) (106, -1.91689097881317138672e+00) (107, 2.67834997177124023438e+00) (108, 8.88454973697662353516e-01) (109, -1.40088105201721191406e+00) (110, 1.93045115470886230469e+00) (111, -1.63625931739807128906e+00) (112, 2.97994089126586914062e+00) (113, -2.02652931213378906250e+00) (114, 3.19660878181457519531e+00) (115, 3.01745200157165527344e+00) (116, 2.24576950073242187500e+00) (117, 2.73258495330810546875e+00) (118, 8.74355375766754150391e-01) (119, 4.13539648056030273438e+00) (120, 7.44916856288909912109e-01) (121, 1.89503169059753417969e+00) (122, -1.00330424308776855469e+00) (123, 2.55880594253540039062e+00) (124, 5.54467737674713134766e-01) (125, -1.55264210700988769531e+00) (126, -1.56515276432037353516e+00) (127, 8.32485139369964599609e-01) (128, 3.22214341163635253906e+00) (129, 1.01594996452331542969e+00) (130, -1.34181395173072814941e-01) 
