FANN_FLO_2.1
num_layers=3
learning_rate=0.700000
connection_rate=1.000000
network_type=0
learning_momentum=0.000000
training_algorithm=2
train_error_function=1
train_stop_function=0
cascade_output_change_fraction=0.010000
quickprop_decay=-0.000100
quickprop_mu=1.750000
rprop_increase_factor=1.200000
rprop_decrease_factor=0.500000
rprop_delta_min=0.000000
rprop_delta_max=50.000000
rprop_delta_zero=0.100000
cascade_output_stagnation_epochs=12
cascade_candidate_change_fraction=0.010000
cascade_candidate_stagnation_epochs=12
cascade_max_out_epochs=150
cascade_max_cand_epochs=150
cascade_num_candidate_groups=2
bit_fail_limit=3.49999994039535522461e-01
cascade_candidate_limit=1.00000000000000000000e+03
cascade_weight_multiplier=4.00000005960464477539e-01
cascade_activation_functions_count=10
cascade_activation_functions=3 5 7 8 10 11 14 15 16 17 
cascade_activation_steepnesses_count=4
cascade_activation_steepnesses=2.50000000000000000000e-01 5.00000000000000000000e-01 7.50000000000000000000e-01 1.00000000000000000000e+00 
layer_sizes=105 26 2 
scale_included=0
neurons (num_inputs, activation_function, activation_steepness)=(0, 0, 0.00000000000000000000e+00) (0, 0, 0.00000000000000000000e+00) (0, 0, 0.00000000000000000000e+00) (0, 0, 0.00000000000000000000e+00) (0, 0, 0.00000000000000000000e+00) (0, 0, 0.00000000000000000000e+00) (0, 0, 0.00000000000000000000e+00) (0, 0, 0.00000000000000000000e+00) (0, 0, 0.00000000000000000000e+00) (0, 0, 0.00000000000000000000e+00) (0, 0, 0.00000000000000000000e+00) (0, 0, 0.00000000000000000000e+00) (0, 0, 0.00000000000000000000e+00) (0, 0, 0.00000000000000000000e+00) (0, 0, 0.00000000000000000000e+00) (0, 0, 0.00000000000000000000e+00) (0, 0, 0.00000000000000000000e+00) (0, 0, 0.00000000000000000000e+00) (0, 0, 0.00000000000000000000e+00) (0, 0, 0.00000000000000000000e+00) (0, 0, 0.00000000000000000000e+00) (0, 0, 0.00000000000000000000e+00) (0, 0, 0.00000000000000000000e+00) (0, 0, 0.00000000000000000000e+00) (0, 0, 0.00000000000000000000e+00) (0, 0, 0.00000000000000000000e+00) (0, 0, 0.00000000000000000000e+00) (0, 0, 0.00000000000000000000e+00) (0, 0, 0.00000000000000000000e+00) (0, 0, 0.00000000000000000000e+00) (0, 0, 0.00000000000000000000e+00) (0, 0, 0.00000000000000000000e+00) (0, 0, 0.00000000000000000000e+00) (0, 0, 0.00000000000000000000e+00) (0, 0, 0.00000000000000000000e+00) (0, 0, 0.00000000000000000000e+00) (0, 0, 0.00000000000000000000e+00) (0, 0, 0.00000000000000000000e+00) (0, 0, 0.00000000000000000000e+00) (0, 0, 0.00000000000000000000e+00) (0, 0, 0.00000000000000000000e+00) (0, 0, 0.00000000000000000000e+00) (0, 0, 0.00000000000000000000e+00) (0, 0, 0.00000000000000000000e+00) (0, 0, 0.00000000000000000000e+00) (0, 0, 0.00000000000000000000e+00) (0, 0, 0.00000000000000000000e+00) (0, 0, 0.00000000000000000000e+00) (0, 0, 0.00000000000000000000e+00) (0, 0, 0.00000000000000000000e+00) (0, 0, 0.00000000000000000000e+00) (0, 0, 0.00000000000000000000e+00) (0, 0, 0.00000000000000000000e+00) (0, 0, 0.00000000000000000000e+00) (0, 0, 0.00000000000000000000e+00) (0, 0, 0.00000000000000000000e+00) (0, 0, 0.00000000000000000000e+00) (0, 0, 0.00000000000000000000e+00) (0, 0, 0.00000000000000000000e+00) (0, 0, 0.00000000000000000000e+00) (0, 0, 0.00000000000000000000e+00) (0, 0, 0.00000000000000000000e+00) (0, 0, 0.00000000000000000000e+00) (0, 0, 0.00000000000000000000e+00) (0, 0, 0.00000000000000000000e+00) (0, 0, 0.00000000000000000000e+00) (0, 0, 0.00000000000000000000e+00) (0, 0, 0.00000000000000000000e+00) (0, 0, 0.00000000000000000000e+00) (0, 0, 0.00000000000000000000e+00) (0, 0, 0.00000000000000000000e+00) (0, 0, 0.00000000000000000000e+00) (0, 0, 0.00000000000000000000e+00) (0, 0, 0.00000000000000000000e+00) (0, 0, 0.00000000000000000000e+00) (0, 0, 0.00000000000000000000e+00) (0, 0, 0.00000000000000000000e+00) (0, 0, 0.00000000000000000000e+00) (0, 0, 0.00000000000000000000e+00) (0, 0, 0.00000000000000000000e+00) (0, 0, 0.00000000000000000000e+00) (0, 0, 0.00000000000000000000e+00) (0, 0, 0.00000000000000000000e+00) (0, 0, 0.00000000000000000000e+00) (0, 0, 0.00000000000000000000e+00) (0, 0, 0.00000000000000000000e+00) (0, 0, 0.00000000000000000000e+00) (0, 0, 0.00000000000000000000e+00) (0, 0, 0.00000000000000000000e+00) (0, 0, 0.00000000000000000000e+00) (0, 0, 0.00000000000000000000e+00) (0, 0, 0.00000000000000000000e+00) (0, 0, 0.00000000000000000000e+00) (0, 0, 0.00000000000000000000e+00) (0, 0, 0.00000000000000000000e+00) (0, 0, 0.00000000000000000000e+00) (0, 0, 0.00000000000000000000e+00) (0, 0, 0.00000000000000000000e+00) (0, 0, 0.00000000000000000000e+00) (0, 0, 0.00000000000000000000e+00) (0, 0, 0.00000000000000000000e+00) (0, 0, 0.00000000000000000000e+00) (0, 0, 0.00000000000000000000e+00) (0, 0, 0.00000000000000000000e+00) (0, 0, 0.00000000000000000000e+00) (105, 5, 5.00000000000000000000e-01) (105, 5, 5.00000000000000000000e-01) (105, 5, 5.00000000000000000000e-01) (105, 5, 5.00000000000000000000e-01) (105, 5, 5.00000000000000000000e-01) (105, 5, 5.00000000000000000000e-01) (105, 5, 5.00000000000000000000e-01) (105, 5, 5.00000000000000000000e-01) (105, 5, 5.00000000000000000000e-01) (105, 5, 5.00000000000000000000e-01) (105, 5, 5.00000000000000000000e-01) (105, 5, 5.00000000000000000000e-01) (105, 5, 5.00000000000000000000e-01) (105, 5, 5.00000000000000000000e-01) (105, 5, 5.00000000000000000000e-01) (105, 5, 5.00000000000000000000e-01) (105, 5, 5.00000000000000000000e-01) (105, 5, 5.00000000000000000000e-01) (105, 5, 5.00000000000000000000e-01) (105, 5, 5.00000000000000000000e-01) (105, 5, 5.00000000000000000000e-01) (105, 5, 5.00000000000000000000e-01) (105, 5, 5.00000000000000000000e-01) (105, 5, 5.00000000000000000000e-01) (105, 5, 5.00000000000000000000e-01) (0, 5, 0.00000000000000000000e+00) (26, 5, 5.00000000000000000000e-01) (0, 5, 0.00000000000000000000e+00) 
connections (connected_to_neuron, weight)=(0, 5.93650360107421875000e+01) (1, 2.11279845237731933594e+00) (2, 2.07945513725280761719e+00) (3, 1.98580002784729003906e+00) (4, 2.04114866256713867188e+00) (5, 2.27544546127319335938e+00) (6, 2.09382224082946777344e+00) (7, 2.00046515464782714844e+00) (8, 2.26433706283569335938e+00) (9, 2.11216354370117187500e+00) (10, 2.03226304054260253906e+00) (11, -1.54469861984252929688e+01) (12, 2.00449132919311523438e+00) (13, 1.76712822914123535156e+00) (14, 2.03586983680725097656e+00) (15, 1.73903417587280273438e+00) (16, 1.97542250156402587891e+00) (17, 1.36059403419494628906e+00) (18, 1.64950871467590332031e+00) (19, 1.98249208927154541016e+00) (20, 1.12443745136260986328e+00) (21, 1.08681678771972656250e+00) (22, 1.29254508018493652344e+00) (23, 1.77823984622955322266e+00) (24, 4.59786891937255859375e-01) (25, 2.05040955543518066406e+00) (26, 2.05872774124145507812e+00) (27, 2.04011821746826171875e+00) (28, 1.42485880851745605469e+00) (29, 1.35485398769378662109e+00) (30, 1.54793763160705566406e+00) (31, 2.11142420768737792969e+00) (32, 1.43976676464080810547e+00) (33, 1.64970290660858154297e+00) (34, 1.37949454784393310547e+00) (35, 2.11770915985107421875e+00) (36, 2.14375305175781250000e+00) (37, 1.29771220684051513672e+00) (38, 1.65214145183563232422e+00) (39, 2.17127895355224609375e+00) (40, 1.72833216190338134766e+00) (41, -1.12357091903686523438e+00) (42, 1.99943447113037109375e+00) (43, 1.20007824897766113281e+00) (44, 1.40299141407012939453e+00) (45, 1.41935801506042480469e+00) (46, 2.04875159263610839844e+00) (47, 1.25723874568939208984e+00) (48, 1.95744299888610839844e+00) (49, 2.10653305053710937500e+00) (50, 2.15727019309997558594e+00) (51, 1.82445013523101806641e+00) (52, 2.00332832336425781250e+00) (53, 2.09301543235778808594e+00) (54, 1.93632757663726806641e+00) (55, 4.13517564535140991211e-01) (56, 1.96944415569305419922e+00) (57, 2.01535773277282714844e+00) (58, 1.84174787998199462891e+00) (59, 1.38518214225769042969e+00) (60, 2.03084778785705566406e+00) (61, 1.83073580265045166016e+00) (62, 1.76926863193511962891e+00) (63, 1.98743581771850585938e+00) (64, -5.56991996765136718750e+01) (65, 1.39059162139892578125e+00) (66, 2.37126970291137695312e+00) (67, 1.83873426914215087891e+00) (68, 1.88775253295898437500e+00) (69, 1.01282906532287597656e+00) (70, 1.42704737186431884766e+00) (71, 1.03939771652221679688e+00) (72, 2.10681748390197753906e+00) (73, 1.71284949779510498047e+00) (74, 1.90770184993743896484e+00) (75, 3.77603263854980468750e+01) (76, 1.64089739322662353516e+00) (77, 1.98298263549804687500e+00) (78, 1.71153962612152099609e+00) (79, 1.64953017234802246094e+00) (80, -1.96060905456542968750e+01) (81, 1.84683811664581298828e+00) (82, 2.12869524955749511719e+00) (83, 1.82538521289825439453e+00) (84, 7.65837192535400390625e+00) (85, 1.35274767875671386719e+00) (86, 1.42625927925109863281e+00) (87, 1.76013934612274169922e+00) (88, 1.87083542346954345703e+00) (89, 1.73462808132171630859e+00) (90, 1.77453148365020751953e+00) (91, 2.08370471000671386719e+00) (92, 1.65056717395782470703e+00) (93, 2.04073619842529296875e+00) (94, 1.98606717586517333984e+00) (95, 1.96347689628601074219e+00) (96, 1.56481623649597167969e+00) (97, 1.91447675228118896484e+00) (98, 2.01765966415405273438e+00) (99, 2.08471727371215820312e+00) (100, 2.15711545944213867188e+00) (101, 1.49633145332336425781e+00) (102, -2.01353836059570312500e+01) (103, 4.49473190307617187500e+01) (104, 6.35665357112884521484e-02) (0, 2.94450551271438598633e-01) (1, -5.59455871582031250000e-01) (2, -5.11359512805938720703e-01) (3, -4.87001925706863403320e-01) (4, -6.99398934841156005859e-01) (5, -6.88792020082473754883e-02) (6, -5.76584041118621826172e-01) (7, 2.66958594322204589844e-01) (8, -1.85524597764015197754e-01) (9, -2.46077980846166610718e-02) (10, -2.63236671686172485352e-01) (11, -4.06004726886749267578e-01) (12, -3.90440881252288818359e-01) (13, 5.75917422771453857422e-01) (14, -3.24974983930587768555e-01) (15, 6.16320669651031494141e-01) (16, -3.07435154914855957031e-01) (17, 4.46059823036193847656e-01) (18, 3.11139643192291259766e-01) (19, -4.65306311845779418945e-01) (20, -4.25502983853220939636e-03) (21, 4.15621101856231689453e-01) (22, -1.11690387129783630371e-01) (23, -3.87834668159484863281e-01) (24, 1.96107983589172363281e+00) (25, 8.66242468357086181641e-01) (26, -6.45660281181335449219e-01) (27, -2.78665758669376373291e-02) (28, -1.43328264355659484863e-01) (29, -7.29314148426055908203e-01) (30, -1.25455915927886962891e-01) (31, -3.99090677499771118164e-01) (32, -3.46376329660415649414e-01) (33, -3.92080128192901611328e-01) (34, -2.53877192735671997070e-01) (35, 5.99686801433563232422e-01) (36, -1.55262783169746398926e-01) (37, 4.11684095859527587891e-01) (38, -1.46761089563369750977e-01) (39, -8.47157180309295654297e-01) (40, -2.05389714241027832031e+00) (41, 7.35277414321899414062e-01) (42, -6.43858850002288818359e-01) (43, 7.27171838283538818359e-01) (44, 3.24486494064331054688e-01) (45, -6.75653666257858276367e-02) (46, 1.64396483451128005981e-02) (47, -2.54341423511505126953e-01) (48, 9.23118472099304199219e-01) (49, -7.06717014312744140625e-01) (50, -7.06120371818542480469e-01) (51, -7.17399716377258300781e-01) (52, -7.83897936344146728516e-01) (53, -6.86896979808807373047e-01) (54, -6.66208505630493164062e-01) (55, 5.41543588042259216309e-02) (56, -5.98270595073699951172e-01) (57, -4.76670600473880767822e-02) (58, -9.52421799302101135254e-02) (59, -1.21562051773071289062e+00) (60, -7.17567443847656250000e-01) (61, -2.20860436558723449707e-01) (62, 2.87299811840057373047e-01) (63, 2.50908106565475463867e-01) (64, -4.66072261333465576172e-01) (65, 3.33478659391403198242e-01) (66, 1.18188786506652832031e+00) (67, 1.95724892616271972656e+00) (68, -7.11357176303863525391e-01) (69, 3.58237385749816894531e-01) (70, 4.65707600116729736328e-01) (71, 4.03401136398315429688e-01) (72, 3.94192129373550415039e-01) (73, 3.30428361892700195312e-01) (74, -3.45262587070465087891e-01) (75, -1.76723852753639221191e-01) (76, 1.41744256019592285156e+00) (77, -5.54337084293365478516e-01) (78, 7.89013564586639404297e-01) (79, 5.32597243785858154297e-01) (80, -1.78390406072139739990e-02) (81, -1.56715643405914306641e+00) (82, -7.66291499137878417969e-01) (83, -2.66964673995971679688e-01) (84, -9.23113286495208740234e-01) (85, 7.13565886020660400391e-01) (86, 2.35266551375389099121e-01) (87, -4.17400509119033813477e-01) (88, 8.16867709159851074219e-01) (89, 8.62699687480926513672e-01) (90, 8.12330067157745361328e-01) (91, 1.65804982185363769531e+00) (92, -5.51675438880920410156e-01) (93, 1.14593684673309326172e+00) (94, 3.47678482532501220703e-01) (95, 2.54062533378601074219e-01) (96, 8.08233618736267089844e-01) (97, -6.92623019218444824219e-01) (98, -3.01588743925094604492e-01) (99, 9.35664534568786621094e-01) (100, -6.52569711208343505859e-01) (101, 9.11268591880798339844e-01) (102, 1.65517914295196533203e+00) (103, 4.08484786748886108398e-01) (104, 1.44276010990142822266e+00) (0, -1.72889671325683593750e+01) (1, 8.20574164390563964844e-01) (2, -1.98068821430206298828e+00) (3, 7.42787420749664306641e-01) (4, 4.11244779825210571289e-01) (5, 5.75214922428131103516e-01) (6, 8.40876758098602294922e-01) (7, 5.89707970619201660156e-01) (8, -3.74196171760559082031e+00) (9, 1.34400352835655212402e-01) (10, -4.02297639846801757812e+00) (11, -4.34082329273223876953e-01) (12, -2.50846087932586669922e-01) (13, -4.17582702636718750000e+00) (14, -2.21172228455543518066e-01) (15, 9.10660088062286376953e-01) (16, 1.91171789169311523438e+00) (17, 1.11835926771163940430e-01) (18, 6.16664826869964599609e-01) (19, 5.33243417739868164062e-01) (20, 3.42251807451248168945e-01) (21, 1.14257955551147460938e+00) (22, 7.46438550949096679688e+00) (23, 3.47271394729614257812e+00) (24, 4.17349487543106079102e-01) (25, 6.39050245285034179688e-01) (26, 6.01464450359344482422e-01) (27, 1.59859645366668701172e+00) (28, 1.06219303607940673828e+00) (29, 1.96043682098388671875e+00) (30, -1.49557679891586303711e-01) (31, 2.12976241111755371094e+00) (32, -4.41262125968933105469e-01) (33, 1.92809832096099853516e+00) (34, -1.76900017261505126953e+00) (35, 1.51535832881927490234e+00) (36, 2.09776687622070312500e+00) (37, 1.58861827850341796875e+00) (38, 9.97174203395843505859e-01) (39, 1.04408931732177734375e+00) (40, 7.47484326362609863281e-01) (41, 2.66264629364013671875e+00) (42, 9.86527562141418457031e-01) (43, 2.64608716964721679688e+00) (44, 1.40465319156646728516e+00) (45, 1.54571020603179931641e+00) (46, -3.18141746520996093750e+00) (47, -3.60415518283843994141e-01) (48, 1.34442400932312011719e+00) (49, 5.69612234830856323242e-02) (50, 1.56908426433801651001e-02) (51, -1.07646323740482330322e-02) (52, -3.81925739347934722900e-02) (53, 3.93866747617721557617e-01) (54, -9.98535037040710449219e-01) (55, 1.37155339121818542480e-01) (56, 3.25320363044738769531e-01) (57, 3.11486935615539550781e+00) (58, -6.90023135393857955933e-03) (59, 1.05133271217346191406e+00) (60, 1.66059613227844238281e+00) (61, -3.31685900688171386719e+00) (62, 1.12184548377990722656e+00) (63, 2.35265946388244628906e+00) (64, -1.24024105072021484375e+00) (65, 1.12993311882019042969e+00) (66, -1.59054398536682128906e+00) (67, 2.84999799728393554688e+00) (68, -5.03770947456359863281e-01) (69, 4.29155397415161132812e+00) (70, 1.02768696844577789307e-01) (71, 9.83318865299224853516e-01) (72, 1.33992695808410644531e+00) (73, 5.76848685741424560547e-01) (74, 1.52838960289955139160e-01) (75, -2.21322479248046875000e+01) (76, -6.47511482238769531250e-01) (77, 1.06644141674041748047e+00) (78, -2.55908966064453125000e-01) (79, -1.88168883323669433594e+00) (80, 2.28783750534057617188e+00) (81, -2.01147747039794921875e+00) (82, -6.84918284416198730469e-01) (83, -1.37263357639312744141e+00) (84, 4.53781217336654663086e-01) (85, 6.93343698978424072266e-01) (86, 3.83761316537857055664e-01) (87, 1.50063383579254150391e+00) (88, 1.99757540225982666016e+00) (89, 2.20526504516601562500e+00) (90, 1.65981873869895935059e-01) (91, 3.68650722503662109375e+00) (92, -6.86773896217346191406e-01) (93, 3.98975998163223266602e-01) (94, -1.01293072104454040527e-01) (95, 1.42611539363861083984e+00) (96, -1.71458339691162109375e+00) (97, -1.49578118324279785156e+00) (98, 7.37320661544799804688e-01) (99, -2.24083876609802246094e+00) (100, -1.00657992064952850342e-01) (101, 4.86095637083053588867e-01) (102, 8.72188389301300048828e-01) (103, 1.16243755817413330078e+00) (104, 1.78275310993194580078e+00) (0, 3.60941648483276367188e+00) (1, -3.90037608146667480469e+00) (2, -1.28399658203125000000e+00) (3, 7.23983168601989746094e-01) (4, -7.15845167636871337891e-01) (5, 1.29817271232604980469e+00) (6, 1.18958652019500732422e+00) (7, 1.09882533550262451172e+00) (8, -1.16760945320129394531e+00) (9, 2.00621795654296875000e+00) (10, 3.31057286262512207031e+00) (11, 4.12763267755508422852e-01) (12, -4.91656273603439331055e-01) (13, 9.98551309108734130859e-01) (14, 9.66058540344238281250e+00) (15, 1.57384979724884033203e+00) (16, -9.79554951190948486328e-01) (17, 2.08971276879310607910e-01) (18, -6.05361557006835937500e+00) (19, -6.30008888244628906250e+00) (20, -1.60533940792083740234e+00) (21, 4.77076339721679687500e+00) (22, 1.24255704879760742188e+00) (23, -7.20156621932983398438e+00) (24, 1.53859984874725341797e+00) (25, 6.14780962467193603516e-01) (26, 1.07765698432922363281e+00) (27, -7.34386861324310302734e-01) (28, 4.52289432287216186523e-01) (29, -6.72850251197814941406e-01) (30, 3.21986222267150878906e+00) (31, -5.50160789489746093750e+00) (32, 6.21734738349914550781e-01) (33, -1.46600127220153808594e+00) (34, 1.18791127204895019531e+00) (35, -5.29985523223876953125e+00) (36, -8.81061494350433349609e-01) (37, 3.58631062507629394531e+00) (38, 1.86994743347167968750e+00) (39, -5.71990191936492919922e-01) (40, -3.69058156013488769531e+00) (41, 4.96134805679321289062e+00) (42, -4.53768587112426757812e+00) (43, 9.55169737339019775391e-01) (44, 4.99868899583816528320e-01) (45, 7.73300111293792724609e-01) (46, 2.08122178912162780762e-01) (47, -6.64707541465759277344e-01) (48, -1.52065210342407226562e+01) (49, -7.95851275324821472168e-02) (50, 3.63429927825927734375e+00) (51, -9.04317796230316162109e-01) (52, -8.71458649635314941406e-01) (53, -6.17518484592437744141e-01) (54, -5.14034557342529296875e+00) (55, 1.72076141834259033203e+00) (56, -3.54987049102783203125e+00) (57, -2.92234718799591064453e-01) (58, -6.57426595687866210938e-01) (59, 3.84686374664306640625e+00) (60, -6.00537776947021484375e-01) (61, 2.38058161735534667969e+00) (62, -5.69670319557189941406e-01) (63, -8.38733732700347900391e-01) (64, -4.20614063739776611328e-01) (65, -5.73170363903045654297e-01) (66, 3.34076225757598876953e-01) (67, -1.63974463939666748047e+00) (68, 1.28984808921813964844e+00) (69, 1.75017273426055908203e+00) (70, 7.13134348392486572266e-01) (71, -4.59498912096023559570e-01) (72, 2.25890469551086425781e+00) (73, 2.72742241621017456055e-01) (74, -4.28722798824310302734e-01) (75, 3.80690619349479675293e-02) (76, -1.86181306838989257812e-01) (77, -5.39338171482086181641e-01) (78, 2.11123418807983398438e+00) (79, 5.74433386325836181641e-01) (80, -1.25584697723388671875e+00) (81, 5.77776610851287841797e-01) (82, -5.58574676513671875000e-01) (83, -5.93281924724578857422e-01) (84, 1.03266453742980957031e+00) (85, 4.79285389184951782227e-01) (86, -3.88957738876342773438e-01) (87, 1.31913053989410400391e+00) (88, 6.19327425956726074219e-01) (89, 3.03517192602157592773e-01) (90, 2.55447119474411010742e-01) (91, -2.17089712619781494141e-01) (92, -1.06880433857440948486e-01) (93, -9.31097388267517089844e-01) (94, -5.77871143817901611328e-01) (95, 1.22134304046630859375e+00) (96, -1.91532105207443237305e-01) (97, -7.26053267717361450195e-02) (98, 1.20672905445098876953e+00) (99, 4.79803353548049926758e-01) (100, 2.77387887239456176758e-01) (101, -5.86671650409698486328e-01) (102, 7.90111601352691650391e-01) (103, 1.58997273445129394531e+00) (104, 2.63541722297668457031e+00) (0, 2.49558568000793457031e+00) (1, 1.14050638675689697266e+00) (2, -3.93082082271575927734e-01) (3, -2.13934159278869628906e+00) (4, -1.19456537067890167236e-01) (5, 1.87564826011657714844e+00) (6, 8.08739006519317626953e-01) (7, 5.33392333984375000000e+00) (8, -3.01033687591552734375e+00) (9, -1.88787788152694702148e-01) (10, 1.07081723213195800781e+00) (11, 1.62925505638122558594e+00) (12, 4.75330591201782226562e+00) (13, 1.89119863510131835938e+00) (14, 2.10753512382507324219e+00) (15, -3.73545259237289428711e-01) (16, -5.00125706195831298828e-01) (17, -1.75344854593276977539e-01) (18, 1.99551641941070556641e+00) (19, -1.83450981974601745605e-01) (20, -3.75616264343261718750e+00) (21, -2.32258486747741699219e+00) (22, -4.91124916076660156250e+00) (23, -1.84438079595565795898e-01) (24, -6.78200721740722656250e+00) (25, -4.62407708168029785156e-01) (26, -3.43890428543090820312e-01) (27, 3.27181518077850341797e-01) (28, 1.95869052410125732422e+00) (29, 2.15565490722656250000e+00) (30, 4.01255339384078979492e-01) (31, 8.53222757577896118164e-02) (32, -1.75188347697257995605e-01) (33, 3.12567448616027832031e+00) (34, 8.97047162055969238281e-01) (35, -1.32662010192871093750e+00) (36, 2.62432599067687988281e+00) (37, 2.26434397697448730469e+00) (38, 1.91946065425872802734e+00) (39, 1.00076401233673095703e+00) (40, -6.15601956844329833984e-01) (41, 3.59929412603378295898e-01) (42, 1.04673898220062255859e+00) (43, 5.93868911266326904297e-01) (44, 2.59504580497741699219e+00) (45, 1.57125794887542724609e+00) (46, 9.82265233993530273438e-01) (47, -2.47216486930847167969e+00) (48, 2.96590328216552734375e+00) (49, 2.14667177200317382812e+00) (50, -9.04972493648529052734e-01) (51, 5.09895622730255126953e-01) (52, 3.01960915327072143555e-01) (53, 1.09116315841674804688e+00) (54, 2.21133065223693847656e+00) (55, 8.00432264804840087891e-01) (56, 1.21858870983123779297e+00) (57, 4.20204013586044311523e-01) (58, 9.47912156581878662109e-01) (59, -1.36799052357673645020e-01) (60, 1.64910182356834411621e-01) (61, 1.88930451869964599609e+00) (62, -2.82445132732391357422e-01) (63, -1.63336843252182006836e-01) (64, -1.58880546689033508301e-01) (65, 9.16271388530731201172e-01) (66, 3.80549621582031250000e+00) (67, 2.06613492965698242188e+00) (68, 1.23963758349418640137e-01) (69, -4.98563051223754882812e+00) (70, 1.58973014354705810547e+00) (71, 2.40626856684684753418e-01) (72, 4.21825456619262695312e+00) (73, -1.64940908551216125488e-01) (74, -1.50308147072792053223e-01) (75, -2.33892402648925781250e+01) (76, -7.88700729608535766602e-02) (77, -8.89173597097396850586e-02) (78, -1.48618876934051513672e-01) (79, 2.61290129274129867554e-02) (80, -2.35182121396064758301e-01) (81, 7.54366889595985412598e-02) (82, -5.46808540821075439453e-02) (83, -1.21346898376941680908e-01) (84, -4.50566649436950683594e-01) (85, -1.22024744749069213867e-01) (86, -1.60536438226699829102e-01) (87, -2.83466398715972900391e-01) (88, -7.30470180511474609375e-01) (89, -2.21277121454477310181e-02) (90, -1.66258085519075393677e-02) (91, -1.80758431553840637207e-01) (92, -2.45251879096031188965e-02) (93, -8.60174149274826049805e-02) (94, 2.07425907254219055176e-01) (95, 6.03646397590637207031e-01) (96, 9.02400255203247070312e-01) (97, 3.37394118309020996094e-01) (98, 5.83241343498229980469e-01) (99, -1.66351065039634704590e-01) (100, 1.09062075614929199219e+00) (101, 1.05052781105041503906e+00) (102, 2.95332002639770507812e+00) (103, -5.59298753738403320312e-01) (104, 1.75491011142730712891e+00) (0, 5.85309600830078125000e+01) (1, 1.39908695220947265625e+00) (2, 1.76198387145996093750e+00) (3, 1.21014702320098876953e+00) (4, 1.78751587867736816406e+00) (5, 2.01683211326599121094e+00) (6, 1.69021630287170410156e+00) (7, 1.82994687557220458984e+00) (8, 1.58330523967742919922e+00) (9, 1.66832685470581054688e+00) (10, 1.83815455436706542969e+00) (11, -4.66124877929687500000e+01) (12, 1.75455260276794433594e+00) (13, 1.49505114555358886719e+00) (14, 1.66305732727050781250e+00) (15, 1.85176622867584228516e+00) (16, 1.72320044040679931641e+00) (17, 1.17492544651031494141e+00) (18, 1.34730041027069091797e+00) (19, 1.83639705181121826172e+00) (20, 9.11625742912292480469e-01) (21, 7.23582684993743896484e-01) (22, 1.08217144012451171875e+00) (23, 1.40429115295410156250e+00) (24, 3.38347166776657104492e-01) (25, 1.69983470439910888672e+00) (26, 1.82106447219848632812e+00) (27, 1.71190571784973144531e+00) (28, 1.07935035228729248047e+00) (29, 1.15086579322814941406e+00) (30, 1.81459736824035644531e+00) (31, 1.76813685894012451172e+00) (32, 1.10124993324279785156e+00) (33, 1.40251541137695312500e+00) (34, 1.06104922294616699219e+00) (35, 1.69129550457000732422e+00) (36, 1.77090787887573242188e+00) (37, 1.08449375629425048828e+00) (38, 1.29694700241088867188e+00) (39, 1.75501894950866699219e+00) (40, 1.38646709918975830078e+00) (41, -5.36870598793029785156e-01) (42, 1.78623223304748535156e+00) (43, 8.91919136047363281250e-01) (44, 1.18676578998565673828e+00) (45, 1.28659152984619140625e+00) (46, 1.70830142498016357422e+00) (47, 1.12843465805053710938e+00) (48, 1.66305172443389892578e+00) (49, 1.86735892295837402344e+00) (50, 1.86688995361328125000e+00) (51, 1.40564382076263427734e+00) (52, 1.70151412487030029297e+00) (53, 1.68303048610687255859e+00) (54, 1.54001617431640625000e+00) (55, 2.60114163160324096680e-01) (56, 1.79163432121276855469e+00) (57, 1.68342530727386474609e+00) (58, 1.58634400367736816406e+00) (59, 1.04979801177978515625e+00) (60, 1.70463001728057861328e+00) (61, 1.16191518306732177734e+00) (62, 1.35595417022705078125e+00) (63, 1.69300734996795654297e+00) (64, 5.93110859394073486328e-01) (65, 1.69229817390441894531e+00) (66, 1.90216040611267089844e+00) (67, 1.32214272022247314453e+00) (68, 1.86690282821655273438e+00) (69, 1.19035208225250244141e+00) (70, 1.39633321762084960938e+00) (71, 1.07221329212188720703e+00) (72, 1.84980535507202148438e+00) (73, 1.45062899589538574219e+00) (74, 1.45069766044616699219e+00) (75, 3.78427619934082031250e+01) (76, 1.60192048549652099609e+00) (77, 1.72811663150787353516e+00) (78, 1.81121742725372314453e+00) (79, 1.66774594783782958984e+00) (80, -1.95739898681640625000e+01) (81, 1.79500675201416015625e+00) (82, 1.58846676349639892578e+00) (83, 1.43021035194396972656e+00) (84, 7.71832847595214843750e+00) (85, 1.47246348857879638672e+00) (86, 1.73161840438842773438e+00) (87, 1.35058403015136718750e+00) (88, 1.62357485294342041016e+00) (89, 1.75822639465332031250e+00) (90, 1.52573108673095703125e+00) (91, 1.84033083915710449219e+00) (92, 1.50094974040985107422e+00) (93, 1.66570138931274414062e+00) (94, 1.69386339187622070312e+00) (95, 1.81983780860900878906e+00) (96, 1.44015657901763916016e+00) (97, 1.26716244220733642578e+00) (98, 1.55431985855102539062e+00) (99, 1.79951024055480957031e+00) (100, 1.68810200691223144531e+00) (101, 1.37989938259124755859e+00) (102, -2.34192161560058593750e+01) (103, 4.32189407348632812500e+01) (104, 2.89407759904861450195e-01) (0, 9.04474377632141113281e-01) (1, -1.00794918835163116455e-01) (2, -2.90456801652908325195e-01) (3, 3.11771464347839355469e+00) (4, -1.04392156004905700684e-01) (5, 2.66035962104797363281e+00) (6, 2.81580114364624023438e+00) (7, -1.06061607599258422852e-01) (8, -8.00255870819091796875e+00) (9, 1.91124320030212402344e-01) (10, 4.94813203811645507812e-01) (11, 5.82569167017936706543e-02) (12, 1.02982151508331298828e+00) (13, 1.83348119258880615234e+00) (14, 6.22942268848419189453e-01) (15, 1.18966579437255859375e+00) (16, 1.45779216289520263672e+00) (17, 1.27310156822204589844e+00) (18, 1.75010561943054199219e+00) (19, -1.32317960262298583984e-01) (20, 1.19444417953491210938e+00) (21, 6.04547977447509765625e-01) (22, 3.58897972106933593750e+00) (23, 5.36331415176391601562e+00) (24, 1.31183075904846191406e+00) (25, -6.73796844482421875000e+00) (26, 2.21266388893127441406e+00) (27, 1.89284062385559082031e+00) (28, -2.97133892774581909180e-01) (29, -6.17201614379882812500e+00) (30, 1.15580342710018157959e-01) (31, -2.57971823215484619141e-01) (32, 2.14084863662719726562e-01) (33, -1.13059446215629577637e-01) (34, 4.19895458221435546875e+00) (35, -2.63762736320495605469e+00) (36, 1.58636701107025146484e+00) (37, -4.84083108603954315186e-02) (38, 3.53657054901123046875e+00) (39, 8.81385207176208496094e-01) (40, -1.50731468200683593750e+00) (41, 3.84492421150207519531e+00) (42, 7.27485656738281250000e-01) (43, -2.02497482299804687500e-01) (44, -1.11509084701538085938e+00) (45, -1.62142241001129150391e+00) (46, 7.12742328643798828125e-01) (47, 2.56567478179931640625e-01) (48, -1.78358209133148193359e+00) (49, -5.15098333358764648438e-01) (50, 1.64307415485382080078e+00) (51, 5.59792160987854003906e-01) (52, 1.65719032287597656250e+00) (53, -7.21867740154266357422e-01) (54, -7.32149064540863037109e-01) (55, 6.69537007808685302734e-01) (56, 1.16728508472442626953e+00) (57, -1.06719791889190673828e+00) (58, -1.66045129299163818359e+00) (59, 1.56773793697357177734e+00) (60, 5.37684500217437744141e-01) (61, 1.77543568611145019531e+00) (62, 5.82682430744171142578e-01) (63, -1.59321784973144531250e-01) (64, 2.31215786933898925781e+00) (65, 7.93709158897399902344e-01) (66, -6.23430684208869934082e-02) (67, -4.29890900850296020508e-01) (68, 9.36319604516029357910e-02) (69, 2.12141466140747070312e+00) (70, -2.27304190397262573242e-01) (71, -6.87205135822296142578e-01) (72, -7.43470549583435058594e-01) (73, 5.63517475128173828125e+00) (74, -1.39507889747619628906e+00) (75, -2.25563201904296875000e+01) (76, 2.28235602378845214844e+00) (77, 7.83594369888305664062e-01) (78, 1.79858684539794921875e-01) (79, -6.78376257419586181641e-02) (80, 8.21629285812377929688e-01) (81, 2.05822288990020751953e-01) (82, 2.70539140701293945312e+00) (83, 1.13156899809837341309e-01) (84, -3.93367409706115722656e-01) (85, 1.61077463626861572266e+00) (86, -3.81282269954681396484e-01) (87, 7.59860798716545104980e-02) (88, 2.58972167968750000000e-01) (89, -6.24030768871307373047e-01) (90, 5.92739045619964599609e-01) (91, -1.67709156870841979980e-01) (92, -1.49875724315643310547e+00) (93, -1.67631840705871582031e+00) (94, -7.28963688015937805176e-02) (95, -2.68940985202789306641e-01) (96, 4.97737586498260498047e-01) (97, 9.40129995346069335938e-01) (98, -6.34673714637756347656e-01) (99, 1.06633806228637695312e+00) (100, -5.37505000829696655273e-02) (101, 5.51013574004173278809e-02) (102, -1.35348117351531982422e+00) (103, 3.65202474594116210938e+00) (104, 9.42733705043792724609e-01) (0, -2.22014026641845703125e+01) (1, 1.04097202420234680176e-02) (2, 8.52474212646484375000e-01) (3, 3.77294006347656250000e+01) (4, 9.02238786220550537109e-01) (5, -1.40189900994300842285e-01) (6, -1.09836328774690628052e-02) (7, 4.84334751963615417480e-02) (8, -2.55201339721679687500e+00) (9, 8.76066684722900390625e-01) (10, -2.87752437591552734375e+00) (11, -3.32669764757156372070e-01) (12, 1.27583652734756469727e-01) (13, -1.99462270736694335938e+00) (14, 6.83650493621826171875e-01) (15, 3.84773790836334228516e-01) (16, 3.24934780597686767578e-01) (17, -2.82837724685668945312e+00) (18, 2.01239228248596191406e-01) (19, 2.19060033559799194336e-01) (20, 2.72790163755416870117e-01) (21, 1.45940661430358886719e+00) (22, -1.02159678936004638672e+00) (23, 6.41785115003585815430e-02) (24, 4.00568783283233642578e-01) (25, 4.09496843814849853516e-01) (26, 8.09196591377258300781e-01) (27, 6.15817844867706298828e-01) (28, 1.17140519618988037109e+00) (29, 8.03289115428924560547e-01) (30, 8.33443343639373779297e-01) (31, 7.49613046646118164062e-01) (32, 7.63579726219177246094e-01) (33, 1.04138672351837158203e+00) (34, 1.51920092105865478516e+00) (35, 8.22682380676269531250e-01) (36, 2.51451432704925537109e-01) (37, 1.67970192432403564453e+00) (38, 8.61209630966186523438e-01) (39, 6.47122681140899658203e-01) (40, 6.71515405178070068359e-01) (41, 1.88463068008422851562e+00) (42, 1.13897562026977539062e+00) (43, 1.57761681079864501953e+00) (44, 1.25633430480957031250e+00) (45, 6.17863059043884277344e-01) (46, 9.89525258541107177734e-01) (47, 6.89935207366943359375e-01) (48, 1.36103600263595581055e-01) (49, -6.74439370632171630859e-02) (50, -3.03208492696285247803e-02) (51, 2.88347661495208740234e-01) (52, 1.41538548469543457031e+00) (53, 6.48188114166259765625e-01) (54, 6.60972595214843750000e-01) (55, 1.92254602909088134766e-01) (56, 3.18887740373611450195e-01) (57, 6.32580518722534179688e-01) (58, 1.05870676040649414062e+00) (59, 6.24748587608337402344e-01) (60, 1.00935852527618408203e+00) (61, 4.90886569023132324219e-01) (62, 6.20429277420043945312e-01) (63, 4.42648530006408691406e-01) (64, -9.83974397182464599609e-01) (65, 4.81465697288513183594e-01) (66, 5.41338562965393066406e-01) (67, 4.12856876850128173828e-01) (68, -7.92353451251983642578e-02) (69, 5.33315539360046386719e-01) (70, 4.66717123985290527344e-01) (71, 7.66156375408172607422e-01) (72, 9.72568571567535400391e-01) (73, 1.72906434535980224609e+00) (74, 1.37313103675842285156e+00) (75, -2.01971397399902343750e+01) (76, 9.23367500305175781250e-01) (77, 1.46926045417785644531e+00) (78, 4.96809422969818115234e-01) (79, 7.87782430648803710938e-01) (80, 3.96660065650939941406e+00) (81, 8.29544305801391601562e-01) (82, 9.45702075958251953125e-01) (83, 8.82179141044616699219e-01) (84, -1.40621662139892578125e+01) (85, 3.43764448165893554688e+00) (86, 2.94168084859848022461e-01) (87, 2.04570841789245605469e+00) (88, 3.06255817413330078125e-01) (89, 4.13718879222869873047e-01) (90, 5.50291895866394042969e-01) (91, 1.25185430049896240234e+00) (92, 1.00943779945373535156e+00) (93, 8.67591977119445800781e-01) (94, 1.05263149738311767578e+00) (95, 1.54796636104583740234e+00) (96, 1.75481545925140380859e+00) (97, 1.30077040195465087891e+00) (98, 1.14517199993133544922e+00) (99, 1.10066342353820800781e+00) (100, 1.22849619388580322266e+00) (101, 2.23079133033752441406e+00) (102, 8.25420767068862915039e-02) (103, 1.99924373626708984375e+00) (104, 2.39043101668357849121e-01) (0, 3.00427258014678955078e-01) (1, 6.68308377265930175781e-01) (2, 4.49759781360626220703e-01) (3, -2.74791598320007324219e-01) (4, -1.10199064016342163086e-01) (5, 6.66695892810821533203e-01) (6, -4.51043993234634399414e-01) (7, 1.92041411995887756348e-01) (8, 1.36054009199142456055e-02) (9, -1.12314864993095397949e-01) (10, 3.39672178030014038086e-01) (11, -4.17815744876861572266e-01) (12, 4.52148735523223876953e-01) (13, 8.15398514270782470703e-01) (14, -3.16645324230194091797e-01) (15, -9.30823683738708496094e-02) (16, -2.47476115822792053223e-01) (17, 1.23242783546447753906e+00) (18, 7.46605634689331054688e-01) (19, -7.78097450733184814453e-01) (20, 7.12754070758819580078e-01) (21, 2.08072423934936523438e+00) (22, 1.26988577842712402344e+00) (23, 6.86780810356140136719e-01) (24, 4.31177243590354919434e-02) (25, -2.00887948274612426758e-01) (26, -8.13496410846710205078e-01) (27, -7.09398746490478515625e-01) (28, -1.12261492758989334106e-02) (29, -1.19730144739151000977e-01) (30, -3.61242145299911499023e-02) (31, 3.37944850325584411621e-02) (32, -3.97372215986251831055e-01) (33, 2.08768934011459350586e-01) (34, 1.95556223392486572266e-01) (35, -1.40684807300567626953e+00) (36, -4.69304025173187255859e-01) (37, -5.79532086849212646484e-02) (38, -6.05346485972404479980e-02) (39, -7.97378346323966979980e-02) (40, 5.86717307567596435547e-01) (41, 1.02002307772636413574e-01) (42, -7.88168549537658691406e-01) (43, 3.71324241161346435547e-01) (44, 3.63437682390213012695e-02) (45, 3.41162800788879394531e-01) (46, 8.13977271318435668945e-02) (47, 1.90527290105819702148e-01) (48, -3.55910956859588623047e-01) (49, -3.88975411653518676758e-01) (50, -7.58557915687561035156e-01) (51, -4.27119493484497070312e-01) (52, -7.63652980327606201172e-01) (53, -2.96310316771268844604e-02) (54, -5.83765745162963867188e-01) (55, -8.17049667239189147949e-03) (56, -8.11917841434478759766e-01) (57, -3.75813215970993041992e-01) (58, 1.44967412948608398438e+00) (59, 1.05607879161834716797e+00) (60, -6.99532866477966308594e-01) (61, 2.53821134567260742188e-01) (62, -3.81329715251922607422e-01) (63, -7.83770084381103515625e-01) (64, 1.37488842010498046875e+00) (65, -7.14101493358612060547e-01) (66, -1.84926465153694152832e-01) (67, 8.95850539207458496094e-01) (68, -1.01118780672550201416e-01) (69, -9.45076271891593933105e-02) (70, -5.02210378646850585938e-01) (71, -3.94863963127136230469e-01) (72, -7.67916679382324218750e-01) (73, 7.03743100166320800781e-01) (74, -5.09182035923004150391e-01) (75, 8.52570310235023498535e-02) (76, 1.09217512607574462891e+00) (77, -6.56199812889099121094e-01) (78, 2.44867610931396484375e+00) (79, -2.42601428180932998657e-02) (80, -7.08926677703857421875e-01) (81, -2.78145760297775268555e-01) (82, 2.98915188759565353394e-02) (83, -6.51571035385131835938e-01) (84, 1.77976295351982116699e-01) (85, 5.64295887947082519531e-01) (86, -8.51592004299163818359e-01) (87, -3.00344586372375488281e-01) (88, -8.91501307487487792969e-02) (89, 4.22005116939544677734e-01) (90, -2.40830443799495697021e-02) (91, -3.45386385917663574219e-01) (92, 1.30604714155197143555e-01) (93, 1.53906360268592834473e-01) (94, -8.03504467010498046875e-01) (95, -7.40351259708404541016e-01) (96, -2.94779777526855468750e-01) (97, -4.19117033481597900391e-01) (98, -1.08216591179370880127e-01) (99, -6.92756116390228271484e-01) (100, -7.66695141792297363281e-01) (101, 1.52471685409545898438e+00) (102, 1.84122395515441894531e+00) (103, 8.60812421888113021851e-03) (104, 2.53323626518249511719e+00) (0, 7.46981799602508544922e-01) (1, 5.45815646648406982422e-01) (2, 2.90939033031463623047e-01) (3, -3.74698042869567871094e-01) (4, -4.62544262409210205078e-01) (5, 8.68602335453033447266e-01) (6, 1.64054310321807861328e+00) (7, -4.45624440908432006836e-01) (8, 6.91916704177856445312e-01) (9, -7.35287487506866455078e-01) (10, -6.68761432170867919922e-01) (11, -2.99669981002807617188e-01) (12, 2.83154308795928955078e-01) (13, -8.40505301952362060547e-01) (14, 8.18850219249725341797e-01) (15, -4.98388826847076416016e-01) (16, -1.01239621639251708984e-01) (17, 8.80342796444892883301e-02) (18, 1.84718549251556396484e-01) (19, 1.94967478513717651367e-01) (20, -4.43976968526840209961e-02) (21, 8.66283476352691650391e-01) (22, 8.66631925106048583984e-01) (23, -3.67420583963394165039e-01) (24, -3.20904582738876342773e-01) (25, 6.10130786895751953125e-01) (26, 1.24063968658447265625e-01) (27, 1.78876787424087524414e-01) (28, -5.81321166828274726868e-03) (29, 6.31386280059814453125e-01) (30, 1.05803346633911132812e+00) (31, 7.56760016083717346191e-02) (32, 2.06799745559692382812e-01) (33, 2.50199407339096069336e-01) (34, 1.20515668392181396484e+00) (35, -3.55742126703262329102e-01) (36, 1.25274166464805603027e-01) (37, 9.18898046016693115234e-01) (38, 7.12994813919067382812e-01) (39, -7.12556898593902587891e-01) (40, 6.92158699035644531250e-01) (41, 1.84909081459045410156e+00) (42, 1.55679345130920410156e-01) (43, 7.40244984626770019531e-01) (44, 1.83530420064926147461e-01) (45, -1.64583235979080200195e-01) (46, -1.42848342657089233398e-01) (47, 1.69083058834075927734e-01) (48, 2.32415795326232910156e-01) (49, -8.13611984252929687500e-01) (50, -7.24948585033416748047e-01) (51, 1.70531213283538818359e-01) (52, -1.67594030499458312988e-01) (53, 2.90284872055053710938e-01) (54, 3.06701362133026123047e-01) (55, 1.57437384128570556641e+00) (56, -4.89527791738510131836e-01) (57, 3.23870897293090820312e-01) (58, -1.56101822853088378906e-01) (59, 3.94297510385513305664e-01) (60, -4.58034187555313110352e-01) (61, 5.98593503236770629883e-02) (62, -4.45720165967941284180e-01) (63, -8.20662140846252441406e-01) (64, -4.87694054841995239258e-01) (65, -6.97299897670745849609e-01) (66, -9.01746928691864013672e-01) (67, 9.24305081367492675781e-01) (68, 3.96299928426742553711e-01) (69, 6.21149361133575439453e-01) (70, -6.17194950580596923828e-01) (71, -4.34005320072174072266e-01) (72, -8.04748058319091796875e-01) (73, -5.46777904033660888672e-01) (74, -4.70845162868499755859e-01) (75, 2.39726603031158447266e-01) (76, 3.47639501094818115234e-01) (77, -6.75657510757446289062e-01) (78, -2.03294456005096435547e-01) (79, 3.85477364063262939453e-01) (80, 1.29588830471038818359e+00) (81, 2.68991798162460327148e-01) (82, -3.55062812566757202148e-01) (83, -6.78245067596435546875e-01) (84, 1.09416306018829345703e+00) (85, 2.90992528200149536133e-01) (86, -6.37250781059265136719e-01) (87, -1.23557008802890777588e-01) (88, -2.77788758277893066406e-01) (89, -7.36618161201477050781e-01) (90, 7.53197729587554931641e-01) (91, -7.07839310169219970703e-01) (92, -3.37726294994354248047e-01) (93, -5.97719490528106689453e-01) (94, -7.76912152767181396484e-01) (95, -1.62821009755134582520e-01) (96, -2.59989470243453979492e-01) (97, -5.00852048397064208984e-01) (98, -6.31548762321472167969e-01) (99, -7.01046228408813476562e-01) (100, -8.14174771308898925781e-01) (101, 3.44288527965545654297e-01) (102, 1.60800266265869140625e+00) (103, 4.09404516220092773438e-01) (104, 2.28153586387634277344e+00) (0, -9.56732630729675292969e-01) (1, -6.46880269050598144531e-01) (2, -1.26609992980957031250e+00) (3, 1.58502805233001708984e+00) (4, 2.81746119260787963867e-01) (5, 3.74244475364685058594e+00) (6, -2.88617491722106933594e-01) (7, -1.74446535110473632812e+00) (8, 4.28211212158203125000e-01) (9, 3.21084111928939819336e-01) (10, -1.53553831577301025391e+00) (11, -3.99410218000411987305e-01) (12, 5.87691247463226318359e-01) (13, -1.80568683147430419922e+00) (14, 2.39930227398872375488e-01) (15, -1.03278839588165283203e+00) (16, 5.80388486385345458984e-01) (17, 1.87544667720794677734e+00) (18, -5.94622313976287841797e-01) (19, -1.41482755541801452637e-01) (20, 1.89898645877838134766e+00) (21, -2.24535965919494628906e+00) (22, 1.66077935695648193359e+00) (23, 5.93632364273071289062e+00) (24, 1.81740796566009521484e+00) (25, -1.96554970741271972656e+00) (26, -9.33982074260711669922e-01) (27, -5.99937558174133300781e-01) (28, -1.23072288930416107178e-01) (29, -5.09639382362365722656e-01) (30, 1.02732181549072265625e-01) (31, -1.29666543006896972656e+00) (32, -1.96311986446380615234e+00) (33, -1.74269366264343261719e+00) (34, 1.09231758117675781250e+00) (35, 9.71824586391448974609e-01) (36, 3.85040462017059326172e-01) (37, 2.02628278732299804688e+00) (38, 5.59934496879577636719e-01) (39, -1.57027125358581542969e+00) (40, 1.20509946346282958984e+00) (41, -2.53236651420593261719e-01) (42, -5.47119021415710449219e-01) (43, -2.25252366065979003906e+00) (44, -1.36837315559387207031e+00) (45, 1.07494235038757324219e+00) (46, -9.68326389789581298828e-01) (47, -3.87920331954956054688e+00) (48, 2.82803233712911605835e-02) (49, 3.00106644630432128906e-01) (50, 4.89025354385375976562e-01) (51, 3.17730402946472167969e+00) (52, -6.50847613811492919922e-01) (53, -8.27309191226959228516e-01) (54, 2.28549933433532714844e+00) (55, 8.76869082450866699219e-01) (56, 4.42289412021636962891e-01) (57, -3.16996127367019653320e-02) (58, 8.96318495273590087891e-01) (59, 1.65435567498207092285e-01) (60, -5.50935626029968261719e-01) (61, 1.70559704303741455078e+00) (62, 1.45455121994018554688e+00) (63, -3.39349240064620971680e-01) (64, 4.68177080154418945312e-01) (65, -7.02983796596527099609e-01) (66, 6.53711110353469848633e-02) (67, 2.02057883143424987793e-01) (68, -8.31648886203765869141e-01) (69, -5.14110982418060302734e-01) (70, -5.25968313217163085938e-01) (71, -6.41608059406280517578e-01) (72, 2.43354707956314086914e-01) (73, 1.07110548019409179688e+00) (74, 1.79654166102409362793e-01) (75, 1.48353207111358642578e+00) (76, -5.74362203478813171387e-02) (77, -2.39579379558563232422e-01) (78, 4.29298251867294311523e-01) (79, -2.30641275644302368164e-01) (80, 6.53724372386932373047e-01) (81, -3.10626119375228881836e-01) (82, -7.69067287445068359375e-01) (83, -7.50693380832672119141e-01) (84, 1.84085953235626220703e+00) (85, -4.64863270521163940430e-01) (86, -1.07036173343658447266e+00) (87, 4.63407963514328002930e-01) (88, -1.73517656326293945312e+00) (89, 5.36970853805541992188e-01) (90, -7.90444433689117431641e-01) (91, -4.83545154333114624023e-01) (92, -8.64798203110694885254e-02) (93, 6.83204352855682373047e-01) (94, 2.99895312637090682983e-02) (95, 2.20083022117614746094e+00) (96, -2.12190240621566772461e-01) (97, -1.53082311153411865234e-01) (98, 9.77890253067016601562e-01) (99, -8.13136518001556396484e-01) (100, 4.96883451938629150391e-01) (101, 3.38521510362625122070e-01) (102, 6.05850267410278320312e+00) (103, -2.96078920364379882812e+00) (104, 2.73204517364501953125e+00) (0, -2.27196526527404785156e+00) (1, 1.08869063854217529297e+00) (2, 7.99049854278564453125e-01) (3, 9.81221318244934082031e-01) (4, -8.36339592933654785156e-02) (5, 7.75149226188659667969e-01) (6, -2.56723109632730484009e-02) (7, 2.98472046852111816406e-02) (8, 7.21970081329345703125e-01) (9, -7.40491151809692382812e-02) (10, 4.12693023681640625000e-02) (11, 4.71415996551513671875e-01) (12, -6.92532360553741455078e-02) (13, 9.25840020179748535156e-01) (14, -2.07319837063550949097e-02) (15, -6.46510273218154907227e-02) (16, -1.66141241788864135742e-01) (17, 3.76489460468292236328e-02) (18, 5.98444491624832153320e-02) (19, 1.02627170085906982422e+00) (20, 1.40031945705413818359e+00) (21, 2.40234851837158203125e-01) (22, 9.68407452106475830078e-01) (23, 1.38249814510345458984e-01) (24, 6.94159045815467834473e-02) (25, -2.98786640167236328125e-01) (26, -6.39954209327697753906e-02) (27, -9.87484976649284362793e-02) (28, -2.49547421932220458984e-01) (29, -2.51949399709701538086e-01) (30, -7.64365643262863159180e-02) (31, 5.65384805202484130859e-01) (32, -1.74395248293876647949e-01) (33, 1.82300937175750732422e+00) (34, -4.00778353214263916016e-02) (35, 5.25824308395385742188e-01) (36, 4.60798680782318115234e-01) (37, 1.41590058803558349609e+00) (38, 9.30788755416870117188e-01) (39, 6.92285537719726562500e-01) (40, 3.33448052406311035156e-01) (41, 9.20406043529510498047e-01) (42, -8.81422832608222961426e-02) (43, 2.63855266571044921875e+00) (44, -2.26770758628845214844e-01) (45, -3.81091475486755371094e-01) (46, 8.60006153583526611328e-01) (47, 6.78078085184097290039e-02) (48, 8.04872274398803710938e-01) (49, 8.32180738449096679688e-01) (50, 8.25227677822113037109e-01) (51, 1.35481810569763183594e+00) (52, 9.82315480709075927734e-01) (53, -1.06514571234583854675e-02) (54, -3.04639887809753417969e+00) (55, 5.55651128292083740234e-01) (56, 1.39724421501159667969e+00) (57, -2.89782762527465820312e-01) (58, -1.95061075687408447266e+00) (59, 7.03081417083740234375e+00) (60, 4.36261817812919616699e-02) (61, 4.66743946075439453125e-01) (62, 1.58208560943603515625e+00) (63, -3.69336716830730438232e-02) (64, -2.83172279596328735352e-02) (65, 3.12926769256591796875e-01) (66, -1.60085514187812805176e-01) (67, 4.11348438262939453125e+00) (68, -1.51346877217292785645e-01) (69, 1.04415690898895263672e+00) (70, 3.37235689163208007812e-01) (71, 2.66106367111206054688e-01) (72, -2.67052687704563140869e-02) (73, 3.24969172477722167969e-01) (74, 4.98933494091033935547e-01) (75, -2.18058757781982421875e+01) (76, 1.54980689287185668945e-01) (77, 8.46817076206207275391e-01) (78, 2.60374128818511962891e-01) (79, 3.82110774517059326172e-01) (80, 6.96347594261169433594e-01) (81, 2.45091944932937622070e-01) (82, 8.67605745792388916016e-01) (83, 4.80208516120910644531e-01) (84, 3.26806366443634033203e-01) (85, 1.85159897804260253906e+00) (86, -1.23879320919513702393e-01) (87, 4.84445273876190185547e-01) (88, 4.51829209923744201660e-02) (89, 4.60450351238250732422e-02) (90, 1.85763418674468994141e-01) (91, 9.85258400440216064453e-01) (92, 5.78417778015136718750e-01) (93, 2.61081337928771972656e-01) (94, 1.48300260305404663086e-01) (95, 1.44341230392456054688e-01) (96, 5.46817600727081298828e-01) (97, 3.62995624542236328125e-01) (98, 6.38572871685028076172e-01) (99, -5.80530576407909393311e-02) (100, 1.14598020911216735840e-01) (101, 8.43413114547729492188e-01) (102, 2.77513397216796875000e+02) (103, -1.96382522583007812500e+02) (104, 1.47509145736694335938e+00) (0, -3.74767208099365234375e+00) (1, 7.46660590171813964844e-01) (2, 2.43808478116989135742e-01) (3, 3.25176119804382324219e+00) (4, 1.34207177162170410156e+00) (5, -2.53154803067445755005e-03) (6, 1.51228749752044677734e+00) (7, -3.43718320131301879883e-01) (8, 1.27358078956604003906e+00) (9, 1.05183613300323486328e+00) (10, 2.90204286575317382812e-01) (11, -5.44280767440795898438e-01) (12, 3.25572550296783447266e-01) (13, 2.82305407524108886719e+00) (14, 3.25766146183013916016e-01) (15, 1.03633129596710205078e+00) (16, -1.73044368624687194824e-01) (17, 4.10521507263183593750e-01) (18, -9.13012027740478515625e-01) (19, 9.76517498493194580078e-01) (20, 1.73125779628753662109e+00) (21, 8.49421977996826171875e-01) (22, 8.40134453028440475464e-04) (23, -2.13063240051269531250e-01) (24, 9.96381938457489013672e-01) (25, -1.52257454395294189453e+00) (26, 9.54228714108467102051e-02) (27, -6.90065324306488037109e-02) (28, 3.24998617172241210938e-01) (29, 8.80440592765808105469e-01) (30, -3.30920428037643432617e-01) (31, 9.45767879486083984375e-01) (32, -5.65189957618713378906e-01) (33, 4.11486387252807617188e+00) (34, 8.23435187339782714844e-01) (35, 6.47960066795349121094e-01) (36, 1.74010425806045532227e-01) (37, 2.92705595493316650391e-01) (38, 5.55985629558563232422e-01) (39, 1.67560189962387084961e-01) (40, 7.78336644172668457031e-01) (41, 1.25221872329711914062e+00) (42, 9.38300371170043945312e-01) (43, 1.33745956420898437500e+00) (44, 4.00938063859939575195e-01) (45, 6.61976635456085205078e-01) (46, 1.47775816917419433594e+00) (47, 1.13567423820495605469e+00) (48, 6.53593420982360839844e-01) (49, 1.20290279388427734375e+00) (50, 9.93023693561553955078e-01) (51, 1.41061198711395263672e+00) (52, 2.14519214630126953125e+00) (53, -6.83933347463607788086e-02) (54, -1.99237382411956787109e+00) (55, 2.18106716871261596680e-01) (56, 2.74368524551391601562e-01) (57, 1.49561166763305664062e-01) (58, 1.29213899374008178711e-01) (59, 2.25644111633300781250e-01) (60, 5.09969532489776611328e-01) (61, 1.80762565135955810547e+00) (62, 9.69461321830749511719e-01) (63, 6.42936348915100097656e-01) (64, 1.80424511432647705078e+00) (65, 6.33699953556060791016e-01) (66, -1.28333771228790283203e+00) (67, -3.78620624542236328125e-01) (68, 2.32177406549453735352e-01) (69, -7.22349464893341064453e-01) (70, 3.63760352134704589844e-01) (71, 5.16748726367950439453e-01) (72, 1.69286876916885375977e-01) (73, -4.98996734619140625000e+00) (74, 6.09214305877685546875e-01) (75, -2.15451831817626953125e+01) (76, 9.81948256492614746094e-01) (77, 9.76673007011413574219e-01) (78, 9.35981750488281250000e-01) (79, 2.17373371124267578125e-01) (80, 8.58346366882324218750e+00) (81, 5.47109901905059814453e-01) (82, 6.07083857059478759766e-01) (83, 7.96898543834686279297e-01) (84, -1.20162668228149414062e+01) (85, 1.13237309455871582031e+00) (86, -8.46521496772766113281e-01) (87, 7.23155140876770019531e-01) (88, 9.47510361671447753906e-01) (89, -1.25393497943878173828e+00) (90, -1.46119624376296997070e-01) (91, 1.73125731945037841797e+00) (92, 7.46417462825775146484e-01) (93, 1.31328850984573364258e-01) (94, 5.55916190147399902344e-01) (95, 1.07372629642486572266e+00) (96, 1.02725172042846679688e+00) (97, 7.15363204479217529297e-01) (98, 1.08479940891265869141e+00) (99, 7.34890043735504150391e-01) (100, 1.99937939643859863281e-01) (101, 6.50748550891876220703e-01) (102, 2.77574829101562500000e+02) (103, -1.96397567749023437500e+02) (104, 1.17454063892364501953e+00) (0, 7.87157595157623291016e-01) (1, -4.99938160181045532227e-01) (2, 2.91426509618759155273e-01) (3, -3.85944217443466186523e-01) (4, -1.85159817337989807129e-01) (5, -1.16770327091217041016e+00) (6, 9.97799158096313476562e-01) (7, -6.02522432804107666016e-01) (8, 6.65846288204193115234e-01) (9, -2.17322766780853271484e-01) (10, 9.67376351356506347656e-01) (11, -2.22255736589431762695e-01) (12, -8.97215962409973144531e-01) (13, 8.23210597038269042969e-01) (14, 5.63543796539306640625e-01) (15, -4.90112543106079101562e-01) (16, -7.34771013259887695312e-01) (17, 1.37187197804450988770e-01) (18, -6.80723547935485839844e-01) (19, 7.09503516554832458496e-02) (20, 8.19796502590179443359e-01) (21, -1.25550246238708496094e+00) (22, 1.61656427383422851562e+00) (23, 2.42390856146812438965e-01) (24, 2.49468814581632614136e-02) (25, -7.45581984519958496094e-01) (26, 9.57468688488006591797e-01) (27, -7.60885536670684814453e-01) (28, -7.21472322940826416016e-01) (29, -3.82752895355224609375e-01) (30, 3.30546230077743530273e-01) (31, 5.10060548782348632812e-01) (32, -3.61842483282089233398e-01) (33, 1.27710628509521484375e+00) (34, 1.62814545631408691406e+00) (35, -7.61260151863098144531e-01) (36, 8.08716177940368652344e-01) (37, 1.17502593994140625000e+00) (38, 7.86332190036773681641e-01) (39, -8.14126059412956237793e-02) (40, 1.14751255512237548828e+00) (41, 1.42397344112396240234e+00) (42, -3.55232447385787963867e-01) (43, 9.34282779693603515625e-01) (44, -2.22674340009689331055e-01) (45, 7.45985567569732666016e-01) (46, 1.14292919635772705078e+00) (47, 7.78511226177215576172e-01) (48, -1.67328581213951110840e-01) (49, 3.23331624269485473633e-01) (50, -7.16194987297058105469e-01) (51, -1.44539490342140197754e-01) (52, 2.80466526746749877930e-01) (53, -8.01088511943817138672e-01) (54, -1.35573357343673706055e-01) (55, -2.21372175216674804688e+00) (56, -4.76044744253158569336e-01) (57, 1.10229380428791046143e-01) (58, 1.20741643011569976807e-01) (59, 1.51564216613769531250e+00) (60, -4.25789713859558105469e-01) (61, 1.82380065321922302246e-01) (62, -8.58358681201934814453e-01) (63, -4.22405093908309936523e-01) (64, 6.41202703118324279785e-02) (65, -3.52866530418395996094e-01) (66, -5.10539352893829345703e-01) (67, -5.43751895427703857422e-01) (68, 6.75017714500427246094e-01) (69, -4.87197190523147583008e-01) (70, -4.98801171779632568359e-01) (71, -8.91291022300720214844e-01) (72, 3.02877575159072875977e-01) (73, -7.63480842113494873047e-01) (74, 2.50327080488204956055e-01) (75, 1.03608369827270507812e+00) (76, -4.63928163051605224609e-01) (77, -7.88241326808929443359e-02) (78, 6.00477382540702819824e-02) (79, 1.04736232757568359375e+00) (80, 6.62095487117767333984e-01) (81, -5.84347955882549285889e-02) (82, 6.79772555828094482422e-01) (83, 2.43158359080553054810e-02) (84, -1.88134964555501937866e-02) (85, 7.63104736804962158203e-01) (86, -3.60715329647064208984e-01) (87, -1.51091253757476806641e+00) (88, 2.01069161295890808105e-01) (89, -5.64129054546356201172e-01) (90, -2.15299367904663085938e-01) (91, -2.82820522785186767578e-01) (92, -2.79028236865997314453e-01) (93, -1.87038034200668334961e-01) (94, -4.08408641815185546875e-01) (95, 2.39683344960212707520e-01) (96, -8.82369756698608398438e-01) (97, 9.21800673007965087891e-01) (98, 3.40024799108505249023e-01) (99, 1.64305008947849273682e-02) (100, -6.27429425716400146484e-01) (101, -3.74209165573120117188e-01) (102, 1.12163579463958740234e+00) (103, 7.72255182266235351562e-01) (104, 2.51461482048034667969e+00) (0, 6.65891766548156738281e-01) (1, -4.82184588909149169922e-01) (2, 6.34112656116485595703e-01) (3, 5.71468830108642578125e-01) (4, 1.47974741458892822266e+00) (5, 1.40480446815490722656e+00) (6, -6.58862411975860595703e-01) (7, 3.70477765798568725586e-01) (8, -2.88074803352355957031e+00) (9, 1.95565485954284667969e+00) (10, 2.35504984855651855469e+00) (11, -8.35999429225921630859e-01) (12, -1.36767983436584472656e+00) (13, 2.94233828783035278320e-01) (14, -3.38442921638488769531e+00) (15, 3.45205217599868774414e-01) (16, -2.04774665832519531250e+00) (17, -1.35823726654052734375e+00) (18, 3.05079364776611328125e+00) (19, 2.16526365280151367188e+00) (20, -1.59070098400115966797e+00) (21, -1.31715238094329833984e+00) (22, 8.22685420513153076172e-01) (23, 7.67023861408233642578e-01) (24, -2.28864216804504394531e+00) (25, -4.49857378005981445312e+00) (26, -2.08908557891845703125e+00) (27, -5.57080125808715820312e+00) (28, 2.38348364830017089844e+00) (29, -3.06029653549194335938e+00) (30, 2.45229768753051757812e+00) (31, 1.24453103542327880859e+00) (32, -9.59909439086914062500e-01) (33, 1.97703695297241210938e+00) (34, 4.92852210998535156250e-01) (35, -2.45016837120056152344e+00) (36, -1.13923907279968261719e+00) (37, 1.04702897369861602783e-01) (38, -5.15749812126159667969e-01) (39, -5.99716067314147949219e-01) (40, -6.37281298637390136719e-01) (41, 1.31094384193420410156e+00) (42, -8.29762637615203857422e-01) (43, 3.47585678100585937500e+00) (44, -2.57886022329330444336e-01) (45, 3.81411123275756835938e+00) (46, 1.90010356903076171875e+00) (47, 6.30499601364135742188e+00) (48, 5.38942575454711914062e-01) (49, 2.92495942115783691406e+00) (50, 3.64423245191574096680e-01) (51, 6.32273316383361816406e-01) (52, -1.82139599323272705078e+00) (53, -1.27807557582855224609e+00) (54, 1.83510467410087585449e-01) (55, -1.22202463448047637939e-01) (56, -2.50673908740282058716e-02) (57, -1.55584478378295898438e+00) (58, -2.05355435609817504883e-01) (59, -1.87831449508666992188e+00) (60, -1.97143936157226562500e+00) (61, -1.35324001312255859375e+00) (62, -4.08631384372711181641e-01) (63, -6.15234494209289550781e-01) (64, -4.19988483190536499023e-01) (65, 1.22851717472076416016e+00) (66, -6.59014105796813964844e-01) (67, -2.41965487599372863770e-01) (68, -7.68237352371215820312e-01) (69, -5.61131119728088378906e-01) (70, -4.77092295885086059570e-01) (71, -7.51356720924377441406e-01) (72, 1.21541953086853027344e+00) (73, -6.57998502254486083984e-01) (74, -3.75553786754608154297e-01) (75, -1.94909679889678955078e+00) (76, -9.59351658821105957031e-01) (77, 9.41802203655242919922e-01) (78, -8.07948827743530273438e-01) (79, -8.85687708854675292969e-01) (80, 2.70936693996191024780e-02) (81, -2.51754522323608398438e-01) (82, -3.11085760593414306641e-01) (83, 3.98851007223129272461e-01) (84, 2.41425260901451110840e-01) (85, 3.52445453405380249023e-01) (86, -3.18324416875839233398e-01) (87, 9.03370738029479980469e-01) (88, 1.39203143119812011719e+00) (89, -1.32137566804885864258e-01) (90, 3.06008070707321166992e-01) (91, 4.10881727933883666992e-01) (92, 7.73000836372375488281e-01) (93, -4.51601266860961914062e-01) (94, -2.30307072401046752930e-01) (95, 1.33620724081993103027e-01) (96, 4.41459298133850097656e-01) (97, 8.03501307964324951172e-01) (98, 7.98231780529022216797e-01) (99, -6.42520785331726074219e-01) (100, -2.50546693801879882812e-01) (101, -5.88343799114227294922e-01) (102, -4.70943115234375000000e+02) (103, 6.58102966308593750000e+02) (104, 2.21057009696960449219e+00) (0, 3.94398123025894165039e-01) (1, -1.80800199508666992188e+00) (2, -8.59123229980468750000e-01) (3, -1.43429279327392578125e+00) (4, -9.17875528335571289062e-01) (5, 2.32118272781372070312e+00) (6, -7.52383589744567871094e-01) (7, -9.49342906475067138672e-01) (8, 2.01664185523986816406e+00) (9, 1.16613566875457763672e+00) (10, -2.86734282970428466797e-01) (11, 1.57074761390686035156e+00) (12, 1.13190293312072753906e+00) (13, -3.08026003837585449219e+00) (14, -8.75399947166442871094e-01) (15, 2.61753320693969726562e-01) (16, -1.52128016948699951172e+00) (17, -3.02559316158294677734e-01) (18, 7.99301564693450927734e-02) (19, -1.27535760402679443359e-01) (20, -6.89045935869216918945e-02) (21, -4.57676261663436889648e-01) (22, 4.52217906713485717773e-01) (23, 1.73764824867248535156e+00) (24, 1.20206463336944580078e+00) (25, 2.79991626739501953125e-01) (26, -4.15203005075454711914e-01) (27, -6.79919779300689697266e-01) (28, 1.32095539569854736328e+00) (29, -1.57107663154602050781e+00) (30, -7.30986952781677246094e-01) (31, 7.85871446132659912109e-01) (32, 1.67562675476074218750e+00) (33, -5.08056759834289550781e-01) (34, 2.09954380989074707031e+00) (35, 2.31551194190979003906e+00) (36, 5.52302300930023193359e-01) (37, 5.10730743408203125000e-01) (38, 2.61628061532974243164e-01) (39, 1.06697010993957519531e+00) (40, 1.80239811539649963379e-01) (41, 3.56937074661254882812e+00) (42, 8.27548746019601821899e-03) (43, -1.10469698905944824219e+00) (44, -6.01676762104034423828e-01) (45, -5.17963707447052001953e-01) (46, 3.02102208137512207031e+00) (47, 8.96893620491027832031e-01) (48, -6.97894930839538574219e-01) (49, -7.81863152980804443359e-01) (50, 1.33999991416931152344e+00) (51, 7.67334818840026855469e-01) (52, -2.23872160911560058594e+00) (53, -1.23208388686180114746e-01) (54, -4.87440973520278930664e-01) (55, 2.14318823814392089844e+00) (56, -7.84747481346130371094e-01) (57, -4.19585853815078735352e-01) (58, -2.52851438522338867188e+00) (59, -4.64454621076583862305e-01) (60, -3.90094906091690063477e-01) (61, 1.32492017745971679688e+00) (62, -4.90795671939849853516e-01) (63, 1.89195525646209716797e+00) (64, 7.71517693996429443359e-01) (65, 3.78049284219741821289e-01) (66, 1.29703152179718017578e+00) (67, -5.43447673320770263672e-01) (68, -1.18016350269317626953e+00) (69, -8.97749066352844238281e-01) (70, 1.10438084602355957031e+00) (71, 2.69262418150901794434e-02) (72, 3.86944055557250976562e-01) (73, 4.64260721206665039062e+00) (74, -8.30012559890747070312e-01) (75, 1.08162403106689453125e+00) (76, -1.06813061237335205078e+00) (77, -7.85307168960571289062e-01) (78, 1.29210197925567626953e+00) (79, 3.76589559018611907959e-02) (80, -4.97574880719184875488e-02) (81, -3.78038716316223144531e+00) (82, -6.63713514804840087891e-01) (83, -1.29778373241424560547e+00) (84, 1.19997680187225341797e+00) (85, -2.16368198394775390625e+00) (86, 1.03573977947235107422e+00) (87, -8.81750345230102539062e-01) (88, 1.87636029720306396484e+00) (89, 1.08271622657775878906e+00) (90, 1.10130679607391357422e+00) (91, 8.02777886390686035156e-01) (92, 8.69799196720123291016e-01) (93, -2.53747749328613281250e+00) (94, -3.86202991008758544922e-01) (95, -6.76333963871002197266e-01) (96, -1.05113379657268524170e-01) (97, 1.50007653236389160156e+00) (98, -2.12094895541667938232e-02) (99, 1.21029961109161376953e+00) (100, -1.15189182758331298828e+00) (101, 1.50690925121307373047e+00) (102, -6.67881369590759277344e-01) (103, 2.81612801551818847656e+00) (104, 1.38472223281860351562e+00) (0, 1.72009754180908203125e+01) (1, 8.32274556159973144531e-01) (2, 2.22421336174011230469e+00) (3, 1.78965592384338378906e+00) (4, 2.22890877723693847656e+00) (5, 1.61161375045776367188e+00) (6, 1.28290486335754394531e+00) (7, 1.72039186954498291016e+00) (8, 5.28265357017517089844e-01) (9, 2.32154154777526855469e+00) (10, 1.57640385627746582031e+00) (11, -8.22908401489257812500e+01) (12, 1.46646273136138916016e+00) (13, 6.48036241531372070312e-01) (14, 1.66294407844543457031e+00) (15, 1.61675870418548583984e+00) (16, 1.70195794105529785156e+00) (17, 1.64102053642272949219e+00) (18, 2.02830052375793457031e+00) (19, 2.40847897529602050781e+00) (20, 9.93053197860717773438e-01) (21, 9.27319586277008056641e-01) (22, -7.58083224296569824219e-01) (23, 1.54901981353759765625e+00) (24, 8.75965893268585205078e-01) (25, 1.70666372776031494141e+00) (26, 1.76435673236846923828e+00) (27, 1.72788500785827636719e+00) (28, 1.80440127849578857422e+00) (29, 1.68336951732635498047e+00) (30, 1.75665724277496337891e+00) (31, 1.82651686668395996094e+00) (32, 1.86309885978698730469e+00) (33, 1.55479061603546142578e+00) (34, 1.38709592819213867188e+00) (35, 1.85517477989196777344e+00) (36, 1.80898201465606689453e+00) (37, 8.38355660438537597656e-01) (38, 1.21851837635040283203e+00) (39, 1.90469801425933837891e+00) (40, 1.82420301437377929688e+00) (41, 6.38335168361663818359e-01) (42, 1.48676693439483642578e+00) (43, 1.17838287353515625000e+00) (44, 1.53693222999572753906e+00) (45, 1.86681592464447021484e+00) (46, 2.15858340263366699219e+00) (47, 1.33369588851928710938e+00) (48, 2.37796592712402343750e+00) (49, 2.49148702621459960938e+00) (50, 2.37476062774658203125e+00) (51, 1.55357861518859863281e+00) (52, 1.57944023609161376953e+00) (53, 1.30335474014282226562e+00) (54, 1.29058539867401123047e+00) (55, 8.37969779968261718750e-01) (56, 2.32399320602416992188e+00) (57, 1.65833067893981933594e+00) (58, 2.02877545356750488281e+00) (59, 1.01982271671295166016e+00) (60, 2.14289641380310058594e+00) (61, 1.61650145053863525391e+00) (62, 1.10077738761901855469e+00) (63, 2.28322052955627441406e+00) (64, 1.28536558151245117188e+00) (65, 2.01604723930358886719e+00) (66, 2.66813969612121582031e+00) (67, 1.60831093788146972656e+00) (68, 2.07774066925048828125e+00) (69, 7.56624996662139892578e-01) (70, 1.85209536552429199219e+00) (71, 1.68774056434631347656e+00) (72, 2.48059034347534179688e+00) (73, 1.52154457569122314453e+00) (74, 1.95228648185729980469e+00) (75, 3.89551849365234375000e+01) (76, 1.51321625709533691406e+00) (77, 2.15199470520019531250e+00) (78, 1.50330746173858642578e+00) (79, 1.98708307743072509766e+00) (80, -4.12626419067382812500e+01) (81, 1.38364064693450927734e+00) (82, 2.29539108276367187500e+00) (83, 1.89067196846008300781e+00) (84, 4.12616386413574218750e+01) (85, 1.32297217845916748047e+00) (86, 1.93762004375457763672e+00) (87, 1.91045320034027099609e+00) (88, 2.10454177856445312500e+00) (89, 2.13761806488037109375e+00) (90, 1.95353460311889648438e+00) (91, 2.29742741584777832031e+00) (92, 2.09772348403930664062e+00) (93, 2.46352148056030273438e+00) (94, 2.25516390800476074219e+00) (95, 1.86978173255920410156e+00) (96, 2.09002327919006347656e+00) (97, 2.06746482849121093750e+00) (98, 2.26340818405151367188e+00) (99, 2.41369152069091796875e+00) (100, 2.37689161300659179688e+00) (101, 6.60228788852691650391e-01) (102, -6.58148431777954101562e+00) (103, 1.22628431320190429688e+01) (104, -5.62599226832389831543e-02) (0, -1.78808724880218505859e+00) (1, 9.48123276233673095703e-01) (2, -7.49622344970703125000e-01) (3, 2.51408785581588745117e-01) (4, 4.41244184970855712891e-01) (5, -4.61683988571166992188e-01) (6, 1.35643392801284790039e-01) (7, -7.23023891448974609375e-01) (8, -5.47947287559509277344e-01) (9, -7.26719617843627929688e-01) (10, -8.01792800426483154297e-01) (11, -7.95521378517150878906e-01) (12, 5.27927637100219726562e-01) (13, -7.65570878982543945312e-01) (14, -4.85767990350723266602e-01) (15, -7.34708786010742187500e-01) (16, -7.31369435787200927734e-01) (17, -1.28282070159912109375e-01) (18, -6.83949530124664306641e-01) (19, -7.58244574069976806641e-01) (20, 8.82142961025238037109e-01) (21, 1.22088325023651123047e+00) (22, 1.81059092283248901367e-01) (23, -6.92342579364776611328e-01) (24, 2.52264648675918579102e-01) (25, -4.37324553728103637695e-01) (26, 3.18185269832611083984e-01) (27, 3.04739713668823242188e-01) (28, 1.06791406869888305664e-01) (29, -1.77988976240158081055e-01) (30, -4.27025198936462402344e-01) (31, 2.94473413378000259399e-02) (32, 8.75826656818389892578e-01) (33, 2.57160305976867675781e-01) (34, 4.95495736598968505859e-01) (35, -2.35356733202934265137e-01) (36, -7.52342283725738525391e-01) (37, 3.90501260757446289062e-01) (38, -3.46205025911331176758e-01) (39, 3.95662575960159301758e-01) (40, 6.27631902694702148438e-01) (41, 1.08090829849243164062e+00) (42, 7.48350203037261962891e-01) (43, 1.47253155708312988281e+00) (44, 5.73456764221191406250e-01) (45, -5.19766211509704589844e-02) (46, -9.71509873867034912109e-01) (47, 8.25212299823760986328e-01) (48, -6.94099187850952148438e-01) (49, -1.35740995407104492188e-01) (50, 3.01245748996734619141e-01) (51, 8.18831264972686767578e-01) (52, 1.02323806285858154297e+00) (53, -4.34571504592895507812e-01) (54, 1.17536389827728271484e+00) (55, 1.56390988826751708984e+00) (56, 5.82939505577087402344e-01) (57, -1.29251241683959960938e+00) (58, -6.92685246467590332031e-01) (59, -2.99266815185546875000e-01) (60, 5.23071885108947753906e-01) (61, -3.91406238079071044922e-01) (62, 3.91211748123168945312e-01) (63, 3.19085568189620971680e-01) (64, -4.08496797084808349609e-01) (65, 5.73748707771301269531e-01) (66, 1.29080653190612792969e+00) (67, -1.66692793369293212891e+00) (68, -7.59778857231140136719e-01) (69, -5.67073047161102294922e-01) (70, -4.83588784933090209961e-01) (71, -1.80479846894741058350e-02) (72, 4.24882322549819946289e-02) (73, 1.76760852336883544922e-01) (74, 3.96119356155395507812e-01) (75, -8.56558978557586669922e-02) (76, -1.09844851493835449219e+00) (77, 5.55169045925140380859e-01) (78, -2.14648723602294921875e-01) (79, -2.62915194034576416016e-02) (80, 1.39834666252136230469e+00) (81, -3.47832888364791870117e-01) (82, 1.05632580816745758057e-01) (83, 7.09998235106468200684e-02) (84, -1.28826045989990234375e+00) (85, 4.06729161739349365234e-01) (86, -3.95041823387145996094e-01) (87, 7.28836536407470703125e-01) (88, 9.53521966934204101562e-01) (89, -1.03286504745483398438e-01) (90, -1.35470473766326904297e+00) (91, -1.07679925858974456787e-01) (92, -3.65148127079010009766e-01) (93, 1.57942742109298706055e-01) (94, 5.64961552619934082031e-01) (95, 3.94260108470916748047e-01) (96, 8.91861438751220703125e-01) (97, 1.37352615594863891602e-01) (98, -8.20024192333221435547e-01) (99, -5.38345634937286376953e-01) (100, -6.79085731506347656250e-01) (101, 9.01479482650756835938e-01) (102, -1.10770978033542633057e-01) (103, 1.95948207378387451172e+00) (104, 8.36068212985992431641e-01) (0, -8.95344853401184082031e-01) (1, -5.05823493003845214844e-01) (2, 1.40894877910614013672e+00) (3, 1.03619277477264404297e+00) (4, 5.03018379211425781250e-01) (5, -1.18116939067840576172e+00) (6, 6.01615726947784423828e-01) (7, 1.87945580482482910156e+00) (8, -1.32647013664245605469e+00) (9, 1.12173509597778320312e+00) (10, 6.47599220275878906250e+00) (11, 1.19516587257385253906e+00) (12, -5.34441769123077392578e-01) (13, 1.51066863909363746643e-02) (14, 6.84119313955307006836e-02) (15, -2.49378514289855957031e+00) (16, 2.77145075798034667969e+00) (17, 2.82573908567428588867e-01) (18, -2.13520550727844238281e+00) (19, 9.42330598831176757812e-01) (20, 3.38808822631835937500e+00) (21, -8.93662452697753906250e-01) (22, -2.70834475755691528320e-01) (23, 2.08693671226501464844e+00) (24, -1.99667954444885253906e+00) (25, -3.06683683395385742188e+00) (26, 8.34374785423278808594e-01) (27, -5.51817274093627929688e+00) (28, -1.37400436401367187500e+00) (29, 1.77571010589599609375e+00) (30, -3.52017909288406372070e-01) (31, -1.61641404032707214355e-01) (32, -5.45460760593414306641e-01) (33, -9.48427140712738037109e-01) (34, -4.24255418777465820312e+00) (35, 1.72851371765136718750e+00) (36, -7.42047250270843505859e-01) (37, -1.57867997884750366211e-01) (38, 7.18274593353271484375e+00) (39, -6.92892372608184814453e-01) (40, 5.62646102905273437500e+00) (41, -6.83766543865203857422e-01) (42, -1.07184201478958129883e-01) (43, -3.21520638465881347656e+00) (44, 1.45349204540252685547e+00) (45, 8.51315200328826904297e-01) (46, -9.53635394573211669922e-01) (47, -5.13559281826019287109e-01) (48, -8.27185249328613281250e+00) (49, 6.34117186069488525391e-01) (50, 3.28727197647094726562e+00) (51, 5.72057545185089111328e-01) (52, -1.68388485908508300781e+00) (53, -8.89375388622283935547e-01) (54, 3.91739189624786376953e-01) (55, 2.60122036933898925781e+00) (56, 9.41941738128662109375e-01) (57, -5.53257584571838378906e-01) (58, -1.38806056976318359375e+00) (59, -1.73977240920066833496e-01) (60, -3.85033525526523590088e-03) (61, 1.68886482715606689453e-01) (62, -1.13739466667175292969e+00) (63, -1.05424928665161132812e+00) (64, -1.36046364903450012207e-01) (65, -7.25043118000030517578e-01) (66, -5.59144377708435058594e-01) (67, -5.51136910915374755859e-01) (68, -7.58220195770263671875e-01) (69, 1.07100164890289306641e+00) (70, 3.04462742805480957031e+00) (71, 8.94456148147583007812e-01) (72, 1.30248284339904785156e+00) (73, 9.88897800445556640625e-01) (74, 1.92642736434936523438e+00) (75, 1.04321038722991943359e+00) (76, -1.92678892612457275391e+00) (77, -1.99303969740867614746e-01) (78, -4.69901949167251586914e-01) (79, 6.16815865039825439453e-01) (80, -2.60078281164169311523e-01) (81, 3.11591655015945434570e-01) (82, -1.26466259360313415527e-01) (83, -6.97070419788360595703e-01) (84, -7.95227229595184326172e-01) (85, 1.74435034394264221191e-01) (86, 3.29577207565307617188e-01) (87, 2.30245310813188552856e-02) (88, -7.36411392688751220703e-01) (89, -8.10599327087402343750e-01) (90, 1.70061923563480377197e-02) (91, -7.33652651309967041016e-01) (92, -4.92112666368484497070e-01) (93, 3.58577132225036621094e-01) (94, -6.22519373893737792969e-01) (95, -6.60767257213592529297e-01) (96, -5.64654707908630371094e-01) (97, -7.22420156002044677734e-01) (98, -7.79058098793029785156e-01) (99, -5.94534754753112792969e-01) (100, -7.40411043167114257812e-01) (101, 2.33748316764831542969e-01) (102, -3.35132002830505371094e+00) (103, 6.24199581146240234375e+00) (104, 1.45726799964904785156e+00) (0, -5.96025943756103515625e-01) (1, 1.61382281780242919922e+00) (2, 8.13467860221862792969e-01) (3, 5.33363521099090576172e-01) (4, -3.20036828517913818359e-01) (5, 2.04288554191589355469e+00) (6, 1.06785976886749267578e+00) (7, -2.41963243484497070312e+00) (8, -1.00753653049468994141e+00) (9, 6.34179115295410156250e-01) (10, -1.55215799808502197266e-01) (11, -6.76065862178802490234e-01) (12, -8.39318752288818359375e-01) (13, 4.65428024530410766602e-01) (14, -1.08358764648437500000e+00) (15, -1.16819657385349273682e-01) (16, -1.02026319503784179688e+00) (17, 5.82644864916801452637e-02) (18, 1.87466752529144287109e+00) (19, 7.49479904770851135254e-02) (20, 9.56955254077911376953e-01) (21, 3.86959135532379150391e-01) (22, 6.17303848266601562500e-01) (23, 8.32376897335052490234e-01) (24, 1.10220158100128173828e+00) (25, 9.89177465438842773438e-01) (26, 8.35140764713287353516e-01) (27, -7.93812692165374755859e-01) (28, -7.80187666416168212891e-01) (29, -1.96977210044860839844e+00) (30, -8.91662955284118652344e-01) (31, -1.58444017171859741211e-01) (32, -7.20855653285980224609e-01) (33, -5.19777834415435791016e-01) (34, 3.01505714654922485352e-01) (35, -7.62734889984130859375e-01) (36, -7.22900509834289550781e-01) (37, -5.51794290542602539062e-01) (38, 2.03004971146583557129e-01) (39, -1.24817013740539550781e-01) (40, -4.04946208000183105469e-01) (41, 1.30007410049438476562e+00) (42, -8.78365874290466308594e-01) (43, -1.97575047612190246582e-01) (44, -1.10735408961772918701e-01) (45, -2.66725629568099975586e-01) (46, -1.63110506534576416016e+00) (47, 8.76505613327026367188e-01) (48, -3.44940209388732910156e+00) (49, -2.77214795351028442383e-01) (50, -2.32160687446594238281e+00) (51, -7.89678275585174560547e-01) (52, -7.01644778251647949219e-01) (53, 3.93942308425903320312e+00) (54, -3.13408911228179931641e-01) (55, 8.25444316864013671875e+00) (56, 3.84753733873367309570e-01) (57, -1.26007926464080810547e+00) (58, 2.34231090545654296875e+00) (59, -3.46867895126342773438e+00) (60, -9.28804557770490646362e-03) (61, 1.04910504817962646484e+00) (62, -4.34160083532333374023e-01) (63, -2.77745634317398071289e-01) (64, 2.20673337578773498535e-01) (65, -8.91079530119895935059e-02) (66, -3.47180694341659545898e-01) (67, 5.77124118804931640625e-01) (68, -1.48599553108215332031e+00) (69, 2.57752704620361328125e+00) (70, 1.10900497436523437500e+00) (71, 2.58716434240341186523e-01) (72, 5.05541861057281494141e-01) (73, 7.71466076374053955078e-01) (74, 5.74093997478485107422e-01) (75, -8.82399678230285644531e-01) (76, 1.18084788322448730469e+00) (77, 6.73674643039703369141e-01) (78, -1.20470881462097167969e+00) (79, 2.32371640205383300781e+00) (80, -2.09654316306114196777e-01) (81, 6.21190607547760009766e-01) (82, -4.73146975040435791016e-01) (83, -8.77061963081359863281e-01) (84, 4.40594553947448730469e-01) (85, 1.08280527591705322266e+00) (86, -4.88178521394729614258e-01) (87, -3.07588487863540649414e-01) (88, 1.12007752060890197754e-01) (89, -1.27783760428428649902e-01) (90, 3.68549972772598266602e-01) (91, 3.59403640031814575195e-01) (92, -1.78874909877777099609e+00) (93, 6.57061874866485595703e-01) (94, 3.49379807710647583008e-01) (95, -1.11610484123229980469e+00) (96, 9.12348270416259765625e-01) (97, 7.70425975322723388672e-01) (98, -1.42115876078605651855e-01) (99, -7.77800023555755615234e-01) (100, 1.35686433315277099609e+00) (101, 6.81633889675140380859e-01) (102, -5.59920728206634521484e-01) (103, 2.64432215690612792969e+00) (104, 2.20404124259948730469e+00) (0, 4.52127307653427124023e-02) (1, 2.13428783416748046875e+00) (2, 1.44807016849517822266e+00) (3, -1.86983034014701843262e-01) (4, -1.17655687034130096436e-01) (5, 1.93966305255889892578e+00) (6, -4.49204653501510620117e-01) (7, -6.52696862816810607910e-02) (8, 2.13472533226013183594e+00) (9, -7.12174892425537109375e-01) (10, -7.14581549167633056641e-01) (11, -3.72727006673812866211e-01) (12, 7.46487081050872802734e-02) (13, -8.69757652282714843750e-01) (14, -5.58645427227020263672e-01) (15, 6.30752265453338623047e-01) (16, 1.33945679664611816406e+00) (17, 8.94975721836090087891e-01) (18, 1.01998150348663330078e+00) (19, -6.02496922016143798828e-01) (20, -4.54190701246261596680e-01) (21, 1.30874848365783691406e+00) (22, -1.34763526916503906250e+00) (23, 4.22623842954635620117e-01) (24, 1.61644518375396728516e+00) (25, 9.67037320137023925781e-01) (26, 9.13626849651336669922e-01) (27, 9.70971345901489257812e-01) (28, 4.37210351228713989258e-01) (29, 1.37892770767211914062e+00) (30, 9.69190716743469238281e-01) (31, -7.23502099514007568359e-01) (32, 4.81302589178085327148e-01) (33, -6.80040001869201660156e-01) (34, 2.55515933036804199219e+00) (35, 1.27174448966979980469e+00) (36, 4.08005714416503906250e-02) (37, 4.31359559297561645508e-01) (38, 1.25084984302520751953e+00) (39, 4.82699051499366760254e-02) (40, -1.39166966080665588379e-01) (41, 1.16017889976501464844e+00) (42, -4.03611183166503906250e-01) (43, -9.84519422054290771484e-01) (44, -5.76899349689483642578e-01) (45, -5.37627100944519042969e-01) (46, -4.82319474220275878906e-01) (47, 1.62756371498107910156e+00) (48, -7.26935744285583496094e-01) (49, -5.60549139976501464844e-01) (50, -5.92409312725067138672e-01) (51, -9.54270243644714355469e-01) (52, -5.02878725528717041016e-01) (53, -8.14730644226074218750e-01) (54, -5.88902890682220458984e-01) (55, -2.02648997306823730469e-01) (56, -2.16553881764411926270e-01) (57, 1.40339359641075134277e-01) (58, -1.99329996109008789062e+00) (59, 1.01933002471923828125e+00) (60, 9.18260693550109863281e-01) (61, -9.97403204441070556641e-01) (62, -7.84587144851684570312e-01) (63, -9.16919931769371032715e-02) (64, 6.90328001976013183594e-01) (65, -2.27783232927322387695e-01) (66, 2.69991540908813476562e+00) (67, 8.69998782873153686523e-02) (68, -1.50209695100784301758e-01) (69, 3.50709632039070129395e-02) (70, -4.89865571260452270508e-01) (71, -8.55922818183898925781e-01) (72, -1.39683440327644348145e-01) (73, 2.50080734491348266602e-01) (74, -3.05726528167724609375e-01) (75, -3.59531342983245849609e-01) (76, -8.10636222362518310547e-01) (77, -6.69916093349456787109e-01) (78, 1.17909049987792968750e+00) (79, -1.03184294700622558594e+00) (80, 1.16505062580108642578e+00) (81, -3.62880229949951171875e-01) (82, 5.25723844766616821289e-02) (83, -1.78570851683616638184e-01) (84, -3.82618099451065063477e-01) (85, 9.17918741703033447266e-01) (86, -2.56838947534561157227e-01) (87, -4.51902449131011962891e-01) (88, -1.48346871137619018555e-01) (89, -8.61548602581024169922e-01) (90, -3.63881230354309082031e-01) (91, -3.54590326547622680664e-01) (92, -8.81610035896301269531e-01) (93, -6.22029185295104980469e-01) (94, -9.47776958346366882324e-02) (95, -5.87195515632629394531e-01) (96, -1.47973787784576416016e+00) (97, -8.29229056835174560547e-01) (98, -9.46979224681854248047e-01) (99, -3.23904573917388916016e-01) (100, -2.96091347932815551758e-01) (101, -7.44813501834869384766e-01) (102, -2.52525210380554199219e-01) (103, 2.20153999328613281250e+00) (104, 2.51212143898010253906e+00) (0, 3.52497816085815429688e-01) (1, 2.79337310791015625000e+00) (2, 7.47187435626983642578e-01) (3, 1.37684905529022216797e+00) (4, -1.19188971817493438721e-01) (5, 1.38272070884704589844e+00) (6, 3.10021918267011642456e-02) (7, -1.99816083908081054688e+00) (8, 8.60854029655456542969e-01) (9, 1.29980874061584472656e+00) (10, 2.30501174926757812500e-01) (11, -2.32055842876434326172e-01) (12, 1.27941727638244628906e+00) (13, 8.74339938163757324219e-01) (14, 1.37124633789062500000e+00) (15, 1.31825637817382812500e+00) (16, -8.00104427337646484375e+00) (17, 1.55798971652984619141e+00) (18, -1.65709197521209716797e+00) (19, 4.36013698577880859375e-01) (20, 2.01974058151245117188e+00) (21, 1.61511492729187011719e+00) (22, 1.79527568817138671875e+00) (23, 1.00177488327026367188e+01) (24, -6.80116605758666992188e+00) (25, 8.94284057617187500000e+00) (26, 3.16286563873291015625e-01) (27, 4.74836170673370361328e-01) (28, 1.42025589942932128906e+00) (29, 9.46158528327941894531e-01) (30, 1.26869754791259765625e+01) (31, 1.69055151939392089844e+00) (32, 3.71265381574630737305e-01) (33, 9.78364825248718261719e-01) (34, 1.58897960186004638672e+00) (35, 2.42675971984863281250e+00) (36, 4.66013923287391662598e-02) (37, 1.09799122810363769531e+00) (38, 1.10079951584339141846e-01) (39, 2.19898194074630737305e-01) (40, -1.94414451718330383301e-01) (41, -8.57398938387632369995e-03) (42, -1.54240772128105163574e-01) (43, -1.17726135253906250000e+00) (44, 1.39635825157165527344e+00) (45, -1.21627879142761230469e+00) (46, 1.36128377914428710938e+00) (47, -1.01454548537731170654e-01) (48, 8.53721499443054199219e-01) (49, 1.15031671524047851562e+00) (50, -5.82608819007873535156e-01) (51, 1.37906646728515625000e+00) (52, -5.08497238159179687500e-01) (53, 6.46972751617431640625e+00) (54, -8.05902540683746337891e-01) (55, 1.97868454456329345703e+00) (56, -1.08649529516696929932e-01) (57, 9.29393827915191650391e-01) (58, 1.07307755947113037109e+00) (59, 1.95029711723327636719e+00) (60, -9.84586104750633239746e-02) (61, -1.14293254911899566650e-01) (62, -3.25061917304992675781e-01) (63, -1.17650113999843597412e-01) (64, 2.38392257690429687500e+00) (65, -4.89889867603778839111e-02) (66, 1.63574385643005371094e+00) (67, -7.42590948939323425293e-02) (68, 2.83180654048919677734e-01) (69, 1.90357410907745361328e+00) (70, -3.07769119739532470703e-01) (71, 1.17239490151405334473e-01) (72, 1.06312716007232666016e+00) (73, 1.76996302604675292969e+00) (74, -1.18011541664600372314e-01) (75, -2.62082767486572265625e+01) (76, 1.57999730110168457031e+00) (77, 2.49546200037002563477e-01) (78, 1.92999696731567382812e+00) (79, 5.89992225170135498047e-01) (80, 4.69013690948486328125e-01) (81, 8.74552488327026367188e-01) (82, 6.99052333831787109375e-01) (83, 2.73764073848724365234e-01) (84, -3.16795396804809570312e+00) (85, 1.44042277336120605469e+00) (86, 4.48823332786560058594e-01) (87, 1.47739797830581665039e-01) (88, -2.51176953315734863281e-01) (89, 1.01757967472076416016e+00) (90, 3.52900743484497070312e-01) (91, 2.96051502227783203125e-01) (92, -4.27350103855133056641e-01) (93, 6.50645613670349121094e-01) (94, 2.91634082794189453125e-01) (95, 6.53024673461914062500e-01) (96, 4.32144999504089355469e-02) (97, 2.23600357770919799805e-01) (98, 2.48839408159255981445e-01) (99, 2.85235524177551269531e-01) (100, 3.37379932403564453125e-01) (101, 8.93609881401062011719e-01) (102, 2.76945953369140625000e+02) (103, -1.95821670532226562500e+02) (104, 1.63562417030334472656e+00) (0, -2.35911250114440917969e+00) (1, -2.24512910842895507812e+00) (2, 1.45763194561004638672e+00) (3, 7.38764405250549316406e-01) (4, 1.11745727062225341797e+00) (5, 5.43610274791717529297e-01) (6, 4.93926972150802612305e-01) (7, 1.22442531585693359375e+00) (8, -4.10729497671127319336e-01) (9, 1.68710279464721679688e+00) (10, 1.50522923469543457031e+00) (11, 7.48875093460083007812e+00) (12, 7.22965776920318603516e-01) (13, -1.96927681565284729004e-01) (14, 9.43021833896636962891e-01) (15, 1.47832965850830078125e+00) (16, 1.08465719223022460938e+00) (17, 2.03924751281738281250e+00) (18, 1.83045542240142822266e+00) (19, 1.62955033779144287109e+00) (20, 8.38050425052642822266e-01) (21, 7.51659795641899108887e-02) (22, -8.15210342407226562500e-01) (23, 8.80118906497955322266e-01) (24, 1.48193860054016113281e+00) (25, 1.11148011684417724609e+00) (26, 1.20706224441528320312e+00) (27, 1.12623989582061767578e+00) (28, 1.03400135040283203125e+00) (29, 7.95990169048309326172e-01) (30, 9.75202381610870361328e-01) (31, 7.33628928661346435547e-01) (32, 1.33217358589172363281e+00) (33, 8.42022180557250976562e-01) (34, 6.74791634082794189453e-01) (35, 1.04998672008514404297e+00) (36, 1.16774892807006835938e+00) (37, 1.06051623821258544922e-01) (38, 5.33416032791137695312e-01) (39, 7.66137659549713134766e-01) (40, 1.25501906871795654297e+00) (41, 7.12595224380493164062e-01) (42, 3.99581044912338256836e-01) (43, 5.70066213607788085938e-01) (44, 8.80693137645721435547e-01) (45, 8.38028311729431152344e-01) (46, 1.82810282707214355469e+00) (47, 2.89265632629394531250e-01) (48, 1.69272387027740478516e+00) (49, 1.77635920047760009766e+00) (50, 2.33849477767944335938e+00) (51, 8.59498679637908935547e-01) (52, 2.96797037124633789062e-01) (53, 6.80851757526397705078e-01) (54, 5.78102111816406250000e-01) (55, 1.59216806292533874512e-01) (56, 1.66043245792388916016e+00) (57, 8.57548654079437255859e-01) (58, 1.39675104618072509766e+00) (59, 7.30245709419250488281e-01) (60, 1.58131897449493408203e+00) (61, 7.59255468845367431641e-01) (62, 4.19834107160568237305e-01) (63, 1.58187747001647949219e+00) (64, 5.96954393386840820312e+00) (65, 1.57628393173217773438e+00) (66, 2.02236342430114746094e+00) (67, 7.96595156192779541016e-01) (68, 6.75461435317993164062e+00) (69, 5.43929934501647949219e-01) (70, 2.04585909843444824219e+00) (71, 1.67279827594757080078e+00) (72, 1.42257010936737060547e+00) (73, 9.51898157596588134766e-01) (74, 1.40387904644012451172e+00) (75, 7.40655212402343750000e+01) (76, 1.08963251113891601562e+00) (77, 1.41917622089385986328e+00) (78, 3.84236836433410644531e+00) (79, 1.06370520591735839844e+00) (80, -4.93416213989257812500e+01) (81, 9.77050602436065673828e-01) (82, 1.13759303092956542969e+00) (83, 1.06677210330963134766e+00) (84, 2.27821969985961914062e+00) (85, 1.31124722957611083984e+00) (86, 1.44941294193267822266e+00) (87, 1.16726160049438476562e+00) (88, 1.65047466754913330078e+00) (89, 1.62366068363189697266e+00) (90, 1.48832976818084716797e+00) (91, 1.60457515716552734375e+00) (92, 1.27585959434509277344e+00) (93, 1.62170517444610595703e+00) (94, 1.58382070064544677734e+00) (95, 1.27284264564514160156e+00) (96, 1.24390077590942382812e+00) (97, 1.36368668079376220703e+00) (98, 1.61504459381103515625e+00) (99, 1.70543015003204345703e+00) (100, 1.58012378215789794922e+00) (101, 3.12938004732131958008e-01) (102, -8.98112106323242187500e+00) (103, 1.52023086547851562500e+01) (104, 6.77046298980712890625e-01) (0, -3.67943501472473144531e+00) (1, 4.95285689830780029297e-01) (2, 1.83136425912380218506e-02) (3, 3.90522909164428710938e+00) (4, 1.04361331462860107422e+00) (5, 1.26538729667663574219e+00) (6, 1.78339409828186035156e+00) (7, -5.53447663784027099609e-01) (8, 1.88028678297996520996e-01) (9, 9.80145514011383056641e-01) (10, 1.70341396331787109375e+00) (11, 8.57704639434814453125e-01) (12, 2.95933604240417480469e-01) (13, 4.91751253604888916016e-01) (14, 1.44818651676177978516e+00) (15, -8.99228081107139587402e-02) (16, 9.23160851001739501953e-01) (17, 4.50368046760559082031e-01) (18, 2.78354823589324951172e-01) (19, 3.64579319953918457031e-01) (20, -2.85971307754516601562e+00) (21, 8.86297821998596191406e-01) (22, -2.60039448738098144531e-01) (23, -1.36814093589782714844e+00) (24, -7.74043381214141845703e-01) (25, -7.11706560105085372925e-03) (26, -7.46196955442428588867e-02) (27, -1.33249297738075256348e-01) (28, 4.72166717052459716797e-01) (29, 5.59700012207031250000e-01) (30, 5.91650485992431640625e-01) (31, -1.28530129790306091309e-01) (32, 2.17331469058990478516e-01) (33, 6.63611352443695068359e-01) (34, 1.29515743255615234375e+00) (35, 1.44710373878479003906e+00) (36, 2.45525598526000976562e+00) (37, 1.30958747863769531250e+00) (38, 7.66838848590850830078e-01) (39, -4.39365431666374206543e-02) (40, 1.04147958755493164062e+00) (41, 6.35407149791717529297e-01) (42, 9.31347906589508056641e-01) (43, -1.34086981415748596191e-02) (44, -1.20136487483978271484e+00) (45, 8.74570727348327636719e-01) (46, 3.67400646209716796875e-01) (47, -1.73241066932678222656e+00) (48, -7.43988603353500366211e-02) (49, -2.97092854976654052734e-01) (50, -2.33417630195617675781e+00) (51, -3.53017330169677734375e-01) (52, 4.25899624824523925781e-01) (53, -1.91805100440979003906e+00) (54, -1.26477897167205810547e+00) (55, -1.08405852317810058594e+00) (56, 3.09812039136886596680e-01) (57, 1.15879893302917480469e+00) (58, 5.48176646232604980469e-01) (59, 2.51933723688125610352e-01) (60, 3.37882876396179199219e-01) (61, 8.25243294239044189453e-01) (62, 9.71686482429504394531e-01) (63, 6.07505202293395996094e-01) (64, -5.62076663970947265625e+00) (65, 2.39139109849929809570e-01) (66, 7.16951191425323486328e-01) (67, 5.09949743747711181641e-01) (68, 9.41075026988983154297e-01) (69, -8.14989805221557617188e-01) (70, 3.39243471622467041016e-01) (71, 1.25304132699966430664e-01) (72, 3.90308916568756103516e-01) (73, 8.19641709327697753906e-01) (74, 3.67820024490356445312e-01) (75, -2.22017669677734375000e+01) (76, 3.65247070789337158203e-01) (77, 1.11338222026824951172e+00) (78, 8.68083477020263671875e-01) (79, 4.02307569980621337891e-01) (80, -3.98101401329040527344e+00) (81, 2.70285069942474365234e-01) (82, 1.45290970802307128906e+00) (83, 6.27390086650848388672e-01) (84, 3.04605424404144287109e-01) (85, 2.33392453193664550781e+00) (86, 3.18794935941696166992e-01) (87, 1.28740477561950683594e+00) (88, -3.06834399700164794922e-01) (89, 1.95875257253646850586e-01) (90, 6.75159990787506103516e-01) (91, 1.52911210060119628906e+00) (92, 1.33470356464385986328e+00) (93, 1.03650379180908203125e+00) (94, 1.00161254405975341797e+00) (95, 1.40182268619537353516e+00) (96, 1.92854273319244384766e+00) (97, 1.71492505073547363281e+00) (98, 1.43229186534881591797e+00) (99, 1.35939896106719970703e+00) (100, 1.04613065719604492188e+00) (101, 1.08581089973449707031e+00) (102, 2.77666748046875000000e+02) (103, -1.96315872192382812500e+02) (104, 6.37836396694183349609e-01) (0, 6.28624114990234375000e+01) (1, 1.00543916225433349609e-01) (2, 1.08434414863586425781e+00) (3, 5.85574030876159667969e-01) (4, 1.22694301605224609375e+00) (5, 5.35961508750915527344e-01) (6, 4.57357466220855712891e-01) (7, 7.37007796764373779297e-01) (8, -2.95162707567214965820e-01) (9, 1.78606843948364257812e+00) (10, 5.70893526077270507812e-01) (11, 7.17845559120178222656e-01) (12, 3.00098389387130737305e-01) (13, -8.75755324959754943848e-02) (14, 5.55574595928192138672e-01) (15, 5.75823545455932617188e-01) (16, 6.34733021259307861328e-01) (17, 1.22442626953125000000e+00) (18, 8.44986796379089355469e-01) (19, 1.40100622177124023438e+00) (20, 1.86749666929244995117e-01) (21, -1.94964945316314697266e-01) (22, -1.63808846473693847656e+00) (23, 4.83190417289733886719e-01) (24, 4.38457369804382324219e-01) (25, 7.81426489353179931641e-01) (26, 6.87824070453643798828e-01) (27, 7.52482473850250244141e-01) (28, 7.40015804767608642578e-01) (29, 7.05658674240112304688e-01) (30, 3.19829314947128295898e-01) (31, 7.59270846843719482422e-01) (32, 7.77805268764495849609e-01) (33, 3.37352454662322998047e-01) (34, 3.37057650089263916016e-01) (35, 6.49792969226837158203e-01) (36, 8.47226381301879882812e-01) (37, -1.44930288195610046387e-01) (38, 7.98405632376670837402e-02) (39, 8.56790423393249511719e-01) (40, 1.23327600955963134766e+00) (41, 6.35654479265213012695e-02) (42, 3.72597157955169677734e-01) (43, 2.62012273073196411133e-01) (44, 4.13528561592102050781e-01) (45, 7.34261691570281982422e-01) (46, 1.03071606159210205078e+00) (47, 6.04327440261840820312e-01) (48, 1.24782431125640869141e+00) (49, 1.38264477252960205078e+00) (50, 1.33778882026672363281e+00) (51, 4.21364307403564453125e-01) (52, 4.42224979400634765625e-01) (53, 6.36946856975555419922e-01) (54, 4.37363862991333007812e-01) (55, -1.38795331120491027832e-01) (56, 1.37341904640197753906e+00) (57, 4.82429742813110351562e-01) (58, 9.11132454872131347656e-01) (59, 1.74937069416046142578e-01) (60, 1.19716632366180419922e+00) (61, 4.51463997364044189453e-01) (62, -1.79458111524581909180e-02) (63, 1.11034417152404785156e+00) (64, -1.84157085418701171875e+01) (65, 1.24507296085357666016e+00) (66, 2.06794881820678710938e+00) (67, 8.85227441787719726562e-01) (68, 1.40031397342681884766e+00) (69, 1.50524437427520751953e-01) (70, 1.05883240699768066406e+00) (71, 8.57396483421325683594e-01) (72, 1.43804359436035156250e+00) (73, 1.49433922767639160156e+00) (74, 1.03140556812286376953e+00) (75, 3.88757286071777343750e+01) (76, 1.42279791831970214844e+00) (77, 1.09820473194122314453e+00) (78, 1.59824144840240478516e+00) (79, 1.58178865909576416016e+00) (80, -4.86874580383300781250e+01) (81, 1.12566542625427246094e+00) (82, 1.55253672599792480469e+00) (83, 1.58446335792541503906e+00) (84, 1.02978334426879882812e+01) (85, 1.37806320190429687500e+00) (86, 1.32342648506164550781e+00) (87, 1.05080616474151611328e+00) (88, 1.58410739898681640625e+00) (89, 1.80145692825317382812e+00) (90, 1.23399150371551513672e+00) (91, 1.61058545112609863281e+00) (92, 1.32216608524322509766e+00) (93, 1.65799582004547119141e+00) (94, 1.34685075283050537109e+00) (95, 8.28901171684265136719e-01) (96, 9.30289864540100097656e-01) (97, 1.38004350662231445312e+00) (98, 1.42638027667999267578e+00) (99, 1.40192174911499023438e+00) (100, 1.28552722930908203125e+00) (101, -8.46880674362182617188e-02) (102, -7.92299079895019531250e+00) (103, 1.37846441268920898438e+01) (104, 9.13961648941040039062e-01) (105, 1.20516054332256317139e-01) (106, 1.41693079471588134766e+00) (107, -1.68795692920684814453e+00) (108, -2.88735437393188476562e+00) (109, -2.04697036743164062500e+00) (110, 1.25080317258834838867e-01) (111, 3.11075472831726074219e+00) (112, 1.35699164867401123047e+00) (113, 2.39158630371093750000e+00) (114, 2.89323759078979492188e+00) (115, -2.99958062171936035156e+00) (116, 1.14513623714447021484e+00) (117, 1.18486785888671875000e+00) (118, -1.54529547691345214844e+00) (119, -3.10057187080383300781e+00) (120, -3.09991598129272460938e+00) (121, 1.00169420242309570312e-01) (122, 2.38008093833923339844e+00) (123, 4.04301786422729492188e+00) (124, -2.33272361755371093750e+00) (125, -2.61231637001037597656e+00) (126, 2.51114630699157714844e+00) (127, -1.57947644591331481934e-01) (128, 1.13354516029357910156e+00) (129, 1.15841798484325408936e-01) (130, 1.03991019725799560547e+00) 
