FANN_FLO_2.1
num_layers=3
learning_rate=0.700000
connection_rate=1.000000
network_type=0
learning_momentum=0.000000
training_algorithm=2
train_error_function=1
train_stop_function=0
cascade_output_change_fraction=0.010000
quickprop_decay=-0.000100
quickprop_mu=1.750000
rprop_increase_factor=1.200000
rprop_decrease_factor=0.500000
rprop_delta_min=0.000000
rprop_delta_max=50.000000
rprop_delta_zero=0.100000
cascade_output_stagnation_epochs=12
cascade_candidate_change_fraction=0.010000
cascade_candidate_stagnation_epochs=12
cascade_max_out_epochs=150
cascade_max_cand_epochs=150
cascade_num_candidate_groups=2
bit_fail_limit=3.49999994039535522461e-01
cascade_candidate_limit=1.00000000000000000000e+03
cascade_weight_multiplier=4.00000005960464477539e-01
cascade_activation_functions_count=10
cascade_activation_functions=3 5 7 8 10 11 14 15 16 17 
cascade_activation_steepnesses_count=4
cascade_activation_steepnesses=2.50000000000000000000e-01 5.00000000000000000000e-01 7.50000000000000000000e-01 1.00000000000000000000e+00 
layer_sizes=105 26 2 
scale_included=0
neurons (num_inputs, activation_function, activation_steepness)=(0, 0, 0.00000000000000000000e+00) (0, 0, 0.00000000000000000000e+00) (0, 0, 0.00000000000000000000e+00) (0, 0, 0.00000000000000000000e+00) (0, 0, 0.00000000000000000000e+00) (0, 0, 0.00000000000000000000e+00) (0, 0, 0.00000000000000000000e+00) (0, 0, 0.00000000000000000000e+00) (0, 0, 0.00000000000000000000e+00) (0, 0, 0.00000000000000000000e+00) (0, 0, 0.00000000000000000000e+00) (0, 0, 0.00000000000000000000e+00) (0, 0, 0.00000000000000000000e+00) (0, 0, 0.00000000000000000000e+00) (0, 0, 0.00000000000000000000e+00) (0, 0, 0.00000000000000000000e+00) (0, 0, 0.00000000000000000000e+00) (0, 0, 0.00000000000000000000e+00) (0, 0, 0.00000000000000000000e+00) (0, 0, 0.00000000000000000000e+00) (0, 0, 0.00000000000000000000e+00) (0, 0, 0.00000000000000000000e+00) (0, 0, 0.00000000000000000000e+00) (0, 0, 0.00000000000000000000e+00) (0, 0, 0.00000000000000000000e+00) (0, 0, 0.00000000000000000000e+00) (0, 0, 0.00000000000000000000e+00) (0, 0, 0.00000000000000000000e+00) (0, 0, 0.00000000000000000000e+00) (0, 0, 0.00000000000000000000e+00) (0, 0, 0.00000000000000000000e+00) (0, 0, 0.00000000000000000000e+00) (0, 0, 0.00000000000000000000e+00) (0, 0, 0.00000000000000000000e+00) (0, 0, 0.00000000000000000000e+00) (0, 0, 0.00000000000000000000e+00) (0, 0, 0.00000000000000000000e+00) (0, 0, 0.00000000000000000000e+00) (0, 0, 0.00000000000000000000e+00) (0, 0, 0.00000000000000000000e+00) (0, 0, 0.00000000000000000000e+00) (0, 0, 0.00000000000000000000e+00) (0, 0, 0.00000000000000000000e+00) (0, 0, 0.00000000000000000000e+00) (0, 0, 0.00000000000000000000e+00) (0, 0, 0.00000000000000000000e+00) (0, 0, 0.00000000000000000000e+00) (0, 0, 0.00000000000000000000e+00) (0, 0, 0.00000000000000000000e+00) (0, 0, 0.00000000000000000000e+00) (0, 0, 0.00000000000000000000e+00) (0, 0, 0.00000000000000000000e+00) (0, 0, 0.00000000000000000000e+00) (0, 0, 0.00000000000000000000e+00) (0, 0, 0.00000000000000000000e+00) (0, 0, 0.00000000000000000000e+00) (0, 0, 0.00000000000000000000e+00) (0, 0, 0.00000000000000000000e+00) (0, 0, 0.00000000000000000000e+00) (0, 0, 0.00000000000000000000e+00) (0, 0, 0.00000000000000000000e+00) (0, 0, 0.00000000000000000000e+00) (0, 0, 0.00000000000000000000e+00) (0, 0, 0.00000000000000000000e+00) (0, 0, 0.00000000000000000000e+00) (0, 0, 0.00000000000000000000e+00) (0, 0, 0.00000000000000000000e+00) (0, 0, 0.00000000000000000000e+00) (0, 0, 0.00000000000000000000e+00) (0, 0, 0.00000000000000000000e+00) (0, 0, 0.00000000000000000000e+00) (0, 0, 0.00000000000000000000e+00) (0, 0, 0.00000000000000000000e+00) (0, 0, 0.00000000000000000000e+00) (0, 0, 0.00000000000000000000e+00) (0, 0, 0.00000000000000000000e+00) (0, 0, 0.00000000000000000000e+00) (0, 0, 0.00000000000000000000e+00) (0, 0, 0.00000000000000000000e+00) (0, 0, 0.00000000000000000000e+00) (0, 0, 0.00000000000000000000e+00) (0, 0, 0.00000000000000000000e+00) (0, 0, 0.00000000000000000000e+00) (0, 0, 0.00000000000000000000e+00) (0, 0, 0.00000000000000000000e+00) (0, 0, 0.00000000000000000000e+00) (0, 0, 0.00000000000000000000e+00) (0, 0, 0.00000000000000000000e+00) (0, 0, 0.00000000000000000000e+00) (0, 0, 0.00000000000000000000e+00) (0, 0, 0.00000000000000000000e+00) (0, 0, 0.00000000000000000000e+00) (0, 0, 0.00000000000000000000e+00) (0, 0, 0.00000000000000000000e+00) (0, 0, 0.00000000000000000000e+00) (0, 0, 0.00000000000000000000e+00) (0, 0, 0.00000000000000000000e+00) (0, 0, 0.00000000000000000000e+00) (0, 0, 0.00000000000000000000e+00) (0, 0, 0.00000000000000000000e+00) (0, 0, 0.00000000000000000000e+00) (0, 0, 0.00000000000000000000e+00) (0, 0, 0.00000000000000000000e+00) (0, 0, 0.00000000000000000000e+00) (0, 0, 0.00000000000000000000e+00) (105, 5, 5.00000000000000000000e-01) (105, 5, 5.00000000000000000000e-01) (105, 5, 5.00000000000000000000e-01) (105, 5, 5.00000000000000000000e-01) (105, 5, 5.00000000000000000000e-01) (105, 5, 5.00000000000000000000e-01) (105, 5, 5.00000000000000000000e-01) (105, 5, 5.00000000000000000000e-01) (105, 5, 5.00000000000000000000e-01) (105, 5, 5.00000000000000000000e-01) (105, 5, 5.00000000000000000000e-01) (105, 5, 5.00000000000000000000e-01) (105, 5, 5.00000000000000000000e-01) (105, 5, 5.00000000000000000000e-01) (105, 5, 5.00000000000000000000e-01) (105, 5, 5.00000000000000000000e-01) (105, 5, 5.00000000000000000000e-01) (105, 5, 5.00000000000000000000e-01) (105, 5, 5.00000000000000000000e-01) (105, 5, 5.00000000000000000000e-01) (105, 5, 5.00000000000000000000e-01) (105, 5, 5.00000000000000000000e-01) (105, 5, 5.00000000000000000000e-01) (105, 5, 5.00000000000000000000e-01) (105, 5, 5.00000000000000000000e-01) (0, 5, 0.00000000000000000000e+00) (26, 5, 5.00000000000000000000e-01) (0, 5, 0.00000000000000000000e+00) 
connections (connected_to_neuron, weight)=(0, -3.53839965820312500000e+02) (1, -5.80716781616210937500e+01) (2, -6.56163334846496582031e-01) (3, 1.53674733638763427734e+00) (4, -9.62595582008361816406e-01) (5, -2.30646347999572753906e+00) (6, -7.11402118206024169922e-01) (7, 2.93558746576309204102e-01) (8, 4.07533782958984375000e+02) (9, -3.32591325044631958008e-01) (10, 1.21939361095428466797e+00) (11, 3.82768660783767700195e-01) (12, -6.34940803050994873047e-01) (13, 3.95769622802734375000e+02) (14, -1.04703581333160400391e+00) (15, -7.89406180381774902344e-01) (16, 1.48630607128143310547e+00) (17, -9.91432726383209228516e-01) (18, -1.23355937004089355469e+00) (19, -1.20275115966796875000e+00) (20, 5.39961814880371093750e+00) (21, -4.87613067626953125000e+01) (22, -1.45091116428375244141e+00) (23, -2.08276724815368652344e+00) (24, 3.78262786865234375000e+02) (25, -2.57076573371887207031e+00) (26, -1.01795959472656250000e+00) (27, -2.07473933696746826172e-02) (28, -1.36574935913085937500e+00) (29, -9.71478748321533203125e+00) (30, -3.57078338623046875000e+02) (31, 3.75528073310852050781e+00) (32, -1.19660167694091796875e+01) (33, -9.16545331478118896484e-01) (34, -2.60945491790771484375e+01) (35, -3.97812813520431518555e-01) (36, -5.43677747249603271484e-01) (37, 1.73095738887786865234e+00) (38, 3.47715759277343750000e+01) (39, 2.51819396018981933594e+00) (40, 3.36872220039367675781e+00) (41, 2.60355072021484375000e+01) (42, 1.51735627651214599609e+00) (43, 2.32441592216491699219e+00) (44, 3.89144372940063476562e+00) (45, 1.00641274452209472656e+00) (46, 1.20795357227325439453e+00) (47, 2.77225097656250000000e+02) (48, 5.22218322753906250000e+00) (49, 6.13002471923828125000e+01) (50, 1.99275362491607666016e+00) (51, 3.51618576049804687500e+00) (52, 2.89387392997741699219e+00) (53, 1.26092414855957031250e+01) (54, 3.78605413436889648438e+00) (55, 2.26630802154541015625e+01) (56, 7.25648581981658935547e-01) (57, -1.92992839813232421875e+01) (58, -9.70567893981933593750e+00) (59, -1.21880779266357421875e+01) (60, -9.51456904411315917969e-01) (61, -1.25805187225341796875e+00) (62, 1.10976552963256835938e+01) (63, -1.01296198368072509766e+00) (64, -4.13139390945434570312e+00) (65, -8.92228424549102783203e-01) (66, -6.66038146972656250000e+02) (67, -4.20623064041137695312e+00) (68, 3.51812362670898437500e+00) (69, -2.42723342895507812500e+02) (70, -6.85075819492340087891e-01) (71, -8.31458210945129394531e-01) (72, -9.30759072303771972656e-01) (73, -1.82223648071289062500e+02) (74, -2.25067153573036193848e-01) (75, -8.24336910247802734375e+00) (76, 2.74004817008972167969e+00) (77, -9.08343911170959472656e-01) (78, 2.45111536979675292969e+00) (79, -1.77471885681152343750e+01) (80, -7.22223520278930664062e-01) (81, 4.46132391691207885742e-01) (82, -7.88792371749877929688e-01) (83, 2.79163932800292968750e+00) (84, -4.26822433471679687500e+01) (85, -3.72010022401809692383e-02) (86, -3.07996183633804321289e-01) (87, 1.26909911632537841797e+00) (88, -2.69186096191406250000e+02) (89, -2.36986756324768066406e+00) (90, -1.28485071659088134766e+00) (91, -1.50248348712921142578e+00) (92, -1.01557326316833496094e+00) (93, -5.83225190639495849609e-01) (94, -9.43636894226074218750e-01) (95, -1.65328466892242431641e+00) (96, 1.39652952551841735840e-01) (97, -5.24634659290313720703e-01) (98, -1.06681072711944580078e+00) (99, -7.09406495094299316406e-01) (100, -9.44459438323974609375e-01) (101, -1.50420866012573242188e+01) (102, 3.22124767303466796875e+00) (103, -8.05778682231903076172e-01) (104, 2.63813686370849609375e+00) (0, 6.34447717666625976562e+00) (1, 1.21060490608215332031e+00) (2, -1.48043215274810791016e+00) (3, 1.63395345211029052734e+00) (4, -2.80993962287902832031e+00) (5, 2.84996724128723144531e+00) (6, -2.88982534408569335938e+00) (7, -2.08445334434509277344e+00) (8, 2.29402899742126464844e+00) (9, 2.53165674209594726562e+00) (10, 2.06608369946479797363e-01) (11, -7.94496536254882812500e-01) (12, -2.77254629135131835938e+00) (13, 3.52037382125854492188e+00) (14, 2.84958696365356445312e+00) (15, -2.55934596061706542969e+00) (16, -3.33438307046890258789e-01) (17, -9.61527407169342041016e-01) (18, -1.72258689999580383301e-01) (19, 3.07049202919006347656e+00) (20, 7.47601568698883056641e-01) (21, -7.23694753646850585938e+00) (22, 7.36375570297241210938e+00) (23, 1.63505518436431884766e+00) (24, 3.12157368659973144531e+00) (25, -2.39010143280029296875e+00) (26, -1.89772319793701171875e+00) (27, -2.78017342090606689453e-01) (28, 9.27552318572998046875e+00) (29, -5.33868312835693359375e+00) (30, 4.04953718185424804688e+00) (31, -4.16764497756958007812e+00) (32, -8.06051611900329589844e-01) (33, 1.44083631038665771484e+00) (34, -1.12495648860931396484e+00) (35, -3.84068036079406738281e+00) (36, 1.48117649555206298828e+00) (37, 6.07023143768310546875e+00) (38, 6.88744127750396728516e-01) (39, 8.21669459342956542969e-01) (40, -5.78629255294799804688e+00) (41, 2.03759789466857910156e+00) (42, -5.89704811573028564453e-01) (43, 3.97853112220764160156e+00) (44, -2.57556009292602539062e+00) (45, 6.28942728042602539062e+00) (46, 2.67901635169982910156e+00) (47, 3.96976971626281738281e+00) (48, 5.99307715892791748047e-01) (49, 7.15766489505767822266e-01) (50, 9.06134784221649169922e-01) (51, 7.66598820686340332031e-01) (52, 1.09993565082550048828e+00) (53, -2.02885007858276367188e+00) (54, 8.23845088481903076172e-01) (55, -7.65926897525787353516e-01) (56, -3.21559405326843261719e+00) (57, -7.79187798500061035156e-01) (58, 3.43908071517944335938e+00) (59, 1.15552306175231933594e+00) (60, -4.19609576463699340820e-01) (61, -1.18659925460815429688e+00) (62, -9.90962684154510498047e-01) (63, 1.16010677814483642578e+00) (64, 4.90457639098167419434e-02) (65, -7.37638652324676513672e-01) (66, -3.71804213523864746094e+00) (67, -3.73678970336914062500e+00) (68, -6.40258848667144775391e-01) (69, -2.62737482786178588867e-01) (70, -2.17661714553833007812e+00) (71, -4.94977504014968872070e-01) (72, 3.27673125267028808594e+00) (73, 1.12082588672637939453e+00) (74, -2.32820224761962890625e+00) (75, 3.31075400114059448242e-01) (76, 8.86443316936492919922e-01) (77, -6.85598731040954589844e-01) (78, -6.66378080844879150391e-01) (79, -2.94345825910568237305e-01) (80, -6.51959538459777832031e-01) (81, -6.44005358219146728516e-01) (82, -2.69232892990112304688e+00) (83, 4.83531728386878967285e-02) (84, 2.17110395431518554688e+00) (85, 5.42409121990203857422e-02) (86, -2.18257331848144531250e+00) (87, 5.44291138648986816406e-01) (88, -2.45746088027954101562e+00) (89, 1.80690419673919677734e+00) (90, 3.59264850616455078125e-01) (91, -1.76005685329437255859e+00) (92, -7.31929659843444824219e-01) (93, 4.35724884271621704102e-01) (94, -1.52010381221771240234e-01) (95, 1.05890166759490966797e+00) (96, -1.53052508831024169922e+00) (97, 8.62519145011901855469e-02) (98, 3.77463042736053466797e-01) (99, 5.84616720676422119141e-01) (100, -1.14218883216381072998e-01) (101, 5.81790030002593994141e-01) (102, 8.24005661010742187500e+01) (103, 7.59451446533203125000e+01) (104, 1.57252204418182373047e+00) (0, -2.38464096069335937500e+02) (1, -7.22555297851562500000e+02) (2, 2.20268464088439941406e+00) (3, 5.53594970703125000000e+00) (4, 1.49491442871093750000e+03) (5, 6.55538696289062500000e+02) (6, 5.44125823974609375000e+01) (7, 1.50000000000000000000e+03) (8, 2.05666229248046875000e+02) (9, 9.13868069648742675781e-01) (10, 1.00133991241455078125e+01) (11, 2.81775390625000000000e+02) (12, 1.47337222099304199219e+00) (13, 9.65351333618164062500e+01) (14, -5.87319970130920410156e-01) (15, 1.56336650252342224121e-01) (16, 1.79319168090820312500e+02) (17, 3.71047973632812500000e-01) (18, 4.16913509368896484375e+00) (19, -2.18758821487426757812e+00) (20, -5.69432830810546875000e+00) (21, -7.68162918090820312500e+00) (22, 3.21563839912414550781e+00) (23, 4.91837120056152343750e+00) (24, -1.10456192016601562500e+02) (25, 1.80332183837890625000e+01) (26, -9.70204315185546875000e+01) (27, 2.24308110773563385010e-02) (28, 7.82955944538116455078e-01) (29, -8.99536666870117187500e+01) (30, -1.34944972991943359375e+01) (31, 3.02438110113143920898e-01) (32, -6.73314094543457031250e+00) (33, 1.89513146877288818359e+00) (34, 5.25713825225830078125e+00) (35, 1.23027086257934570312e+00) (36, 3.12656950950622558594e+00) (37, -6.92791748046875000000e+02) (38, 6.13103151321411132812e+00) (39, 1.28055820465087890625e+01) (40, 3.54153709411621093750e+01) (41, -8.97808837890625000000e+02) (42, 1.91153597831726074219e+00) (43, 5.66408538818359375000e+00) (44, 1.30641818046569824219e+00) (45, 3.19493150711059570312e+00) (46, 1.81070213317871093750e+01) (47, 2.18845077514648437500e+02) (48, -1.75621998310089111328e+00) (49, -8.80781841278076171875e+00) (50, 2.46663594245910644531e+00) (51, -6.74999877929687500000e+02) (52, 1.14959871768951416016e+00) (53, -8.24196716308593750000e+02) (54, -6.31756246089935302734e-01) (55, -1.43252636718750000000e+03) (56, 1.49206772446632385254e-01) (57, 1.94914684295654296875e+01) (58, 1.23541418457031250000e+03) (59, -2.95477943420410156250e+01) (60, -2.56125807762145996094e+00) (61, -2.06502676010131835938e+00) (62, 2.55610847473144531250e+00) (63, -6.95498609542846679688e+00) (64, 6.04978680610656738281e-01) (65, -3.57038760185241699219e+00) (66, 6.99467468261718750000e+01) (67, 7.60639309883117675781e-01) (68, -7.75545930862426757812e+00) (69, -5.49025306701660156250e+01) (70, -2.68552988767623901367e-01) (71, -1.72656938433647155762e-01) (72, 1.97225677967071533203e+00) (73, -6.65946105957031250000e+02) (74, 5.01105070114135742188e-01) (75, 4.26738828420639038086e-01) (76, 1.94173145294189453125e+00) (77, -3.23992788791656494141e-01) (78, 4.66037750244140625000e-01) (79, 5.37643775939941406250e+01) (80, 4.61449813842773437500e+00) (81, -1.24115781784057617188e+01) (82, -5.75969442725181579590e-02) (83, 8.21793317794799804688e-01) (84, 1.46292749023437500000e+03) (85, 3.56578397750854492188e+00) (86, 3.70058536529541015625e-01) (87, 1.38010799884796142578e+00) (88, 7.86729675292968750000e+02) (89, 3.95405700683593750000e+02) (90, 5.96440219879150390625e+00) (91, 2.42126907348632812500e+02) (92, -5.29636919498443603516e-01) (93, -2.17463448643684387207e-01) (94, -1.86637341976165771484e-01) (95, 1.86540870666503906250e+01) (96, 5.85529148578643798828e-01) (97, -6.82469606399536132812e-01) (98, -2.97721652984619140625e+01) (99, 1.68213329315185546875e+01) (100, -8.66957902908325195312e-02) (101, -3.88590965270996093750e+01) (102, -7.77373718261718750000e+02) (103, 1.26272265625000000000e+03) (104, 2.08952021598815917969e+00) (0, -2.62556219100952148438e+00) (1, 3.53369981050491333008e-01) (2, 1.02596616744995117188e+00) (3, 1.30801451206207275391e+00) (4, 1.01236782968044281006e-01) (5, 3.13001155853271484375e-01) (6, -1.05057191848754882812e+00) (7, -1.39273071289062500000e+00) (8, -4.26126337051391601562e+00) (9, 1.16735196113586425781e+00) (10, 1.02572846412658691406e+00) (11, 1.63470137119293212891e+00) (12, 1.09165847301483154297e+00) (13, -6.97916650772094726562e+00) (14, -1.22539199888706207275e-01) (15, 1.74566459655761718750e+00) (16, -8.71804177761077880859e-01) (17, 1.76548451185226440430e-01) (18, -2.20893666148185729980e-01) (19, 2.10659456253051757812e+00) (20, -1.43749034404754638672e+00) (21, -2.37502470612525939941e-01) (22, -1.03078514337539672852e-01) (23, -7.71417498588562011719e-01) (24, -5.57058143615722656250e+00) (25, -2.84230184555053710938e+00) (26, 2.75107264518737792969e-01) (27, 1.60117638111114501953e+00) (28, -1.15530216693878173828e+00) (29, 6.75997287034988403320e-02) (30, 2.76067686080932617188e+00) (31, -1.48347914218902587891e+00) (32, -8.77370059490203857422e-01) (33, -1.15126550197601318359e+00) (34, 3.79292392730712890625e+00) (35, -2.49190306663513183594e+00) (36, -4.38434183597564697266e-02) (37, 3.21636629104614257812e+00) (38, 1.85071051120758056641e+00) (39, -1.92815169692039489746e-01) (40, 3.14305949211120605469e+00) (41, 2.72816157341003417969e+00) (42, 2.80259227752685546875e+00) (43, 1.64200019836425781250e+00) (44, 2.18538951873779296875e+00) (45, 3.68935203552246093750e+00) (46, -1.56798541545867919922e+00) (47, -9.76390421390533447266e-01) (48, -4.95182752609252929688e-01) (49, -4.40859508514404296875e+00) (50, -4.90264129638671875000e+00) (51, -1.54824048280715942383e-01) (52, 1.09864151477813720703e+00) (53, 2.63202238082885742188e+00) (54, 1.13778603076934814453e+00) (55, -4.75933551788330078125e-01) (56, 1.71238470077514648438e+00) (57, -5.95387077331542968750e+00) (58, 8.92275035381317138672e-01) (59, -4.58053231239318847656e-01) (60, 7.18468666076660156250e-01) (61, -1.96896994113922119141e+00) (62, 1.27805519104003906250e+00) (63, 2.01790660619735717773e-01) (64, 1.28238403797149658203e+00) (65, 8.15780341625213623047e-01) (66, -3.22549194097518920898e-01) (67, 3.73811721801757812500e+00) (68, 2.61495780944824218750e+00) (69, 4.18148994445800781250e+00) (70, 4.37135994434356689453e-01) (71, 8.60119909048080444336e-02) (72, 2.61486738920211791992e-01) (73, -5.53276598453521728516e-01) (74, 5.82331120967864990234e-01) (75, 1.47086367011070251465e-01) (76, -3.47460001707077026367e-01) (77, 4.39462482929229736328e-01) (78, -2.86602663993835449219e+00) (79, 2.19370770454406738281e+00) (80, 2.75858807563781738281e+00) (81, 4.97057646512985229492e-01) (82, 2.13132411241531372070e-01) (83, 1.18447446823120117188e+00) (84, -1.80593597888946533203e+00) (85, -1.42063939571380615234e+00) (86, 5.04017055034637451172e-01) (87, 3.49099445343017578125e+00) (88, -2.10824370384216308594e+00) (89, -1.24057674407958984375e+00) (90, -1.05662691593170166016e+00) (91, -4.91315078735351562500e+00) (92, 2.53587037324905395508e-01) (93, -3.07202428579330444336e-01) (94, 1.22622501850128173828e+00) (95, -5.41909754276275634766e-01) (96, 7.74460315704345703125e+00) (97, 1.35493624210357666016e+00) (98, 2.65701681375503540039e-01) (99, 1.70071423053741455078e-01) (100, 3.34521353244781494141e-01) (101, -2.36450955271720886230e-01) (102, -1.19166016578674316406e+00) (103, 3.52261352539062500000e+00) (104, 1.69257104396820068359e+00) (0, 1.50000000000000000000e+03) (1, 3.16367065429687500000e+02) (2, 1.02448570728302001953e+00) (3, 4.89637136459350585938e-01) (4, 2.66464185714721679688e+00) (5, 4.80915927886962890625e+00) (6, 6.11479711532592773438e+00) (7, 4.02248114347457885742e-01) (8, 5.35514030456542968750e+01) (9, 9.05732154846191406250e-01) (10, 3.39255742728710174561e-02) (11, 2.73571538925170898438e+00) (12, 1.10961973667144775391e+00) (13, -2.32375335693359375000e+02) (14, 3.03410887718200683594e+00) (15, 2.13502192497253417969e+00) (16, 1.29422180175781250000e+02) (17, 2.94224047660827636719e+00) (18, 2.74288010597229003906e+00) (19, 3.38933420181274414062e+00) (20, 1.15465855598449707031e+00) (21, 1.05448608398437500000e+02) (22, 4.02319669723510742188e+00) (23, 3.95203304290771484375e+00) (24, -5.14562744140625000000e+02) (25, 9.83964633941650390625e+00) (26, 3.06348633766174316406e+00) (27, 1.74651598930358886719e+00) (28, 3.20991373062133789062e+00) (29, 2.91966644287109375000e+02) (30, 8.21609649658203125000e+01) (31, 8.70950102806091308594e-01) (32, 1.18498184204101562500e+02) (33, 2.39576125144958496094e+00) (34, 4.71744251251220703125e+00) (35, 2.51342129707336425781e+00) (36, 2.01301121711730957031e+00) (37, 1.42376947402954101562e+00) (38, 3.91124814748764038086e-01) (39, -7.06543505191802978516e-01) (40, -2.03812813758850097656e+00) (41, -1.95443458557128906250e+01) (42, 4.09603342413902282715e-02) (43, -2.16783618927001953125e+00) (44, 6.10067993402481079102e-02) (45, 9.48858618736267089844e-01) (46, 5.69516897201538085938e-01) (47, -1.41332641601562500000e+02) (48, 6.42907202243804931641e-01) (49, -3.98714561462402343750e+01) (50, -2.43826478719711303711e-01) (51, -1.34087395668029785156e+00) (52, -8.07133197784423828125e-01) (53, -8.62323242187500000000e+02) (54, -2.15546321868896484375e+00) (55, -3.18636474609375000000e+01) (56, 5.98121643066406250000e-01) (57, 1.16697525978088378906e+00) (58, 3.83855773925781250000e+02) (59, 1.64739811420440673828e+00) (60, 2.54222130775451660156e+00) (61, 3.28890609741210937500e+00) (62, -7.62732386589050292969e-01) (63, 2.27254700660705566406e+00) (64, 1.70694029331207275391e+00) (65, 2.32846164703369140625e+00) (66, 6.03487701416015625000e+01) (67, 1.94924569129943847656e+00) (68, 2.91513276100158691406e+00) (69, 7.78441009521484375000e+01) (70, 2.23391890525817871094e+00) (71, 2.09358525276184082031e+00) (72, 2.29784941673278808594e+00) (73, -3.64065704345703125000e+02) (74, 1.40012502670288085938e+00) (75, 2.58596897125244140625e+00) (76, -3.29677432775497436523e-01) (77, 2.41980791091918945312e+00) (78, 8.50838661193847656250e+00) (79, 2.03787918090820312500e+02) (80, 2.32722926139831542969e+00) (81, 4.08289241790771484375e+00) (82, 1.72880876064300537109e+00) (83, 2.73630189895629882812e+00) (84, 4.36416687011718750000e+02) (85, 2.68749642372131347656e+00) (86, 1.53653502464294433594e+00) (87, 1.48689374327659606934e-01) (88, 5.91562561035156250000e+02) (89, 1.77664764404296875000e+02) (90, 1.16331949234008789062e+01) (91, 5.40824035644531250000e+02) (92, 3.08112859725952148438e+00) (93, 2.42616033554077148438e+00) (94, 2.03231811523437500000e+00) (95, 3.71065187454223632812e+00) (96, 3.59134346246719360352e-01) (97, 2.52407312393188476562e+00) (98, 3.11892104148864746094e+00) (99, 2.13116717338562011719e+00) (100, 2.30434966087341308594e+00) (101, 3.90453767776489257812e+00) (102, 6.45305328369140625000e+01) (103, 8.91581420898437500000e+01) (104, -2.33387395739555358887e-01) (0, -1.91476268768310546875e+01) (1, -2.48892784118652343750e+00) (2, -3.09482365846633911133e-01) (3, -4.31496572494506835938e+00) (4, 2.12217986583709716797e-01) (5, -3.35885429382324218750e+00) (6, 5.78300654888153076172e-02) (7, 4.97567147016525268555e-01) (8, 7.24713039398193359375e+00) (9, 2.50352084636688232422e-01) (10, 1.30429816246032714844e+00) (11, -4.17175561189651489258e-01) (12, 3.65365147590637207031e-02) (13, 6.62056684494018554688e+00) (14, -9.79704678058624267578e-01) (15, 5.96460849046707153320e-02) (16, -4.01939439773559570312e+00) (17, -4.00778383016586303711e-01) (18, -6.29017353057861328125e-01) (19, -5.74644505977630615234e-01) (20, -1.83063137531280517578e+00) (21, -4.71125900745391845703e-01) (22, 2.98970192670822143555e-01) (23, -5.83060383796691894531e-01) (24, -6.19230508804321289062e+00) (25, -1.65030336380004882812e+00) (26, -3.18974167108535766602e-01) (27, 1.98712861537933349609e+00) (28, -6.43272340297698974609e-01) (29, -8.11633408069610595703e-01) (30, -7.40758299827575683594e-01) (31, 1.11421465873718261719e+00) (32, -2.34928679466247558594e+00) (33, -9.24184918403625488281e-01) (34, 1.12772321701049804688e+01) (35, -2.59395074844360351562e+00) (36, -1.39227533340454101562e+00) (37, -2.14022457599639892578e-01) (38, -7.44057118892669677734e-01) (39, 1.38435971736907958984e+00) (40, 7.69203472137451171875e+00) (41, 2.00221920013427734375e+00) (42, -2.02956140041351318359e-01) (43, 5.12928295135498046875e+00) (44, -1.16219803690910339355e-01) (45, -9.35310125350952148438e-01) (46, 1.43241417407989501953e+00) (47, -3.37761878967285156250e-01) (48, 8.62396776676177978516e-01) (49, 1.39043247699737548828e+00) (50, -1.39656350016593933105e-01) (51, 2.72234177589416503906e+00) (52, 2.94242429733276367188e+00) (53, 9.46328258514404296875e+00) (54, 1.41600668430328369141e+00) (55, -1.71932697296142578125e+00) (56, 7.08381295204162597656e-01) (57, -3.90368700027465820312e+00) (58, 1.32520043849945068359e+00) (59, 1.00451650619506835938e+01) (60, 3.03300917148590087891e-01) (61, -6.17420959472656250000e+00) (62, 6.30794668197631835938e+00) (63, -4.05818745493888854980e-02) (64, 1.55133807659149169922e+00) (65, 8.78440320491790771484e-01) (66, 1.11948180198669433594e+00) (67, 2.88301038742065429688e+00) (68, -7.90211772918701171875e+00) (69, -2.00898036360740661621e-01) (70, -4.90205436944961547852e-02) (71, 3.68849396705627441406e-01) (72, 6.73123419284820556641e-01) (73, -3.39964056015014648438e+00) (74, 1.54147315025329589844e+00) (75, 6.30907356739044189453e-01) (76, 5.18305444717407226562e+00) (77, 5.57185858488082885742e-02) (78, 4.67369747161865234375e+00) (79, -6.20961475372314453125e+00) (80, -1.36079287528991699219e+00) (81, 7.50464200973510742188e-02) (82, 8.87620067596435546875e+00) (83, 2.37037444114685058594e+00) (84, -3.13306212425231933594e+00) (85, 2.27035927772521972656e+00) (86, 1.24144814908504486084e-01) (87, 1.10071122646331787109e+00) (88, -1.21756637096405029297e+00) (89, -6.64518117904663085938e+00) (90, 7.38016128540039062500e-01) (91, 2.96152323484420776367e-01) (92, 1.71073126792907714844e+00) (93, 1.75847804546356201172e+00) (94, 5.19723832607269287109e-01) (95, -1.17492806911468505859e+00) (96, 1.83599615097045898438e+00) (97, -2.80683732032775878906e+00) (98, 4.38273239135742187500e+00) (99, 3.34720349311828613281e+00) (100, -2.35733914375305175781e+00) (101, 1.13037815093994140625e+01) (102, -5.44484615325927734375e+00) (103, 9.77443504333496093750e+00) (104, 2.01387786865234375000e+00) (0, 5.15418884277343750000e+02) (1, 8.70870742797851562500e+01) (2, 3.68464022874832153320e-01) (3, 2.54744738340377807617e-01) (4, 4.56904315948486328125e+00) (5, 2.37791213989257812500e+01) (6, 1.45530899047851562500e+02) (7, -7.14765429496765136719e-01) (8, -1.19119224548339843750e+01) (9, 1.75325047969818115234e+00) (10, 7.13342249393463134766e-01) (11, 5.49864864349365234375e+00) (12, 2.07172179222106933594e+00) (13, -4.54899215698242187500e+01) (14, 9.10452842712402343750e+00) (15, 2.40945219993591308594e+00) (16, 5.50387840270996093750e+01) (17, 2.73810720443725585938e+00) (18, 2.03647994995117187500e+00) (19, 2.52024650573730468750e+00) (20, 3.91331219673156738281e+00) (21, 2.79322853088378906250e+01) (22, 2.37398219108581542969e+00) (23, 1.96310305595397949219e+00) (24, -2.78648548126220703125e+01) (25, 1.86179962158203125000e+02) (26, 3.70940971374511718750e+01) (27, 1.73548710346221923828e+00) (28, 1.95233476161956787109e+00) (29, 1.93003341674804687500e+02) (30, 1.12340736389160156250e+02) (31, 2.07214212417602539062e+00) (32, 1.93895629882812500000e+02) (33, 1.02253568172454833984e+00) (34, 2.11125946044921875000e+00) (35, 9.02370452880859375000e-01) (36, 4.82039809226989746094e-01) (37, 4.56558614969253540039e-01) (38, -8.82533907890319824219e-01) (39, -1.78865699768066406250e+01) (40, -3.41468119621276855469e+00) (41, -4.21267166137695312500e+01) (42, 3.12571674585342407227e-01) (43, -1.02262139320373535156e+00) (44, 4.13603857159614562988e-02) (45, 5.94772338867187500000e-01) (46, -5.33908700942993164062e+00) (47, -1.41427139282226562500e+02) (48, 2.46058464050292968750e+00) (49, -1.45670318603515625000e+02) (50, -1.17329716682434082031e+00) (51, -4.17385959625244140625e+00) (52, -2.32748436927795410156e+00) (53, -1.50000000000000000000e+03) (54, -1.39145720005035400391e+00) (55, -3.36633567810058593750e+01) (56, 6.08214676380157470703e-01) (57, -4.39531183242797851562e+00) (58, 1.41980590820312500000e+02) (59, 9.56001377105712890625e+00) (60, 2.43818688392639160156e+00) (61, 1.79191360473632812500e+01) (62, -7.54559659957885742188e+00) (63, 2.42552828788757324219e+00) (64, 8.85304331779479980469e-01) (65, 2.49323964118957519531e+00) (66, 6.46211671829223632812e+00) (67, 1.11248950958251953125e+01) (68, 3.40125732421875000000e+01) (69, 5.01381164550781250000e+02) (70, 1.91025400161743164062e+00) (71, 2.16926860809326171875e+00) (72, 2.14707970619201660156e+00) (73, -1.11118988037109375000e+02) (74, 9.05940473079681396484e-01) (75, 6.91614007949829101562e+00) (76, -1.24416851997375488281e+00) (77, 2.59276986122131347656e+00) (78, 3.99896888732910156250e+01) (79, 5.04349517822265625000e+00) (80, 1.68022460937500000000e+01) (81, 6.36267089843750000000e+01) (82, 1.63427364826202392578e+00) (83, 4.13753471374511718750e+01) (84, 3.30161773681640625000e+02) (85, 1.22281007468700408936e-01) (86, 1.03517341613769531250e+00) (87, 1.26391351222991943359e-01) (88, 3.78682403564453125000e+01) (89, 1.06766223907470703125e+01) (90, 1.53903198242187500000e+00) (91, 4.84931831359863281250e+01) (92, 3.29730892181396484375e+00) (93, 1.12758028507232666016e+00) (94, 2.32389092445373535156e+00) (95, 1.03854150772094726562e+01) (96, 4.68294978141784667969e-01) (97, 2.54052424430847167969e+00) (98, 3.80073070526123046875e+00) (99, 2.25394201278686523438e+00) (100, 2.84745073318481445312e+00) (101, 1.69256744384765625000e+02) (102, -1.00895376205444335938e+01) (103, 1.89180564880371093750e+01) (104, -6.70557856559753417969e-01) (0, 6.57976961135864257812e+00) (1, 4.46224212646484375000e+00) (2, -5.19793844223022460938e+00) (3, 1.68025588989257812500e+00) (4, -1.17241799831390380859e+00) (5, -7.86661767959594726562e+00) (6, 1.47904634475708007812e+00) (7, -4.82268381118774414062e+00) (8, 8.61469650268554687500e+00) (9, -7.92116463184356689453e-01) (10, -2.81533503532409667969e+00) (11, 2.46410679817199707031e+00) (12, -7.27668926119804382324e-02) (13, 7.06460762023925781250e+00) (14, 3.46578192710876464844e+00) (15, -2.34410595893859863281e+00) (16, 4.21739721298217773438e+00) (17, 6.40667617321014404297e-01) (18, 8.36137354373931884766e-01) (19, 6.46683335304260253906e-01) (20, -2.68249893188476562500e+00) (21, -3.49239134788513183594e+00) (22, 5.48831820487976074219e-01) (23, 7.75358080863952636719e-01) (24, 1.23677101135253906250e+01) (25, 6.95637822151184082031e-01) (26, 4.38467836380004882812e+00) (27, 6.58544301986694335938e+00) (28, -2.08980679512023925781e+00) (29, -1.74406099319458007812e+00) (30, 1.45772671699523925781e+00) (31, 5.02017641067504882812e+00) (32, -2.08374834060668945312e+00) (33, -8.60840678215026855469e-01) (34, -9.10341620445251464844e-01) (35, 1.67227649688720703125e+00) (36, 4.92725706100463867188e+00) (37, -1.42411088943481445312e+00) (38, 6.46285772323608398438e-01) (39, 2.91245174407958984375e+00) (40, 3.40285599231719970703e-01) (41, 1.50538551807403564453e+00) (42, 2.71478009223937988281e+00) (43, -4.80966520309448242188e+00) (44, 6.80458545684814453125e-02) (45, -2.71692562103271484375e+00) (46, -7.66779184341430664062e-01) (47, -5.09011924266815185547e-01) (48, -9.14494633674621582031e-01) (49, -1.50474524497985839844e+00) (50, 1.87868750095367431641e+00) (51, -4.03893089294433593750e+00) (52, 2.24878406524658203125e+00) (53, 1.07821822166442871094e+00) (54, 3.79874825477600097656e-01) (55, -9.58967447280883789062e-01) (56, 2.39049124717712402344e+00) (57, 2.15555644035339355469e+00) (58, -8.86921137571334838867e-02) (59, 1.15601599216461181641e+00) (60, 9.98650640249252319336e-02) (61, -2.60734587907791137695e-01) (62, 8.42508196830749511719e-01) (63, -6.10285103321075439453e-01) (64, 2.97093391418457031250e+00) (65, -3.20872098207473754883e-01) (66, -2.93846058845520019531e+00) (67, 7.93884217739105224609e-01) (68, -2.41281771659851074219e+00) (69, -1.35671520233154296875e+00) (70, -3.71558010578155517578e-01) (71, 1.27103435993194580078e+00) (72, -2.81869459152221679688e+00) (73, -1.49069178104400634766e+00) (74, 6.83993577957153320312e-01) (75, -4.55828383564949035645e-02) (76, 2.36344957351684570312e+00) (77, 8.56143534183502197266e-01) (78, -5.52750229835510253906e-01) (79, 5.07828474044799804688e-01) (80, -3.69930475950241088867e-01) (81, -3.27347815036773681641e-01) (82, -6.21342241764068603516e-01) (83, -3.37751269340515136719e-01) (84, -9.86143350601196289062e-01) (85, -3.61402273178100585938e-01) (86, 7.68391430377960205078e-01) (87, 7.38001286983489990234e-01) (88, 4.70654875040054321289e-01) (89, -5.20346686244010925293e-02) (90, -3.11834156513214111328e-01) (91, 6.64792180061340332031e-01) (92, -6.25634312629699707031e-01) (93, -2.25043326616287231445e-01) (94, -6.37111246585845947266e-01) (95, -4.43963885307312011719e-01) (96, 1.28555262088775634766e+00) (97, -5.24505972862243652344e-01) (98, -8.48452985286712646484e-01) (99, -5.46342611312866210938e-01) (100, -5.56464016437530517578e-01) (101, -4.27103549242019653320e-01) (102, 1.04796981811523437500e+00) (103, 1.58052940368652343750e+01) (104, 2.54109334945678710938e+00) (0, -1.75758895874023437500e+01) (1, -8.23883724212646484375e+00) (2, 4.23918294906616210938e+00) (3, 1.75443971157073974609e+00) (4, 5.98803043365478515625e-01) (5, -7.25963783264160156250e+00) (6, 1.45832276344299316406e+00) (7, 1.34109029769897460938e+01) (8, -9.93407344818115234375e+00) (9, -7.78506374359130859375e+00) (10, -3.85450795292854309082e-02) (11, -3.23203420639038085938e+00) (12, 6.16637766361236572266e-01) (13, 4.30871725082397460938e+00) (14, 1.06862173080444335938e+01) (15, -7.03925848007202148438e+00) (16, -4.06454229354858398438e+00) (17, 1.37207162380218505859e+00) (18, 1.32301628589630126953e+00) (19, 1.35610973834991455078e+00) (20, 5.84545433521270751953e-01) (21, 2.07626938819885253906e+00) (22, -1.65840387344360351562e+00) (23, -2.35349699854850769043e-01) (24, -9.90437412261962890625e+00) (25, 1.94351625442504882812e+00) (26, 1.77017211914062500000e+00) (27, -1.31103694438934326172e+00) (28, 2.59108953177928924561e-02) (29, -1.30200117826461791992e-01) (30, 2.23549008369445800781e-01) (31, 4.35442686080932617188e+00) (32, -3.49937230348587036133e-02) (33, -1.28698468208312988281e-01) (34, -6.75769984722137451172e-01) (35, -1.06301534175872802734e+00) (36, -8.72619271278381347656e-01) (37, -6.91454768180847167969e-01) (38, -7.90756106376647949219e-01) (39, -8.85975658893585205078e-01) (40, -2.19168424606323242188e+00) (41, -1.37818586826324462891e+00) (42, -7.28140175342559814453e-01) (43, -7.54184305667877197266e-01) (44, -1.28308033943176269531e+00) (45, 1.67972302436828613281e+00) (46, -9.91810202598571777344e-01) (47, -2.93233215808868408203e-01) (48, 1.75296056270599365234e+00) (49, 1.29818224906921386719e+00) (50, -3.07191014289855957031e-01) (51, -4.50363337993621826172e-01) (52, -1.55721247196197509766e-01) (53, -6.00377380847930908203e-01) (54, 6.70211791992187500000e-01) (55, -3.19216060638427734375e+00) (56, -3.22469651699066162109e-01) (57, 8.05169045925140380859e-01) (58, 9.67382073402404785156e-01) (59, -6.79796934127807617188e-01) (60, 2.77190953493118286133e-01) (61, -8.82998332381248474121e-02) (62, -1.86912429332733154297e+00) (63, -2.46568158268928527832e-01) (64, -8.56674075126647949219e-01) (65, -1.78909361362457275391e-01) (66, -1.00069916248321533203e+00) (67, -3.13839697837829589844e+00) (68, 1.20898616313934326172e+00) (69, 1.00460267066955566406e+00) (70, 1.24953520298004150391e+00) (71, 1.49524733424186706543e-01) (72, -5.88401257991790771484e-01) (73, -8.41450750827789306641e-01) (74, 2.08962380886077880859e-01) (75, 1.83056640625000000000e+00) (76, -8.67339015007019042969e-01) (77, 1.53251409530639648438e+00) (78, 1.48027122020721435547e+00) (79, 1.70902240276336669922e+00) (80, 1.26978850364685058594e+00) (81, 1.15398502349853515625e+00) (82, 3.04636538028717041016e-01) (83, 1.34817099571228027344e+00) (84, 1.73520791530609130859e+00) (85, 3.19367021322250366211e-01) (86, -6.34010434150695800781e-01) (87, -7.34270334243774414062e-01) (88, -7.60349750518798828125e-01) (89, -4.82440680265426635742e-01) (90, -4.82795625925064086914e-01) (91, -3.94141554832458496094e-01) (92, 1.73494923114776611328e+00) (93, 1.75755009055137634277e-01) (94, 5.55904507637023925781e-01) (95, 1.19073891639709472656e+00) (96, -9.32524740695953369141e-01) (97, 4.95919525623321533203e-01) (98, 4.01488691568374633789e-01) (99, -3.00782591104507446289e-01) (100, 4.37147378921508789062e-01) (101, 1.68806767463684082031e+00) (102, 3.06040100097656250000e+02) (103, 3.10462219238281250000e+02) (104, 1.42185735702514648438e+00) (0, 3.01499992609024047852e-01) (1, 1.03455519676208496094e+00) (2, 2.76486605405807495117e-01) (3, 1.22915200889110565186e-01) (4, -2.77758836746215820312e-01) (5, -1.84010192751884460449e-01) (6, 2.72548824548721313477e-01) (7, 4.56075727939605712891e-01) (8, 6.64165019989013671875e-02) (9, 5.73690533638000488281e-01) (10, -6.90499767661094665527e-02) (11, -1.44638106226921081543e-01) (12, 7.85794019699096679688e-01) (13, -4.77046146988868713379e-02) (14, 6.69080793857574462891e-01) (15, 2.49258533120155334473e-01) (16, 2.71444469690322875977e-01) (17, 1.78527727723121643066e-01) (18, 3.80743779242038726807e-02) (19, -1.59016132354736328125e-01) (20, 3.90747070312500000000e-01) (21, 7.60659456253051757812e-01) (22, 3.12518864870071411133e-01) (23, 1.06405705213546752930e-01) (24, 1.50468087196350097656e+00) (25, 3.67938190698623657227e-01) (26, -8.27662408351898193359e-01) (27, -8.38136672973632812500e-02) (28, 1.79906034469604492188e+00) (29, -1.03316187858581542969e-01) (30, -1.29539206624031066895e-01) (31, -1.19841459672898054123e-03) (32, -1.90472066402435302734e-01) (33, 2.37272405624389648438e+00) (34, -1.18191850185394287109e+00) (35, 1.73117145895957946777e-02) (36, -1.52489399909973144531e+00) (37, -1.11205346882343292236e-01) (38, 6.71102032065391540527e-02) (39, -1.62309193611145019531e+00) (40, -1.11447250843048095703e+00) (41, -1.17646858096122741699e-01) (42, -6.97149991989135742188e-01) (43, 1.51135599613189697266e+00) (44, 7.77153611183166503906e-01) (45, -3.94444614648818969727e-01) (46, 1.12622730433940887451e-01) (47, -1.28235220909118652344e+00) (48, 5.42876672744750976562e+00) (49, -3.38695272803306579590e-02) (50, 1.58818706870079040527e-01) (51, 8.26063692569732666016e-01) (52, -4.05637830495834350586e-01) (53, -4.22890043258666992188e+00) (54, 2.39476060867309570312e+00) (55, -8.52241039276123046875e-01) (56, -1.38289237022399902344e+00) (57, 1.11850416660308837891e+00) (58, 1.22997045516967773438e+00) (59, -4.04417723417282104492e-01) (60, -1.20533846318721771240e-01) (61, 6.52549624443054199219e-01) (62, 2.48756170272827148438e+00) (63, -3.48969936370849609375e-01) (64, -4.83355939388275146484e-01) (65, -2.56435930728912353516e-01) (66, -4.09153133630752563477e-01) (67, -5.78369915485382080078e-01) (68, -3.95012617111206054688e-01) (69, -8.67712378501892089844e-01) (70, -2.26897791028022766113e-01) (71, 7.85906493663787841797e-01) (72, -7.44552791118621826172e-01) (73, -1.31305783987045288086e-01) (74, 3.39978523552417755127e-02) (75, 3.71017068624496459961e-01) (76, 1.05671727657318115234e+00) (77, -1.09543927013874053955e-01) (78, 4.99612599611282348633e-01) (79, -7.82655596733093261719e-01) (80, -1.88218846917152404785e-01) (81, -9.81292724609375000000e-01) (82, -2.96431243419647216797e-01) (83, -5.11207699775695800781e-01) (84, -1.26036316156387329102e-01) (85, 4.62867230176925659180e-01) (86, -2.23137617111206054688e-01) (87, -1.82112708687782287598e-01) (88, -8.04326057434082031250e-01) (89, 1.03110122680664062500e+00) (90, -8.49494457244873046875e-01) (91, -1.09230184555053710938e+00) (92, 3.08563560247421264648e-01) (93, 3.63028615713119506836e-01) (94, -8.07147383689880371094e-01) (95, 7.86313787102699279785e-02) (96, 1.25201952457427978516e+00) (97, 1.38067460060119628906e+00) (98, -1.47770154476165771484e+00) (99, 1.47996559739112854004e-01) (100, -1.16295540332794189453e+00) (101, -1.53436258435249328613e-01) (102, -2.47695967555046081543e-01) (103, 2.54436469078063964844e+00) (104, 2.08949780464172363281e+00) (0, -4.99185104370117187500e+01) (1, -2.23309898376464843750e+01) (2, -3.64943456649780273438e+00) (3, 2.57761144638061523438e+00) (4, -5.78220009803771972656e-01) (5, -9.62649941444396972656e-01) (6, -3.72499436140060424805e-01) (7, 2.04117565155029296875e+01) (8, 3.51431922912597656250e+01) (9, 1.37745296955108642578e+00) (10, 3.55886340141296386719e+00) (11, 4.82103228569030761719e-01) (12, -4.65985201299190521240e-03) (13, 2.96906261444091796875e+01) (14, -2.16678357124328613281e+00) (15, -2.94473856687545776367e-01) (16, -6.34404525756835937500e+01) (17, -4.08400297164916992188e+00) (18, -9.91642236709594726562e-01) (19, -2.76905322074890136719e+00) (20, -1.57128057479858398438e+01) (21, -1.75762290954589843750e+01) (22, -1.47659564018249511719e+00) (23, -9.25383985042572021484e-01) (24, 9.07762451171875000000e+01) (25, -5.12254447937011718750e+01) (26, -1.54869585037231445312e+01) (27, 2.84285932779312133789e-01) (28, -1.22389626502990722656e+00) (29, -5.80502662658691406250e+01) (30, -6.83360767364501953125e+00) (31, -7.63821005821228027344e-02) (32, -2.05338978767395019531e+00) (33, -6.17984890937805175781e-01) (34, -2.94539070129394531250e+00) (35, -9.21196460723876953125e-01) (36, -2.07567811012268066406e-01) (37, -6.45070336759090423584e-04) (38, 7.29155242443084716797e-01) (39, 1.95875680446624755859e+00) (40, 2.80753588676452636719e+00) (41, 3.39048309326171875000e+01) (42, 1.42046880722045898438e+00) (43, 2.11369209289550781250e+01) (44, 8.51989090442657470703e-01) (45, 1.02925193309783935547e+00) (46, 8.43677997589111328125e+00) (47, 1.31460418701171875000e+02) (48, -4.16726544499397277832e-02) (49, 8.59347343444824218750e+00) (50, 1.91640603542327880859e+00) (51, 2.96222567558288574219e+00) (52, 2.62791275978088378906e+00) (53, 3.28625450134277343750e+01) (54, 2.75211781263351440430e-01) (55, 3.55535840988159179688e+00) (56, 8.60493242740631103516e-01) (57, -1.00771064758300781250e+01) (58, -7.14430475234985351562e+00) (59, -2.34017467498779296875e+00) (60, -6.04899883270263671875e-01) (61, -9.46831583976745605469e-01) (62, 1.42113637924194335938e+01) (63, -5.56472614407539367676e-02) (64, -3.96908688545227050781e+00) (65, -1.00809252262115478516e+00) (66, -2.93137073516845703125e+00) (67, 4.18461179733276367188e+00) (68, -1.08632278442382812500e+01) (69, -2.03465385437011718750e+01) (70, -7.45743095874786376953e-01) (71, -4.17908382415771484375e+00) (72, -2.47725701332092285156e+00) (73, -1.24975090026855468750e+02) (74, -6.13842904567718505859e-01) (75, -1.13559856414794921875e+01) (76, 9.01105976104736328125e+00) (77, -2.05886650085449218750e+00) (78, -1.91407215595245361328e+00) (79, -7.66364240646362304688e+00) (80, 2.68953514099121093750e+00) (81, 1.07173118591308593750e+01) (82, 2.68978178501129150391e-01) (83, -1.50729465484619140625e+00) (84, -1.77745609283447265625e+01) (85, 7.55319237709045410156e-01) (86, -3.44400811195373535156e+00) (87, -3.94198298454284667969e+00) (88, -5.61697387695312500000e+00) (89, 2.82463431358337402344e+00) (90, -1.46945838928222656250e+01) (91, -1.15810954570770263672e+00) (92, 4.04825091361999511719e-01) (93, 1.76653683185577392578e+00) (94, -1.00824594497680664062e+00) (95, -1.84805715084075927734e+00) (96, 3.05204677581787109375e+00) (97, 1.65776908397674560547e+00) (98, -9.84270215034484863281e-01) (99, 2.44856670498847961426e-01) (100, -8.44443321228027343750e-01) (101, -1.58809292316436767578e+00) (102, 4.68027710914611816406e-01) (103, 2.49279594421386718750e+00) (104, 2.64638900756835937500e+00) (0, -1.50000000000000000000e+03) (1, -1.50000000000000000000e+03) (2, -9.07722830772399902344e-01) (3, 9.31609535217285156250e+00) (4, -1.93202590942382812500e+01) (5, -1.06311022949218750000e+03) (6, -2.80210226774215698242e-01) (7, -1.21465979003906250000e+03) (8, -1.86296520233154296875e+01) (9, 7.63026595115661621094e-01) (10, 3.16732859611511230469e+00) (11, -4.73317871093750000000e+01) (12, 2.13658571243286132812e+00) (13, 2.73176177978515625000e+02) (14, -2.07849669456481933594e+00) (15, 8.51454555988311767578e-01) (16, -8.78825855255126953125e+00) (17, -3.85922282934188842773e-01) (18, 1.04902815818786621094e+00) (19, -6.01493597030639648438e-01) (20, -1.01545166015625000000e+02) (21, 2.59829833984375000000e+02) (22, 1.20035915374755859375e+01) (23, 4.10072021484375000000e+01) (24, 1.49973400878906250000e+03) (25, -6.58339996337890625000e+01) (26, -7.88125038146972656250e-01) (27, 5.63062310218811035156e-01) (28, 1.50260293483734130859e+00) (29, -3.60991249084472656250e+01) (30, -1.00349678039550781250e+02) (31, 1.15566064453125000000e+03) (32, -4.19845724105834960938e+00) (33, 3.73769927024841308594e+00) (34, -1.42880706787109375000e+01) (35, 4.12335968017578125000e+00) (36, 5.30745792388916015625e+00) (37, 5.56829376220703125000e+01) (38, 2.14692306518554687500e+01) (39, 1.37307233810424804688e+01) (40, 1.34272445678710937500e+02) (41, 1.89986907958984375000e+02) (42, 1.74579787254333496094e+00) (43, 1.93097717285156250000e+02) (44, 3.53551177978515625000e+01) (45, 5.20243719220161437988e-02) (46, 4.44034957885742187500e+01) (47, 1.50000000000000000000e+03) (48, 1.53849853515625000000e+02) (49, 4.66740684509277343750e+01) (50, 3.54461326599121093750e+01) (51, 5.40306518554687500000e+02) (52, 1.76914157867431640625e+01) (53, 1.39617233276367187500e+02) (54, 1.94631710052490234375e+01) (55, 1.34099594116210937500e+02) (56, 1.41324555873870849609e+00) (57, 1.73096446990966796875e+01) (58, -9.07146072387695312500e+00) (59, -5.75896561145782470703e-01) (60, 2.29931235313415527344e-01) (61, -2.79154151678085327148e-01) (62, 1.94473861694335937500e+02) (63, 3.90515863895416259766e-01) (64, 2.25783157348632812500e+00) (65, 6.71011865139007568359e-01) (66, 1.69250366210937500000e+02) (67, -5.64837396144866943359e-01) (68, -6.31701946258544921875e+00) (69, -1.71691379547119140625e+01) (70, -1.32022809982299804688e+01) (71, -2.67426639795303344727e-01) (72, -2.91525077819824218750e+00) (73, 1.49988391113281250000e+03) (74, 9.82037603855133056641e-01) (75, -3.72326564788818359375e+00) (76, 2.65017833709716796875e+01) (77, -6.70659840106964111328e-01) (78, -4.21618614196777343750e+01) (79, -3.25138688087463378906e-01) (80, -6.80020809173583984375e-01) (81, 5.22704422473907470703e-01) (82, 6.48937046527862548828e-01) (83, 8.98135375976562500000e+00) (84, 7.12284266948699951172e-01) (85, 8.40884876251220703125e+00) (86, -2.95491367578506469727e-01) (87, 9.12347853183746337891e-01) (88, 1.32650625705718994141e+00) (89, 9.75051021575927734375e+00) (90, 5.98024189472198486328e-01) (91, 4.63880043029785156250e+01) (92, 2.50591605901718139648e-01) (93, -4.87387150526046752930e-01) (94, 1.16337604820728302002e-01) (95, -1.16471147537231445312e+00) (96, 6.70099210739135742188e+00) (97, 1.71319026947021484375e+01) (98, -6.02036476135253906250e-01) (99, 3.40892767906188964844e+00) (100, 2.34637662768363952637e-01) (101, 3.86922210454940795898e-01) (102, -7.11859741210937500000e+02) (103, 1.03626733398437500000e+03) (104, 1.85196328163146972656e+00) (0, 1.50000000000000000000e+03) (1, -1.49946020507812500000e+03) (2, 1.28354740142822265625e+00) (3, -2.03705520629882812500e+01) (4, -2.03552269935607910156e+00) (5, -1.31064748764038085938e+00) (6, -1.49919604492187500000e+03) (7, -5.93010215759277343750e+01) (8, 1.60925689697265625000e+02) (9, 7.80214145779609680176e-02) (10, -3.72354775667190551758e-01) (11, -3.68008255958557128906e-01) (12, 7.58180081844329833984e-01) (13, -8.68580505371093750000e+02) (14, 1.88133537769317626953e+00) (15, 1.11353325843811035156e+00) (16, -1.49802368164062500000e+03) (17, 2.32996106147766113281e+00) (18, -2.10367846488952636719e+00) (19, 2.48075437545776367188e+00) (20, 2.37492462158203125000e+02) (21, 1.90188674926757812500e+01) (22, 1.03533668518066406250e+01) (23, 1.20213308334350585938e+01) (24, -5.99468322753906250000e+02) (25, -1.49766735839843750000e+03) (26, 1.71569871902465820312e+00) (27, 1.24636542797088623047e+00) (28, 1.00807046890258789062e+01) (29, -1.02158093261718750000e+03) (30, 1.21943939208984375000e+02) (31, 2.32266569137573242188e+00) (32, 6.86085414886474609375e+00) (33, 6.63552474975585937500e+00) (34, 6.77710771560668945312e+00) (35, 6.58442354202270507812e+00) (36, 1.66672754287719726562e+00) (37, 1.49921984863281250000e+03) (38, 1.49869226074218750000e+03) (39, 1.49851806640625000000e+03) (40, 1.49548400878906250000e+03) (41, -2.95091857910156250000e+02) (42, 5.59697091579437255859e-01) (43, 6.07133064270019531250e+01) (44, 6.04234814643859863281e-01) (45, 4.80674314498901367188e+00) (46, 3.81880798339843750000e+02) (47, 4.53949317932128906250e+01) (48, 2.05266904830932617188e+00) (49, 8.70163497924804687500e+01) (50, 7.11491699218750000000e+01) (51, 8.82683105468750000000e+01) (52, 5.13543739318847656250e+01) (53, -4.21222076416015625000e+02) (54, 1.49894982910156250000e+03) (55, -2.53194274902343750000e+02) (56, 6.49113178253173828125e-01) (57, 1.45563208007812500000e+03) (58, -3.21060424804687500000e+02) (59, -1.02401313781738281250e+02) (60, 4.45481568574905395508e-01) (61, -3.96530818939208984375e+00) (62, 1.35229232788085937500e+02) (63, 4.40833300352096557617e-01) (64, 6.38301014900207519531e-01) (65, 3.87846648693084716797e-01) (66, -1.09482412338256835938e+01) (67, -1.34304904937744140625e+01) (68, 2.50994777679443359375e+00) (69, 7.35117483139038085938e+00) (70, 9.36887025833129882812e-01) (71, 1.67285895347595214844e+00) (72, 5.35180687904357910156e-01) (73, -3.33201629638671875000e+02) (74, 3.72994989156723022461e-01) (75, 2.46698051691055297852e-01) (76, 1.43988024902343750000e+03) (77, 1.46767067909240722656e+00) (78, 1.56890640258789062500e+01) (79, -1.25872392654418945312e+01) (80, 9.30766940116882324219e-01) (81, 1.98836433887481689453e+00) (82, 7.08371579647064208984e-01) (83, 2.28289985656738281250e+00) (84, 9.14869079589843750000e+01) (85, 2.21505808830261230469e+00) (86, 5.69488167762756347656e-01) (87, 1.35989170074462890625e+01) (88, 1.05635292053222656250e+02) (89, -2.19529104232788085938e+00) (90, 3.76236945390701293945e-01) (91, 9.12163257598876953125e+00) (92, 1.63259756565093994141e+00) (93, 1.02904093265533447266e+00) (94, 1.29284775257110595703e+00) (95, -2.58781001321040093899e-05) (96, 1.49921166992187500000e+03) (97, 1.66601920127868652344e+00) (98, 1.08255922794342041016e+00) (99, -6.07345700263977050781e-01) (100, 1.11359405517578125000e+00) (101, 1.99900043010711669922e+00) (102, -1.49953186035156250000e+03) (103, 1.49972546386718750000e+03) (104, 8.53178322315216064453e-01) (0, 1.48715835571289062500e+02) (1, 1.59709529876708984375e+01) (2, 1.63582372665405273438e+00) (3, -3.31902027130126953125e-01) (4, 8.77476215362548828125e+00) (5, 3.57274127006530761719e+00) (6, 1.33478612899780273438e+01) (7, 1.40950355529785156250e+01) (8, -1.07893457412719726562e+01) (9, 1.89875054359436035156e+00) (10, 4.64417263865470886230e-02) (11, 1.48690581321716308594e+00) (12, 1.67476487159729003906e+00) (13, -4.51309928894042968750e+01) (14, 3.51376414299011230469e+00) (15, 2.30268239974975585938e+00) (16, 1.65773391723632812500e+01) (17, 8.07841205596923828125e+00) (18, 2.62242150306701660156e+00) (19, 2.93612384796142578125e+00) (20, 3.20516157150268554688e+00) (21, 1.36633672714233398438e+01) (22, 3.03793454170227050781e+00) (23, 2.02692008018493652344e+00) (24, -2.57651424407958984375e+01) (25, 6.14322357177734375000e+01) (26, 2.62526874542236328125e+01) (27, 1.51050257682800292969e+00) (28, 2.28298735618591308594e+00) (29, 7.43221817016601562500e+01) (30, 1.41589660644531250000e+01) (31, 2.46990942955017089844e+00) (32, 3.45180168151855468750e+01) (33, 2.05848550796508789062e+00) (34, 1.52735662460327148438e+01) (35, 8.34407508373260498047e-01) (36, 9.36510682106018066406e-01) (37, 4.25455182790756225586e-01) (38, -4.32253390550613403320e-01) (39, -7.25547742843627929688e+00) (40, -3.83532619476318359375e+00) (41, -2.41188240051269531250e+01) (42, 5.33247888088226318359e-01) (43, -2.14347958564758300781e+00) (44, 3.62026095390319824219e-01) (45, 1.23591884970664978027e-01) (46, -1.56033742427825927734e+00) (47, -5.16815414428710937500e+01) (48, 1.13026943206787109375e+01) (49, -2.35995216369628906250e+01) (50, -5.77144324779510498047e-01) (51, -3.09185552597045898438e+00) (52, -1.10477375984191894531e+00) (53, -5.13158203125000000000e+02) (54, -1.90298902988433837891e+00) (55, -2.27105350494384765625e+01) (56, 1.14700067043304443359e+00) (57, -4.00326299667358398438e+00) (58, 4.13039970397949218750e+01) (59, -1.99453389644622802734e+00) (60, 2.98267245292663574219e+00) (61, 2.83351573944091796875e+01) (62, -1.91686403751373291016e+00) (63, 2.94778847694396972656e+00) (64, -4.27155542373657226562e+00) (65, 3.85230636596679687500e+00) (66, 3.25558280944824218750e+01) (67, -6.58812820911407470703e-01) (68, 1.68618946075439453125e+01) (69, 1.17047256469726562500e+02) (70, 2.28223800659179687500e+00) (71, 1.91783261299133300781e+00) (72, 2.11970996856689453125e+00) (73, 3.33802413940429687500e+01) (74, 1.60230100154876708984e+00) (75, 4.69001960754394531250e+01) (76, -7.95463800430297851562e-01) (77, 2.77086997032165527344e+00) (78, -8.13743844628334045410e-03) (79, 3.60375094413757324219e+00) (80, 2.97605438232421875000e+01) (81, 2.99382934570312500000e+01) (82, 1.21073150634765625000e+00) (83, 4.17993202209472656250e+01) (84, 1.99376029968261718750e+01) (85, -1.35115221142768859863e-01) (86, 1.28718531131744384766e+00) (87, 2.79696077108383178711e-01) (88, 2.19361324310302734375e+01) (89, 1.81499233245849609375e+01) (90, 2.35556435585021972656e+00) (91, 6.21625125408172607422e-01) (92, 7.82900285720825195312e+00) (93, 1.38223099708557128906e+00) (94, 2.15197563171386718750e+00) (95, 2.15548753738403320312e+00) (96, 5.65424978733062744141e-01) (97, 2.00120735168457031250e+00) (98, 1.71293282508850097656e+00) (99, 1.88093709945678710938e+00) (100, 2.39603638648986816406e+00) (101, 4.30763912200927734375e+00) (102, 2.01481199264526367188e+00) (103, 1.01016044616699218750e+00) (104, -4.13718581199645996094e-01) (0, -1.04503906250000000000e+03) (1, -3.26210449218750000000e+02) (2, 9.36383187770843505859e-01) (3, 9.60125923156738281250e+00) (4, 1.52343139052391052246e-01) (5, 9.70652222633361816406e-01) (6, -4.88483235239982604980e-02) (7, -2.39916343688964843750e+01) (8, 4.80279922485351562500e+01) (9, 7.83060669898986816406e-01) (10, 3.50222434997558593750e+01) (11, 6.51562213897705078125e-01) (12, 2.23885202407836914062e+00) (13, 2.85338134765625000000e+02) (14, -4.59597110748291015625e+00) (15, 4.32781547307968139648e-01) (16, -3.44156622886657714844e-01) (17, -1.76312196254730224609e+00) (18, -8.50895385742187500000e+01) (19, 3.69090102612972259521e-02) (20, -1.37518501281738281250e+01) (21, 3.04055328369140625000e+02) (22, 7.00467681884765625000e+01) (23, 6.95834045410156250000e+01) (24, 5.92298812866210937500e+01) (25, -1.95321617126464843750e+01) (26, 2.00611853599548339844e+00) (27, 4.54995441436767578125e+00) (28, 2.52397003173828125000e+02) (29, 5.65239143371582031250e+00) (30, -4.10367393493652343750e+00) (31, 9.62265968322753906250e+00) (32, -4.56539245605468750000e+02) (33, 6.66751980781555175781e-01) (34, 1.29151868820190429688e+00) (35, 3.32114338874816894531e-01) (36, -5.63685607910156250000e+00) (37, 5.47731323242187500000e+01) (38, 3.69549179077148437500e+01) (39, 7.34954023361206054688e+00) (40, 1.77846313476562500000e+02) (41, 1.10701606750488281250e+02) (42, 1.99334263801574707031e+00) (43, 5.76904869079589843750e+00) (44, 1.95916385650634765625e+01) (45, 2.75292396545410156250e+00) (46, 6.70471740722656250000e+02) (47, 6.13772888183593750000e+02) (48, 1.04091018676757812500e+02) (49, 8.50745010375976562500e+01) (50, 2.67176795005798339844e+00) (51, 2.40347503662109375000e+02) (52, 5.82369661331176757812e+00) (53, 3.99231300354003906250e+01) (54, 1.66860294342041015625e+01) (55, 4.18531875610351562500e+01) (56, 2.10388588905334472656e+00) (57, 3.89114723205566406250e+01) (58, -7.76907491683959960938e+00) (59, 2.55115928649902343750e+01) (60, -9.84609723091125488281e-02) (61, 3.29390430450439453125e+00) (62, 4.94811868667602539062e+00) (63, 1.40452706813812255859e+00) (64, 3.16017699241638183594e+00) (65, 7.73321986198425292969e-01) (66, 5.07287689208984375000e+02) (67, 1.84297251701354980469e+00) (68, 2.86026453971862792969e+00) (69, -2.76964068412780761719e-01) (70, 3.18585366010665893555e-01) (71, 2.75523006916046142578e-01) (72, 5.04148826003074645996e-02) (73, 2.64253723144531250000e+02) (74, -3.93956208229064941406e+00) (75, -5.58889687061309814453e-01) (76, 5.79767990112304687500e+00) (77, -1.69799482822418212891e+00) (78, -2.18930301666259765625e+01) (79, -1.70495092868804931641e+00) (80, -9.86006706953048706055e-02) (81, -9.83810573816299438477e-02) (82, 7.94719099998474121094e-01) (83, -8.53285849094390869141e-01) (84, -1.49034690856933593750e+01) (85, 1.05745923519134521484e+00) (86, -2.98418492078781127930e-01) (87, 2.95563411712646484375e+00) (88, -1.20961856842041015625e+00) (89, -8.20584869384765625000e+00) (90, 1.37880063056945800781e+00) (91, 3.84528189897537231445e-01) (92, -2.00335770845413208008e-01) (93, 5.83188831806182861328e-01) (94, 3.36112260818481445312e-01) (95, -5.65947866439819335938e+00) (96, 6.74310445785522460938e+00) (97, 2.79152184724807739258e-01) (98, 4.93680179119110107422e-01) (99, 9.70483541488647460938e-01) (100, 1.93706706166267395020e-01) (101, -3.47252488136291503906e-01) (102, -2.63540618896484375000e+02) (103, 4.18130645751953125000e+02) (104, 1.76756441593170166016e+00) (0, 5.30054260253906250000e+02) (1, -3.19396087646484375000e+02) (2, -3.32405298948287963867e-01) (3, 1.48373425006866455078e+00) (4, -4.93687868118286132812e+00) (5, -7.62182140350341796875e+00) (6, -3.50561857223510742188e-01) (7, -2.82412910461425781250e+01) (8, 2.20120487213134765625e+01) (9, -1.11604645848274230957e-01) (10, 1.75488579273223876953e+00) (11, 9.36912596225738525391e-02) (12, 3.20897772908210754395e-02) (13, 1.08182077407836914062e+01) (14, -3.20077478885650634766e-01) (15, -1.92093193531036376953e-01) (16, 2.47518367767333984375e+01) (17, -4.37055259943008422852e-01) (18, -5.61602413654327392578e-01) (19, -2.72058457136154174805e-01) (20, 7.02770042419433593750e+00) (21, 3.07281127929687500000e+02) (22, -1.19925570487976074219e+00) (23, -1.57336568832397460938e+00) (24, 7.12043685913085937500e+01) (25, -1.95063531398773193359e+00) (26, -2.77485430240631103516e-01) (27, 2.41289719939231872559e-01) (28, -8.46783638000488281250e-01) (29, 2.47838249206542968750e+01) (30, 1.16032266616821289062e+00) (31, 1.23883163452148437500e+02) (32, -8.94244253635406494141e-01) (33, 1.31244182586669921875e+00) (34, 1.82541549205780029297e+00) (35, -2.60864764451980590820e-01) (36, -5.91470539569854736328e-01) (37, 6.64686441421508789062e-01) (38, 1.74202132225036621094e+00) (39, 2.42700314521789550781e+00) (40, 2.90863347053527832031e+00) (41, 2.78542518615722656250e+01) (42, 1.71067154407501220703e+00) (43, 2.40593624114990234375e+00) (44, 6.52956056594848632812e+00) (45, 8.45108628273010253906e-01) (46, 1.54694390296936035156e+00) (47, 5.42235260009765625000e+01) (48, 8.52846984863281250000e+01) (49, 2.44632291793823242188e+00) (50, 1.76674008369445800781e+00) (51, 2.74953722953796386719e+00) (52, 2.42419648170471191406e+00) (53, 4.19462299346923828125e+00) (54, 1.91522121429443359375e+01) (55, 1.93657875061035156250e+00) (56, 3.52777242660522460938e-01) (57, 4.73859399557113647461e-01) (58, -6.97698116302490234375e-01) (59, -1.14860318601131439209e-01) (60, -3.02300035953521728516e-01) (61, -1.84985443949699401855e-01) (62, 2.69819283485412597656e+00) (63, -4.03747946023941040039e-01) (64, -9.06509608030319213867e-02) (65, -3.54091435670852661133e-01) (66, 1.53831899166107177734e+00) (67, -8.32117721438407897949e-02) (68, -2.63698816299438476562e-01) (69, -5.25731027126312255859e-01) (70, -1.57024681568145751953e-01) (71, -9.74000990390777587891e-02) (72, -4.21953588724136352539e-01) (73, 1.02147430419921875000e+02) (74, 4.24063920974731445312e-01) (75, -2.91189014911651611328e-01) (76, 1.38404357433319091797e+00) (77, -2.08481714129447937012e-01) (78, -1.62995114922523498535e-01) (79, -5.18095779418945312500e+00) (80, -1.43299788236618041992e-01) (81, -4.03150111436843872070e-01) (82, 1.79683387279510498047e-01) (83, -2.39478409290313720703e-01) (84, -1.69050538539886474609e+00) (85, -1.24543376266956329346e-01) (86, 3.69280576705932617188e-02) (87, 1.28235745429992675781e+00) (88, -4.94961404800415039062e+00) (89, -9.24179553985595703125e+00) (90, -3.71260911226272583008e-01) (91, -8.44895005226135253906e-01) (92, -3.11513870954513549805e-01) (93, -1.33209899067878723145e-01) (94, -1.94622963666915893555e-01) (95, -4.41835016012191772461e-01) (96, 4.72647398710250854492e-01) (97, -9.05312448740005493164e-02) (98, -4.87613022327423095703e-01) (99, -3.66020560264587402344e-01) (100, -3.65927815437316894531e-01) (101, -2.67407834529876708984e-01) (102, 2.68258643150329589844e+00) (103, 4.44656658172607421875e+00) (104, 2.23095893859863281250e+00) (0, -1.22857226562500000000e+03) (1, 2.04357833862304687500e+02) (2, -1.57477104663848876953e+00) (3, -3.43135910034179687500e+01) (4, 1.41718627929687500000e+03) (5, 1.49895288085937500000e+03) (6, 1.47437038421630859375e+01) (7, 1.19848059082031250000e+03) (8, -4.54439666748046875000e+02) (9, 1.28624944686889648438e+01) (10, -6.56269454956054687500e+00) (11, 1.83964599609375000000e+02) (12, 1.31379449367523193359e+00) (13, -1.57507400512695312500e+02) (14, 8.32049026489257812500e+01) (15, 1.45316209793090820312e+01) (16, 7.30872573852539062500e+01) (17, 2.39268131256103515625e+01) (18, 1.44905033111572265625e+01) (19, 2.28317546844482421875e+01) (20, 6.57188749313354492188e+00) (21, 7.97843170166015625000e+01) (22, 4.11248302459716796875e+00) (23, 2.89941358566284179688e+00) (24, -5.16853332519531250000e+02) (25, 9.17992630004882812500e+01) (26, 2.02476453781127929688e+00) (27, 1.15315961837768554688e+00) (28, 3.70709109306335449219e+00) (29, 2.55991573333740234375e+01) (30, 7.74600982666015625000e+01) (31, 2.01027202606201171875e+00) (32, 2.91790802001953125000e+02) (33, 2.94681072235107421875e+00) (34, 6.31190967559814453125e+00) (35, 6.65631771087646484375e+00) (36, 1.34398245811462402344e+00) (37, -1.64604389667510986328e+00) (38, -1.70930023193359375000e+01) (39, -1.15163335800170898438e+01) (40, -2.18024902343750000000e+02) (41, -1.25132736206054687500e+02) (42, -1.76815968006849288940e-02) (43, -4.02777290344238281250e+01) (44, 1.36369481682777404785e-01) (45, 9.98627543449401855469e-01) (46, -8.35671603679656982422e-01) (47, -1.39495898437500000000e+03) (48, 2.45057735443115234375e+01) (49, -1.06793823242187500000e+01) (50, 4.65226233005523681641e-01) (51, -4.34314300537109375000e+02) (52, -1.27467498779296875000e+01) (53, -1.09596435546875000000e+03) (54, -1.88937485218048095703e+00) (55, -1.02710888671875000000e+03) (56, 5.71619451045989990234e-01) (57, -1.82791292667388916016e-01) (58, 4.51575775146484375000e+02) (59, 2.91577458381652832031e+00) (60, 4.07890653610229492188e+00) (61, 3.40767593383789062500e+01) (62, -1.41437005996704101562e+01) (63, 3.48486876487731933594e+00) (64, 1.91583216190338134766e+00) (65, 3.02612805366516113281e+00) (66, 7.97493743896484375000e+01) (67, 1.31097686290740966797e+00) (68, 2.88636231422424316406e+00) (69, 1.52695892333984375000e+02) (70, 2.61146950721740722656e+00) (71, 2.14304041862487792969e+00) (72, 2.63430252075195312500e+01) (73, 1.47148468017578125000e+02) (74, 8.46576035022735595703e-01) (75, 1.95672190189361572266e+00) (76, -2.55313277244567871094e-01) (77, 2.89436101913452148438e+00) (78, 1.94499816894531250000e+01) (79, 7.97093200683593750000e+01) (80, 3.34063792228698730469e+00) (81, 1.72248268127441406250e+01) (82, 3.50406575202941894531e+00) (83, 9.01447772979736328125e+00) (84, 9.17134521484375000000e+02) (85, 1.63400955200195312500e+01) (86, 1.25479257106781005859e+00) (87, -3.98349352180957794189e-02) (88, 7.13918640136718750000e+02) (89, 7.49779235839843750000e+02) (90, 3.41630859375000000000e+01) (91, 3.43203979492187500000e+02) (92, 4.53129005432128906250e+00) (93, 2.19112086296081542969e+00) (94, 2.43981456756591796875e+00) (95, 1.54920959472656250000e+02) (96, 3.63910883665084838867e-01) (97, 1.88917770385742187500e+01) (98, 9.16318893432617187500e+00) (99, 2.94912767410278320312e+00) (100, 4.29376173019409179688e+00) (101, 8.38748092651367187500e+01) (102, -4.36153381347656250000e+02) (103, 1.12536401367187500000e+03) (104, -4.88575160503387451172e-01) (0, 1.49814611816406250000e+03) (1, 1.49956127929687500000e+03) (2, 1.61294078826904296875e+00) (3, 1.90193742513656616211e-01) (4, 2.51837493896484375000e+02) (5, 1.49996276855468750000e+03) (6, 1.49612500000000000000e+03) (7, 8.27084777832031250000e+02) (8, 1.35192822265625000000e+03) (9, 1.49739742279052734375e+00) (10, -2.78917236328125000000e+02) (11, 1.49887084960937500000e+03) (12, 7.71615386009216308594e-01) (13, -1.50000000000000000000e+03) (14, 3.25189685821533203125e+00) (15, 1.46742439270019531250e+00) (16, 1.49989807128906250000e+03) (17, 1.83585488796234130859e+00) (18, 1.49506068229675292969e+00) (19, 2.31106448173522949219e+00) (20, -3.61770898103713989258e-01) (21, 1.14656909179687500000e+03) (22, 1.53987610340118408203e+00) (23, -1.14878952503204345703e+00) (24, -5.49980957031250000000e+02) (25, 1.05976119995117187500e+02) (26, 1.04327306747436523438e+01) (27, 7.17547416687011718750e-01) (28, 2.00844168663024902344e+00) (29, 2.99760101318359375000e+02) (30, 1.47348962402343750000e+03) (31, -1.84358775615692138672e+00) (32, 3.38919219970703125000e+01) (33, 1.71336817741394042969e+00) (34, 3.07711744308471679688e+00) (35, 1.53605484962463378906e+00) (36, 6.47565484046936035156e-01) (37, 2.11638679504394531250e+01) (38, -1.37354736328125000000e+02) (39, -5.39907121658325195312e+00) (40, -7.56992187500000000000e+01) (41, -1.44285754394531250000e+03) (42, -2.48714417219161987305e-01) (43, -1.45264245605468750000e+03) (44, -1.05255687236785888672e+00) (45, 1.59426346421241760254e-01) (46, -5.59933280944824218750e+00) (47, -1.41052050781250000000e+03) (48, -1.16590583324432373047e+00) (49, -1.50000000000000000000e+03) (50, -1.95860159397125244141e+00) (51, 2.62063083648681640625e+01) (52, -7.85027770996093750000e+01) (53, -1.45231835937500000000e+03) (54, -1.20935897827148437500e+01) (55, -1.50000000000000000000e+03) (56, 5.42473971843719482422e-01) (57, -2.17501449584960937500e+00) (58, 7.02295715332031250000e+02) (59, 1.29754471778869628906e+00) (60, 2.10423254966735839844e+00) (61, 6.18509435653686523438e+00) (62, -3.43795074462890625000e+02) (63, 2.39147377014160156250e+00) (64, 7.58467555046081542969e-01) (65, 3.24272704124450683594e+00) (66, 4.14084510803222656250e+01) (67, 1.88720333576202392578e+00) (68, 3.01891183853149414062e+00) (69, 1.57727935791015625000e+02) (70, 2.00248813629150390625e+00) (71, 2.13045811653137207031e+00) (72, 2.09843015670776367188e+00) (73, -1.49968579101562500000e+03) (74, 5.37263035774230957031e-01) (75, 3.21363067626953125000e+00) (76, -5.80023944377899169922e-01) (77, 2.76987934112548828125e+00) (78, 1.23940944671630859375e+01) (79, 2.15763671875000000000e+02) (80, 1.95376563072204589844e+00) (81, 3.74390745162963867188e+00) (82, 1.55697131156921386719e+00) (83, 2.77831935882568359375e+00) (84, 3.48723449707031250000e+02) (85, 2.21801400184631347656e+00) (86, 9.19835209846496582031e-01) (87, 1.07330314815044403076e-01) (88, 4.14207733154296875000e+02) (89, 1.49844677734375000000e+03) (90, 7.96915435791015625000e+00) (91, 7.78815368652343750000e+02) (92, 3.35330414772033691406e+00) (93, 1.93764674663543701172e+00) (94, 2.38349771499633789062e+00) (95, -9.10544815063476562500e+01) (96, -5.66206991672515869141e-01) (97, 2.08004522323608398438e+00) (98, 6.00836277008056640625e+00) (99, 1.62354624271392822266e+00) (100, 2.86682391166687011719e+00) (101, 8.57100772857666015625e+00) (102, -1.05606018066406250000e+03) (103, 1.42213244628906250000e+03) (104, -5.53671181201934814453e-01) (0, 2.75245666503906250000e+00) (1, 4.14620876312255859375e+00) (2, -4.28078222274780273438e+00) (3, 2.28513288497924804688e+00) (4, 1.84751704335212707520e-01) (5, -9.71110880374908447266e-01) (6, -2.91591429710388183594e+00) (7, -6.82287836074829101562e+00) (8, 1.07888269424438476562e+01) (9, -3.49319815635681152344e+00) (10, -3.53544044494628906250e+00) (11, 1.69570237398147583008e-01) (12, 7.01881051063537597656e-01) (13, 5.80158281326293945312e+00) (14, 1.20074021816253662109e+00) (15, 2.19654250144958496094e+00) (16, 4.65659290552139282227e-01) (17, -3.05493116378784179688e+00) (18, 2.93356800079345703125e+00) (19, 7.00705111026763916016e-01) (20, -7.01466560363769531250e+00) (21, 8.86504054069519042969e-02) (22, -3.28018689155578613281e+00) (23, 1.93701338768005371094e+00) (24, 1.39592685699462890625e+01) (25, -1.15450106561183929443e-01) (26, 3.10103535652160644531e+00) (27, 1.68900644779205322266e+00) (28, -1.72909259796142578125e+00) (29, -1.05653393268585205078e+00) (30, -7.85722792148590087891e-01) (31, 8.28079891204833984375e+00) (32, -1.37930643558502197266e+00) (33, 7.60079681873321533203e-01) (34, 2.93240427970886230469e+00) (35, 1.56278622150421142578e+00) (36, 1.94092631340026855469e+00) (37, -6.19789838790893554688e+00) (38, -1.48665416240692138672e+00) (39, -9.35309946537017822266e-01) (40, -1.77832677960395812988e-01) (41, 3.99741840362548828125e+00) (42, -9.33096468448638916016e-01) (43, -2.31502652168273925781e+00) (44, -4.05487251281738281250e+00) (45, -8.06756496429443359375e-01) (46, 1.99620032310485839844e+00) (47, -1.16160106658935546875e+00) (48, 3.12122178077697753906e+00) (49, -4.09781336784362792969e-02) (50, 2.38324975967407226562e+00) (51, 1.11577081680297851562e+00) (52, -2.74974632263183593750e+00) (53, -2.74810284376144409180e-01) (54, 1.08049750328063964844e+00) (55, -2.19851946830749511719e+00) (56, -1.86607217788696289062e+00) (57, -1.31221759319305419922e+00) (58, 4.04560518264770507812e+00) (59, 9.55538809299468994141e-01) (60, 1.33123612403869628906e+00) (61, 3.49329566955566406250e+00) (62, -1.23409247398376464844e+00) (63, 1.05837833881378173828e+00) (64, 1.71654745936393737793e-01) (65, 1.28064119815826416016e+00) (66, -3.33408534526824951172e-01) (67, 1.13724601268768310547e+00) (68, -3.32510024309158325195e-01) (69, 1.97271823883056640625e+00) (70, 1.84522211551666259766e-01) (71, -7.62210786342620849609e-01) (72, 3.64809125661849975586e-01) (73, -9.22653198242187500000e+00) (74, -4.88191604614257812500e+00) (75, -1.55393198132514953613e-01) (76, -2.26891779899597167969e+00) (77, 6.85511946678161621094e-01) (78, 2.19098258018493652344e+00) (79, 1.91928476095199584961e-01) (80, -1.31594568490982055664e-01) (81, 1.60278880596160888672e+00) (82, -6.02883934974670410156e-01) (83, 1.15826511383056640625e+00) (84, 1.36570227146148681641e+00) (85, 6.60150945186614990234e-02) (86, -7.57482290267944335938e-01) (87, -1.31125545501708984375e+00) (88, -1.25552642345428466797e+00) (89, -7.14961230754852294922e-01) (90, -4.72631394863128662109e-01) (91, -6.62161111831665039062e-01) (92, 1.70243048667907714844e+00) (93, -4.71689462661743164062e-01) (94, 6.85473859310150146484e-01) (95, 1.95944714546203613281e+00) (96, -1.01441454887390136719e+00) (97, 1.70833086967468261719e+00) (98, 2.62385845184326171875e+00) (99, 1.84525370597839355469e+00) (100, 9.72063779830932617188e-01) (101, 1.07480657100677490234e+00) (102, 8.61996173858642578125e-01) (103, 1.22937667369842529297e+00) (104, 1.08122479915618896484e+00) (0, 1.49992590332031250000e+03) (1, 1.46918847656250000000e+03) (2, 2.10750842094421386719e+00) (3, -8.78499938964843750000e+02) (4, 1.50000000000000000000e+03) (5, -1.17603283691406250000e+03) (6, 1.05611181640625000000e+03) (7, 1.30570581054687500000e+03) (8, 1.49514480590820312500e+02) (9, 3.51324653625488281250e+00) (10, -1.02546080946922302246e-01) (11, 1.05858056640625000000e+03) (12, 1.29535090923309326172e+00) (13, -8.84353454589843750000e+02) (14, 6.54164648056030273438e+00) (15, 2.28417253494262695312e+00) (16, 1.50000000000000000000e+03) (17, 1.07891197204589843750e+01) (18, 1.70096832275390625000e+02) (19, 6.49389696121215820312e+00) (20, 7.79292724609375000000e+02) (21, 1.49911730957031250000e+03) (22, 3.61123585700988769531e+00) (23, 4.12668180465698242188e+00) (24, -1.15526138305664062500e+02) (25, 1.49950927734375000000e+03) (26, 1.59748868942260742188e+01) (27, 1.74240803718566894531e+00) (28, 3.40130805969238281250e+00) (29, 1.50000000000000000000e+03) (30, 2.24861663818359375000e+02) (31, 3.08378338813781738281e+00) (32, 8.01261657714843750000e+02) (33, 2.50869488716125488281e+00) (34, 5.88989067077636718750e+00) (35, 2.73864793777465820312e+00) (36, 2.28676843643188476562e+00) (37, -4.31855957031250000000e+02) (38, -7.41902847290039062500e+01) (39, -3.51035728454589843750e+01) (40, -1.50000000000000000000e+03) (41, -1.45409533691406250000e+03) (42, 4.47355389595031738281e-01) (43, -6.88744020462036132812e+00) (44, -1.83044523000717163086e-02) (45, 8.14788103103637695312e-01) (46, -1.01799631118774414062e+00) (47, -1.50000000000000000000e+03) (48, -6.98969900608062744141e-01) (49, -1.32109667968750000000e+03) (50, -2.43238861083984375000e+02) (51, -3.62284393310546875000e+02) (52, -2.60487518310546875000e+02) (53, -1.50000000000000000000e+03) (54, -7.27603073120117187500e+01) (55, -1.39227416992187500000e+03) (56, 4.26245152950286865234e-01) (57, -1.74630050659179687500e+01) (58, -1.13953259277343750000e+03) (59, 2.49608039855957031250e+00) (60, 5.32609701156616210938e+00) (61, 1.25312767028808593750e+01) (62, -4.52043962478637695312e+00) (63, 6.69571924209594726562e+00) (64, 1.46172964572906494141e+00) (65, 9.87404823303222656250e+00) (66, -4.75345123291015625000e+02) (67, 1.92712604999542236328e+00) (68, 5.73388624191284179688e+00) (69, 5.96003051757812500000e+02) (70, 2.63465642929077148438e+00) (71, 2.16277432441711425781e+00) (72, 2.05964612960815429688e+00) (73, -1.49997302246093750000e+03) (74, 8.26253652572631835938e-01) (75, 4.02905178070068359375e+00) (76, 2.36768722534179687500e+00) (77, 2.73304605484008789062e+00) (78, 7.80537475585937500000e+02) (79, 9.23288803100585937500e+01) (80, 1.88648021221160888672e+00) (81, 9.28240661621093750000e+01) (82, 1.65011036396026611328e+00) (83, 3.03895497322082519531e+00) (84, 1.49996801757812500000e+03) (85, 2.35135269165039062500e+00) (86, 1.05729103088378906250e+00) (87, 4.55724120140075683594e-01) (88, 5.65750732421875000000e+02) (89, 1.49953894042968750000e+03) (90, 1.37054576873779296875e+01) (91, 7.74988830566406250000e+02) (92, 3.63662910461425781250e+00) (93, 1.83307707309722900391e+00) (94, 2.13407897949218750000e+00) (95, 1.79563568115234375000e+02) (96, 3.75212013721466064453e-01) (97, 2.38338947296142578125e+00) (98, 1.35613870620727539062e+01) (99, 5.27050132751464843750e+01) (100, 2.46685600280761718750e+00) (101, 6.08242559432983398438e+00) (102, -1.49973266601562500000e+03) (103, 1.50000000000000000000e+03) (104, -2.33138605952262878418e-01) (0, 2.96466583251953125000e+02) (1, 8.61396560668945312500e+01) (2, 2.74531275033950805664e-01) (3, 4.46594476699829101562e+00) (4, 6.06174993515014648438e+00) (5, 1.23819246292114257812e+01) (6, 1.07186746597290039062e+01) (7, -6.33967256546020507812e+00) (8, 3.26170959472656250000e+02) (9, 6.43786489963531494141e-02) (10, -1.57191359996795654297e+00) (11, 2.76942108154296875000e+02) (12, -8.89582838863134384155e-03) (13, -8.34317245483398437500e+01) (14, 3.62880587577819824219e+00) (15, 1.89306735992431640625e+00) (16, 1.89913238525390625000e+02) (17, 3.39718198776245117188e+00) (18, 3.77261519432067871094e+00) (19, 3.82417178153991699219e+00) (20, 7.47931289672851562500e+00) (21, 4.95618629455566406250e+00) (22, 1.14221820831298828125e+01) (23, 1.21968212127685546875e+01) (24, 1.36355037689208984375e+01) (25, 2.40753765106201171875e+01) (26, 3.16732144355773925781e+00) (27, 1.41450583934783935547e+00) (28, 1.04143438339233398438e+01) (29, 8.15218067169189453125e+00) (30, 5.87616233825683593750e+01) (31, 5.73582935333251953125e+00) (32, 1.83164482116699218750e+01) (33, 8.50596714019775390625e+00) (34, 9.31701946258544921875e+00) (35, 9.14852237701416015625e+00) (36, 1.11458778381347656250e+01) (37, 1.06402540206909179688e+01) (38, 1.92887723445892333984e+00) (39, -1.25957593917846679688e+01) (40, -2.41307411193847656250e+01) (41, -5.13300628662109375000e+01) (42, -1.32439061999320983887e-01) (43, -1.43880450725555419922e+00) (44, 2.73347115516662597656e+00) (45, 5.75818109512329101562e+00) (46, 5.38097667694091796875e+00) (47, -7.45579376220703125000e+01) (48, 8.94645690917968750000e+00) (49, 7.86149382591247558594e-01) (50, 3.92459452152252197266e-01) (51, -6.00471496582031250000e+00) (52, -1.12565410137176513672e+00) (53, -4.75022033691406250000e+02) (54, -6.92990839481353759766e-01) (55, -3.96279144287109375000e+02) (56, 4.78520095348358154297e-01) (57, -4.02236328125000000000e+01) (58, 1.50000000000000000000e+03) (59, -2.18597183227539062500e+01) (60, 3.42060399055480957031e+00) (61, 1.01700420379638671875e+01) (62, -1.71807880401611328125e+01) (63, 2.95416426658630371094e+00) (64, 1.20522460937500000000e+01) (65, 9.03017616271972656250e+00) (66, 5.46134328842163085938e+00) (67, 1.11165332794189453125e+00) (68, 4.17762517929077148438e+00) (69, 1.32227277755737304688e+01) (70, 3.10081696510314941406e+00) (71, 2.15247225761413574219e+00) (72, 2.59022808074951171875e+00) (73, -9.28061767578125000000e+02) (74, 4.65036779642105102539e-01) (75, 2.26107025146484375000e+00) (76, -2.18839123845100402832e-01) (77, 2.67411684989929199219e+00) (78, 8.32270812988281250000e+00) (79, 2.38738942146301269531e+00) (80, 1.54538595676422119141e+00) (81, 8.90776062011718750000e+00) (82, 1.19968461990356445312e+00) (83, 2.01460266113281250000e+00) (84, 5.26463966369628906250e+01) (85, 2.56055164337158203125e+00) (86, 1.11794793605804443359e+00) (87, -7.91425555944442749023e-02) (88, 8.94095540046691894531e-01) (89, 5.98864326477050781250e+01) (90, 1.93622255325317382812e+00) (91, 3.47228980064392089844e+00) (92, 2.50339436531066894531e+00) (93, 3.53950381278991699219e+00) (94, 2.53477263450622558594e+00) (95, 5.57470321655273437500e+00) (96, -1.99982479214668273926e-01) (97, 2.19482445716857910156e+00) (98, 6.76016092300415039062e+00) (99, 4.05895423889160156250e+00) (100, 2.81895041465759277344e+00) (101, 8.41980667114257812500e+01) (102, -2.70214233398437500000e+02) (103, 7.91556945800781250000e+02) (104, -1.39384478330612182617e-01) (0, 1.49993261718750000000e+03) (1, 7.36152648925781250000e+01) (2, 1.35885238647460937500e+00) (3, 7.80862665176391601562e+00) (4, 1.19170837402343750000e+01) (5, 2.60315322875976562500e+01) (6, 4.20379943847656250000e+01) (7, -8.33847904205322265625e+00) (8, 1.47793395996093750000e+03) (9, 1.71804058551788330078e+00) (10, -2.71312594413757324219e-01) (11, 3.46311593055725097656e+00) (12, 1.91269290447235107422e+00) (13, -1.96131484985351562500e+02) (14, 2.01356005668640136719e+00) (15, 1.03813099861145019531e+00) (16, 1.72061085700988769531e+00) (17, 1.45434904098510742188e+00) (18, 6.87767922878265380859e-01) (19, 2.02209544181823730469e+00) (20, -5.07350969314575195312e+00) (21, 1.78089096069335937500e+02) (22, 9.16089892387390136719e-01) (23, 9.23941135406494140625e-01) (24, -9.44204559326171875000e+01) (25, 1.50579147338867187500e+01) (26, 1.05573968887329101562e+01) (27, 9.76266026496887207031e-01) (28, 1.41910207271575927734e+00) (29, 5.96549949645996093750e+01) (30, 1.32455072402954101562e+01) (31, 1.15442824363708496094e+00) (32, 6.98410873413085937500e+01) (33, 4.72370684146881103516e-01) (34, 1.80078716278076171875e+01) (35, 8.58571708202362060547e-01) (36, 5.14994621276855468750e-01) (37, -5.15760540962219238281e-01) (38, -8.79580736160278320312e-01) (39, -3.16032528877258300781e+00) (40, -6.34029674530029296875e+00) (41, -8.66151905059814453125e+00) (42, -4.36617851257324218750e-01) (43, -2.23452262878417968750e+01) (44, -3.47936004400253295898e-01) (45, 1.04460291564464569092e-01) (46, -7.34927713871002197266e-01) (47, -2.43366451263427734375e+01) (48, 6.05587816238403320312e+00) (49, -6.94283056259155273438e+00) (50, -4.06838864088058471680e-01) (51, -1.79844474792480468750e+00) (52, -8.73306453227996826172e-01) (53, -6.44473815917968750000e+02) (54, -1.64198553562164306641e+00) (55, -1.14414196014404296875e+01) (56, 4.02550846338272094727e-02) (57, 1.03436648845672607422e+00) (58, 5.65542724609375000000e+02) (59, 1.33953070640563964844e+00) (60, 2.03442406654357910156e+00) (61, 2.72183847427368164062e+00) (62, -2.06240825653076171875e+01) (63, 1.83549880981445312500e+00) (64, 5.31360283493995666504e-02) (65, 2.18795275688171386719e+00) (66, 1.17937870025634765625e+01) (67, 8.89925062656402587891e-01) (68, 2.37053775787353515625e+00) (69, 1.54421722412109375000e+02) (70, 1.68895828723907470703e+00) (71, 1.43998718261718750000e+00) (72, 1.60010325908660888672e+00) (73, -6.86164855957031250000e+02) (74, -3.02955023944377899170e-02) (75, 2.02848219871520996094e+00) (76, -9.04826045036315917969e-01) (77, 1.80218231678009033203e+00) (78, 7.22921943664550781250e+00) (79, 5.88468265533447265625e+00) (80, 1.58675467967987060547e+00) (81, 2.50824308395385742188e+00) (82, 3.62988859415054321289e-01) (83, 2.46749472618103027344e+00) (84, 2.86855163574218750000e+02) (85, 7.02202796936035156250e-01) (86, 1.75704628229141235352e-01) (87, -4.07953828573226928711e-01) (88, 6.98024291992187500000e+01) (89, 6.15672607421875000000e+01) (90, 1.16523015499114990234e+00) (91, 3.17346069335937500000e+02) (92, 2.73443627357482910156e+00) (93, 1.70810711383819580078e+00) (94, 1.72760856151580810547e+00) (95, 5.35028114318847656250e+01) (96, -3.76532047986984252930e-01) (97, 1.94802761077880859375e+00) (98, 3.16373419761657714844e+00) (99, 1.42815780639648437500e+01) (100, 1.96438622474670410156e+00) (101, 3.36827445030212402344e+00) (102, -7.75354537963867187500e+01) (103, 3.04965606689453125000e+02) (104, -1.50173753499984741211e-01) (0, -1.69448509216308593750e+01) (1, -1.73389470577239990234e+00) (2, -4.01303470134735107422e-01) (3, 1.98573553562164306641e+00) (4, -4.77804660797119140625e-01) (5, -4.83735531568527221680e-01) (6, -3.87560129165649414062e-01) (7, 7.30114459991455078125e-01) (8, -6.70940256118774414062e+00) (9, -4.31213021278381347656e-01) (10, 1.30702424049377441406e+00) (11, -5.04051148891448974609e-01) (12, 3.06147277355194091797e-01) (13, 3.97863954305648803711e-01) (14, -2.71852016448974609375e-01) (15, -4.46873575448989868164e-01) (16, -9.84271764755249023438e-01) (17, -5.60425043106079101562e-01) (18, -6.23090744018554687500e-01) (19, -6.37877464294433593750e-01) (20, -1.72934544086456298828e+00) (21, -1.39857029914855957031e+00) (22, -1.56978690624237060547e+00) (23, -2.20681309700012207031e+00) (24, -8.42040157318115234375e+00) (25, -3.23533463478088378906e+00) (26, -5.62313497066497802734e-01) (27, -3.51042121648788452148e-01) (28, -1.24488592147827148438e+00) (29, -6.85953855514526367188e-01) (30, -7.96830892562866210938e-01) (31, -1.55483329296112060547e+00) (32, -1.84732794761657714844e+00) (33, -7.12632834911346435547e-01) (34, 5.15429449081420898438e+00) (35, -2.18224167823791503906e+00) (36, -1.20443713665008544922e+00) (37, -1.97655212879180908203e+00) (38, 1.62479996681213378906e+00) (39, 2.47534394264221191406e+00) (40, 2.77587437629699707031e+00) (41, 3.85155844688415527344e+00) (42, 1.84957039356231689453e+00) (43, 5.85832834243774414062e+00) (44, 2.37502598762512207031e+00) (45, 8.26804459095001220703e-01) (46, -2.44852304458618164062e-01) (47, 3.05949521064758300781e+00) (48, 9.75375622510910034180e-02) (49, 2.59358024597167968750e+00) (50, 2.14600205421447753906e+00) (51, 1.97820246219635009766e+00) (52, 1.84518611431121826172e+00) (53, 4.17043781280517578125e+00) (54, 1.10244601964950561523e-01) (55, -6.10146617889404296875e+00) (56, 2.48453831672668457031e+00) (57, -2.97174453735351562500e+00) (58, -1.08144450187683105469e+00) (59, 6.21350288391113281250e+00) (60, -3.91130656003952026367e-01) (61, 1.84272754192352294922e+00) (62, 2.82284021377563476562e+00) (63, 9.27609562873840332031e-01) (64, 1.57312601804733276367e-02) (65, 6.29561543464660644531e-01) (66, 3.22548699378967285156e+00) (67, 2.23159313201904296875e+00) (68, 3.36155652999877929688e+00) (69, 2.43858647346496582031e+00) (70, 4.00284796953201293945e-01) (71, -1.76276266574859619141e-01) (72, 3.17032895982265472412e-02) (73, -2.34272432327270507812e+00) (74, -1.28365266323089599609e+00) (75, 1.85612893104553222656e+00) (76, 2.80836725234985351562e+00) (77, -9.63328480720520019531e-02) (78, -1.38398158550262451172e+00) (79, -6.58461952209472656250e+00) (80, 6.39041233062744140625e+00) (81, 3.78834509849548339844e+00) (82, 1.01806449890136718750e+00) (83, 6.48328495025634765625e+00) (84, 5.88037776947021484375e+00) (85, -5.32409763336181640625e+00) (86, -7.11579322814941406250e-01) (87, 1.52769577503204345703e+00) (88, 5.91470336914062500000e+00) (89, 5.17491245269775390625e+00) (90, 2.63596701622009277344e+00) (91, 1.77477037906646728516e+00) (92, 3.07387781143188476562e+00) (93, 1.72434580326080322266e+00) (94, -1.27782356739044189453e+00) (95, 7.33319938182830810547e-01) (96, 6.10791325569152832031e-01) (97, -5.45093202590942382812e+00) (98, 3.39283275604248046875e+00) (99, -2.43588209152221679688e+00) (100, -8.84086191654205322266e-01) (101, 3.50987172126770019531e+00) (102, -7.69691109657287597656e-01) (103, 3.00157022476196289062e+00) (104, 2.29951119422912597656e+00) (0, 2.88978332519531250000e+02) (1, 7.28379440307617187500e+01) (2, 1.27750551700592041016e+00) (3, 9.22073459625244140625e+00) (4, 8.87650871276855468750e+00) (5, 1.89899337291717529297e+00) (6, 2.04151606559753417969e+00) (7, 3.65551328659057617188e+00) (8, 1.16846855163574218750e+02) (9, 3.29702067375183105469e+00) (10, 1.95114383697509765625e+01) (11, 8.10055673122406005859e-01) (12, 3.90126645565032958984e-01) (13, -2.39921302795410156250e+01) (14, 2.45008563995361328125e+00) (15, 1.11833274364471435547e+00) (16, 2.55175542831420898438e+00) (17, 1.19598960876464843750e+00) (18, 2.51694709062576293945e-01) (19, 2.22675061225891113281e+00) (20, -1.22921800613403320312e+00) (21, 2.14151859283447265625e-01) (22, 1.10820639133453369141e+00) (23, 8.49698543548583984375e-01) (24, -5.45663330078125000000e+02) (25, 3.42621970176696777344e+00) (26, 1.16277897357940673828e+00) (27, 9.64199423789978027344e-01) (28, 1.09999179840087890625e+00) (29, 5.86954450607299804688e+00) (30, 3.16795420646667480469e+00) (31, -3.74914479255676269531e+00) (32, 5.14966545104980468750e+01) (33, 2.62646645307540893555e-01) (34, 2.93457484245300292969e+00) (35, 1.52258944511413574219e+00) (36, 4.83967125415802001953e-01) (37, -1.32344782352447509766e+00) (38, -5.36309242248535156250e-01) (39, -3.66315031051635742188e+00) (40, -4.70715522766113281250e+00) (41, -7.77388525009155273438e+00) (42, -4.03754830360412597656e-01) (43, -3.72110390663146972656e+00) (44, -1.47082817554473876953e+00) (45, -4.22937124967575073242e-02) (46, -1.65261101722717285156e+00) (47, -1.49988488769531250000e+03) (48, -2.10271143913269042969e+00) (49, -1.17952718734741210938e+01) (50, -9.06774818897247314453e-01) (51, -1.01771011352539062500e+01) (52, -1.77220857143402099609e+00) (53, -4.19750000000000000000e+02) (54, -5.97866868972778320312e+00) (55, -1.07255944824218750000e+03) (56, -9.82808172702789306641e-02) (57, 8.83152842521667480469e-01) (58, 1.37765426635742187500e+02) (59, 6.36652410030364990234e-01) (60, 1.77522897720336914062e+00) (61, 1.84281671047210693359e+00) (62, -4.74324131011962890625e+00) (63, 1.72045171260833740234e+00) (64, 8.71768474578857421875e-01) (65, 1.57669103145599365234e+00) (66, 3.12041721343994140625e+01) (67, 1.07361412048339843750e+00) (68, 2.26962161064147949219e+00) (69, 1.43215744018554687500e+02) (70, 1.72540342807769775391e+00) (71, 2.81575632095336914062e+00) (72, 2.20112323760986328125e+00) (73, -7.74392318725585937500e+00) (74, 1.23262739181518554688e+00) (75, 2.89038515090942382812e+00) (76, -1.39979109168052673340e-01) (77, 2.09037637710571289062e+00) (78, 4.15973854064941406250e+00) (79, 2.15081832885742187500e+02) (80, 1.58615255355834960938e+00) (81, 3.28080892562866210938e+00) (82, 1.34239995479583740234e+00) (83, 9.17727184295654296875e+00) (84, 3.06814117431640625000e+02) (85, -1.33366763591766357422e+00) (86, 1.73319077491760253906e+00) (87, -3.60840708017349243164e-01) (88, 4.14078002929687500000e+02) (89, 1.49996411132812500000e+03) (90, 3.13471908569335937500e+01) (91, 7.79352783203125000000e+02) (92, 3.73834872245788574219e+00) (93, 2.20610952377319335938e+00) (94, 2.19759893417358398438e+00) (95, 2.94074034690856933594e+00) (96, -1.84143698215484619141e+00) (97, 1.86197543144226074219e+00) (98, 2.42933964729309082031e+00) (99, 8.93991589546203613281e-01) (100, 2.71939587593078613281e+00) (101, 2.16469550132751464844e+00) (102, -6.69249677658081054688e+00) (103, 1.26609888076782226562e+01) (104, 4.96826171875000000000e-02) (0, 3.30910224914550781250e+01) (1, 1.16950508117675781250e+02) (2, -2.32609510421752929688e-01) (3, -7.53064107894897460938e+00) (4, 1.38231170177459716797e+00) (5, 1.28257787227630615234e+00) (6, 1.61896920204162597656e+00) (7, 6.82698667049407958984e-01) (8, -5.09966735839843750000e+01) (9, 1.04256153106689453125e+00) (10, 8.40132832527160644531e-01) (11, 2.84917354583740234375e+00) (12, 2.22946858406066894531e+00) (13, -1.12225891113281250000e+02) (14, 2.10934486389160156250e+01) (15, 2.81295824050903320312e+00) (16, 9.03523635864257812500e+00) (17, 4.22758054733276367188e+00) (18, 3.31537032127380371094e+00) (19, 1.48754072189331054688e+00) (20, 1.04672956466674804688e+01) (21, 3.44359664916992187500e+01) (22, 1.98731887340545654297e+00) (23, 1.87932395935058593750e+00) (24, -3.10467319488525390625e+01) (25, 7.10683593750000000000e+01) (26, 1.35727157592773437500e+01) (27, 1.22521913051605224609e+00) (28, 2.18589973449707031250e+00) (29, 5.15976638793945312500e+01) (30, 4.00113220214843750000e+01) (31, 1.80304741859436035156e+00) (32, 2.49654464721679687500e+01) (33, 2.08954870700836181641e-01) (34, 4.55280447006225585938e+00) (35, 1.11095499992370605469e+00) (36, 9.80613112449645996094e-01) (37, 6.43746912479400634766e-01) (38, -1.09764270484447479248e-01) (39, -1.75089800357818603516e+00) (40, -3.10848045349121093750e+01) (41, -4.93874588012695312500e+01) (42, 6.30773067474365234375e-01) (43, -4.19155216217041015625e+00) (44, 3.08363533020019531250e+00) (45, 1.37707650661468505859e-01) (46, -4.68617349863052368164e-01) (47, -1.04053916931152343750e+02) (48, 1.13588485717773437500e+01) (49, -9.97498154640197753906e-01) (50, -8.20670843124389648438e-01) (51, -1.72015619277954101562e+00) (52, -1.04750561714172363281e+00) (53, -5.29554138183593750000e+02) (54, -8.13477516174316406250e-01) (55, -5.98698425292968750000e+00) (56, 6.98727309703826904297e-01) (57, 4.16755628585815429688e+00) (58, 3.93816413879394531250e+01) (59, 3.15877270698547363281e+00) (60, 2.88689880371093750000e+01) (61, 1.44096651077270507812e+01) (62, -7.29499936103820800781e-01) (63, 4.86548347473144531250e+01) (64, 3.15007472038269042969e+00) (65, 9.22441387176513671875e+00) (66, 1.25505828857421875000e+01) (67, 1.66776580810546875000e+01) (68, 3.77900047302246093750e+01) (69, 5.64244384765625000000e+01) (70, 4.54888648986816406250e+01) (71, 1.71712112426757812500e+00) (72, 2.30655074119567871094e+00) (73, 3.75356903076171875000e+01) (74, 1.51394975185394287109e+00) (75, 2.26112461090087890625e+01) (76, 8.47222730517387390137e-02) (77, 1.16831512451171875000e+02) (78, 9.68727970123291015625e+00) (79, 2.76077041625976562500e+01) (80, 1.96449184417724609375e+00) (81, 8.62169837951660156250e+00) (82, 1.13423633575439453125e+00) (83, 2.08642311096191406250e+01) (84, 6.76526498794555664062e+00) (85, 2.51744127273559570312e+00) (86, 1.67170691490173339844e+00) (87, 8.73120665550231933594e-01) (88, 2.96528701782226562500e+01) (89, 6.17094278335571289062e+00) (90, 1.17591679096221923828e+00) (91, 2.32523345947265625000e+00) (92, 5.87406110763549804688e+00) (93, 5.95193243026733398438e+00) (94, 2.36297893524169921875e+00) (95, 5.84414005279541015625e+00) (96, 6.25301361083984375000e-01) (97, 1.18422622680664062500e+01) (98, 4.76547050476074218750e+00) (99, 1.74757659435272216797e+00) (100, 3.59753179550170898438e+00) (101, 3.14111404418945312500e+01) (102, -4.83322143554687500000e+00) (103, 8.24562168121337890625e+00) (104, -6.91181480884552001953e-01) (105, 2.90761262178421020508e-01) (106, -1.98198854923248291016e+00) (107, 3.58768284320831298828e-01) (108, 3.14315629005432128906e+00) (109, -7.08929300308227539062e-01) (110, 3.16566181182861328125e+00) (111, -1.59600734710693359375e+00) (112, 3.76638507843017578125e+00) (113, -1.28407156467437744141e+00) (114, 2.22196865081787109375e+00) (115, 8.20574760437011718750e-01) (116, 3.84284108877182006836e-01) (117, -5.94968795776367187500e-01) (118, -1.98955202102661132812e+00) (119, 3.11430478096008300781e+00) (120, 5.18231630325317382812e-01) (121, -4.50344890356063842773e-01) (122, -4.53223735094070434570e-01) (123, -5.89902114868164062500e+00) (124, -4.21376734972000122070e-01) (125, -2.16126203536987304688e-01) (126, -3.34095537662506103516e-01) (127, 3.68629574775695800781e+00) (128, -5.68139672279357910156e-01) (129, -1.79586446285247802734e+00) (130, 1.91507589817047119141e+00) 
