FANN_FLO_2.1
num_layers=3
learning_rate=0.700000
connection_rate=1.000000
network_type=0
learning_momentum=0.000000
training_algorithm=2
train_error_function=1
train_stop_function=0
cascade_output_change_fraction=0.010000
quickprop_decay=-0.000100
quickprop_mu=1.750000
rprop_increase_factor=1.200000
rprop_decrease_factor=0.500000
rprop_delta_min=0.000000
rprop_delta_max=50.000000
rprop_delta_zero=0.100000
cascade_output_stagnation_epochs=12
cascade_candidate_change_fraction=0.010000
cascade_candidate_stagnation_epochs=12
cascade_max_out_epochs=150
cascade_max_cand_epochs=150
cascade_num_candidate_groups=2
bit_fail_limit=3.49999994039535522461e-01
cascade_candidate_limit=1.00000000000000000000e+03
cascade_weight_multiplier=4.00000005960464477539e-01
cascade_activation_functions_count=10
cascade_activation_functions=3 5 7 8 10 11 14 15 16 17 
cascade_activation_steepnesses_count=4
cascade_activation_steepnesses=2.50000000000000000000e-01 5.00000000000000000000e-01 7.50000000000000000000e-01 1.00000000000000000000e+00 
layer_sizes=105 26 2 
scale_included=0
neurons (num_inputs, activation_function, activation_steepness)=(0, 0, 0.00000000000000000000e+00) (0, 0, 0.00000000000000000000e+00) (0, 0, 0.00000000000000000000e+00) (0, 0, 0.00000000000000000000e+00) (0, 0, 0.00000000000000000000e+00) (0, 0, 0.00000000000000000000e+00) (0, 0, 0.00000000000000000000e+00) (0, 0, 0.00000000000000000000e+00) (0, 0, 0.00000000000000000000e+00) (0, 0, 0.00000000000000000000e+00) (0, 0, 0.00000000000000000000e+00) (0, 0, 0.00000000000000000000e+00) (0, 0, 0.00000000000000000000e+00) (0, 0, 0.00000000000000000000e+00) (0, 0, 0.00000000000000000000e+00) (0, 0, 0.00000000000000000000e+00) (0, 0, 0.00000000000000000000e+00) (0, 0, 0.00000000000000000000e+00) (0, 0, 0.00000000000000000000e+00) (0, 0, 0.00000000000000000000e+00) (0, 0, 0.00000000000000000000e+00) (0, 0, 0.00000000000000000000e+00) (0, 0, 0.00000000000000000000e+00) (0, 0, 0.00000000000000000000e+00) (0, 0, 0.00000000000000000000e+00) (0, 0, 0.00000000000000000000e+00) (0, 0, 0.00000000000000000000e+00) (0, 0, 0.00000000000000000000e+00) (0, 0, 0.00000000000000000000e+00) (0, 0, 0.00000000000000000000e+00) (0, 0, 0.00000000000000000000e+00) (0, 0, 0.00000000000000000000e+00) (0, 0, 0.00000000000000000000e+00) (0, 0, 0.00000000000000000000e+00) (0, 0, 0.00000000000000000000e+00) (0, 0, 0.00000000000000000000e+00) (0, 0, 0.00000000000000000000e+00) (0, 0, 0.00000000000000000000e+00) (0, 0, 0.00000000000000000000e+00) (0, 0, 0.00000000000000000000e+00) (0, 0, 0.00000000000000000000e+00) (0, 0, 0.00000000000000000000e+00) (0, 0, 0.00000000000000000000e+00) (0, 0, 0.00000000000000000000e+00) (0, 0, 0.00000000000000000000e+00) (0, 0, 0.00000000000000000000e+00) (0, 0, 0.00000000000000000000e+00) (0, 0, 0.00000000000000000000e+00) (0, 0, 0.00000000000000000000e+00) (0, 0, 0.00000000000000000000e+00) (0, 0, 0.00000000000000000000e+00) (0, 0, 0.00000000000000000000e+00) (0, 0, 0.00000000000000000000e+00) (0, 0, 0.00000000000000000000e+00) (0, 0, 0.00000000000000000000e+00) (0, 0, 0.00000000000000000000e+00) (0, 0, 0.00000000000000000000e+00) (0, 0, 0.00000000000000000000e+00) (0, 0, 0.00000000000000000000e+00) (0, 0, 0.00000000000000000000e+00) (0, 0, 0.00000000000000000000e+00) (0, 0, 0.00000000000000000000e+00) (0, 0, 0.00000000000000000000e+00) (0, 0, 0.00000000000000000000e+00) (0, 0, 0.00000000000000000000e+00) (0, 0, 0.00000000000000000000e+00) (0, 0, 0.00000000000000000000e+00) (0, 0, 0.00000000000000000000e+00) (0, 0, 0.00000000000000000000e+00) (0, 0, 0.00000000000000000000e+00) (0, 0, 0.00000000000000000000e+00) (0, 0, 0.00000000000000000000e+00) (0, 0, 0.00000000000000000000e+00) (0, 0, 0.00000000000000000000e+00) (0, 0, 0.00000000000000000000e+00) (0, 0, 0.00000000000000000000e+00) (0, 0, 0.00000000000000000000e+00) (0, 0, 0.00000000000000000000e+00) (0, 0, 0.00000000000000000000e+00) (0, 0, 0.00000000000000000000e+00) (0, 0, 0.00000000000000000000e+00) (0, 0, 0.00000000000000000000e+00) (0, 0, 0.00000000000000000000e+00) (0, 0, 0.00000000000000000000e+00) (0, 0, 0.00000000000000000000e+00) (0, 0, 0.00000000000000000000e+00) (0, 0, 0.00000000000000000000e+00) (0, 0, 0.00000000000000000000e+00) (0, 0, 0.00000000000000000000e+00) (0, 0, 0.00000000000000000000e+00) (0, 0, 0.00000000000000000000e+00) (0, 0, 0.00000000000000000000e+00) (0, 0, 0.00000000000000000000e+00) (0, 0, 0.00000000000000000000e+00) (0, 0, 0.00000000000000000000e+00) (0, 0, 0.00000000000000000000e+00) (0, 0, 0.00000000000000000000e+00) (0, 0, 0.00000000000000000000e+00) (0, 0, 0.00000000000000000000e+00) (0, 0, 0.00000000000000000000e+00) (0, 0, 0.00000000000000000000e+00) (0, 0, 0.00000000000000000000e+00) (0, 0, 0.00000000000000000000e+00) (0, 0, 0.00000000000000000000e+00) (0, 0, 0.00000000000000000000e+00) (105, 5, 5.00000000000000000000e-01) (105, 5, 5.00000000000000000000e-01) (105, 5, 5.00000000000000000000e-01) (105, 5, 5.00000000000000000000e-01) (105, 5, 5.00000000000000000000e-01) (105, 5, 5.00000000000000000000e-01) (105, 5, 5.00000000000000000000e-01) (105, 5, 5.00000000000000000000e-01) (105, 5, 5.00000000000000000000e-01) (105, 5, 5.00000000000000000000e-01) (105, 5, 5.00000000000000000000e-01) (105, 5, 5.00000000000000000000e-01) (105, 5, 5.00000000000000000000e-01) (105, 5, 5.00000000000000000000e-01) (105, 5, 5.00000000000000000000e-01) (105, 5, 5.00000000000000000000e-01) (105, 5, 5.00000000000000000000e-01) (105, 5, 5.00000000000000000000e-01) (105, 5, 5.00000000000000000000e-01) (105, 5, 5.00000000000000000000e-01) (105, 5, 5.00000000000000000000e-01) (105, 5, 5.00000000000000000000e-01) (105, 5, 5.00000000000000000000e-01) (105, 5, 5.00000000000000000000e-01) (105, 5, 5.00000000000000000000e-01) (0, 5, 0.00000000000000000000e+00) (26, 5, 5.00000000000000000000e-01) (0, 5, 0.00000000000000000000e+00) 
connections (connected_to_neuron, weight)=(0, -2.44275131225585937500e+01) (1, 3.46638739109039306641e-01) (2, -3.68835663795471191406e+00) (3, 1.07138380408287048340e-01) (4, 1.68087959289550781250e+00) (5, 4.80442333221435546875e+00) (6, 1.92825090885162353516e+00) (7, 1.03384423255920410156e+00) (8, 4.93858432769775390625e+00) (9, 1.87237358093261718750e+00) (10, -3.29954892396926879883e-01) (11, 5.03510189056396484375e+00) (12, 3.23976612091064453125e+00) (13, 5.89741754531860351562e+00) (14, 1.81347203254699707031e+00) (15, 1.74795055389404296875e+00) (16, -2.38573104143142700195e-01) (17, -1.50659143924713134766e-01) (18, 2.33313894271850585938e+00) (19, -3.33046507835388183594e+00) (20, 8.61171841621398925781e-01) (21, 1.51360797882080078125e+01) (22, -2.98513960838317871094e+00) (23, -7.84243345260620117188e-01) (24, 4.77269440889358520508e-01) (25, -2.18904662132263183594e+00) (26, 2.98564147949218750000e+00) (27, 2.57643389701843261719e+00) (28, -3.61715257167816162109e-01) (29, 1.57065582275390625000e+00) (30, -2.09908485412597656250e+00) (31, -2.97192513942718505859e-01) (32, 1.61510872840881347656e+00) (33, 3.82333844900131225586e-01) (34, -3.84779512882232666016e-01) (35, -9.99770402908325195312e-01) (36, 1.14287674427032470703e+00) (37, 2.08663630485534667969e+00) (38, -2.64284968376159667969e-01) (39, -2.78985470533370971680e-01) (40, -1.13834226131439208984e+00) (41, 1.93313753604888916016e+00) (42, 6.31363242864608764648e-02) (43, -8.23169648647308349609e-01) (44, -7.02228963375091552734e-01) (45, 2.59673738479614257812e+00) (46, 8.30472171306610107422e-01) (47, -7.32664465904235839844e-02) (48, -1.32008910179138183594e+00) (49, -9.52318847179412841797e-01) (50, -6.84138107299804687500e+00) (51, -3.29674661159515380859e-01) (52, -1.17583763599395751953e+00) (53, -6.93026542663574218750e-01) (54, -5.30393838882446289062e-01) (55, 6.21072389185428619385e-02) (56, 3.43836784362792968750e+00) (57, -1.64591774344444274902e-01) (58, -8.21555709838867187500e+00) (59, -6.30119204521179199219e-01) (60, 1.70891010761260986328e+00) (61, -1.64965164661407470703e+00) (62, -3.34854412078857421875e+00) (63, -3.16785633563995361328e-01) (64, -2.14753437042236328125e+00) (65, -2.97805011272430419922e-01) (66, -4.17227596044540405273e-01) (67, 1.41936421394348144531e-01) (68, 1.71170580387115478516e+00) (69, 4.46414500474929809570e-01) (70, 1.63300037384033203125e+00) (71, 1.56690299510955810547e+00) (72, 1.79849162697792053223e-01) (73, 1.27591025829315185547e+00) (74, 1.27022182568907737732e-02) (75, 3.24941009283065795898e-01) (76, 2.28550150990486145020e-01) (77, 1.67262887954711914062e+00) (78, 1.87279355525970458984e+00) (79, 8.31891119480133056641e-01) (80, 6.68785199522972106934e-02) (81, 1.30109024047851562500e+00) (82, -6.73734188079833984375e-01) (83, 1.64218473434448242188e+00) (84, 2.03384256362915039062e+00) (85, 4.19124037027359008789e-01) (86, 1.90279221534729003906e+00) (87, 4.60633665323257446289e-01) (88, 1.72028100490570068359e+00) (89, 1.54244673252105712891e+00) (90, 2.00281009078025817871e-01) (91, 1.99956938624382019043e-01) (92, 1.57782316207885742188e+00) (93, 1.81712770462036132812e+00) (94, 3.91374081373214721680e-01) (95, 9.50800254940986633301e-02) (96, 4.64409142732620239258e-01) (97, 5.23995637893676757812e-01) (98, 9.90268364548683166504e-02) (99, 4.66883450746536254883e-01) (100, 3.95066529512405395508e-01) (101, 6.82565271854400634766e-02) (102, 2.23211288452148437500e-01) (103, 2.94429898262023925781e+00) (104, 8.64424183964729309082e-02) (0, -3.38230895996093750000e+01) (1, 2.27165031433105468750e+00) (2, 1.69923734664916992188e+00) (3, -1.64802515506744384766e+00) (4, 1.78314375877380371094e+00) (5, 8.06778430938720703125e+00) (6, 1.66527438163757324219e+00) (7, 5.96698343753814697266e-01) (8, 6.07260274887084960938e+00) (9, 1.38171112537384033203e+00) (10, 1.62332102656364440918e-01) (11, 1.17323613166809082031e+00) (12, -2.06153377890586853027e-01) (13, -2.55670619010925292969e+00) (14, -3.54440242052078247070e-01) (15, 2.05356910824775695801e-01) (16, -4.05269980430603027344e-01) (17, -1.72278225421905517578e-01) (18, 1.54570817947387695312e+00) (19, 1.71205472946166992188e+00) (20, -2.40471434593200683594e+00) (21, 1.15713167190551757812e+00) (22, 3.93935990333557128906e+00) (23, 4.89052087068557739258e-01) (24, 1.05470037460327148438e+00) (25, -3.53166103363037109375e+00) (26, 1.66817784309387207031e+00) (27, 1.57887673377990722656e+00) (28, 1.27293515205383300781e+00) (29, 1.49156749248504638672e+00) (30, 1.78303349018096923828e+00) (31, 1.41103374958038330078e+00) (32, 1.06943838298320770264e-01) (33, 1.97221124172210693359e+00) (34, -1.26157064437866210938e+01) (35, -4.10394573211669921875e+00) (36, 2.04907655715942382812e+00) (37, -6.15774691104888916016e-01) (38, 6.42273604869842529297e-01) (39, 2.26925954222679138184e-01) (40, -1.01317751407623291016e+00) (41, 3.21894502639770507812e+00) (42, 1.58615934848785400391e+00) (43, 3.78271460533142089844e+00) (44, -3.36641877889633178711e-01) (45, 2.88556575775146484375e+00) (46, -3.43101572990417480469e+00) (47, 9.46729755401611328125e+00) (48, 3.89013218879699707031e+00) (49, -9.64706122875213623047e-01) (50, 1.60076534748077392578e+00) (51, 7.89329186081886291504e-02) (52, 1.71049371361732482910e-01) (53, 2.69698357582092285156e+00) (54, 7.87179023027420043945e-02) (55, 6.98804438114166259766e-01) (56, 1.67147076129913330078e+00) (57, -2.13732504844665527344e+00) (58, 1.70556652545928955078e+00) (59, -3.89662265777587890625e-01) (60, 1.63856029510498046875e+00) (61, -2.42991471290588378906e+00) (62, 1.47566413879394531250e+00) (63, 1.80419325828552246094e+00) (64, -1.21519744396209716797e-01) (65, 1.63680505752563476562e+00) (66, -2.25496098399162292480e-01) (67, 3.57532173395156860352e-01) (68, 1.30111300945281982422e+00) (69, -8.95020216703414916992e-02) (70, 1.38857436180114746094e+00) (71, -1.70465156435966491699e-01) (72, -8.56392741203308105469e-01) (73, 1.90464958548545837402e-01) (74, -1.65778768062591552734e+00) (75, -1.05577103793621063232e-01) (76, -5.27484178543090820312e-01) (77, 1.28890857100486755371e-01) (78, 1.72909057140350341797e+00) (79, 3.87615752220153808594e+00) (80, -1.10203586518764495850e-01) (81, 1.99371516704559326172e+00) (82, -5.77573359012603759766e-01) (83, -6.60587191581726074219e-01) (84, -1.59951761364936828613e-01) (85, -3.41953597962856292725e-02) (86, -1.64679718017578125000e+00) (87, -5.15119791030883789062e-01) (88, 4.43312451243400573730e-02) (89, 1.80467236042022705078e+00) (90, 1.69187808036804199219e+00) (91, -1.49719357490539550781e+00) (92, 1.58897387981414794922e+00) (93, 1.51649475097656250000e+00) (94, 1.59683001041412353516e+00) (95, 3.49390864372253417969e-01) (96, 2.17922282218933105469e+00) (97, 1.70531582832336425781e+00) (98, 1.53183138370513916016e+00) (99, 1.61579012870788574219e+00) (100, 1.61745452880859375000e+00) (101, 1.59134566783905029297e+00) (102, -1.53522562980651855469e+00) (103, 4.72885990142822265625e+00) (104, 4.62443321943283081055e-01) (0, -5.18799257278442382812e+00) (1, -9.90240156650543212891e-01) (2, 2.53253483772277832031e+00) (3, 1.00228242874145507812e+01) (4, 1.12966370582580566406e+00) (5, -1.12962265014648437500e+01) (6, 1.51098537445068359375e+00) (7, -6.99639463424682617188e+00) (8, -2.56897139549255371094e+00) (9, -1.21396690607070922852e-01) (10, -3.64051556587219238281e+00) (11, -6.27953708171844482422e-02) (12, -7.62519314885139465332e-02) (13, 1.36176645755767822266e+00) (14, -5.35342407226562500000e+00) (15, -3.90420228242874145508e-01) (16, 1.01569080352783203125e+00) (17, 1.70639193058013916016e+00) (18, -2.41920280456542968750e+00) (19, -2.92086195945739746094e+00) (20, 2.56300473213195800781e+00) (21, -8.64821314811706542969e-01) (22, -9.38528633117675781250e+00) (23, -8.25599968433380126953e-01) (24, -2.89685368537902832031e-01) (25, 1.66124570369720458984e+00) (26, -3.13520401716232299805e-01) (27, 2.58959174156188964844e+00) (28, -5.76583743095397949219e-01) (29, -7.15583741664886474609e-01) (30, 5.12126572430133819580e-02) (31, 2.52111172676086425781e+00) (32, -4.74292564392089843750e+00) (33, -2.66394329071044921875e+00) (34, -1.12661755084991455078e+00) (35, 4.50558710098266601562e+00) (36, 2.98546028137207031250e+00) (37, 1.67060446739196777344e+00) (38, -2.89825707674026489258e-01) (39, -6.26446533203125000000e+00) (40, 3.09029889106750488281e+00) (41, -1.05591034889221191406e+00) (42, 1.76940143108367919922e+00) (43, -4.35004144906997680664e-01) (44, 6.25463771820068359375e+00) (45, 3.50307393074035644531e+00) (46, 1.93925154209136962891e+00) (47, 5.71997880935668945312e+00) (48, -1.17946898937225341797e+00) (49, 6.42402935028076171875e+00) (50, 3.34364891052246093750e+00) (51, 1.07033038139343261719e+00) (52, 4.17215347290039062500e+00) (53, -4.15901088714599609375e+00) (54, 7.93794870376586914062e-01) (55, 4.11650866270065307617e-01) (56, 7.55413249135017395020e-02) (57, -1.02281951904296875000e+00) (58, 1.02950334548950195312e+00) (59, -2.59173774719238281250e+00) (60, -1.70673799514770507812e+00) (61, -7.70836949348449707031e-01) (62, 1.77015864849090576172e+00) (63, -6.33840322494506835938e-01) (64, 2.10232901573181152344e+00) (65, -4.47214782238006591797e-01) (66, -3.73821318149566650391e-01) (67, -5.59763908386230468750e-02) (68, -3.80554467439651489258e-01) (69, 2.36270451545715332031e+00) (70, -3.39787989854812622070e-01) (71, -5.90539634227752685547e-01) (72, 3.49689334630966186523e-01) (73, 1.95230829715728759766e+00) (74, 1.07264973223209381104e-01) (75, -4.07704293727874755859e-01) (76, 3.44099473953247070312e+00) (77, 3.13550055027008056641e-01) (78, 7.98262208700180053711e-02) (79, 7.77006924152374267578e-01) (80, 8.03869247436523437500e-01) (81, -6.20922327041625976562e-01) (82, 1.73937469720840454102e-01) (83, -2.09899526089429855347e-02) (84, -6.66087806224822998047e-01) (85, -6.45638346672058105469e-01) (86, -3.48442763090133666992e-01) (87, -4.16559100151062011719e-01) (88, -4.55771255493164062500e+00) (89, -3.42408955097198486328e-01) (90, -6.26230657100677490234e-01) (91, 1.52389609813690185547e+00) (92, 1.81319701671600341797e+00) (93, -1.28778189420700073242e-01) (94, -3.19937169551849365234e-01) (95, -1.24300754070281982422e+00) (96, 1.09261608123779296875e+00) (97, -1.60199329257011413574e-01) (98, -2.32796609401702880859e-01) (99, 1.61096596717834472656e+00) (100, 1.66328394412994384766e+00) (101, 2.03589606285095214844e+00) (102, 6.26932144165039062500e+00) (103, -1.49147725105285644531e+00) (104, 3.48494440317153930664e-01) (0, -4.69745683670043945312e+00) (1, 4.49001359939575195312e+00) (2, 2.21432232856750488281e+00) (3, -2.77183747291564941406e+00) (4, -4.68725144863128662109e-01) (5, 5.90393066406250000000e+00) (6, 1.64024591445922851562e+00) (7, 2.61730980873107910156e+00) (8, 2.48753476142883300781e+00) (9, 1.94846475124359130859e+00) (10, 2.22921586036682128906e+00) (11, -1.43068706989288330078e+00) (12, -4.18248027563095092773e-01) (13, -8.88243675231933593750e-01) (14, -3.11583161354064941406e-01) (15, -4.08964753150939941406e-01) (16, 4.31734657287597656250e+00) (17, -5.50227344036102294922e-01) (18, 4.56092882156372070312e+00) (19, -3.81010740995407104492e-01) (20, -2.35941672325134277344e+00) (21, 3.10819959640502929688e+00) (22, 3.16917610168457031250e+00) (23, -2.15241241455078125000e+00) (24, -4.55117368698120117188e+00) (25, -2.92263776063919067383e-01) (26, 2.19132828712463378906e+00) (27, 3.28543663024902343750e+00) (28, -3.87142682075500488281e+00) (29, -4.88745403289794921875e+00) (30, 4.54019832611083984375e+00) (31, 7.12096834182739257812e+00) (32, 2.02112150192260742188e+00) (33, 4.20636892318725585938e-01) (34, 7.97085404396057128906e-01) (35, -3.30371589660644531250e+01) (36, 7.58939027786254882812e+00) (37, -2.17576122283935546875e+00) (38, -1.34978759288787841797e+00) (39, -1.29776561260223388672e+00) (40, -6.68450415134429931641e-01) (41, 2.40563726425170898438e+00) (42, -4.70070153474807739258e-01) (43, 1.52422678470611572266e+00) (44, -5.00418484210968017578e-01) (45, -8.96651089191436767578e-01) (46, -6.19124031066894531250e+00) (47, -5.69780635833740234375e+00) (48, -8.28685700893402099609e-01) (49, 5.11386156082153320312e+00) (50, -3.57391595840454101562e-01) (51, -8.39698970317840576172e-01) (52, -9.01461541652679443359e-01) (53, 2.50597262382507324219e+00) (54, -3.34989488124847412109e-01) (55, 1.44526994228363037109e+00) (56, -1.15745890140533447266e+00) (57, -7.98244416713714599609e-01) (58, -3.08158111572265625000e+00) (59, -1.30673372745513916016e+00) (60, -2.27461323142051696777e-01) (61, -4.82484072446823120117e-01) (62, 1.83687043190002441406e+00) (63, 1.47236418724060058594e+00) (64, 2.27216100692749023438e+00) (65, -6.05157256126403808594e-01) (66, 5.35245656967163085938e+00) (67, 2.29556083679199218750e+00) (68, 1.67448604106903076172e+00) (69, -6.93328022956848144531e-01) (70, -9.74427461624145507812e-01) (71, -4.16296869516372680664e-01) (72, -2.98865169286727905273e-01) (73, -1.13669717311859130859e+00) (74, -8.68343412876129150391e-01) (75, 1.25587463378906250000e+00) (76, -4.98543232679367065430e-01) (77, -3.68821680545806884766e-01) (78, -6.53383791446685791016e-01) (79, -7.50928699970245361328e-01) (80, -4.55324023962020874023e-01) (81, -4.23635929822921752930e-01) (82, -2.57035851478576660156e-01) (83, -4.74436610937118530273e-01) (84, -6.56360805034637451172e-01) (85, -4.66694146394729614258e-01) (86, -4.77576345205307006836e-01) (87, -8.32370877265930175781e-01) (88, 1.36071705818176269531e+00) (89, -4.59169447422027587891e-01) (90, -4.99403566122055053711e-01) (91, -3.18470388650894165039e-01) (92, -7.07582890987396240234e-01) (93, -7.63862490653991699219e-01) (94, -3.95695418119430541992e-01) (95, -3.10020953416824340820e-01) (96, 1.18716537952423095703e+00) (97, -3.45785319805145263672e-01) (98, -2.70608991384506225586e-01) (99, -3.84242624044418334961e-01) (100, -3.18124502897262573242e-01) (101, -7.42094814777374267578e-01) (102, 9.71998691558837890625e-01) (103, 1.44553875923156738281e+00) (104, 2.53017997741699218750e+00) (0, 5.57116889953613281250e+01) (1, 2.16769242286682128906e+00) (2, 2.32685637474060058594e+00) (3, -3.38863015174865722656e-01) (4, -1.78593963384628295898e-01) (5, -1.60545480251312255859e+00) (6, 9.64840501546859741211e-02) (7, -3.06588411331176757812e-01) (8, 2.12744855880737304688e+00) (9, 1.48628547787666320801e-01) (10, -1.39058157801628112793e-01) (11, -3.79190474748611450195e-01) (12, 2.00402903556823730469e+00) (13, -1.27077370882034301758e-01) (14, 2.01967644691467285156e+00) (15, 2.15603828430175781250e+00) (16, 5.45688629150390625000e-01) (17, 2.08774900436401367188e+00) (18, 1.94290411472320556641e+00) (19, 2.02766513824462890625e+00) (20, -1.73320814967155456543e-01) (21, 4.88868504762649536133e-01) (22, -1.49248683452606201172e+00) (23, -6.00090801715850830078e-01) (24, -1.42074573040008544922e+00) (25, -2.00052708387374877930e-01) (26, -4.81349289417266845703e-01) (27, -1.15589596331119537354e-01) (28, -5.52034117281436920166e-02) (29, 1.95935595035552978516e+00) (30, 1.51812005788087844849e-02) (31, 1.87164628505706787109e+00) (32, 2.09027743339538574219e+00) (33, 1.85951673984527587891e+00) (34, -2.78264731168746948242e-01) (35, 1.52944362163543701172e+00) (36, 1.55051529407501220703e+00) (37, 2.03844451904296875000e+00) (38, 1.74069750308990478516e+00) (39, 1.44195401668548583984e+00) (40, 1.96936798095703125000e+00) (41, 9.80586111545562744141e-01) (42, 3.38802486658096313477e-01) (43, -7.61840026825666427612e-03) (44, -2.60618150234222412109e-01) (45, 1.96895933151245117188e+00) (46, -8.01330924034118652344e-01) (47, 1.03416764736175537109e+00) (48, 1.96445655822753906250e+00) (49, -2.02777504920959472656e-01) (50, -1.71648547053337097168e-01) (51, -1.49711415171623229980e-01) (52, -1.51328727602958679199e-01) (53, -1.61802768707275390625e-01) (54, -2.41420790553092956543e-02) (55, 1.61047387123107910156e+00) (56, -1.13434977829456329346e-01) (57, 1.73970472812652587891e+00) (58, 4.83369737863540649414e-01) (59, -1.02322831749916076660e-01) (60, 1.68127882480621337891e+00) (61, -1.12893915176391601562e+00) (62, 2.07629108428955078125e+00) (63, -1.38742610812187194824e-01) (64, -7.83383250236511230469e-02) (65, 2.00380158424377441406e+00) (66, 1.57755568623542785645e-01) (67, 1.04845964908599853516e+00) (68, -1.63124933838844299316e-01) (69, 5.36030292510986328125e-01) (70, 2.24165129661560058594e+00) (71, 2.29417875409126281738e-01) (72, 1.32321193814277648926e-01) (73, 2.39793109893798828125e+00) (74, -1.32046774029731750488e-01) (75, 5.45466184616088867188e-01) (76, 7.54380002617835998535e-02) (77, 1.93141043186187744141e+00) (78, 2.68017983436584472656e+00) (79, 2.53072828054428100586e-01) (80, 1.74424529075622558594e-01) (81, -2.55887299776077270508e-01) (82, 8.89274179935455322266e-02) (83, 2.37099337577819824219e+00) (84, 1.94854462146759033203e+00) (85, 2.82772272825241088867e-01) (86, 2.22331404685974121094e+00) (87, 2.43241572380065917969e+00) (88, -4.72541898488998413086e-02) (89, -1.49998903274536132812e-01) (90, -1.09545946121215820312e-01) (91, -2.95199424028396606445e-01) (92, -9.26425904035568237305e-02) (93, 7.75182723999023437500e-01) (94, 5.05531251430511474609e-01) (95, -7.84363225102424621582e-02) (96, 8.65914046764373779297e-01) (97, 3.31591278314590454102e-01) (98, -3.66586804389953613281e-01) (99, 6.50262653827667236328e-01) (100, 4.57293897867202758789e-01) (101, -3.23810607194900512695e-01) (102, 4.43441390991210937500e-01) (103, 1.71124720573425292969e+00) (104, -8.91618207097053527832e-02) (0, -6.29976689815521240234e-01) (1, 1.79454907774925231934e-01) (2, 1.15329027175903320312e+00) (3, -1.13786959648132324219e+00) (4, -8.11990320682525634766e-01) (5, -2.12700039148330688477e-01) (6, 8.61094951629638671875e-01) (7, -1.62249028682708740234e-01) (8, -4.05007004737854003906e-01) (9, -1.55443415045738220215e-01) (10, -7.52898871898651123047e-01) (11, -4.92381572723388671875e-01) (12, -2.40073129534721374512e-01) (13, -4.76690292358398437500e-01) (14, -3.55615466833114624023e-01) (15, -3.02947580814361572266e-01) (16, 1.09189987182617187500e+00) (17, 6.45079612731933593750e-01) (18, -3.51063907146453857422e-01) (19, -8.62498939037322998047e-01) (20, -4.46630984544754028320e-01) (21, 2.20784640312194824219e+00) (22, -1.08368539810180664062e+00) (23, -5.25512635707855224609e-01) (24, 1.32353532314300537109e+00) (25, -7.28606879711151123047e-02) (26, -3.94419789314270019531e-01) (27, -3.59772175550460815430e-01) (28, -3.79198193550109863281e-01) (29, 1.13938260078430175781e+00) (30, -5.77859431505203247070e-02) (31, 1.84756204485893249512e-01) (32, 1.04233503341674804688e+00) (33, -6.51933491230010986328e-01) (34, 3.61233437433838844299e-03) (35, 7.80492305755615234375e-01) (36, -1.42230123281478881836e-01) (37, -2.62381404638290405273e-01) (38, -2.94828534126281738281e-01) (39, -6.88397765159606933594e-01) (40, -1.93459734320640563965e-01) (41, 1.39638006687164306641e+00) (42, -6.66587471961975097656e-01) (43, -4.53258752822875976562e-01) (44, -4.33671981096267700195e-01) (45, 1.01255226135253906250e+00) (46, -8.61064732074737548828e-01) (47, 1.68825425207614898682e-02) (48, 1.82012796401977539062e+00) (49, -4.98012840747833251953e-01) (50, -2.38795101642608642578e-01) (51, -2.53996908664703369141e-01) (52, -7.57401466369628906250e-01) (53, 1.04203152656555175781e+00) (54, -5.46868026256561279297e-01) (55, 1.62649202346801757812e+00) (56, -6.69208467006683349609e-01) (57, 1.36438727378845214844e+00) (58, -1.22076594829559326172e+00) (59, -1.34024357795715332031e+00) (60, -8.27037096023559570312e-01) (61, -8.59555542469024658203e-01) (62, -3.57810974121093750000e-01) (63, -8.41771245002746582031e-01) (64, -7.44289278984069824219e-01) (65, -8.22183132171630859375e-01) (66, 2.01081585884094238281e+00) (67, -4.10126537084579467773e-01) (68, 1.45041453838348388672e+00) (69, 1.63876402378082275391e+00) (70, 9.04619693756103515625e-02) (71, -4.30427193641662597656e-02) (72, -4.96593341231346130371e-02) (73, 1.22001087665557861328e+00) (74, -4.34484213590621948242e-01) (75, -3.03792387247085571289e-01) (76, -2.54495859146118164062e-01) (77, -7.65673220157623291016e-01) (78, 1.66318023204803466797e+00) (79, 1.17266476154327392578e+00) (80, 1.82412827014923095703e+00) (81, -7.31568992137908935547e-01) (82, -2.53989368677139282227e-01) (83, 1.47678482532501220703e+00) (84, -2.56290674209594726562e-01) (85, -5.36323547363281250000e-01) (86, -7.50628054141998291016e-01) (87, -1.96392431855201721191e-01) (88, 1.21682715415954589844e+00) (89, -8.42638313770294189453e-01) (90, 1.18745946884155273438e+00) (91, -8.67029070854187011719e-01) (92, 1.14135968685150146484e+00) (93, -5.95059573650360107422e-01) (94, -7.02286958694458007812e-01) (95, -6.53514027595520019531e-01) (96, -1.71670824289321899414e-01) (97, -7.60318160057067871094e-01) (98, 1.25710439682006835938e+00) (99, -6.77445352077484130859e-01) (100, -6.58946573734283447266e-01) (101, -7.20115125179290771484e-01) (102, 9.39676403999328613281e-01) (103, 1.20568954944610595703e+00) (104, 2.39174818992614746094e+00) (0, 5.66022968292236328125e+00) (1, 1.14051067829132080078e+00) (2, 2.25450444221496582031e+00) (3, -5.71334540843963623047e-01) (4, 3.74359059333801269531e+00) (5, 4.45882129669189453125e+00) (6, -5.33060646057128906250e+00) (7, -1.39523839950561523438e+00) (8, 1.60332880914211273193e-02) (9, 1.68778872489929199219e+00) (10, 9.67682123184204101562e-01) (11, 4.76151752471923828125e+00) (12, -9.20144617557525634766e-01) (13, -1.15046846866607666016e+00) (14, -1.31786298751831054688e+00) (15, -1.82338261604309082031e+00) (16, -1.74999218434095382690e-02) (17, -2.57271599769592285156e+00) (18, 6.64240002632141113281e-01) (19, 1.93854987621307373047e+00) (20, 1.26744672656059265137e-01) (21, -2.19969463348388671875e+00) (22, 6.36301851272583007812e+00) (23, 1.77314555644989013672e+00) (24, -1.31695718765258789062e+01) (25, 1.83716535568237304688e+00) (26, -1.68792510032653808594e+00) (27, -6.08475780487060546875e+00) (28, 7.38598942756652832031e-01) (29, -3.70370411872863769531e+00) (30, 4.83232498168945312500e+00) (31, -5.03383779525756835938e+00) (32, 2.57032489776611328125e+00) (33, 3.75064998865127563477e-01) (34, -1.26797366142272949219e+00) (35, 3.37440538406372070312e+00) (36, -9.33713495731353759766e-01) (37, -7.64530479907989501953e-01) (38, -7.12055265903472900391e-01) (39, 1.86744022369384765625e+00) (40, -1.70008170604705810547e+00) (41, -1.41714239120483398438e+00) (42, -5.64506888389587402344e-01) (43, 5.94568967819213867188e-01) (44, -3.29509830474853515625e+00) (45, 2.95550298690795898438e+00) (46, 2.54811120033264160156e+00) (47, -1.41143286228179931641e+00) (48, -3.26484918594360351562e+00) (49, 1.74564516544342041016e+00) (50, 5.84753417968750000000e+00) (51, -8.45439493656158447266e-01) (52, -1.60092723369598388672e+00) (53, 8.33039164543151855469e-01) (54, -1.85623407363891601562e+00) (55, 9.37711060047149658203e-01) (56, -8.83316755294799804688e-01) (57, -3.05358707904815673828e-01) (58, -1.28530883789062500000e+00) (59, 6.26882851123809814453e-01) (60, -3.81480544805526733398e-01) (61, 1.31170785427093505859e+00) (62, -3.77700042724609375000e+00) (63, -7.37218916416168212891e-01) (64, -1.12428438663482666016e+00) (65, -5.75412631034851074219e-01) (66, -1.50243771076202392578e+00) (67, -7.58983016014099121094e-01) (68, -1.68686240911483764648e-01) (69, -6.53094947338104248047e-01) (70, -1.47961437702178955078e+00) (71, 3.02072334289550781250e+00) (72, 2.71913337707519531250e+00) (73, 2.61299180984497070312e+00) (74, 2.34929751604795455933e-02) (75, -2.79520332813262939453e-01) (76, 6.63462638854980468750e-01) (77, -3.30649197101593017578e-01) (78, 2.10832166671752929688e+00) (79, -1.47939622402191162109e-01) (80, -2.98606157302856445312e-01) (81, -1.24766457080841064453e+00) (82, 2.32527160644531250000e+00) (83, -3.79072725772857666016e-01) (84, 1.11073367297649383545e-01) (85, -3.18195700645446777344e-01) (86, -8.02038013935089111328e-01) (87, -4.42194253206253051758e-01) (88, 6.09686076641082763672e-01) (89, 1.36780500411987304688e+00) (90, -6.56907677650451660156e-01) (91, -2.46408969163894653320e-01) (92, -4.65394705533981323242e-01) (93, -5.67236483097076416016e-01) (94, -3.51974427700042724609e-01) (95, -3.32382589578628540039e-01) (96, -5.66596329212188720703e-01) (97, -5.54339885711669921875e-01) (98, 1.82373023033142089844e+00) (99, -5.56321859359741210938e-01) (100, -4.88337844610214233398e-01) (101, -5.30239403247833251953e-01) (102, -1.20169544219970703125e+00) (103, 3.67451500892639160156e+00) (104, 2.27641391754150390625e+00) (0, 1.00577509403228759766e+00) (1, -6.53339743614196777344e-01) (2, -7.18764901161193847656e-01) (3, 1.49747431278228759766e+00) (4, -5.59057056903839111328e-01) (5, -4.13575917482376098633e-01) (6, -3.88848721981048583984e-01) (7, 1.90743005275726318359e+00) (8, 5.79454600811004638672e-01) (9, -7.97228217124938964844e-02) (10, 1.55903875827789306641e+00) (11, 1.71053826808929443359e+00) (12, 1.81597495079040527344e+00) (13, -8.27987909317016601562e-01) (14, 1.93253266811370849609e+00) (15, -4.00808721780776977539e-01) (16, -5.05768895149230957031e-01) (17, -2.60070949792861938477e-01) (18, -5.80075085163116455078e-01) (19, 1.46240496635437011719e+00) (20, 1.42690801620483398438e+00) (21, -4.29735690355300903320e-01) (22, -4.34366703033447265625e-01) (23, -4.73844468593597412109e-01) (24, -7.35496401786804199219e-01) (25, -7.44275450706481933594e-01) (26, -7.26548910140991210938e-01) (27, -6.70210897922515869141e-01) (28, -1.76341131329536437988e-01) (29, -5.91758430004119873047e-01) (30, 1.35438227653503417969e+00) (31, 1.31041252613067626953e+00) (32, -4.44710582494735717773e-01) (33, 1.40314221382141113281e+00) (34, -3.19423377513885498047e-01) (35, -1.71839261054992675781e+00) (36, 1.38393890857696533203e+00) (37, -4.63972926139831542969e-01) (38, -5.85790216922760009766e-01) (39, 1.49208581447601318359e+00) (40, -5.65745651721954345703e-01) (41, 9.66649651527404785156e-01) (42, 1.58644700050354003906e+00) (43, 1.99022638797760009766e+00) (44, 1.82875883579254150391e+00) (45, 1.31800746917724609375e+00) (46, 2.48151108622550964355e-01) (47, -1.00182853639125823975e-01) (48, -1.99826210737228393555e-01) (49, -5.58604419231414794922e-01) (50, -2.64758560806512832642e-02) (51, 1.41054585576057434082e-01) (52, 1.99854016304016113281e+00) (53, -3.54879975318908691406e-01) (54, 1.75578188896179199219e+00) (55, -3.05683398246765136719e+00) (56, -8.54891598224639892578e-01) (57, -1.67199105024337768555e-01) (58, -6.63433849811553955078e-01) (59, 1.79066121578216552734e-01) (60, -5.32813787460327148438e-01) (61, 9.81670916080474853516e-02) (62, -1.86849310994148254395e-01) (63, -7.24002897739410400391e-01) (64, -4.81988757848739624023e-01) (65, -5.97069740295410156250e-01) (66, -3.02175545692443847656e+00) (67, 1.35580077767372131348e-01) (68, 1.35417550802230834961e-01) (69, -4.53388810157775878906e-01) (70, -7.94969022274017333984e-01) (71, -2.73913741111755371094e-01) (72, -5.92862188816070556641e-01) (73, -2.03895568847656250000e+00) (74, -7.93614089488983154297e-01) (75, -3.86880815029144287109e-01) (76, 1.75020769238471984863e-01) (77, -8.18252444267272949219e-01) (78, 6.78530335426330566406e-01) (79, -6.34402275085449218750e-01) (80, 2.46584463119506835938e+00) (81, -1.03969299793243408203e+00) (82, -5.40425598621368408203e-01) (83, 6.62291944026947021484e-01) (84, 2.67261594533920288086e-01) (85, -1.39442884922027587891e+00) (86, -2.83536225557327270508e-01) (87, -2.92478024959564208984e-01) (88, 9.94232475757598876953e-01) (89, 2.05045866966247558594e+00) (90, -7.67958879470825195312e-01) (91, -1.10374641418457031250e+00) (92, 1.19957125186920166016e+00) (93, -1.52762502431869506836e-01) (94, -6.20523333549499511719e-01) (95, -6.94582223892211914062e-01) (96, -2.31322064995765686035e-01) (97, -5.20992815494537353516e-01) (98, -6.75331592559814453125e-01) (99, 1.18062281608581542969e+00) (100, -5.78467369079589843750e-01) (101, -5.84040284156799316406e-01) (102, 3.12410950660705566406e-01) (103, 1.79081296920776367188e+00) (104, 2.39463829994201660156e+00) (0, -7.64890164136886596680e-02) (1, -3.53371322154998779297e-01) (2, 1.51410889625549316406e+00) (3, 3.52001023292541503906e+00) (4, 2.59803342819213867188e+00) (5, -9.43474352359771728516e-01) (6, -1.05470752716064453125e+00) (7, -6.88979530334472656250e+00) (8, 4.08333826065063476562e+00) (9, -3.50940912961959838867e-01) (10, 1.02068054676055908203e+00) (11, -3.74019116163253784180e-01) (12, -1.69963628053665161133e-01) (13, 2.72815495729446411133e-01) (14, -9.11407887935638427734e-01) (15, -3.69297116994857788086e-02) (16, 5.32995033264160156250e+00) (17, 4.16184991598129272461e-01) (18, -3.03994715213775634766e-01) (19, -4.22663867473602294922e-01) (20, -2.27933263778686523438e+00) (21, 9.10789108276367187500e+00) (22, -9.32736456394195556641e-01) (23, -2.70356607437133789062e+00) (24, 5.50329685211181640625e+00) (25, -2.29727482795715332031e+00) (26, 8.90076979994773864746e-02) (27, -6.72617852687835693359e-01) (28, -4.84909820556640625000e+00) (29, -5.49052143096923828125e+00) (30, 3.78133034706115722656e+00) (31, 1.65118604898452758789e-01) (32, 5.97825109958648681641e-01) (33, -4.55315530300140380859e-01) (34, 3.67763972282409667969e+00) (35, -5.36536169052124023438e+00) (36, 3.27911853790283203125e-01) (37, -3.00318956375122070312e+00) (38, -8.75434160232543945312e-01) (39, 1.41379463672637939453e+00) (40, -2.45020508766174316406e+00) (41, -5.44267272949218750000e+00) (42, -9.22697603702545166016e-01) (43, 3.75737977027893066406e+00) (44, 6.45501196384429931641e-01) (45, 1.40143668651580810547e+00) (46, 2.28190287947654724121e-01) (47, -2.42939805984497070312e+00) (48, 1.90199184417724609375e+00) (49, 3.93793493509292602539e-01) (50, 1.71929085254669189453e+00) (51, -1.10336672514677047729e-03) (52, -1.18736779689788818359e+00) (53, 3.71555280685424804688e+00) (54, -5.17631232738494873047e-01) (55, -2.49273705482482910156e+00) (56, -1.60185182094573974609e+00) (57, 1.88148880004882812500e+00) (58, 2.15017294883728027344e+00) (59, -7.20841646194458007812e-01) (60, 9.47920024394989013672e-01) (61, 2.17216682434082031250e+00) (62, 1.12757790088653564453e+00) (63, -8.13345789909362792969e-01) (64, -1.16111481189727783203e+00) (65, -4.27868574857711791992e-01) (66, -1.09415781497955322266e+00) (67, -1.22770988941192626953e+00) (68, 1.87895977497100830078e+00) (69, -4.48336094617843627930e-01) (70, 1.05515170097351074219e+00) (71, 1.48199987411499023438e+00) (72, -6.65316760540008544922e-01) (73, 1.70810616016387939453e+00) (74, 6.02015435695648193359e-01) (75, -5.14233589172363281250e-01) (76, -1.82312345504760742188e+00) (77, 2.25787952542304992676e-01) (78, -1.69872507452964782715e-01) (79, -4.58329498767852783203e-01) (80, -1.19480371475219726562e+00) (81, -7.43686437606811523438e-01) (82, 1.15201926231384277344e+00) (83, 1.34271621704101562500e+00) (84, 8.22727024555206298828e-01) (85, -2.27850183844566345215e-01) (86, -6.91075384616851806641e-01) (87, 3.81951510906219482422e-01) (88, 1.56234455108642578125e+00) (89, -6.74632787704467773438e-01) (90, -7.72623658180236816406e-01) (91, -4.18793261051177978516e-01) (92, -8.43935310840606689453e-01) (93, -1.40991389751434326172e-01) (94, -8.93192589282989501953e-01) (95, -9.12806332111358642578e-01) (96, -4.36279624700546264648e-01) (97, -6.78390204906463623047e-01) (98, -1.03890883922576904297e+00) (99, -6.77060008049011230469e-01) (100, -1.57743072509765625000e+00) (101, -7.68269062042236328125e-01) (102, -4.80925130844116210938e+00) (103, 9.28485012054443359375e+00) (104, 2.48523139953613281250e+00) (0, 3.30236482620239257812e+00) (1, -5.59272170066833496094e-02) (2, -2.44707301259040832520e-01) (3, -1.71490347385406494141e+00) (4, -8.26143205165863037109e-01) (5, 4.04055416584014892578e-01) (6, -7.76859641075134277344e-01) (7, 1.44084036350250244141e-01) (8, 2.87768697738647460938e+00) (9, -4.92174774408340454102e-01) (10, -5.99886238574981689453e-01) (11, -4.41597759723663330078e-01) (12, -6.86680197715759277344e-01) (13, -1.13621425628662109375e+00) (14, -1.91896116733551025391e+00) (15, 1.65904009342193603516e+00) (16, -2.16746598482131958008e-01) (17, 1.85154771804809570312e+00) (18, -4.50814962387084960938e-01) (19, 1.46101689338684082031e+00) (20, 3.01122164726257324219e+00) (21, -5.04571914672851562500e-01) (22, 1.59283518791198730469e+00) (23, 1.82360637187957763672e+00) (24, -2.77947813272476196289e-01) (25, -5.99385797977447509766e-01) (26, -8.08977782726287841797e-01) (27, 1.51003110408782958984e+00) (28, -6.65167331695556640625e-01) (29, -7.08005309104919433594e-01) (30, 1.46626520156860351562e+00) (31, 1.41899907588958740234e+00) (32, -5.78088223934173583984e-01) (33, -6.37504458427429199219e-01) (34, 2.59027433395385742188e+00) (35, 2.08578610420227050781e+00) (36, -5.49058139324188232422e-01) (37, 1.76031124591827392578e+00) (38, 1.94141626358032226562e+00) (39, 1.85048830509185791016e+00) (40, 1.78256726264953613281e+00) (41, 3.91977834701538085938e+00) (42, -1.22190606594085693359e+00) (43, -5.41450738906860351562e-01) (44, 1.53354775905609130859e+00) (45, 1.41981467604637145996e-01) (46, -3.02809524536132812500e+00) (47, 1.02312850952148437500e+00) (48, -1.22612452507019042969e+00) (49, 1.81351482868194580078e+00) (50, -7.94803321361541748047e-01) (51, 1.56080174446105957031e+00) (52, -7.77048110961914062500e-01) (53, 2.46769711375236511230e-01) (54, -9.38825428485870361328e-01) (55, -1.24671113491058349609e+00) (56, -8.64430308341979980469e-01) (57, 1.09083688259124755859e+00) (58, -3.13578319549560546875e+00) (59, -7.90942192077636718750e-01) (60, -8.28071296215057373047e-01) (61, -9.23355638980865478516e-01) (62, -6.87406003475189208984e-01) (63, 1.48313653469085693359e+00) (64, 1.90380716323852539062e+00) (65, -8.23658168315887451172e-01) (66, 3.54602241516113281250e+00) (67, -2.01117730140686035156e+00) (68, 2.39014482498168945312e+00) (69, -1.13820827007293701172e+00) (70, -8.71185183525085449219e-01) (71, -7.98978328704833984375e-01) (72, -6.74198746681213378906e-01) (73, -1.59146666526794433594e-01) (74, -2.76798033714294433594e+00) (75, -5.53893446922302246094e-01) (76, -1.76877737045288085938e+00) (77, 1.28627026081085205078e+00) (78, 1.23925411701202392578e+00) (79, -6.10807359218597412109e-01) (80, 1.23242259025573730469e+00) (81, -9.74413037300109863281e-01) (82, 5.60823798179626464844e-01) (83, 1.34307217597961425781e+00) (84, 2.51516485214233398438e+00) (85, 1.27459824085235595703e+00) (86, 1.43604671955108642578e+00) (87, -1.05518770217895507812e+00) (88, -2.11849355697631835938e+00) (89, -2.11937952041625976562e+00) (90, -3.44590544700622558594e-01) (91, -1.40893089771270751953e+00) (92, -3.77806806564331054688e+00) (93, -6.19446814060211181641e-01) (94, -7.45517313480377197266e-01) (95, -1.98328483104705810547e+00) (96, -8.12276363372802734375e-01) (97, -8.20721209049224853516e-01) (98, -4.26129102706909179688e+00) (99, 2.47565627098083496094e+00) (100, 1.56433498859405517578e+00) (101, -5.41255855560302734375e+00) (102, 3.13506275415420532227e-01) (103, 2.45654845237731933594e+00) (104, 2.52365374565124511719e+00) (0, -2.60379642248153686523e-01) (1, 1.14640748500823974609e+00) (2, -3.87945294380187988281e-01) (3, -4.88385647535324096680e-01) (4, -7.56958067417144775391e-01) (5, -6.02115035057067871094e-01) (6, -5.27179419994354248047e-01) (7, 9.00004208087921142578e-01) (8, 3.49027276039123535156e-01) (9, -3.80476146936416625977e-01) (10, -7.85865664482116699219e-01) (11, -3.72916579246520996094e-01) (12, 1.47865724563598632812e+00) (13, -3.31666797399520874023e-01) (14, -2.46308982372283935547e-01) (15, -2.32752144336700439453e-01) (16, -4.30912226438522338867e-01) (17, -2.77717679738998413086e-01) (18, 1.52231442928314208984e+00) (19, 1.39828503131866455078e+00) (20, 1.37158834934234619141e+00) (21, -1.46558195352554321289e-01) (22, 1.55989038944244384766e+00) (23, 1.54746735095977783203e+00) (24, 1.63486993312835693359e+00) (25, -5.06863415241241455078e-01) (26, -7.90175616741180419922e-01) (27, -7.35792636871337890625e-01) (28, -4.65359151363372802734e-01) (29, -7.73665070533752441406e-01) (30, -2.82492458820343017578e-01) (31, -6.86652719974517822266e-01) (32, -7.41757988929748535156e-01) (33, 1.70692634582519531250e+00) (34, -6.02867186069488525391e-01) (35, 1.22526347637176513672e+00) (36, -5.81895112991333007812e-01) (37, -1.35176002979278564453e-01) (38, 1.46675980091094970703e+00) (39, 1.37749779224395751953e+00) (40, 1.40171039104461669922e+00) (41, 9.46370184421539306641e-01) (42, 1.55410599708557128906e+00) (43, -2.26421445608139038086e-01) (44, -6.38363301753997802734e-01) (45, -3.56032967567443847656e-01) (46, -6.18538558483123779297e-01) (47, -6.42160236835479736328e-01) (48, -3.22415173053741455078e-01) (49, -6.66211545467376708984e-01) (50, -5.48585176467895507812e-01) (51, -2.43432253599166870117e-01) (52, -7.26618111133575439453e-01) (53, -3.74258697032928466797e-01) (54, -2.85618185997009277344e-01) (55, 1.28911304473876953125e+00) (56, -3.13780963420867919922e-01) (57, -5.85714519023895263672e-01) (58, -2.86147654056549072266e-01) (59, -1.23241757974028587341e-02) (60, -6.62625908851623535156e-01) (61, -1.03357322514057159424e-01) (62, 1.60773241519927978516e+00) (63, -7.10382521152496337891e-01) (64, -6.63851618766784667969e-01) (65, 1.42307257652282714844e+00) (66, -1.30677461624145507812e-01) (67, -6.92240536212921142578e-01) (68, -4.79054689407348632812e-01) (69, -3.22451710700988769531e-01) (70, -2.10784465074539184570e-01) (71, -1.86828821897506713867e-01) (72, -2.68212687224149703979e-02) (73, 1.67577564716339111328e+00) (74, -5.04105210304260253906e-01) (75, -1.71973064541816711426e-01) (76, -7.33226418495178222656e-01) (77, -5.98424375057220458984e-01) (78, 4.85804289579391479492e-01) (79, -7.40731775760650634766e-01) (80, -1.73482015728950500488e-01) (81, -7.62588739395141601562e-01) (82, -5.19331574440002441406e-01) (83, -4.09735918045043945312e-01) (84, 1.48072540760040283203e+00) (85, -3.42321217060089111328e-01) (86, -6.77280306816101074219e-01) (87, -2.31938108801841735840e-01) (88, -6.53976678848266601562e-01) (89, -7.55011677742004394531e-01) (90, -7.28306114673614501953e-01) (91, -7.97605335712432861328e-01) (92, -3.84047597646713256836e-01) (93, 7.76193737983703613281e-02) (94, -6.37327671051025390625e-01) (95, -8.03384125232696533203e-01) (96, 1.75068557262420654297e+00) (97, 1.48864209651947021484e+00) (98, -8.39585781097412109375e-01) (99, -6.21429145336151123047e-01) (100, -6.13033115863800048828e-01) (101, -5.42148470878601074219e-01) (102, 1.53963613510131835938e+00) (103, 5.43618559837341308594e-01) (104, 3.00058603286743164062e-01) (0, 1.75835108757019042969e+00) (1, -4.39766108989715576172e-01) (2, -2.03599452972412109375e-01) (3, 3.82803171873092651367e-01) (4, -7.81616091728210449219e-01) (5, -5.09563148021697998047e-01) (6, -5.85788786411285400391e-01) (7, 1.16895210742950439453e+00) (8, 7.67711222171783447266e-01) (9, -4.41701918840408325195e-01) (10, -7.91385769844055175781e-01) (11, 4.94040399789810180664e-01) (12, -6.20162308216094970703e-01) (13, 1.66194128990173339844e+00) (14, -6.02140247821807861328e-01) (15, -5.74832439422607421875e-01) (16, -9.39543068408966064453e-01) (17, -6.13250672817230224609e-01) (18, -5.98332762718200683594e-01) (19, -4.90688562393188476562e-01) (20, -5.13080805540084838867e-02) (21, 7.77756035327911376953e-01) (22, -5.15459835529327392578e-01) (23, 4.20485973358154296875e-01) (24, -7.29233860969543457031e-01) (25, 1.35776603221893310547e+00) (26, -3.99940490722656250000e-01) (27, -5.71750223636627197266e-01) (28, -8.04461061954498291016e-01) (29, 4.27259087562561035156e-01) (30, -2.61940866708755493164e-01) (31, -6.94426000118255615234e-01) (32, -4.08602595329284667969e-01) (33, -2.98492074012756347656e-01) (34, 1.93374380469322204590e-01) (35, -7.96258687973022460938e-01) (36, -7.33736932277679443359e-01) (37, -6.82162582874298095703e-01) (38, -6.40080749988555908203e-01) (39, -7.28879690170288085938e-01) (40, 3.63023936748504638672e-01) (41, -8.97481560707092285156e-01) (42, -5.13052403926849365234e-01) (43, -1.88138842582702636719e-01) (44, -2.51649737358093261719e-01) (45, -1.86752021312713623047e-01) (46, -5.96514880657196044922e-01) (47, 1.97111681103706359863e-01) (48, 2.25153207778930664062e+00) (49, -8.24159502983093261719e-01) (50, -6.15741550922393798828e-01) (51, -3.48631143569946289062e-01) (52, -4.01152819395065307617e-01) (53, 3.06955099105834960938e-01) (54, 7.59562194347381591797e-01) (55, -3.45459640026092529297e-01) (56, -7.55827307701110839844e-01) (57, -3.29337656497955322266e-01) (58, 1.00790560245513916016e+00) (59, -7.89689004421234130859e-01) (60, -7.73025095462799072266e-01) (61, 1.36473703384399414062e+00) (62, -1.33482292294502258301e-01) (63, -7.32452869415283203125e-01) (64, -6.89363956451416015625e-01) (65, -7.98512101173400878906e-01) (66, -5.26692867279052734375e-02) (67, -2.46821135282516479492e-01) (68, -2.55916595458984375000e-01) (69, -4.99899715185165405273e-01) (70, 5.55145621299743652344e-01) (71, -4.49768871068954467773e-01) (72, -5.44461309909820556641e-01) (73, 2.08325815200805664062e+00) (74, 1.58046019077301025391e+00) (75, 1.46094715595245361328e+00) (76, 1.67848992347717285156e+00) (77, 1.40500950813293457031e+00) (78, 1.45881140232086181641e+00) (79, 1.29190385341644287109e+00) (80, -3.62356245517730712891e-01) (81, -7.67949044704437255859e-01) (82, -4.72319900989532470703e-01) (83, 1.68899595737457275391e+00) (84, 9.36734735965728759766e-01) (85, 1.30977761745452880859e+00) (86, -8.43569457530975341797e-01) (87, 1.96673977375030517578e+00) (88, -1.93438863754272460938e+00) (89, -3.74985992908477783203e-01) (90, -4.63996797800064086914e-01) (91, -8.51756155490875244141e-01) (92, -6.57118797302246093750e-01) (93, -7.29498326778411865234e-01) (94, -7.36177265644073486328e-01) (95, -7.93291687965393066406e-01) (96, 1.80538225173950195312e+00) (97, -3.74894469976425170898e-01) (98, 8.38247358798980712891e-01) (99, -5.93997120857238769531e-01) (100, -7.74550139904022216797e-01) (101, -6.68601632118225097656e-01) (102, 1.91732656955718994141e+00) (103, 2.11316403001546859741e-02) (104, 4.32458132505416870117e-01) (0, 5.34630346298217773438e+00) (1, -3.74817276000976562500e+00) (2, -2.67172455787658691406e-01) (3, -1.70900583267211914062e+00) (4, -5.21295487880706787109e-01) (5, -2.06109476089477539062e+00) (6, 4.64393151924014091492e-03) (7, 1.88640248775482177734e+00) (8, -9.57645952701568603516e-01) (9, 1.69079735875129699707e-01) (10, 1.93588936328887939453e+00) (11, 1.24202442169189453125e+00) (12, 1.25880455970764160156e+00) (13, 5.20363092422485351562e+00) (14, -2.18229979276657104492e-01) (15, 9.48552135378122329712e-03) (16, -4.40358549356460571289e-01) (17, -4.62180376052856445312e-02) (18, -3.83619189262390136719e-01) (19, -7.50276148319244384766e-02) (20, -2.95796066522598266602e-01) (21, 5.84968984127044677734e-01) (22, -1.28342103958129882812e+00) (23, 4.70357500016689300537e-02) (24, -1.15319776535034179688e+00) (25, 4.35722440481185913086e-01) (26, -7.56959170103073120117e-02) (27, 1.85168489813804626465e-01) (28, 1.22782193124294281006e-01) (29, 3.18029969930648803711e-01) (30, 1.65168553590774536133e-01) (31, -7.97137692570686340332e-02) (32, -1.56967744231224060059e-01) (33, -4.09451991319656372070e-01) (34, -2.09990948438644409180e-01) (35, -1.88218683004379272461e-01) (36, -4.73849862813949584961e-01) (37, 2.79637187719345092773e-01) (38, -7.53496587276458740234e-01) (39, -6.12481594085693359375e-01) (40, -3.88368144631385803223e-02) (41, 1.56635344028472900391e+00) (42, -3.70592713356018066406e-01) (43, 2.40057736635208129883e-01) (44, -2.60734468698501586914e-01) (45, 4.00215126574039459229e-02) (46, -5.76535940170288085938e-01) (47, -3.99325579404830932617e-01) (48, 1.60270214080810546875e-01) (49, -2.40418776869773864746e-01) (50, -7.11848258972167968750e-01) (51, 3.91979999840259552002e-02) (52, -5.20782828330993652344e-01) (53, -1.63707524538040161133e-01) (54, 1.09110844135284423828e+00) (55, 1.09494709968566894531e+00) (56, 1.85464060306549072266e+00) (57, 7.12244033813476562500e-01) (58, 6.00632071495056152344e-01) (59, 7.74659991264343261719e-01) (60, -4.19860601425170898438e-01) (61, -3.17036628723144531250e-01) (62, -3.91844809055328369141e-01) (63, -5.28826534748077392578e-01) (64, -3.49550902843475341797e-01) (65, -3.79630237817764282227e-01) (66, -1.79117694497108459473e-01) (67, -4.18393969535827636719e-01) (68, -2.20816925168037414551e-01) (69, -4.52698647975921630859e-01) (70, 1.20534849166870117188e+00) (71, -2.42770388722419738770e-01) (72, 8.99253606796264648438e-01) (73, 8.49110540002584457397e-03) (74, 8.35346519947052001953e-01) (75, 7.72240996360778808594e-01) (76, -2.76116490364074707031e-01) (77, 7.80659019947052001953e-01) (78, 8.52762162685394287109e-01) (79, 2.25683405995368957520e-01) (80, -3.30152697861194610596e-02) (81, -4.58380043506622314453e-01) (82, 1.94767868518829345703e+00) (83, -1.00797146558761596680e-01) (84, -1.27240255475044250488e-01) (85, -2.24824085831642150879e-01) (86, 3.87828677892684936523e-01) (87, 1.17057192325592041016e+00) (88, -3.56345176696777343750e-01) (89, 5.68772673606872558594e-01) (90, 6.41760349273681640625e-01) (91, 5.48505306243896484375e-01) (92, -4.11919534206390380859e-01) (93, 1.20310664176940917969e+00) (94, 7.99442112445831298828e-01) (95, -5.25242626667022705078e-01) (96, 1.10740387439727783203e+00) (97, -3.93256187438964843750e-01) (98, -3.81018459796905517578e-01) (99, -3.42332839965820312500e-01) (100, -4.01367217302322387695e-01) (101, -2.32249990105628967285e-01) (102, 3.26370978355407714844e+00) (103, -4.63208407163619995117e-01) (104, 2.23670101165771484375e+00) (0, 2.71053099632263183594e+00) (1, 2.33271145820617675781e+00) (2, 1.64119958877563476562e+00) (3, 1.59998488426208496094e+00) (4, 1.60299193859100341797e+00) (5, 1.39074540138244628906e+00) (6, -6.92025601863861083984e-01) (7, 3.97784638404846191406e+00) (8, 2.99123239517211914062e+00) (9, -1.26325595378875732422e+00) (10, -3.27278822660446166992e-01) (11, -5.37772417068481445312e-01) (12, -9.63884115219116210938e-01) (13, 2.21254611015319824219e+00) (14, -8.62703144550323486328e-01) (15, -5.31079828739166259766e-01) (16, -4.44067478179931640625e-01) (17, -1.25243687629699707031e+00) (18, -7.09075689315795898438e-01) (19, -7.09984779357910156250e-01) (20, -1.07381236553192138672e+00) (21, -9.31905031204223632812e-01) (22, -1.06434476375579833984e+00) (23, -1.11013960838317871094e+00) (24, 2.18845196068286895752e-02) (25, -1.11817455291748046875e+00) (26, 1.48284959793090820312e+00) (27, 1.53660202026367187500e+00) (28, -1.63088548183441162109e+00) (29, -8.52702021598815917969e-01) (30, 1.46112990379333496094e+00) (31, -8.51589977741241455078e-01) (32, -1.32970285415649414062e+00) (33, -9.93335366249084472656e-01) (34, 4.32950049638748168945e-01) (35, -5.21021485328674316406e-01) (36, -5.98568439483642578125e-01) (37, -1.06437695026397705078e+00) (38, -6.55751109123229980469e-01) (39, -4.11915659904479980469e-01) (40, -4.95924234390258789062e-01) (41, 1.46193253993988037109e+00) (42, -3.89691293239593505859e-01) (43, -6.54450476169586181641e-01) (44, -3.79679620265960693359e-01) (45, 3.35770219564437866211e-01) (46, 6.41336858272552490234e-01) (47, 5.37533879280090332031e-01) (48, 2.78924316167831420898e-01) (49, -1.38720422983169555664e-01) (50, -5.58420658111572265625e-01) (51, -1.60830461978912353516e+00) (52, -4.61175024509429931641e-01) (53, 4.43860478699207305908e-02) (54, -7.67315328121185302734e-01) (55, -5.16786813735961914062e-01) (56, -8.60507309436798095703e-01) (57, -1.38162684440612792969e+00) (58, -5.67741811275482177734e-01) (59, -9.94625866413116455078e-01) (60, -6.50339365005493164062e-01) (61, 5.77139437198638916016e-01) (62, -1.01845657825469970703e+00) (63, -3.69453310966491699219e-01) (64, -1.09729933738708496094e+00) (65, -5.43884575366973876953e-01) (66, -9.37746047973632812500e-01) (67, -7.86657512187957763672e-01) (68, -1.19953286647796630859e+00) (69, -1.12500023841857910156e+00) (70, 1.37180829048156738281e+00) (71, -8.57488691806793212891e-01) (72, 1.98832726478576660156e+00) (73, -5.40557444095611572266e-01) (74, 1.40289771556854248047e+00) (75, 7.25998729467391967773e-02) (76, -4.59876716136932373047e-01) (77, 1.44965040683746337891e+00) (78, 1.66105949878692626953e+00) (79, 1.77780890464782714844e+00) (80, 1.90541148185729980469e-01) (81, 5.26145040988922119141e-01) (82, -3.46631914377212524414e-01) (83, 3.12731325626373291016e-01) (84, -1.41523089259862899780e-02) (85, -1.84671908617019653320e-01) (86, 1.38678228855133056641e+00) (87, -7.93992936611175537109e-01) (88, 1.79282391071319580078e+00) (89, 1.68972909450531005859e+00) (90, 1.52266478538513183594e+00) (91, 1.67434632778167724609e+00) (92, 1.03105492889881134033e-01) (93, -7.65774607658386230469e-01) (94, -6.17360234260559082031e-01) (95, -5.80847501754760742188e-01) (96, -1.08477222919464111328e+00) (97, -7.82554626464843750000e-01) (98, 1.69543933868408203125e+00) (99, -6.61100625991821289062e-01) (100, -5.65465092658996582031e-01) (101, -8.84852349758148193359e-01) (102, 1.39592707157135009766e+00) (103, 1.02179658412933349609e+00) (104, 2.64193367958068847656e+00) (0, -4.72228479385375976562e+00) (1, 6.60883855819702148438e+00) (2, -1.23054891824722290039e-01) (3, -3.09164375066757202148e-01) (4, -1.42140582203865051270e-01) (5, 1.55111398696899414062e+01) (6, -2.18372374773025512695e-01) (7, 1.90480637550354003906e+00) (8, 1.04159517288208007812e+01) (9, -2.94492304325103759766e-01) (10, -2.59823471307754516602e-01) (11, 2.31721138954162597656e+00) (12, 1.69311881065368652344e-01) (13, 9.66824114322662353516e-01) (14, -4.53066527843475341797e-01) (15, 1.45372003316879272461e-01) (16, -4.98812198638916015625e-01) (17, -3.02066028118133544922e-01) (18, -2.90121287107467651367e-01) (19, -1.22619010508060455322e-01) (20, -6.93055808544158935547e-01) (21, -1.36430132389068603516e+00) (22, 9.95627021789550781250e+00) (23, 1.58931744098663330078e+00) (24, 1.05913705825805664062e+01) (25, -4.08325612545013427734e-01) (26, -1.35281771421432495117e-01) (27, -1.29776179790496826172e-01) (28, -5.23289740085601806641e-01) (29, -4.17621970176696777344e-01) (30, -1.29613310098648071289e-01) (31, -1.21581181883811950684e-01) (32, -3.30084888264536857605e-03) (33, 4.27620112895965576172e-02) (34, -2.90306925773620605469e-01) (35, 2.31130227446556091309e-01) (36, 7.94149816036224365234e-01) (37, 1.29836034774780273438e+00) (38, 2.57336306571960449219e+00) (39, 7.71564424037933349609e-01) (40, 1.91830456256866455078e-01) (41, 5.32046198844909667969e-01) (42, -3.89972358942031860352e-01) (43, -9.30288434028625488281e-02) (44, -3.45629215240478515625e-01) (45, 1.58942139148712158203e+00) (46, -5.00012445449829101562e+00) (47, 1.07137537002563476562e+01) (48, 7.15429633855819702148e-02) (49, 7.32837378978729248047e-01) (50, 7.06758489832282066345e-03) (51, 8.99899661540985107422e-01) (52, -8.94795358180999755859e-02) (53, -1.16185359656810760498e-01) (54, -3.62142175436019897461e-01) (55, 1.93805921077728271484e+00) (56, -2.62521743774414062500e-01) (57, 7.70357906818389892578e-01) (58, 8.34198653697967529297e-01) (59, -1.52822509407997131348e-01) (60, -1.36832028627395629883e-01) (61, -2.35164672136306762695e-01) (62, -3.75005871057510375977e-01) (63, -1.61124486476182937622e-02) (64, -2.32296496629714965820e-01) (65, 9.06171649694442749023e-02) (66, 6.27189457416534423828e-01) (67, 1.76808948516845703125e+01) (68, 7.34467625617980957031e-01) (69, 1.41542887687683105469e+00) (70, 1.62027525901794433594e+00) (71, 3.27498495578765869141e-01) (72, 5.18531441688537597656e-01) (73, -2.42773532867431640625e-01) (74, -4.15398448705673217773e-01) (75, 8.30069005489349365234e-01) (76, 4.23663347959518432617e-01) (77, -2.57144421339035034180e-01) (78, 4.07219552993774414062e+00) (79, 1.88093137741088867188e+00) (80, -1.25237810611724853516e+00) (81, 5.95537006855010986328e-01) (82, 7.36832171678543090820e-02) (83, -6.23190283775329589844e-01) (84, -1.17133364081382751465e-01) (85, -1.22255131602287292480e-01) (86, -3.22996139526367187500e-01) (87, -4.46618944406509399414e-01) (88, 1.08331337571144104004e-01) (89, 2.31060553342103958130e-02) (90, 7.96326696872711181641e-01) (91, -6.54326453804969787598e-02) (92, -2.33993664383888244629e-01) (93, -2.37744390964508056641e-01) (94, -1.08572229743003845215e-01) (95, -1.70233145356178283691e-01) (96, -4.16744768619537353516e-01) (97, -1.84843137860298156738e-01) (98, 8.16562864929437637329e-03) (99, 2.47169006615877151489e-03) (100, -1.94931477308273315430e-01) (101, -4.42505776882171630859e-01) (102, -1.68982887268066406250e+00) (103, 4.80885457992553710938e+00) (104, 2.25727915763854980469e+00) (0, -3.76404228210449218750e+01) (1, 1.98699200153350830078e+00) (2, 1.83903586864471435547e+00) (3, 3.66679519414901733398e-01) (4, 1.21474003791809082031e+00) (5, 1.10673308372497558594e+00) (6, 7.24682360887527465820e-02) (7, 1.23192317783832550049e-01) (8, -2.58439779281616210938e+00) (9, 1.69124114513397216797e+00) (10, 9.45454061031341552734e-01) (11, 1.26869678497314453125e+00) (12, 6.57732546329498291016e-01) (13, 3.32214069366455078125e+00) (14, 6.63050830364227294922e-01) (15, 1.79289734363555908203e+00) (16, 5.23672223091125488281e-01) (17, -3.83237987756729125977e-01) (18, 1.34429848194122314453e+00) (19, 1.65482175350189208984e+00) (20, -1.42207264900207519531e+00) (21, 4.04974073171615600586e-01) (22, -6.79907262325286865234e-01) (23, -6.75430774688720703125e-01) (24, -9.07139480113983154297e-01) (25, -2.12954568862915039062e+00) (26, -6.68500661849975585938e-02) (27, -3.01697164773941040039e-01) (28, -1.98508596420288085938e+00) (29, -1.43543696403503417969e+00) (30, 2.33939841389656066895e-01) (31, -2.56923270225524902344e+00) (32, 5.04846394062042236328e-01) (33, 8.24348509311676025391e-01) (34, 1.60930347442626953125e+00) (35, 2.78282356262207031250e+00) (36, 3.90351033210754394531e+00) (37, 1.94819712638854980469e+00) (38, 8.36608171463012695312e-01) (39, -3.57860267162322998047e-01) (40, -8.95544365048408508301e-02) (41, 8.05886685848236083984e-01) (42, 1.71230280399322509766e+00) (43, -1.54549866914749145508e-01) (44, 7.03902482986450195312e-01) (45, 3.41194987297058105469e-01) (46, -6.61004722118377685547e-01) (47, -1.05722486972808837891e+00) (48, -1.61306715011596679688e+00) (49, -9.83892679214477539062e-01) (50, 1.27755805850028991699e-01) (51, 2.20050007104873657227e-01) (52, 1.96822717785835266113e-01) (53, -2.28293880820274353027e-01) (54, 2.72871166467666625977e-01) (55, -5.15541172027587890625e+00) (56, -2.90672242641448974609e-01) (57, 3.06598812341690063477e-01) (58, -3.16418349742889404297e-01) (59, 2.95715785026550292969e+00) (60, 1.46311497688293457031e+00) (61, 1.58908224105834960938e+00) (62, 1.95623505115509033203e+00) (63, 3.32604646682739257812e-02) (64, 1.39846950769424438477e-01) (65, 1.59904956817626953125e+00) (66, 2.86273121833801269531e+00) (67, -3.64917814731597900391e-01) (68, -1.65352836251258850098e-01) (69, 6.48924469947814941406e-01) (70, 2.01896333694458007812e+00) (71, 1.71794879436492919922e+00) (72, 2.31636404991149902344e+00) (73, -4.24228370189666748047e-01) (74, -2.21593284606933593750e+00) (75, 6.02715730667114257812e-01) (76, -6.34036779403686523438e-01) (77, 1.89066755771636962891e+00) (78, 2.63367795944213867188e+00) (79, -1.53483533859252929688e+00) (80, 2.38028478622436523438e+00) (81, 1.03303432464599609375e+00) (82, 3.17803525924682617188e+00) (83, 3.26283383369445800781e+00) (84, 2.15564027428627014160e-01) (85, -1.00739002227783203125e-01) (86, 1.78505146503448486328e+00) (87, 2.11572170257568359375e+00) (88, 8.09331536293029785156e-01) (89, -1.95570814609527587891e+00) (90, 5.05416822433471679688e+00) (91, 1.85804593563079833984e+00) (92, -2.12730932235717773438e+00) (93, 2.45672297477722167969e+00) (94, 1.57077133655548095703e+00) (95, -1.13374972343444824219e+00) (96, 8.51582944393157958984e-01) (97, -3.52618026733398437500e+00) (98, 2.46134772896766662598e-01) (99, 2.70942151546478271484e-01) (100, 6.73623442649841308594e-01) (101, 6.57342135906219482422e-01) (102, 1.21790027618408203125e+00) (103, 1.23995959758758544922e+00) (104, 2.69555568695068359375e-01) (0, 2.86459779739379882812e+00) (1, 2.66527247428894042969e+00) (2, -4.51192051172256469727e-01) (3, -3.92605483531951904297e-01) (4, -3.06468635797500610352e-01) (5, -1.77100092172622680664e-01) (6, 1.09970593452453613281e+00) (7, 3.96544432640075683594e+00) (8, -1.62047398090362548828e+00) (9, -1.27242290973663330078e+00) (10, -3.42690706253051757812e-01) (11, 1.21108758449554443359e+00) (12, -3.74322623014450073242e-01) (13, -1.11509203910827636719e+00) (14, 1.17011308670043945312e+00) (15, 9.84838783740997314453e-01) (16, -2.21106290817260742188e-01) (17, -3.62843930721282958984e-01) (18, 1.47458767890930175781e+00) (19, 1.16163623332977294922e+00) (20, 6.95663392543792724609e-02) (21, -3.59658241271972656250e+00) (22, -4.30960416793823242188e-01) (23, 5.05992829799652099609e-01) (24, 3.87232154607772827148e-01) (25, -3.65747749805450439453e-01) (26, 1.06714773178100585938e+00) (27, 5.58624625205993652344e-01) (28, -6.94320440292358398438e-01) (29, 2.09578752517700195312e+00) (30, -1.11802196502685546875e+00) (31, 2.56315618753433227539e-01) (32, 1.89892077445983886719e+00) (33, 1.72466850280761718750e+00) (34, -3.15272092819213867188e+00) (35, -5.68540334701538085938e-01) (36, -5.59353232383728027344e-01) (37, -9.55615341663360595703e-01) (38, 1.01701414585113525391e+00) (39, 1.01366913318634033203e+00) (40, 1.25320112705230712891e+00) (41, 5.30112743377685546875e-01) (42, 1.80902671813964843750e+00) (43, -7.57214009761810302734e-01) (44, -9.00299191474914550781e-01) (45, -1.66946136951446533203e+00) (46, -2.85724252462387084961e-01) (47, -1.96000015735626220703e+00) (48, -1.05764873325824737549e-01) (49, 4.96647030115127563477e-01) (50, 1.14447498321533203125e+00) (51, 6.15946985781192779541e-02) (52, 5.60350231826305389404e-02) (53, -5.21933063864707946777e-02) (54, 4.22331005334854125977e-01) (55, -6.75785005092620849609e-01) (56, 1.27431404590606689453e+00) (57, -3.87831836938858032227e-01) (58, -5.48716962337493896484e-01) (59, 5.41599571704864501953e-01) (60, 1.01259398460388183594e+00) (61, -4.86348956823348999023e-01) (62, 8.12990069389343261719e-01) (63, -2.81761765480041503906e-01) (64, 1.97527348995208740234e+00) (65, 2.22076460719108581543e-01) (66, -3.34324419498443603516e-01) (67, 2.06750321388244628906e+00) (68, -4.98406559228897094727e-01) (69, -7.16353893280029296875e-01) (70, -1.17073023319244384766e+00) (71, -6.45904183387756347656e-01) (72, -3.88821184635162353516e-01) (73, -9.21813428401947021484e-01) (74, -3.94482046365737915039e-01) (75, -3.08125257492065429688e-01) (76, 5.09465575218200683594e-01) (77, 1.99637830257415771484e+00) (78, 1.43915379047393798828e+00) (79, -1.61254420876502990723e-01) (80, -6.43691778182983398438e-01) (81, -6.10823631286621093750e-01) (82, -5.73124177753925323486e-02) (83, 7.85365045070648193359e-01) (84, -1.09191536903381347656e+00) (85, -6.33701622486114501953e-01) (86, -5.41203439235687255859e-01) (87, -7.77099430561065673828e-01) (88, 1.03333568572998046875e+00) (89, -2.48089075088500976562e-01) (90, -1.68770566582679748535e-01) (91, -2.08450376987457275391e-01) (92, -7.50406801700592041016e-01) (93, 2.98586815595626831055e-01) (94, -1.37761533260345458984e-01) (95, -8.21253478527069091797e-01) (96, 5.18849417567253112793e-02) (97, -6.43993556499481201172e-01) (98, -7.58543670177459716797e-01) (99, -7.72833883762359619141e-01) (100, -6.46109282970428466797e-01) (101, -7.73375749588012695312e-01) (102, -4.97941732406616210938e+00) (103, 9.25083255767822265625e+00) (104, 2.58657503128051757812e+00) (0, -8.74004936218261718750e+00) (1, -2.45425865054130554199e-01) (2, 1.79257178306579589844e+00) (3, -1.04925107955932617188e+00) (4, 1.65505433082580566406e+00) (5, 4.05735284090042114258e-01) (6, -2.23534941673278808594e-01) (7, -2.10036778450012207031e+00) (8, -1.05719792842864990234e+00) (9, 2.21239447593688964844e+00) (10, 1.60334265232086181641e+00) (11, -2.51088023185729980469e-01) (12, -1.34314820170402526855e-01) (13, 1.73116815090179443359e+00) (14, -3.58124166727066040039e-01) (15, -1.17528013885021209717e-01) (16, -3.46383392810821533203e-01) (17, -3.83776545524597167969e-01) (18, -4.36624556779861450195e-01) (19, -4.59155976772308349609e-01) (20, -2.38276338577270507812e+00) (21, -1.06710297986865043640e-02) (22, -1.60418701171875000000e+00) (23, -6.32599472999572753906e-01) (24, -1.41174113750457763672e+00) (25, -3.69750678539276123047e-01) (26, -5.17387926578521728516e-01) (27, -4.84188020229339599609e-01) (28, -2.46949046850204467773e-01) (29, -5.95398235321044921875e+00) (30, -3.45294177532196044922e-01) (31, -3.97610998153686523438e+00) (32, -3.09193074703216552734e-01) (33, -4.86117392778396606445e-01) (34, 2.95503854751586914062e+00) (35, 4.60863500833511352539e-01) (36, 8.80446970462799072266e-01) (37, 7.30829060077667236328e-01) (38, -6.47259473800659179688e-01) (39, -3.63846004009246826172e-01) (40, -9.50123444199562072754e-02) (41, 1.74241912364959716797e+00) (42, 9.27166998386383056641e-01) (43, 1.71785488724708557129e-01) (44, -2.52740770578384399414e-01) (45, 2.01834154129028320312e+00) (46, -2.03363820910453796387e-01) (47, -1.25072944164276123047e+00) (48, -1.61408317089080810547e+00) (49, -1.65137362480163574219e+00) (50, -2.45703172683715820312e+00) (51, -8.58503997325897216797e-01) (52, 1.34653377532958984375e+00) (53, 2.02967453002929687500e+00) (54, 1.72638428211212158203e+00) (55, -2.04564809799194335938e+00) (56, 1.90427303314208984375e+00) (57, -2.97606778144836425781e+00) (58, -2.45252311229705810547e-01) (59, 2.19570827484130859375e+00) (60, 1.67386603355407714844e+00) (61, -2.06350851058959960938e+00) (62, -2.31232523918151855469e-01) (63, 4.84234169125556945801e-02) (64, 2.08670043945312500000e+00) (65, 1.39802861213684082031e+00) (66, 2.23108339309692382812e+00) (67, 1.63674199581146240234e+00) (68, 1.06485593318939208984e+00) (69, -2.46508061885833740234e-01) (70, 2.23369884490966796875e+00) (71, 2.20920324325561523438e+00) (72, 2.02118158340454101562e+00) (73, 4.20632928609848022461e-01) (74, -4.57069158554077148438e-01) (75, -8.95097970962524414062e-01) (76, 1.53032743930816650391e+00) (77, 1.74201953411102294922e+00) (78, -2.67187857627868652344e+00) (79, -6.16665855050086975098e-02) (80, 1.11712491512298583984e+00) (81, 2.85162663459777832031e+00) (82, 1.27877914905548095703e+00) (83, -1.38679289817810058594e+00) (84, -5.34859120845794677734e-01) (85, 1.04133963584899902344e+00) (86, 1.85875511169433593750e+00) (87, 1.99576413631439208984e+00) (88, -5.28191387653350830078e-01) (89, 1.97125995159149169922e+00) (90, 1.54338657855987548828e+00) (91, 2.31556725502014160156e+00) (92, -1.86038935184478759766e+00) (93, -1.86889946460723876953e+00) (94, 1.69351935386657714844e+00) (95, -2.69702136516571044922e-01) (96, 3.96109133958816528320e-01) (97, -3.46701407432556152344e+00) (98, 9.11200225353240966797e-01) (99, 2.23892188072204589844e+00) (100, 1.48813104629516601562e+00) (101, -2.93656229972839355469e+00) (102, 2.66601920127868652344e+00) (103, 3.66059243679046630859e-01) (104, 1.51555374264717102051e-01) (0, 2.30677798390388488770e-01) (1, -1.29149436950683593750e+00) (2, 2.13321518898010253906e+00) (3, 1.61997461318969726562e+00) (4, -9.90982830524444580078e-01) (5, -5.75964808464050292969e-01) (6, -8.22441577911376953125e-01) (7, -4.64977502822875976562e+00) (8, -2.84219360351562500000e+00) (9, -6.19020819664001464844e-01) (10, 7.24630498886108398438e+00) (11, 8.22588875889778137207e-02) (12, -5.29565751552581787109e-01) (13, -2.36117839813232421875e+00) (14, -5.16640782356262207031e-01) (15, -1.75889730453491210938e+00) (16, -1.91363108158111572266e+00) (17, 6.50961160659790039062e+00) (18, -5.45958137512207031250e+00) (19, 8.39507520198822021484e-01) (20, 1.11672198772430419922e+00) (21, -6.07776522636413574219e-01) (22, 3.44957852363586425781e+00) (23, -4.36842203140258789062e+00) (24, -1.15712423324584960938e+01) (25, 1.81097829341888427734e+00) (26, -2.22882665693759918213e-02) (27, 3.80588936805725097656e+00) (28, 9.34791147708892822266e-01) (29, -3.94894385337829589844e+00) (30, 7.58482515811920166016e-02) (31, -3.22959160804748535156e+00) (32, -2.12336254119873046875e+00) (33, -1.81637930870056152344e+00) (34, 1.52610814571380615234e+00) (35, 5.40652871131896972656e-01) (36, -1.70622718334197998047e+00) (37, 3.59601664543151855469e+00) (38, -3.69490355253219604492e-01) (39, 1.94634413719177246094e+00) (40, 4.28321212530136108398e-01) (41, -3.86846810579299926758e-01) (42, -3.69175791740417480469e-01) (43, -1.17428195476531982422e+00) (44, 5.29157829284667968750e+00) (45, 1.20675146579742431641e+00) (46, -2.00682115554809570312e+00) (47, -1.10193364322185516357e-01) (48, -2.11751604080200195312e+00) (49, -4.28011387586593627930e-01) (50, -3.22335672378540039062e+00) (51, -1.35891962051391601562e+00) (52, -1.78757429122924804688e-01) (53, 1.80603003501892089844e+00) (54, -3.10365271568298339844e+00) (55, 4.10716533660888671875e+00) (56, -4.72471475601196289062e-01) (57, 2.03518962860107421875e+00) (58, 3.48020553588867187500e+00) (59, 6.61810517311096191406e-01) (60, -5.45671582221984863281e-01) (61, -1.68063628673553466797e+00) (62, -1.53577113151550292969e+00) (63, -8.51946651935577392578e-01) (64, -5.26035428047180175781e-01) (65, -3.39357078075408935547e-01) (66, -5.23762285709381103516e-01) (67, -4.08846914768218994141e-01) (68, 1.17568147182464599609e+00) (69, -8.11705887317657470703e-01) (70, 1.52385365962982177734e+00) (71, 2.18070340156555175781e+00) (72, 1.93093085289001464844e+00) (73, 1.06497251987457275391e+00) (74, 2.27570366859436035156e+00) (75, 1.37303709983825683594e-01) (76, -1.38013556599617004395e-01) (77, -2.46021524071693420410e-01) (78, -1.92167624831199645996e-01) (79, -2.03924179077148437500e-01) (80, -6.98080420494079589844e-01) (81, -4.83473986387252807617e-01) (82, 1.11092269420623779297e+00) (83, 8.80997776985168457031e-01) (84, -4.85710084438323974609e-01) (85, -5.23669242858886718750e-01) (86, -7.83464074134826660156e-01) (87, -7.60206654667854309082e-02) (88, -5.97130119800567626953e-01) (89, -8.34752559661865234375e-01) (90, -2.61787921190261840820e-01) (91, -7.08912789821624755859e-01) (92, -4.25855576992034912109e-01) (93, -2.52846837043762207031e-01) (94, -6.74134671688079833984e-01) (95, -6.60055041313171386719e-01) (96, -1.85838211327791213989e-02) (97, -5.09485781192779541016e-01) (98, -6.93334877490997314453e-01) (99, -5.32033443450927734375e-01) (100, -6.47415399551391601562e-01) (101, -7.61637628078460693359e-01) (102, -3.28781723976135253906e-01) (103, 2.66208314895629882812e+00) (104, 2.15974998474121093750e+00) (0, -2.95202102661132812500e+01) (1, -1.08587153255939483643e-01) (2, 4.38749402761459350586e-01) (3, 1.62171673774719238281e+00) (4, 1.77960860729217529297e+00) (5, 1.89249145984649658203e+00) (6, 4.82569068670272827148e-01) (7, -1.31019070744514465332e-01) (8, 1.33611655235290527344e+00) (9, -1.25580227375030517578e+00) (10, -1.18910908699035644531e+00) (11, 3.85601401329040527344e+00) (12, 1.73326480388641357422e+00) (13, 4.61641836166381835938e+00) (14, 1.26354074478149414062e+00) (15, 2.88566678762435913086e-01) (16, -1.32676795125007629395e-01) (17, -4.85084009170532226562e+00) (18, -4.60976409912109375000e+00) (19, 1.74316859245300292969e+00) (20, 3.35441350936889648438e+00) (21, 7.34529781341552734375e+00) (22, 8.55533123016357421875e-01) (23, 7.81373679637908935547e-01) (24, -4.46383428573608398438e+00) (25, 1.59599840641021728516e+00) (26, 2.91908097267150878906e+00) (27, -3.73163461685180664062e+00) (28, 7.36118078231811523438e-01) (29, -9.17070925235748291016e-01) (30, 1.47207283973693847656e+00) (31, -2.54985779523849487305e-01) (32, -3.43225717544555664062e-01) (33, 2.11563897132873535156e+00) (34, -1.06986892223358154297e+00) (35, 3.19778227806091308594e+00) (36, -2.18140915036201477051e-01) (37, 1.59127271175384521484e+00) (38, -1.08108170330524444580e-01) (39, -5.61004281044006347656e-01) (40, -4.88103926181793212891e-02) (41, 2.79049253463745117188e+00) (42, 1.60663998126983642578e+00) (43, -3.64286214113235473633e-01) (44, -3.13855558633804321289e-01) (45, -6.30432426929473876953e-01) (46, -5.08265793323516845703e-01) (47, 1.72553157806396484375e+00) (48, -7.71274715662002563477e-02) (49, -2.73839712142944335938e+00) (50, -3.78141880035400390625e+00) (51, -2.32880041003227233887e-02) (52, -1.20856392383575439453e+00) (53, -7.53441154956817626953e-01) (54, 1.64006853103637695312e+00) (55, 6.36852443218231201172e-01) (56, 1.69204032421112060547e+00) (57, -8.27591121196746826172e-01) (58, -5.82234668731689453125e+00) (59, 2.03392148017883300781e+00) (60, 1.78347229957580566406e+00) (61, -1.65513765811920166016e+00) (62, 1.34008693695068359375e+00) (63, -3.04455369710922241211e-01) (64, 1.33428323268890380859e+00) (65, 3.46837669610977172852e-01) (66, -7.19995722174644470215e-02) (67, 1.99450755119323730469e+00) (68, 1.79806292057037353516e+00) (69, 6.46239578723907470703e-01) (70, -9.62187498807907104492e-02) (71, 2.01481938362121582031e+00) (72, 1.60227209329605102539e-01) (73, 4.20667260885238647461e-01) (74, -2.86373794078826904297e-01) (75, -1.94598615169525146484e+00) (76, -2.25584477186203002930e-01) (77, 3.88763844966888427734e-02) (78, 2.08456587791442871094e+00) (79, 8.09120953083038330078e-01) (80, -6.44923269748687744141e-01) (81, 1.00336921215057373047e+00) (82, -1.43304109573364257812e-01) (83, 1.34386181831359863281e+00) (84, 2.68207877874374389648e-01) (85, -4.47548806667327880859e-01) (86, 1.97340357303619384766e+00) (87, 2.01682403683662414551e-01) (88, -2.93430775403976440430e-01) (89, -1.91016927361488342285e-01) (90, 3.23376387357711791992e-01) (91, 1.74702191352844238281e+00) (92, 3.77378791570663452148e-01) (93, 1.76482558250427246094e+00) (94, 1.86975491046905517578e+00) (95, 3.07208746671676635742e-01) (96, 7.27745831012725830078e-01) (97, 1.98200523853302001953e+00) (98, 2.57439762353897094727e-01) (99, 2.18224096298217773438e+00) (100, 1.90401124954223632812e+00) (101, 1.99743676185607910156e+00) (102, -7.15839385986328125000e-01) (103, 3.10915231704711914062e+00) (104, 4.11295779049396514893e-02) (0, 1.70834589004516601562e+00) (1, -6.44868254661560058594e-01) (2, -3.60605955123901367188e-01) (3, 1.37044525146484375000e+00) (4, -8.53150010108947753906e-01) (5, -6.05976939201354980469e-01) (6, -4.20414119958877563477e-01) (7, 1.66062450408935546875e+00) (8, 1.14236199855804443359e+00) (9, -3.80627721548080444336e-01) (10, 1.51662230491638183594e+00) (11, -3.74433040618896484375e-01) (12, -3.01836997270584106445e-01) (13, 2.07422542572021484375e+00) (14, -4.99657809734344482422e-01) (15, -1.15495435893535614014e-01) (16, -6.84489965438842773438e-01) (17, -1.26093208789825439453e-01) (18, -4.43786025047302246094e-01) (19, -2.36576139926910400391e-01) (20, -4.17460203170776367188e-01) (21, -1.16236582398414611816e-01) (22, 8.98718535900115966797e-01) (23, -4.89074319601058959961e-01) (24, -6.62993550300598144531e-01) (25, 1.52910995483398437500e+00) (26, -7.58644998073577880859e-01) (27, -6.70471191406250000000e-01) (28, 1.31124043464660644531e+00) (29, -6.22197210788726806641e-01) (30, 1.14843213558197021484e+00) (31, 1.31992363929748535156e+00) (32, -3.53022903203964233398e-01) (33, -2.19879493117332458496e-01) (34, 1.73431202769279479980e-01) (35, -6.41483366489410400391e-01) (36, -6.39772832393646240234e-01) (37, 1.23202872276306152344e+00) (38, -7.41332113742828369141e-01) (39, -6.24212086200714111328e-01) (40, -5.33873200416564941406e-01) (41, 2.18608662486076354980e-01) (42, -5.09882986545562744141e-01) (43, 1.56746470928192138672e+00) (44, -3.90514850616455078125e-01) (45, -7.77096375823020935059e-02) (46, 2.27915644645690917969e+00) (47, -3.62656533718109130859e-01) (48, 1.33392131328582763672e+00) (49, -5.98478317260742187500e-01) (50, 8.77155721187591552734e-01) (51, 1.08378179371356964111e-01) (52, -6.73119068145751953125e-01) (53, -4.08549338579177856445e-01) (54, -6.40307366847991943359e-01) (55, -2.06907421350479125977e-01) (56, -7.67772793769836425781e-01) (57, -1.38507592678070068359e+00) (58, -4.68058556318283081055e-01) (59, -8.74662816524505615234e-01) (60, -5.65298855304718017578e-01) (61, 1.58719360828399658203e+00) (62, -3.82557868957519531250e-01) (63, -7.07515180110931396484e-01) (64, -3.81667256355285644531e-01) (65, -7.19250738620758056641e-01) (66, 2.77746486663818359375e+00) (67, -6.72487318515777587891e-01) (68, 4.34950798749923706055e-01) (69, -8.44950973987579345703e-01) (70, -4.11819338798522949219e-01) (71, -3.11960965394973754883e-01) (72, -5.18528163433074951172e-01) (73, -2.27231049537658691406e+00) (74, -7.45277762413024902344e-01) (75, 1.26524925231933593750e+00) (76, 1.62170338630676269531e+00) (77, -7.11488366127014160156e-01) (78, 1.46853446960449218750e+00) (79, 2.61923551559448242188e+00) (80, -1.79883646965026855469e+00) (81, 1.18416929244995117188e+00) (82, 7.36633896827697753906e-01) (83, -5.88538527488708496094e-01) (84, -9.22879457473754882812e-01) (85, 1.87721860408782958984e+00) (86, -7.58334219455718994141e-01) (87, -4.12895381450653076172e-01) (88, -9.52090799808502197266e-01) (89, -7.84947693347930908203e-01) (90, -6.10857129096984863281e-01) (91, -8.66070449352264404297e-01) (92, -4.05887842178344726562e-01) (93, 2.08025431632995605469e+00) (94, -6.28915548324584960938e-01) (95, -9.73877906799316406250e-02) (96, -3.54707628488540649414e-01) (97, -1.09328329563140869141e+00) (98, -1.91209340095520019531e+00) (99, -5.49686849117279052734e-01) (100, -5.48378586769104003906e-01) (101, 8.97421777248382568359e-01) (102, 2.09871745109558105469e+00) (103, 1.50587931275367736816e-02) (104, 2.44834923744201660156e+00) (0, -5.89617490768432617188e-01) (1, -3.60282152891159057617e-01) (2, -6.57015800476074218750e-01) (3, -3.64086776971817016602e-01) (4, -7.51970589160919189453e-01) (5, -4.96073424816131591797e-01) (6, -4.55810517072677612305e-01) (7, -5.48128545284271240234e-01) (8, 2.63708204030990600586e-01) (9, -4.48648780584335327148e-01) (10, -7.42633700370788574219e-01) (11, -6.51054382324218750000e-01) (12, 1.54249477386474609375e+00) (13, -7.13649690151214599609e-01) (14, -7.58741199970245361328e-01) (15, 2.05813360214233398438e+00) (16, 1.24450421333312988281e+00) (17, -6.91027224063873291016e-01) (18, 1.64601194858551025391e+00) (19, -7.90577232837677001953e-01) (20, -6.23782694339752197266e-01) (21, 1.13716952502727508545e-01) (22, -6.51587545871734619141e-01) (23, -5.37671387195587158203e-01) (24, -4.29639875888824462891e-01) (25, -5.11491596698760986328e-01) (26, -8.58320832252502441406e-01) (27, -7.50628888607025146484e-01) (28, -5.37538051605224609375e-01) (29, -7.83765375614166259766e-01) (30, -5.03120362758636474609e-01) (31, -5.37823617458343505859e-01) (32, -6.86408758163452148438e-01) (33, -4.04908418655395507812e-01) (34, -4.63470190763473510742e-01) (35, -7.52943515777587890625e-01) (36, -6.68738663196563720703e-01) (37, -5.65969765186309814453e-01) (38, 1.73102700710296630859e+00) (39, 1.31829833984375000000e+00) (40, 1.28787684440612792969e+00) (41, -2.18684971332550048828e-01) (42, 1.94181576371192932129e-01) (43, -6.09406650066375732422e-01) (44, -6.16967380046844482422e-01) (45, -5.00424206256866455078e-01) (46, -9.10544812679290771484e-01) (47, -6.88326060771942138672e-01) (48, -5.93678534030914306641e-01) (49, -3.81103277206420898438e-01) (50, -5.77825009822845458984e-01) (51, -5.10092794895172119141e-01) (52, -7.30541646480560302734e-01) (53, -6.51627182960510253906e-01) (54, -5.18249809741973876953e-01) (55, 1.55624628067016601562e+00) (56, 1.37774908542633056641e+00) (57, 4.43206262588500976562e+00) (58, -9.97004270553588867188e-01) (59, -3.23476821184158325195e-01) (60, 9.99015986919403076172e-01) (61, 3.47869187593460083008e-01) (62, 1.67290127277374267578e+00) (63, -8.57308089733123779297e-01) (64, 6.66827335953712463379e-02) (65, 1.03095018863677978516e+00) (66, -6.20343387126922607422e-02) (67, -4.78184893727302551270e-02) (68, -6.00828707218170166016e-01) (69, -6.92761838436126708984e-01) (70, 1.83602523803710937500e+00) (71, -4.41362679004669189453e-01) (72, -3.67092132568359375000e-01) (73, -2.66474425792694091797e-01) (74, -4.19846475124359130859e-01) (75, -5.46881735324859619141e-01) (76, -6.16109430789947509766e-01) (77, 1.54588639736175537109e+00) (78, 2.07349681854248046875e+00) (79, -4.24881070852279663086e-01) (80, -3.92057657241821289062e-01) (81, -7.51092612743377685547e-01) (82, -1.19159698486328125000e+00) (83, -3.47044169902801513672e-02) (84, -4.20529782772064208984e-01) (85, 9.27558481693267822266e-01) (86, 1.34667754173278808594e+00) (87, 1.90694153308868408203e+00) (88, -9.85871195793151855469e-01) (89, -1.24781405925750732422e+00) (90, 7.28941336274147033691e-02) (91, 1.28344917297363281250e+00) (92, -6.17561280727386474609e-01) (93, 1.82434606552124023438e+00) (94, 1.17695212364196777344e+00) (95, 1.29782330989837646484e+00) (96, 1.71037125587463378906e+00) (97, 1.59026861190795898438e+00) (98, -7.72566318511962890625e-01) (99, 1.75100910663604736328e+00) (100, 1.14168167114257812500e+00) (101, 1.50561606884002685547e+00) (102, 1.09275214374065399170e-01) (103, 2.00145840644836425781e+00) (104, 4.13530647754669189453e-01) (0, 9.00040512084960937500e+01) (1, 2.42932081222534179688e+00) (2, 2.32488584518432617188e+00) (3, 4.10836666822433471680e-01) (4, 1.99906063079833984375e+00) (5, 1.51390361785888671875e+00) (6, 4.45433527231216430664e-01) (7, 1.85741579532623291016e+00) (8, 2.13496613502502441406e+00) (9, 2.35011553764343261719e+00) (10, -2.16226339340209960938e-01) (11, -6.92589282989501953125e-02) (12, 2.43248724937438964844e+00) (13, 2.23092818260192871094e+00) (14, 1.22419506311416625977e-01) (15, 2.24898648262023925781e+00) (16, -5.25353625416755676270e-02) (17, 6.09618090093135833740e-02) (18, 2.10030913352966308594e+00) (19, -3.03620751947164535522e-02) (20, -8.00850093364715576172e-02) (21, 4.76667821407318115234e-01) (22, -7.28896856307983398438e-01) (23, 1.39323726296424865723e-01) (24, -6.22266113758087158203e-01) (25, 3.84985119104385375977e-01) (26, 3.32508347928524017334e-02) (27, -4.52652797102928161621e-02) (28, 2.43314266204833984375e-01) (29, 2.07385849952697753906e+00) (30, 3.54636549949645996094e-01) (31, 2.11556172370910644531e+00) (32, 2.17582225799560546875e+00) (33, 2.35681867599487304688e+00) (34, 2.23855804651975631714e-02) (35, 1.75560581684112548828e+00) (36, 3.29932831227779388428e-02) (37, 2.07803821563720703125e+00) (38, 2.10771656036376953125e+00) (39, 1.97700643539428710938e+00) (40, 2.22154974937438964844e+00) (41, 1.58704996109008789062e-01) (42, 9.05399978160858154297e-01) (43, 2.12139740586280822754e-01) (44, 1.51104673743247985840e-01) (45, 3.50633978843688964844e-01) (46, -5.58820486068725585938e-01) (47, 9.76176112890243530273e-02) (48, 1.18886895477771759033e-01) (49, 1.72015931457281112671e-02) (50, 5.78795857727527618408e-02) (51, 2.41987064480781555176e-01) (52, 1.67801395058631896973e-01) (53, 9.78473946452140808105e-02) (54, 2.21437573432922363281e+00) (55, 8.29372525215148925781e-01) (56, 2.10346889495849609375e+00) (57, 2.23547768592834472656e+00) (58, 5.01989185810089111328e-01) (59, 6.46308362483978271484e-01) (60, 2.20476126670837402344e+00) (61, -4.06674051284790039062e+00) (62, 2.16013908386230468750e+00) (63, 1.85284233093261718750e+00) (64, 5.41487276554107666016e-01) (65, 2.15574455261230468750e+00) (66, 2.41003274917602539062e+00) (67, 2.05292057991027832031e+00) (68, 2.26562261581420898438e+00) (69, 6.05333387851715087891e-01) (70, 2.44215822219848632812e+00) (71, 2.39710688591003417969e+00) (72, 2.26600694656372070312e+00) (73, 2.35325145721435546875e+00) (74, 2.51188635826110839844e-01) (75, 6.83167040348052978516e-01) (76, 8.04551839828491210938e-02) (77, 2.15769362449645996094e+00) (78, 2.32603311538696289062e+00) (79, 3.57352554798126220703e-01) (80, 2.61410266160964965820e-01) (81, 3.47062557935714721680e-01) (82, 2.34286832809448242188e+00) (83, 2.36234784126281738281e+00) (84, 2.31948518753051757812e+00) (85, 5.54535031318664550781e-01) (86, 2.43236327171325683594e+00) (87, 2.68008184432983398438e+00) (88, 1.85076987743377685547e+00) (89, 3.42543333768844604492e-01) (90, 6.24414145946502685547e-01) (91, 6.55300378799438476562e-01) (92, 1.99123108386993408203e+00) (93, 9.67747271060943603516e-01) (94, 6.70901358127593994141e-01) (95, 6.88867032527923583984e-01) (96, 2.51881051063537597656e+00) (97, 7.23507881164550781250e-01) (98, 2.03467297554016113281e+00) (99, 9.34323370456695556641e-01) (100, 7.55361139774322509766e-01) (101, 2.15317535400390625000e+00) (102, 1.12220954895019531250e+00) (103, 1.28778457641601562500e+00) (104, -4.73916560411453247070e-01) (0, 8.12639808654785156250e+00) (1, 1.91339230537414550781e+00) (2, -7.70223587751388549805e-02) (3, 1.54490619897842407227e-01) (4, 3.95246207714080810547e-01) (5, 3.04446578025817871094e+00) (6, -1.21202422305941581726e-02) (7, -1.87782734632492065430e-01) (8, 4.53703701496124267578e-01) (9, 1.52707135677337646484e+00) (10, -3.74217629432678222656e-01) (11, 5.98242640495300292969e-01) (12, 6.56561911106109619141e-01) (13, 1.87326824665069580078e+00) (14, -2.18068763613700866699e-01) (15, 3.39328527450561523438e-01) (16, -6.38685822486877441406e-02) (17, -2.62056946754455566406e-01) (18, 8.49941074848175048828e-02) (19, -2.84231632947921752930e-01) (20, -2.90576487779617309570e-01) (21, 4.71648484468460083008e-01) (22, -4.53616261482238769531e-01) (23, 1.26767981052398681641e+00) (24, -9.98634099960327148438e-02) (25, 2.26454868912696838379e-01) (26, -3.80016505718231201172e-01) (27, 7.19595998525619506836e-02) (28, 3.45039188861846923828e-01) (29, -2.06540584564208984375e-01) (30, 2.45904028415679931641e-01) (31, -7.87598043680191040039e-02) (32, -2.07463596016168594360e-02) (33, -3.20238880813121795654e-02) (34, -1.50686606764793395996e-01) (35, 1.66355168819427490234e+00) (36, -1.39341771602630615234e-01) (37, -4.13065627217292785645e-02) (38, -3.04387390613555908203e-01) (39, -2.51684516668319702148e-01) (40, -2.83349722623825073242e-01) (41, 2.89831072092056274414e-01) (42, -1.00595958530902862549e-01) (43, -9.56152081489562988281e-02) (44, -2.04700201749801635742e-01) (45, 2.61119287461042404175e-02) (46, -6.44652843475341796875e-01) (47, -2.86397635936737060547e-01) (48, -2.73763895034790039062e-01) (49, -3.83080422878265380859e-01) (50, -1.64197787642478942871e-01) (51, 2.64834433794021606445e-01) (52, -1.43205225467681884766e-01) (53, -2.44386300444602966309e-01) (54, -2.12466627359390258789e-01) (55, 2.46962279081344604492e-01) (56, -1.66520878672599792480e-01) (57, 6.38665199279785156250e-01) (58, -2.58187353610992431641e-01) (59, -1.10838733613491058350e-01) (60, 3.14028710126876831055e-01) (61, -9.20473289489746093750e+00) (62, 4.63729768991470336914e-01) (63, -3.41438591480255126953e-01) (64, -2.16007724404335021973e-01) (65, 5.85335850715637207031e-01) (66, 1.03854440152645111084e-01) (67, 7.69343137741088867188e-01) (68, 1.00177180767059326172e+00) (69, 8.94975662231445312500e-01) (70, 2.20001864433288574219e+00) (71, 2.08702230453491210938e+00) (72, 9.45919871330261230469e-01) (73, 1.66176840662956237793e-01) (74, -1.33489355444908142090e-01) (75, -3.75078171491622924805e-02) (76, -1.41848847270011901855e-01) (77, -1.75550244748592376709e-02) (78, 1.02775669097900390625e+00) (79, -3.67954313755035400391e-01) (80, -7.98963382840156555176e-02) (81, -2.03811198472976684570e-01) (82, 1.57264336943626403809e-01) (83, 2.06559824943542480469e+00) (84, -1.90762542188167572021e-02) (85, -4.01798598468303680420e-02) (86, 1.14043168723583221436e-01) (87, 4.39984768629074096680e-01) (88, -1.97767332196235656738e-01) (89, -1.74929428100585937500e+00) (90, 4.20747220516204833984e-01) (91, -1.81921169161796569824e-01) (92, -1.89720377326011657715e-01) (93, -4.31944914162158966064e-02) (94, -2.76237539947032928467e-02) (95, -1.74393936991691589355e-01) (96, 7.58489787578582763672e-01) (97, -3.26705053448677062988e-02) (98, 1.73745661973953247070e-01) (99, 5.59446811676025390625e-01) (100, -1.89964681863784790039e-01) (101, -8.95329192280769348145e-02) (102, 1.18727111816406250000e+00) (103, 1.39444649219512939453e+00) (104, 1.17507016658782958984e+00) (0, 8.05731201171875000000e+01) (1, 2.45359683036804199219e+00) (2, 2.41977953910827636719e+00) (3, 6.40213012695312500000e-01) (4, 6.96137249469757080078e-02) (5, 1.32774746417999267578e+00) (6, 2.97176182270050048828e-01) (7, -2.49167252331972122192e-02) (8, 2.08399081230163574219e+00) (9, 4.01117920875549316406e-01) (10, -5.40616735816001892090e-02) (11, -1.68190836906433105469e-01) (12, 2.32461833953857421875e+00) (13, 2.19434261322021484375e+00) (14, -1.54245262965559959412e-02) (15, 2.33023762702941894531e+00) (16, -6.49390518665313720703e-02) (17, 1.77492007613182067871e-01) (18, 2.22705149650573730469e+00) (19, 4.57879342138767242432e-02) (20, -1.42797961831092834473e-01) (21, 3.43547075986862182617e-01) (22, -6.86117470264434814453e-01) (23, 1.14990942180156707764e-01) (24, -3.03566157817840576172e-01) (25, 3.73684585094451904297e-01) (26, -1.18218054994940757751e-02) (27, -7.75795578956604003906e-02) (28, 3.36953669786453247070e-01) (29, 2.20144081115722656250e+00) (30, 2.93362736701965332031e-01) (31, 3.06559056043624877930e-01) (32, 2.31059241294860839844e+00) (33, 2.42671537399291992188e+00) (34, 1.12535273656249046326e-02) (35, 2.01996898651123046875e+00) (36, 3.11185959726572036743e-02) (37, 1.73605695366859436035e-01) (38, 2.13879036903381347656e+00) (39, 1.94752371311187744141e+00) (40, 2.18194532394409179688e+00) (41, 8.92784222960472106934e-02) (42, 2.30051183700561523438e+00) (43, 7.51631185412406921387e-02) (44, 2.53616213798522949219e-01) (45, 3.91251176595687866211e-01) (46, -5.78645038604736328125e+00) (47, 6.05469234287738800049e-02) (48, 1.21457241475582122803e-01) (49, -9.72556397318840026855e-02) (50, 4.31120209395885467529e-02) (51, 2.15866386890411376953e-01) (52, 2.77164161205291748047e-01) (53, 1.46462604403495788574e-01) (54, 2.28147888183593750000e+00) (55, 7.08149671554565429688e-01) (56, 2.18727612495422363281e+00) (57, 2.11825919151306152344e+00) (58, 4.95329312980175018311e-02) (59, 6.67096018791198730469e-01) (60, 2.20337986946105957031e+00) (61, -2.41379475593566894531e+00) (62, 2.32228446006774902344e+00) (63, -1.43556207418441772461e-01) (64, 1.93610340356826782227e-01) (65, 2.13938999176025390625e+00) (66, 2.27046680450439453125e+00) (67, -2.84004136919975280762e-02) (68, 2.17379140853881835938e+00) (69, 3.47879558801651000977e-01) (70, 2.41668963432312011719e+00) (71, 2.48438835144042968750e+00) (72, 2.27738976478576660156e+00) (73, 2.43847489356994628906e+00) (74, 3.56539934873580932617e-01) (75, 7.70352244377136230469e-01) (76, 8.51682424545288085938e-01) (77, 2.20414423942565917969e+00) (78, 2.39134287834167480469e+00) (79, 2.81968206167221069336e-01) (80, 2.99920260906219482422e-01) (81, -2.08646338433027267456e-03) (82, 2.39238667488098144531e+00) (83, 2.38045620918273925781e+00) (84, 2.37213993072509765625e+00) (85, 2.39885878562927246094e+00) (86, 2.39005708694458007812e+00) (87, 2.54372429847717285156e+00) (88, 7.72321671247482299805e-02) (89, -1.19184650480747222900e-01) (90, 2.68906772136688232422e-01) (91, 2.03424859046936035156e+00) (92, 1.34953623637557029724e-02) (93, 2.30401659011840820312e+00) (94, 2.18279814720153808594e+00) (95, 2.05555272102355957031e+00) (96, 2.63455033302307128906e+00) (97, 2.24727320671081542969e+00) (98, 2.07551550865173339844e+00) (99, 2.38457131385803222656e+00) (100, 2.09622430801391601562e+00) (101, 2.17880344390869140625e+00) (102, 1.13910996913909912109e+00) (103, 1.23841679096221923828e+00) (104, -4.96880114078521728516e-01) (105, 1.52263617515563964844e+00) (106, 1.77461338043212890625e+00) (107, 3.10302042961120605469e+00) (108, -2.06690239906311035156e+00) (109, 1.14642851054668426514e-01) (110, 3.55704522132873535156e+00) (111, -2.52286362648010253906e+00) (112, 2.64978981018066406250e+00) (113, 3.49921274185180664062e+00) (114, -3.63561677932739257812e+00) (115, 2.87135314941406250000e+00) (116, 3.02721762657165527344e+00) (117, 1.98650252819061279297e+00) (118, -2.04534912109375000000e+00) (119, 6.13826289772987365723e-02) (120, 2.29152965545654296875e+00) (121, 5.90566825866699218750e+00) (122, 2.28775906562805175781e+00) (123, 4.05506134033203125000e+00) (124, 1.82386684417724609375e+00) (125, 2.79984784126281738281e+00) (126, 1.36098730564117431641e+00) (127, 5.64453482627868652344e-01) (128, 6.33685469627380371094e-01) (129, 5.31695604324340820312e-01) (130, 1.22968614101409912109e+00) 
