FANN_FLO_2.1
num_layers=3
learning_rate=0.700000
connection_rate=1.000000
network_type=0
learning_momentum=0.000000
training_algorithm=2
train_error_function=1
train_stop_function=0
cascade_output_change_fraction=0.010000
quickprop_decay=-0.000100
quickprop_mu=1.750000
rprop_increase_factor=1.200000
rprop_decrease_factor=0.500000
rprop_delta_min=0.000000
rprop_delta_max=50.000000
rprop_delta_zero=0.100000
cascade_output_stagnation_epochs=12
cascade_candidate_change_fraction=0.010000
cascade_candidate_stagnation_epochs=12
cascade_max_out_epochs=150
cascade_max_cand_epochs=150
cascade_num_candidate_groups=2
bit_fail_limit=3.49999994039535522461e-01
cascade_candidate_limit=1.00000000000000000000e+03
cascade_weight_multiplier=4.00000005960464477539e-01
cascade_activation_functions_count=10
cascade_activation_functions=3 5 7 8 10 11 14 15 16 17 
cascade_activation_steepnesses_count=4
cascade_activation_steepnesses=2.50000000000000000000e-01 5.00000000000000000000e-01 7.50000000000000000000e-01 1.00000000000000000000e+00 
layer_sizes=105 21 2 
scale_included=0
neurons (num_inputs, activation_function, activation_steepness)=(0, 0, 0.00000000000000000000e+00) (0, 0, 0.00000000000000000000e+00) (0, 0, 0.00000000000000000000e+00) (0, 0, 0.00000000000000000000e+00) (0, 0, 0.00000000000000000000e+00) (0, 0, 0.00000000000000000000e+00) (0, 0, 0.00000000000000000000e+00) (0, 0, 0.00000000000000000000e+00) (0, 0, 0.00000000000000000000e+00) (0, 0, 0.00000000000000000000e+00) (0, 0, 0.00000000000000000000e+00) (0, 0, 0.00000000000000000000e+00) (0, 0, 0.00000000000000000000e+00) (0, 0, 0.00000000000000000000e+00) (0, 0, 0.00000000000000000000e+00) (0, 0, 0.00000000000000000000e+00) (0, 0, 0.00000000000000000000e+00) (0, 0, 0.00000000000000000000e+00) (0, 0, 0.00000000000000000000e+00) (0, 0, 0.00000000000000000000e+00) (0, 0, 0.00000000000000000000e+00) (0, 0, 0.00000000000000000000e+00) (0, 0, 0.00000000000000000000e+00) (0, 0, 0.00000000000000000000e+00) (0, 0, 0.00000000000000000000e+00) (0, 0, 0.00000000000000000000e+00) (0, 0, 0.00000000000000000000e+00) (0, 0, 0.00000000000000000000e+00) (0, 0, 0.00000000000000000000e+00) (0, 0, 0.00000000000000000000e+00) (0, 0, 0.00000000000000000000e+00) (0, 0, 0.00000000000000000000e+00) (0, 0, 0.00000000000000000000e+00) (0, 0, 0.00000000000000000000e+00) (0, 0, 0.00000000000000000000e+00) (0, 0, 0.00000000000000000000e+00) (0, 0, 0.00000000000000000000e+00) (0, 0, 0.00000000000000000000e+00) (0, 0, 0.00000000000000000000e+00) (0, 0, 0.00000000000000000000e+00) (0, 0, 0.00000000000000000000e+00) (0, 0, 0.00000000000000000000e+00) (0, 0, 0.00000000000000000000e+00) (0, 0, 0.00000000000000000000e+00) (0, 0, 0.00000000000000000000e+00) (0, 0, 0.00000000000000000000e+00) (0, 0, 0.00000000000000000000e+00) (0, 0, 0.00000000000000000000e+00) (0, 0, 0.00000000000000000000e+00) (0, 0, 0.00000000000000000000e+00) (0, 0, 0.00000000000000000000e+00) (0, 0, 0.00000000000000000000e+00) (0, 0, 0.00000000000000000000e+00) (0, 0, 0.00000000000000000000e+00) (0, 0, 0.00000000000000000000e+00) (0, 0, 0.00000000000000000000e+00) (0, 0, 0.00000000000000000000e+00) (0, 0, 0.00000000000000000000e+00) (0, 0, 0.00000000000000000000e+00) (0, 0, 0.00000000000000000000e+00) (0, 0, 0.00000000000000000000e+00) (0, 0, 0.00000000000000000000e+00) (0, 0, 0.00000000000000000000e+00) (0, 0, 0.00000000000000000000e+00) (0, 0, 0.00000000000000000000e+00) (0, 0, 0.00000000000000000000e+00) (0, 0, 0.00000000000000000000e+00) (0, 0, 0.00000000000000000000e+00) (0, 0, 0.00000000000000000000e+00) (0, 0, 0.00000000000000000000e+00) (0, 0, 0.00000000000000000000e+00) (0, 0, 0.00000000000000000000e+00) (0, 0, 0.00000000000000000000e+00) (0, 0, 0.00000000000000000000e+00) (0, 0, 0.00000000000000000000e+00) (0, 0, 0.00000000000000000000e+00) (0, 0, 0.00000000000000000000e+00) (0, 0, 0.00000000000000000000e+00) (0, 0, 0.00000000000000000000e+00) (0, 0, 0.00000000000000000000e+00) (0, 0, 0.00000000000000000000e+00) (0, 0, 0.00000000000000000000e+00) (0, 0, 0.00000000000000000000e+00) (0, 0, 0.00000000000000000000e+00) (0, 0, 0.00000000000000000000e+00) (0, 0, 0.00000000000000000000e+00) (0, 0, 0.00000000000000000000e+00) (0, 0, 0.00000000000000000000e+00) (0, 0, 0.00000000000000000000e+00) (0, 0, 0.00000000000000000000e+00) (0, 0, 0.00000000000000000000e+00) (0, 0, 0.00000000000000000000e+00) (0, 0, 0.00000000000000000000e+00) (0, 0, 0.00000000000000000000e+00) (0, 0, 0.00000000000000000000e+00) (0, 0, 0.00000000000000000000e+00) (0, 0, 0.00000000000000000000e+00) (0, 0, 0.00000000000000000000e+00) (0, 0, 0.00000000000000000000e+00) (0, 0, 0.00000000000000000000e+00) (0, 0, 0.00000000000000000000e+00) (0, 0, 0.00000000000000000000e+00) (0, 0, 0.00000000000000000000e+00) (0, 0, 0.00000000000000000000e+00) (0, 0, 0.00000000000000000000e+00) (105, 5, 5.00000000000000000000e-01) (105, 5, 5.00000000000000000000e-01) (105, 5, 5.00000000000000000000e-01) (105, 5, 5.00000000000000000000e-01) (105, 5, 5.00000000000000000000e-01) (105, 5, 5.00000000000000000000e-01) (105, 5, 5.00000000000000000000e-01) (105, 5, 5.00000000000000000000e-01) (105, 5, 5.00000000000000000000e-01) (105, 5, 5.00000000000000000000e-01) (105, 5, 5.00000000000000000000e-01) (105, 5, 5.00000000000000000000e-01) (105, 5, 5.00000000000000000000e-01) (105, 5, 5.00000000000000000000e-01) (105, 5, 5.00000000000000000000e-01) (105, 5, 5.00000000000000000000e-01) (105, 5, 5.00000000000000000000e-01) (105, 5, 5.00000000000000000000e-01) (105, 5, 5.00000000000000000000e-01) (105, 5, 5.00000000000000000000e-01) (0, 5, 0.00000000000000000000e+00) (21, 5, 5.00000000000000000000e-01) (0, 5, 0.00000000000000000000e+00) 
connections (connected_to_neuron, weight)=(0, 1.64548671245574951172e+00) (1, -5.36454737186431884766e-01) (2, -2.65152424573898315430e-01) (3, -3.78834271430969238281e+00) (4, 6.75855040550231933594e-01) (5, 5.25947034358978271484e-01) (6, 5.47420501708984375000e-01) (7, -7.76235699653625488281e-01) (8, 2.32547035217285156250e+01) (9, 6.57365143299102783203e-01) (10, -1.70600041747093200684e-01) (11, 5.81042528152465820312e-01) (12, 6.44881427288055419922e-01) (13, -5.35848712921142578125e+00) (14, -6.62589967250823974609e-01) (15, 8.67309927940368652344e-01) (16, 8.48007261753082275391e-01) (17, -2.33226433396339416504e-01) (18, 3.79875630140304565430e-01) (19, 6.31187677383422851562e-01) (20, 1.73612082004547119141e+00) (21, -7.00268983840942382812e-01) (22, 5.66498219966888427734e-01) (23, -8.47860932350158691406e-01) (24, 3.16573202610015869141e-01) (25, -9.50442612171173095703e-01) (26, 1.12469351291656494141e+00) (27, 5.56647360324859619141e-01) (28, -3.44097018241882324219e-01) (29, -1.92048639059066772461e-01) (30, -6.61201030015945434570e-02) (31, -9.28646326065063476562e-01) (32, -1.38118982315063476562e+00) (33, 5.17373859882354736328e-01) (34, 1.90371349453926086426e-01) (35, 1.32073506712913513184e-01) (36, -7.93950781226158142090e-02) (37, 3.96212100982666015625e-01) (38, -2.00672358274459838867e-01) (39, 5.08562564849853515625e-01) (40, -5.39162792265415191650e-02) (41, -1.01988339424133300781e+00) (42, 5.42360007762908935547e-01) (43, 5.19190430641174316406e-01) (44, 4.87000703811645507812e-01) (45, -9.46344435214996337891e-01) (46, -4.59169435501098632812e+00) (47, -1.07454156875610351562e+00) (48, -4.88483810424804687500e+00) (49, 5.70335209369659423828e-01) (50, -9.89295721054077148438e-01) (51, -3.06903243064880371094e-01) (52, -9.18268740177154541016e-01) (53, -4.62802886962890625000e+00) (54, 5.67165374755859375000e-01) (55, 4.74556303024291992188e+00) (56, -1.67939031124114990234e+00) (57, -1.62246835231781005859e+00) (58, -2.71714419126510620117e-01) (59, -1.06742095947265625000e+00) (60, 5.53630113601684570312e-01) (61, -6.94700777530670166016e-01) (62, 4.95734721422195434570e-01) (63, 7.47964501380920410156e-01) (64, -2.42802165448665618896e-02) (65, -7.89446115493774414062e-01) (66, 4.51839923858642578125e-01) (67, -3.24948877096176147461e-01) (68, 4.20654743909835815430e-01) (69, 1.34134784340858459473e-01) (70, 6.52935028076171875000e-01) (71, 6.31552398204803466797e-01) (72, 4.83705699443817138672e-01) (73, 1.06102275848388671875e+00) (74, 5.10761678218841552734e-01) (75, -6.96215248107910156250e+00) (76, -1.65632712841033935547e+00) (77, 6.65072977542877197266e-01) (78, 1.39017015695571899414e-01) (79, 1.41815304756164550781e+00) (80, 3.07396364212036132812e+00) (81, -5.27514219284057617188e-02) (82, -6.00585281848907470703e-01) (83, -1.81779420375823974609e+00) (84, -3.36619257926940917969e-01) (85, 1.22387206554412841797e+00) (86, 5.99057614803314208984e-01) (87, 2.04053491353988647461e-01) (88, -2.74791336059570312500e+00) (89, -5.54572165012359619141e-01) (90, -1.99465781450271606445e-01) (91, -1.54405689239501953125e+00) (92, -8.92703294754028320312e-01) (93, -7.92412400245666503906e-01) (94, 3.27093660831451416016e-01) (95, -4.54063892364501953125e+00) (96, 3.99031877517700195312e-01) (97, 1.34345948696136474609e+00) (98, -4.11839151382446289062e+00) (99, 1.23164272308349609375e+00) (100, 2.59798079729080200195e-01) (101, -2.91868329048156738281e+00) (102, 2.25814867019653320312e+00) (103, 2.90407508611679077148e-01) (104, 1.60044002532958984375e+00) (0, 2.90872263908386230469e+00) (1, 1.72244215011596679688e+00) (2, 1.02732610702514648438e+00) (3, -1.09439045190811157227e-01) (4, 1.30061268806457519531e+00) (5, 1.74741446971893310547e+00) (6, -7.57820248603820800781e-01) (7, 7.26463496685028076172e-01) (8, 1.15373030304908752441e-01) (9, 9.56370115280151367188e-01) (10, 9.69266772270202636719e-01) (11, 6.61376118659973144531e-01) (12, -6.13554954528808593750e-01) (13, 1.70873808860778808594e+00) (14, -6.52844905853271484375e-01) (15, -4.58582252264022827148e-01) (16, -3.04608672857284545898e-01) (17, -7.08934307098388671875e-01) (18, -6.60526752471923828125e-01) (19, -5.99244415760040283203e-01) (20, -6.38002455234527587891e-01) (21, -5.90856969356536865234e-01) (22, -7.78771698474884033203e-01) (23, -6.74729108810424804688e-01) (24, 2.54547327756881713867e-01) (25, -7.46617853641510009766e-01) (26, -5.58251738548278808594e-01) (27, -6.49669110774993896484e-01) (28, -7.49710679054260253906e-01) (29, -5.63636422157287597656e-01) (30, -6.03488326072692871094e-01) (31, -7.35046267509460449219e-01) (32, -7.19309031963348388672e-01) (33, -6.12730324268341064453e-01) (34, 3.06351274251937866211e-01) (35, -4.99809324741363525391e-01) (36, -6.95978224277496337891e-01) (37, -7.34559357166290283203e-01) (38, -6.55748188495635986328e-01) (39, -6.45111739635467529297e-01) (40, -5.96196711063385009766e-01) (41, 1.98902571201324462891e+00) (42, -6.94919526576995849609e-01) (43, -6.32788240909576416016e-01) (44, -7.43073463439941406250e-01) (45, -5.94230711460113525391e-01) (46, 4.16753500699996948242e-01) (47, -4.22420084476470947266e-01) (48, -1.20879568159580230713e-01) (49, -3.59418392181396484375e-01) (50, -6.82574510574340820312e-01) (51, -6.41207277774810791016e-01) (52, -5.15684962272644042969e-01) (53, -6.49936318397521972656e-01) (54, -7.61394679546356201172e-01) (55, 5.62087893486022949219e-01) (56, 5.52899092435836791992e-02) (57, -6.50531589984893798828e-01) (58, 1.49276518821716308594e+00) (59, 1.05462622642517089844e+00) (60, -1.08760751783847808838e-01) (61, -5.55266737937927246094e-01) (62, -6.11494779586791992188e-01) (63, 3.51280122995376586914e-01) (64, 1.05725610256195068359e+00) (65, 1.60234287381172180176e-01) (66, 2.67566180229187011719e+00) (67, -6.84308350086212158203e-01) (68, 1.59538996219635009766e+00) (69, 1.86338090896606445312e+00) (70, -6.13643229007720947266e-01) (71, -6.34871840476989746094e-01) (72, 2.13144168257713317871e-01) (73, 6.55102074146270751953e-01) (74, -6.34758591651916503906e-01) (75, 2.39298030734062194824e-01) (76, -8.01312446594238281250e-01) (77, 1.75974690914154052734e+00) (78, 1.56095698475837707520e-01) (79, 6.10414326190948486328e-01) (80, 6.27181410789489746094e-01) (81, 5.48302114009857177734e-01) (82, 1.63067710399627685547e+00) (83, 1.57807445526123046875e+00) (84, 7.10842967033386230469e-01) (85, 7.47020721435546875000e-01) (86, 8.90668749809265136719e-01) (87, -7.30394423007965087891e-01) (88, 1.02261316776275634766e+00) (89, -7.66398310661315917969e-01) (90, -4.83064085245132446289e-01) (91, 3.84930521249771118164e-01) (92, -7.78462052345275878906e-01) (93, -7.70714759826660156250e-01) (94, 2.41054669022560119629e-01) (95, 6.65249526500701904297e-01) (96, -6.49740099906921386719e-01) (97, -4.34747815132141113281e-01) (98, 4.61509674787521362305e-01) (99, 4.17890697717666625977e-01) (100, 1.81518152356147766113e-01) (101, -7.24938392639160156250e-01) (102, 2.71457105875015258789e-01) (103, 1.51473760604858398438e+00) (104, 2.40378880500793457031e+00) (0, -4.94418859481811523438e-01) (1, -9.50626432895660400391e-02) (2, -3.20799738168716430664e-01) (3, -8.42375218868255615234e-01) (4, -6.52127981185913085938e-01) (5, 3.18103104829788208008e-01) (6, -5.80246984958648681641e-01) (7, -7.42913126945495605469e-01) (8, 1.27251541614532470703e+00) (9, -6.64111316204071044922e-01) (10, -4.47172373533248901367e-01) (11, -7.08219707012176513672e-01) (12, -6.75641834735870361328e-01) (13, -1.02841162681579589844e+00) (14, -6.40135109424591064453e-01) (15, 3.17071288824081420898e-01) (16, -3.27464342117309570312e-01) (17, -7.64714598655700683594e-01) (18, -7.31148242950439453125e-01) (19, -5.91235578060150146484e-01) (20, -8.01166832447052001953e-01) (21, -6.35577321052551269531e-01) (22, -3.90454903244972229004e-02) (23, -1.11950546503067016602e-01) (24, -4.46658432483673095703e-01) (25, -8.15914630889892578125e-01) (26, 5.57997673749923706055e-02) (27, 1.31685897707939147949e-01) (28, -5.93058904632925987244e-03) (29, 1.74658253788948059082e-01) (30, -3.45309786498546600342e-02) (31, -2.12553627789020538330e-02) (32, -5.99116086959838867188e-01) (33, -7.27590739727020263672e-01) (34, -1.40025138854980468750e-01) (35, -4.22636270523071289062e-01) (36, -6.71933233737945556641e-01) (37, -7.33585178852081298828e-01) (38, -6.71625196933746337891e-01) (39, -5.87317466735839843750e-01) (40, -6.75860524177551269531e-01) (41, 1.64114224910736083984e+00) (42, -6.57853364944458007812e-01) (43, -6.94636166095733642578e-01) (44, -6.93248569965362548828e-01) (45, -6.34015083312988281250e-01) (46, 8.14010024070739746094e-01) (47, -4.51044529676437377930e-01) (48, -6.84713840484619140625e-01) (49, -4.74887758493423461914e-01) (50, 5.83292007446289062500e-01) (51, -7.43415176868438720703e-01) (52, -7.95271575450897216797e-01) (53, -6.53826475143432617188e-01) (54, -3.31883883476257324219e+00) (55, 3.17165970802307128906e-01) (56, -5.81923173740506172180e-03) (57, 1.27929031848907470703e+00) (58, 9.82560932636260986328e-01) (59, 4.68259826302528381348e-02) (60, 1.47044062614440917969e+00) (61, 2.39610958099365234375e+00) (62, -6.31883025169372558594e-01) (63, 6.03013336658477783203e-01) (64, 2.21567940711975097656e+00) (65, 7.83416569232940673828e-01) (66, 2.19646430015563964844e+00) (67, 7.33368873596191406250e-01) (68, 1.72933900356292724609e+00) (69, 1.03140830993652343750e+00) (70, -5.91238200664520263672e-01) (71, -7.72676289081573486328e-01) (72, 4.25367504358291625977e-01) (73, 1.50978136062622070312e+00) (74, -5.55152237415313720703e-01) (75, -5.90045630931854248047e-01) (76, 1.36344301700592041016e+00) (77, 3.78782421350479125977e-01) (78, 9.94929552078247070312e-01) (79, 2.08218526840209960938e+00) (80, 5.18863573670387268066e-02) (81, 1.52131807804107666016e+00) (82, 1.86869859695434570312e+00) (83, 1.80643296241760253906e+00) (84, 9.89045023918151855469e-01) (85, -7.75763213634490966797e-01) (86, 8.28477516770362854004e-02) (87, -6.88877522945404052734e-01) (88, 1.71022355556488037109e+00) (89, 1.71421766281127929688e+00) (90, 1.66728353500366210938e+00) (91, 2.10632324218750000000e+00) (92, -4.90592628717422485352e-01) (93, -3.50146293640136718750e-01) (94, 4.49315875768661499023e-01) (95, 1.35044109821319580078e+00) (96, -7.46440529823303222656e-01) (97, -2.15768069028854370117e-01) (98, 2.10540771484375000000e+00) (99, 3.20197492837905883789e-02) (100, 5.03015518188476562500e-01) (101, -7.61276304721832275391e-01) (102, -3.73935371637344360352e-01) (103, 2.28377175331115722656e+00) (104, 2.53719472885131835938e+00) (0, 1.57617199420928955078e+00) (1, 7.83062458038330078125e-01) (2, -3.12153428792953491211e-01) (3, 3.45487415790557861328e-01) (4, -5.18934011459350585938e-01) (5, -5.45556783676147460938e-01) (6, -5.30233144760131835938e-01) (7, -5.64032614231109619141e-01) (8, 9.23606380820274353027e-02) (9, -4.57270085811614990234e-01) (10, -5.44701993465423583984e-01) (11, -4.41579461097717285156e-01) (12, -4.51566815376281738281e-01) (13, 5.34476697444915771484e-01) (14, -5.34111857414245605469e-01) (15, -3.92635405063629150391e-01) (16, 4.36811566352844238281e-01) (17, -4.72763448953628540039e-01) (18, -1.29770770668983459473e-01) (19, -5.72422802448272705078e-01) (20, -4.77272629737854003906e-01) (21, -1.13248622417449951172e+00) (22, -6.42822921276092529297e-01) (23, -5.65823137760162353516e-01) (24, -1.76671445369720458984e-02) (25, -1.05902947485446929932e-01) (26, -4.18475776910781860352e-01) (27, -4.10595148801803588867e-01) (28, -5.88465154170989990234e-01) (29, -5.99650681018829345703e-01) (30, 8.79546284675598144531e-01) (31, 5.90996205806732177734e-01) (32, -4.88510847091674804688e-01) (33, 8.53155732154846191406e-01) (34, -1.22419023513793945312e+00) (35, -3.81572335958480834961e-01) (36, -5.70995390415191650391e-01) (37, 5.07807910442352294922e-01) (38, -5.16448795795440673828e-01) (39, -6.30791544914245605469e-01) (40, -4.96257275342941284180e-01) (41, 2.22402524948120117188e+00) (42, -4.68641430139541625977e-01) (43, 6.96441829204559326172e-01) (44, 7.17818796634674072266e-01) (45, 7.33862996101379394531e-01) (46, -3.84361237287521362305e-01) (47, 4.49613094329833984375e-01) (48, -3.36376130580902099609e-01) (49, -3.69562745094299316406e-01) (50, -5.23841261863708496094e-01) (51, 7.82603502273559570312e-01) (52, -5.16710698604583740234e-01) (53, -6.23987138271331787109e-01) (54, -6.42640650272369384766e-01) (55, -5.88803708553314208984e-01) (56, -5.23571074008941650391e-01) (57, -5.98037242889404296875e-01) (58, 2.00874495506286621094e+00) (59, 5.71127796173095703125e+00) (60, -6.43657863140106201172e-01) (61, 1.96350526809692382812e+00) (62, 9.12853479385375976562e-01) (63, -3.70384514331817626953e-01) (64, 1.22973823547363281250e+00) (65, -5.68840742111206054688e-01) (66, 3.99531602859497070312e-01) (67, -3.75675797462463378906e-01) (68, 1.77507638931274414062e+00) (69, 1.13540577888488769531e+00) (70, -6.16582512855529785156e-01) (71, 9.11238908767700195312e-01) (72, -5.93016207218170166016e-01) (73, 7.85039544105529785156e-01) (74, -4.16734933853149414062e-01) (75, 1.28597259521484375000e+00) (76, -5.79400062561035156250e-01) (77, -4.70543563365936279297e-01) (78, 1.62585318088531494141e+00) (79, -5.35552620887756347656e-01) (80, -6.59244298934936523438e-01) (81, -4.91516560316085815430e-01) (82, 2.70823061466217041016e-01) (83, -4.97258812189102172852e-01) (84, 1.89933776855468750000e+00) (85, -4.54022824764251708984e-01) (86, -5.91529309749603271484e-01) (87, -4.81282740831375122070e-01) (88, -2.16314598917961120605e-01) (89, -2.30857998132705688477e-01) (90, 1.02481377124786376953e+00) (91, 1.49623751640319824219e+00) (92, -6.05495095252990722656e-01) (93, -4.75411117076873779297e-01) (94, -4.85030859708786010742e-01) (95, -6.19143128395080566406e-01) (96, -6.01624906063079833984e-01) (97, 1.05884325504302978516e+00) (98, 6.33390545845031738281e-01) (99, 9.29893255233764648438e-01) (100, -6.11761808395385742188e-01) (101, -6.43058717250823974609e-01) (102, 4.03716921806335449219e-01) (103, 1.71951544284820556641e+00) (104, 2.50828027725219726562e+00) (0, 1.35192613601684570312e+01) (1, 4.81846427917480468750e+00) (2, 1.01470792293548583984e+00) (3, -1.19786851108074188232e-01) (4, -5.21260619163513183594e-01) (5, 2.82999157905578613281e+00) (6, -1.01682044565677642822e-01) (7, -1.04722046852111816406e+00) (8, 2.95702648162841796875e+00) (9, -5.67565798759460449219e-01) (10, 6.39067709445953369141e-01) (11, 1.41301500797271728516e+00) (12, -5.11941611766815185547e-01) (13, 9.42502558231353759766e-01) (14, -1.51974439620971679688e+00) (15, 9.49153661727905273438e-01) (16, 3.67812204360961914062e+00) (17, -7.56764173507690429688e-01) (18, 9.72146511077880859375e-01) (19, -3.64961117506027221680e-01) (20, -1.38290953636169433594e+00) (21, -9.62365627288818359375e-01) (22, 5.41615545749664306641e-01) (23, 9.66839671134948730469e-01) (24, 2.33997535705566406250e+00) (25, 5.00946712493896484375e+00) (26, 3.10469794273376464844e+00) (27, 1.51313281059265136719e+00) (28, 7.53103792667388916016e-01) (29, 1.98844005353748798370e-03) (30, 1.09294664859771728516e+00) (31, 9.40140068531036376953e-01) (32, 2.74324417114257812500e-01) (33, -6.17077767848968505859e-01) (34, -5.05408227443695068359e-01) (35, 2.43171080946922302246e-01) (36, -6.62035286426544189453e-01) (37, 4.43115353584289550781e-01) (38, 2.08298587799072265625e+00) (39, 7.88121223449707031250e-01) (40, -6.54310524463653564453e-01) (41, 8.81003916263580322266e-01) (42, -6.33668720722198486328e-01) (43, 3.95928584039211273193e-02) (44, -5.49474060535430908203e-01) (45, 1.17809927463531494141e+00) (46, 3.42115712165832519531e+00) (47, -6.97597563266754150391e-01) (48, 1.95019233226776123047e+00) (49, -9.24514770507812500000e-01) (50, 1.86871993541717529297e+00) (51, 1.04866874217987060547e+00) (52, -6.80582582950592041016e-01) (53, -3.51099103689193725586e-01) (54, -1.86608028411865234375e+00) (55, -2.02718901634216308594e+00) (56, -1.23048639297485351562e+00) (57, -4.91804510354995727539e-01) (58, 7.69506573677062988281e-01) (59, 7.33651518821716308594e-01) (60, 7.12458848953247070312e-01) (61, 9.01036024093627929688e-01) (62, -1.18286156654357910156e+00) (63, 6.66495323181152343750e-01) (64, 5.28226435184478759766e-01) (65, 5.80534875392913818359e-01) (66, -1.96255135536193847656e+00) (67, -5.31874001026153564453e-01) (68, -4.32521581649780273438e-01) (69, 6.36881470680236816406e-01) (70, -1.43870484828948974609e+00) (71, -6.86423897743225097656e-01) (72, -7.25311994552612304688e-01) (73, -7.56819546222686767578e-01) (74, -5.02312302589416503906e-01) (75, -1.15346992015838623047e+00) (76, 2.09904551506042480469e+00) (77, -6.95616841316223144531e-01) (78, -6.64420127868652343750e-01) (79, -1.99315354228019714355e-01) (80, -8.02974045276641845703e-01) (81, -6.28017961978912353516e-01) (82, -5.29385745525360107422e-01) (83, -6.07592463493347167969e-01) (84, -6.26387178897857666016e-01) (85, -6.25234842300415039062e-01) (86, -7.01783359050750732422e-01) (87, -4.75855737924575805664e-01) (88, -5.29461562633514404297e-01) (89, -4.96636927127838134766e-01) (90, -5.25142014026641845703e-01) (91, -4.90851432085037231445e-01) (92, -4.55204486846923828125e-01) (93, -6.05061292648315429688e-01) (94, -4.52290028333663940430e-01) (95, -4.37771499156951904297e-01) (96, -5.59458673000335693359e-01) (97, -6.06330633163452148438e-01) (98, -4.09491211175918579102e-01) (99, -4.84526634216308593750e-01) (100, -5.40230751037597656250e-01) (101, -4.66603070497512817383e-01) (102, 2.35918974876403808594e+00) (103, 4.34205979108810424805e-01) (104, 2.42266464233398437500e+00) (0, 3.17496657371520996094e+00) (1, -3.75264078378677368164e-01) (2, -3.49683582782745361328e-01) (3, -6.88878417015075683594e-01) (4, -5.73311686515808105469e-01) (5, -8.03757548332214355469e-01) (6, -6.42102599143981933594e-01) (7, -6.47057056427001953125e-01) (8, 1.96850185394287109375e+01) (9, -6.13558292388916015625e-01) (10, 7.86592483520507812500e-01) (11, 5.72040438652038574219e-01) (12, -6.52635931968688964844e-01) (13, -3.29272925853729248047e-01) (14, -2.05528005957603454590e-01) (15, -4.91556882858276367188e-01) (16, 8.22060406208038330078e-01) (17, -6.57226920127868652344e-01) (18, 4.92006510496139526367e-01) (19, -6.16850018501281738281e-01) (20, 4.60464149713516235352e-01) (21, -5.62354385852813720703e-01) (22, -8.23156177997589111328e-01) (23, -6.99080467224121093750e-01) (24, 5.20847082138061523438e-01) (25, -7.90157258510589599609e-01) (26, 5.52268683910369873047e-01) (27, -7.26750671863555908203e-01) (28, 5.12281768023967742920e-02) (29, -6.09345614910125732422e-01) (30, -8.05645823478698730469e-01) (31, -6.98100030422210693359e-01) (32, 6.44895076751708984375e-01) (33, 4.52935636043548583984e-01) (34, -1.81115665435791015625e+01) (35, 2.05481362342834472656e+00) (36, 7.63014554977416992188e-01) (37, 5.33444941043853759766e-01) (38, -7.60522305965423583984e-01) (39, -7.58472144603729248047e-01) (40, 6.01648747920989990234e-01) (41, -3.30906534194946289062e+00) (42, -7.60984897613525390625e-01) (43, 4.96327787637710571289e-01) (44, -7.17220425605773925781e-01) (45, -8.76990139484405517578e-01) (46, 3.39537072181701660156e+00) (47, -6.10432028770446777344e-01) (48, -5.66881656646728515625e-01) (49, -5.01527547836303710938e-01) (50, -8.65418255329132080078e-01) (51, -8.51021945476531982422e-01) (52, -6.99999690055847167969e-01) (53, -6.87263190746307373047e-01) (54, -7.03757464885711669922e-01) (55, 6.48206532001495361328e-01) (56, -6.74672305583953857422e-01) (57, 2.37977489829063415527e-01) (58, -4.53634470701217651367e-01) (59, -6.83477818965911865234e-01) (60, -7.76028096675872802734e-01) (61, 2.28729271888732910156e+00) (62, -6.73476338386535644531e-01) (63, -4.97471630573272705078e-01) (64, -1.44669353961944580078e-01) (65, -7.21807479858398437500e-01) (66, -5.55194079875946044922e-01) (67, -6.27355098724365234375e-01) (68, 6.48608028888702392578e-01) (69, -4.70468610525131225586e-01) (70, -6.90891444683074951172e-01) (71, -6.86272621154785156250e-01) (72, -6.45437657833099365234e-01) (73, -6.67555987834930419922e-01) (74, -7.18680500984191894531e-01) (75, -7.41745889186859130859e-01) (76, -7.07018792629241943359e-01) (77, -6.44018888473510742188e-01) (78, 1.21589469909667968750e+00) (79, -6.40704631805419921875e-01) (80, -9.15285646915435791016e-01) (81, -6.84868216514587402344e-01) (82, -7.09186375141143798828e-01) (83, -7.47733950614929199219e-01) (84, -6.70007109642028808594e-01) (85, -7.68011271953582763672e-01) (86, -6.78458929061889648438e-01) (87, -8.66173446178436279297e-01) (88, -4.16907578706741333008e-01) (89, -8.04096162319183349609e-01) (90, -5.45562565326690673828e-01) (91, -8.56458619236946105957e-02) (92, -7.01847732067108154297e-01) (93, -7.58943140506744384766e-01) (94, -8.16218554973602294922e-01) (95, -8.72912049293518066406e-01) (96, -7.23308742046356201172e-01) (97, -5.77781677246093750000e-01) (98, -5.37839829921722412109e-01) (99, 1.63323640823364257812e-01) (100, -6.66494905948638916016e-01) (101, -8.76339972019195556641e-01) (102, 3.02138757705688476562e+00) (103, -5.35283327102661132812e-01) (104, 2.75548696517944335938e+00) (0, 1.97277987003326416016e+00) (1, 6.51637077331542968750e-01) (2, -7.55233645439147949219e-01) (3, 2.00685334205627441406e+00) (4, 8.14867496490478515625e-01) (5, 2.54319500923156738281e+00) (6, -8.65137040615081787109e-01) (7, 1.62453281879425048828e+00) (8, -2.75359958410263061523e-01) (9, 7.36692309379577636719e-01) (10, -1.01094506680965423584e-01) (11, 1.38816922903060913086e-01) (12, -6.66237175464630126953e-01) (13, -1.92262303829193115234e+00) (14, -1.36056935787200927734e+00) (15, -6.38448655605316162109e-01) (16, -2.51683521270751953125e+00) (17, -9.77146923542022705078e-01) (18, 3.06674742698669433594e+00) (19, -8.22477638721466064453e-01) (20, -3.11307096481323242188e+00) (21, -1.15349166095256805420e-01) (22, 1.17542795836925506592e-01) (23, -1.34321606159210205078e+00) (24, 1.47990632057189941406e+00) (25, -1.90516960620880126953e+00) (26, -1.51926171779632568359e+00) (27, -3.74027585983276367188e+00) (28, 2.60752248764038085938e+00) (29, -6.23598814010620117188e+00) (30, 2.54459571838378906250e+00) (31, 5.02557456493377685547e-01) (32, 9.30752873420715332031e-01) (33, 1.06544721126556396484e+00) (34, 4.57338523864746093750e+00) (35, -2.56457304954528808594e+00) (36, -5.68566918373107910156e-01) (37, -1.51325181126594543457e-01) (38, 4.42165195941925048828e-01) (39, -7.63001024723052978516e-01) (40, 3.07169377803802490234e-01) (41, 4.88103151321411132812e-01) (42, 5.86652576923370361328e-01) (43, 2.05152463912963867188e+00) (44, 2.71826714277267456055e-01) (45, 2.57709503173828125000e+00) (46, 1.22904372215270996094e+00) (47, 4.92153310775756835938e+00) (48, -4.67773199081420898438e-01) (49, 3.61466884613037109375e-01) (50, 1.01663661003112792969e+00) (51, -9.98812496662139892578e-01) (52, 3.84849518537521362305e-01) (53, -3.62843489646911621094e+00) (54, 7.47850060462951660156e-01) (55, 1.57180488109588623047e+00) (56, 1.14014351367950439453e+00) (57, -3.91337537765502929688e+00) (58, -1.21958583593368530273e-01) (59, -2.52423906326293945312e+00) (60, -4.49283033609390258789e-01) (61, 7.58849382400512695312e-01) (62, -9.12395000457763671875e-01) (63, 7.10726141929626464844e-01) (64, -1.36503529548645019531e+00) (65, -7.99646854400634765625e-01) (66, -3.51240396499633789062e-01) (67, 1.54827415943145751953e-01) (68, -8.04063022136688232422e-01) (69, 9.17976498603820800781e-02) (70, -6.86354517936706542969e-01) (71, -7.80888557434082031250e-01) (72, 4.02127325534820556641e-01) (73, 1.16016030311584472656e+00) (74, -1.88658726215362548828e+00) (75, -2.01470538973808288574e-01) (76, -4.17609542608261108398e-01) (77, -7.41408467292785644531e-01) (78, 3.09308028221130371094e+00) (79, 1.78221210837364196777e-01) (80, 1.23999321460723876953e+00) (81, -1.16374421119689941406e+00) (82, 8.07450830936431884766e-01) (83, -8.98449599742889404297e-01) (84, 1.19384205341339111328e+00) (85, 2.72503709793090820312e+00) (86, -7.82570064067840576172e-01) (87, -4.75686669349670410156e-01) (88, -6.39582991600036621094e-01) (89, 1.13277435302734375000e-01) (90, -1.05064296722412109375e+00) (91, -1.09517073631286621094e+00) (92, -5.38151025772094726562e-01) (93, -6.07753753662109375000e-01) (94, -7.64073491096496582031e-01) (95, 9.48426365852355957031e-01) (96, -8.20285737514495849609e-01) (97, -6.21937990188598632812e-01) (98, -6.40736341476440429688e-01) (99, -6.55982375144958496094e-01) (100, 6.09033167362213134766e-01) (101, 1.01074182987213134766e+00) (102, 1.60677683353424072266e+00) (103, 1.05156612396240234375e+00) (104, 2.67292284965515136719e+00) (0, 8.60667800903320312500e+00) (1, 8.65980815887451171875e+00) (2, 5.28172206878662109375e+00) (3, -6.34014272689819335938e+00) (4, 8.39856922626495361328e-01) (5, -2.09489607810974121094e+00) (6, 9.79871451854705810547e-01) (7, 2.86385655403137207031e-01) (8, 6.33513987064361572266e-01) (9, 1.89828872680664062500e+00) (10, -5.03491353988647460938e+00) (11, 3.84960711002349853516e-01) (12, 1.90420484542846679688e+00) (13, 2.45097413659095764160e-01) (14, -5.34445643424987792969e-01) (15, 3.39490294456481933594e+00) (16, 7.06565797328948974609e-01) (17, -5.81686437129974365234e-01) (18, -3.91122877597808837891e-01) (19, 4.33661729097366333008e-01) (20, -2.30306911468505859375e+00) (21, 2.36311030387878417969e+00) (22, -1.84939217567443847656e+00) (23, 1.74786376953125000000e+00) (24, 8.21531653404235839844e-01) (25, 1.53418004512786865234e+00) (26, 6.16201937198638916016e-01) (27, 1.01229619979858398438e+00) (28, 1.75685822963714599609e+00) (29, 1.69308829307556152344e+00) (30, 1.74618351459503173828e+00) (31, -3.73180150985717773438e-01) (32, 1.54589056968688964844e+00) (33, 7.45665311813354492188e-01) (34, -5.40879786014556884766e-01) (35, 1.13136255741119384766e+00) (36, -4.74274218082427978516e-01) (37, -7.33918070793151855469e-01) (38, 6.17845177650451660156e-01) (39, 8.24672222137451171875e-01) (40, 7.03950822353363037109e-01) (41, -7.93231725692749023438e-02) (42, -4.39565390348434448242e-01) (43, -8.14695119857788085938e-01) (44, 1.03601849079132080078e+00) (45, -5.47709763050079345703e-01) (46, -4.43574845790863037109e-01) (47, 5.80762505531311035156e-01) (48, -3.34532350301742553711e-01) (49, 1.91627696156501770020e-01) (50, -6.01123392581939697266e-01) (51, -6.05641484260559082031e-01) (52, -7.36725330352783203125e-01) (53, -6.79469048976898193359e-01) (54, -5.60757935047149658203e-01) (55, -7.45669245719909667969e-01) (56, -4.41110312938690185547e-01) (57, 2.35023535788059234619e-02) (58, -6.04614078998565673828e-01) (59, 5.75693786144256591797e-01) (60, -7.09576964378356933594e-01) (61, -3.06313455104827880859e-01) (62, 6.05488002300262451172e-01) (63, 7.13137328624725341797e-01) (64, 1.07742094993591308594e+00) (65, 1.27122318744659423828e+00) (66, 1.80136692523956298828e+00) (67, -6.12644195556640625000e-01) (68, -4.21446830034255981445e-01) (69, -7.24271833896636962891e-01) (70, 5.53061187267303466797e-01) (71, 5.28920710086822509766e-01) (72, 1.13345587253570556641e+00) (73, -6.24983429908752441406e-01) (74, 8.86009752750396728516e-01) (75, -7.09095597267150878906e-01) (76, -6.46778225898742675781e-01) (77, 8.14476788043975830078e-01) (78, -6.92534446716308593750e-01) (79, -3.49637478590011596680e-01) (80, -7.12612032890319824219e-01) (81, -6.37367248535156250000e-01) (82, -6.10996246337890625000e-01) (83, -3.30366075038909912109e-01) (84, 2.35656335949897766113e-01) (85, -6.01895868778228759766e-01) (86, 4.52434450387954711914e-01) (87, 4.76300865411758422852e-01) (88, 9.98793125152587890625e-01) (89, -5.93437433242797851562e-01) (90, -4.48341965675354003906e-01) (91, 8.09384047985076904297e-01) (92, -7.84129261970520019531e-01) (93, -6.51573061943054199219e-01) (94, 7.74143517017364501953e-01) (95, -7.07293033599853515625e-01) (96, -4.45939242839813232422e-01) (97, -4.29437130689620971680e-01) (98, -5.08587062358856201172e-01) (99, -4.63854670524597167969e-01) (100, -4.90098565816879272461e-01) (101, -6.63495421409606933594e-01) (102, -1.53598797321319580078e+00) (103, 4.09064960479736328125e+00) (104, 1.03965532779693603516e+00) (0, -6.93609297275543212891e-01) (1, -2.80966013669967651367e-01) (2, 5.51997482776641845703e-01) (3, 6.69024586677551269531e-01) (4, -5.30674219131469726562e-01) (5, 2.87611424922943115234e-01) (6, -4.29582208395004272461e-01) (7, -8.91807377338409423828e-01) (8, 1.08362543582916259766e+00) (9, 1.59514009952545166016e+00) (10, -9.33413505554199218750e-01) (11, -6.63597788661718368530e-03) (12, 7.17486560344696044922e-01) (13, 5.30987903475761413574e-02) (14, 6.65632724761962890625e-01) (15, 5.09398460388183593750e-01) (16, 9.20286297798156738281e-01) (17, -7.87271857261657714844e-01) (18, 1.57396996021270751953e+00) (19, -5.44946610927581787109e-01) (20, 7.47907340526580810547e-01) (21, 1.18634676933288574219e+00) (22, 7.30334043502807617188e-01) (23, 7.54001319408416748047e-01) (24, -6.57045543193817138672e-01) (25, -9.71253588795661926270e-02) (26, -4.87486690282821655273e-01) (27, -6.06634974479675292969e-01) (28, 7.14079678058624267578e-01) (29, -4.03430521488189697266e-01) (30, -6.62024378776550292969e-01) (31, 8.13301861286163330078e-01) (32, 1.54713940620422363281e+00) (33, 7.74532020092010498047e-01) (34, 1.34151458740234375000e+00) (35, 9.11147892475128173828e-01) (36, 1.62152397632598876953e+00) (37, 7.07490384578704833984e-01) (38, 6.59488499164581298828e-01) (39, 8.06505024433135986328e-01) (40, 8.62459540367126464844e-01) (41, -1.02070057392120361328e+00) (42, -5.84056913852691650391e-01) (43, 7.08315074443817138672e-01) (44, -5.89898705482482910156e-01) (45, -6.75444006919860839844e-01) (46, 3.56360316276550292969e-01) (47, -3.88238757848739624023e-01) (48, -4.07236844301223754883e-01) (49, 9.37046647071838378906e-01) (50, -5.98439216613769531250e-01) (51, -6.01911604404449462891e-01) (52, -6.60456597805023193359e-01) (53, 1.83727800846099853516e+00) (54, -6.12905979156494140625e-01) (55, -5.28874732553958892822e-02) (56, -5.63828706741333007812e-01) (57, 2.89985477924346923828e-01) (58, -2.15534424781799316406e+00) (59, -4.69459724426269531250e+00) (60, -6.75683259963989257812e-01) (61, -4.18905925750732421875e+00) (62, -5.28460562229156494141e-01) (63, -5.02063214778900146484e-01) (64, 6.30480289459228515625e-01) (65, -6.34245634078979492188e-01) (66, 1.41575014591217041016e+00) (67, -5.26703298091888427734e-01) (68, -6.62137269973754882812e-01) (69, -4.33003991842269897461e-01) (70, -6.18211269378662109375e-01) (71, -4.98124212026596069336e-01) (72, 7.76040554046630859375e-01) (73, 5.00490814447402954102e-02) (74, -5.40443181991577148438e-01) (75, -5.66304504871368408203e-01) (76, 4.45450425148010253906e-01) (77, -6.39000654220581054688e-01) (78, 8.96558165550231933594e-01) (79, -3.13165098428726196289e-01) (80, 8.44776391983032226562e-01) (81, 4.89533603191375732422e-01) (82, 2.32299715280532836914e-01) (83, 4.12948787212371826172e-01) (84, -5.27840614318847656250e-01) (85, 8.72590184211730957031e-01) (86, -5.41835010051727294922e-01) (87, -7.30539202690124511719e-01) (88, 1.12135791778564453125e+00) (89, 1.72091603279113769531e-01) (90, -4.24129515886306762695e-01) (91, -4.15708541870117187500e-01) (92, 5.30474364757537841797e-01) (93, 1.28212356567382812500e+00) (94, -6.32342755794525146484e-01) (95, 3.16230535507202148438e-01) (96, 1.87778085470199584961e-01) (97, 4.31063711643218994141e-01) (98, -6.00671172142028808594e-01) (99, 5.72983741760253906250e-01) (100, -6.53043031692504882812e-01) (101, 5.39614558219909667969e-01) (102, -1.91190391778945922852e-01) (103, 2.32047247886657714844e+00) (104, 2.49445557594299316406e+00) (0, 2.54584527015686035156e+00) (1, 9.69286680221557617188e-01) (2, -7.98263669013977050781e-01) (3, 1.73839718103408813477e-01) (4, -7.59106099605560302734e-01) (5, -7.73139297962188720703e-01) (6, -7.44116663932800292969e-01) (7, 4.22801065444946289062e+00) (8, 6.35342121124267578125e+00) (9, -6.88562512397766113281e-01) (10, -1.73025712370872497559e-01) (11, -9.36078310012817382812e-01) (12, -2.77250241488218307495e-02) (13, -1.46636828780174255371e-01) (14, -2.48016007244586944580e-02) (15, -8.29978227615356445312e-01) (16, -7.16130256652832031250e-01) (17, 1.85090124607086181641e+00) (18, -6.12452626228332519531e-02) (19, -1.21544115245342254639e-01) (20, 4.86283242702484130859e-01) (21, 7.47527778148651123047e-01) (22, 7.02448114752769470215e-02) (23, -4.52265143394470214844e-02) (24, -2.46467375755310058594e+00) (25, 9.26218390464782714844e-01) (26, -1.22847712039947509766e+00) (27, -6.04542037763167172670e-05) (28, 2.57894098758697509766e-01) (29, -1.67675629258155822754e-01) (30, -1.52959320694208145142e-02) (31, -7.92959928512573242188e-02) (32, 5.55310696363449096680e-02) (33, 6.41850829124450683594e-02) (34, 1.41113924980163574219e+00) (35, 1.42411828041076660156e-01) (36, 6.52738381177186965942e-03) (37, -4.56650182604789733887e-02) (38, 3.73043131828308105469e+00) (39, 1.60054657608270645142e-02) (40, -5.10147666931152343750e+00) (41, -9.40788388252258300781e-01) (42, -7.31414198875427246094e-01) (43, 5.18286764621734619141e-01) (44, -2.95286476612091064453e-01) (45, 1.56305217742919921875e+00) (46, -8.75288009643554687500e-01) (47, -1.31189122796058654785e-01) (48, 4.73686307668685913086e-03) (49, -9.38019081950187683105e-02) (50, 2.73596614599227905273e-01) (51, 3.67947593331336975098e-02) (52, -1.29854470491409301758e-01) (53, -3.16224312782287597656e+00) (54, 1.26570141315460205078e+00) (55, 6.54478430747985839844e-01) (56, -8.36315676569938659668e-02) (57, -2.21654033660888671875e+00) (58, -5.43345436453819274902e-02) (59, 7.94369876384735107422e-01) (60, -6.62917852401733398438e-01) (61, -2.55408692359924316406e+00) (62, -5.86580932140350341797e-01) (63, -7.56773233413696289062e-01) (64, 5.86047458648681640625e+00) (65, -7.27730214595794677734e-01) (66, -6.06096029281616210938e+00) (67, -2.06910204887390136719e+00) (68, -6.79522156715393066406e-01) (69, 7.45614349842071533203e-01) (70, -6.41929879784584045410e-02) (71, 6.08672738075256347656e-01) (72, 2.34803175926208496094e+00) (73, 1.55304133892059326172e+00) (74, -1.40235221385955810547e+00) (75, -5.11439085006713867188e-01) (76, -7.02292537689208984375e+00) (77, -1.37465941905975341797e+00) (78, -3.86027979850769042969e+00) (79, -8.86088562011718750000e+00) (80, -1.34908032417297363281e+00) (81, 3.27009487152099609375e+00) (82, 3.26342487335205078125e+00) (83, 8.65192055702209472656e-01) (84, 1.65366613864898681641e+00) (85, 1.59817171096801757812e+00) (86, 4.51869606971740722656e-01) (87, 5.28080701828002929688e-01) (88, -3.89174520969390869141e-01) (89, 9.38962996006011962891e-01) (90, -2.33490920066833496094e+00) (91, 1.39132106304168701172e+00) (92, -7.93098270893096923828e-01) (93, 1.22549772262573242188e+00) (94, -8.27889919281005859375e-01) (95, 6.05758428573608398438e-01) (96, -5.03526329994201660156e-01) (97, 1.01653099060058593750e+00) (98, -6.30272984504699707031e-01) (99, 1.98106551170349121094e+00) (100, -8.30435872077941894531e-01) (101, 1.11253187060356140137e-02) (102, 3.26347172260284423828e-01) (103, 1.64230835437774658203e+00) (104, 2.58954429626464843750e+00) (0, 2.31154584884643554688e+00) (1, -7.40657508373260498047e-01) (2, 2.29516601562500000000e+00) (3, -5.05423736572265625000e+00) (4, -7.13390529155731201172e-01) (5, -9.63384687900543212891e-01) (6, 9.36028122901916503906e-01) (7, 1.02128124237060546875e+00) (8, 3.73477637767791748047e-01) (9, 1.89848589897155761719e+00) (10, -5.33787298202514648438e+00) (11, -2.11730027198791503906e+00) (12, 2.42572879791259765625e+00) (13, -8.50360214710235595703e-01) (14, 4.96083319187164306641e-01) (15, 2.10020923614501953125e+00) (16, -7.02163267135620117188e+00) (17, -2.46817469596862792969e+00) (18, -1.98851490020751953125e+00) (19, -1.07955527305603027344e+00) (20, -6.57331752777099609375e+00) (21, -4.67282772064208984375e+00) (22, 9.28047895431518554688e-01) (23, -1.61034408956766128540e-02) (24, 3.62690424919128417969e+00) (25, -1.22436022758483886719e+00) (26, -6.28648138046264648438e+00) (27, 7.26716399192810058594e-01) (28, 2.63475155830383300781e+00) (29, -4.78318548202514648438e+00) (30, -3.63278478384017944336e-01) (31, -1.75226652622222900391e+00) (32, -5.65628385543823242188e+00) (33, 2.41322457790374755859e-01) (34, 2.08371376991271972656e+00) (35, -5.13419008255004882812e+00) (36, 3.49370092153549194336e-02) (37, 8.01805496215820312500e-01) (38, -1.16210676729679107666e-01) (39, -1.76167070865631103516e+00) (40, -1.28089621663093566895e-01) (41, 3.44583719968795776367e-01) (42, 1.47535645961761474609e+00) (43, 4.03826284408569335938e+00) (44, 4.76179897785186767578e-01) (45, 6.33006668090820312500e+00) (46, 2.17657041549682617188e+00) (47, 6.30027198791503906250e+00) (48, -2.73119330406188964844e+00) (49, -4.48562288284301757812e+00) (50, 4.19022130966186523438e+00) (51, 1.87503325939178466797e+00) (52, 1.38418781757354736328e+00) (53, -2.22886061668395996094e+00) (54, -4.16643321514129638672e-02) (55, 2.51099848747253417969e+00) (56, -9.96283888816833496094e-01) (57, 4.56263542175292968750e-01) (58, 2.16843461990356445312e+00) (59, -2.24545621871948242188e+00) (60, -8.60459685325622558594e-01) (61, 9.78674530982971191406e-01) (62, -2.99385190010070800781e-01) (63, 2.08271074295043945312e+00) (64, -1.96754300594329833984e+00) (65, -7.57139921188354492188e-01) (66, -9.65399086475372314453e-01) (67, -6.00155174732208251953e-01) (68, -6.36019706726074218750e-01) (69, -1.91424858570098876953e+00) (70, -9.22832608222961425781e-01) (71, -8.32038402557373046875e-01) (72, 4.99269199371337890625e+00) (73, -2.89458227157592773438e+00) (74, -9.11016404628753662109e-01) (75, -9.42796945571899414062e-01) (76, 2.22520172595977783203e-01) (77, -7.44188129901885986328e-01) (78, -8.14493477344512939453e-01) (79, -1.10105180740356445312e+00) (80, -6.03129267692565917969e-01) (81, 6.24634146690368652344e-01) (82, 6.34889245033264160156e-01) (83, 6.27701938152313232422e-01) (84, 1.01907610893249511719e+00) (85, 1.00181341171264648438e+00) (86, 5.87719142436981201172e-01) (87, -7.11235478520393371582e-02) (88, -7.87644386291503906250e-01) (89, -3.93395096063613891602e-01) (90, -4.05620872974395751953e-01) (91, -4.13923233747482299805e-01) (92, 6.30176365375518798828e-01) (93, 6.38132333755493164062e-01) (94, 7.17052698135375976562e-01) (95, 7.11217999458312988281e-01) (96, 6.15208864212036132812e-01) (97, -4.24763083457946777344e-01) (98, 7.24366903305053710938e-01) (99, -3.04120481014251708984e-01) (100, 7.23377645015716552734e-01) (101, 7.66049325466156005859e-01) (102, 3.75406563282012939453e-01) (103, 1.45187640190124511719e+00) (104, 1.25465917587280273438e+00) (0, 1.94484579563140869141e+00) (1, 2.04303932189941406250e+00) (2, -1.53608560562133789062e+00) (3, 7.86428987979888916016e-01) (4, -2.08499312400817871094e+00) (5, -3.21806621551513671875e+00) (6, 7.04543530941009521484e-01) (7, 7.48901128768920898438e-01) (8, 1.47866737842559814453e+00) (9, 1.37435957789421081543e-01) (10, 6.59068524837493896484e-01) (11, -9.72200751304626464844e-01) (12, 1.91395103931427001953e+00) (13, -9.52662467956542968750e-01) (14, 5.68564713001251220703e-01) (15, 5.20807802677154541016e-01) (16, -1.19190394878387451172e+00) (17, 1.97852838039398193359e+00) (18, 6.91715240478515625000e-01) (19, -5.62628507614135742188e-01) (20, -4.43533134460449218750e+00) (21, 1.98333728313446044922e+00) (22, -2.60820937156677246094e+00) (23, -9.77729618549346923828e-01) (24, -8.62219035625457763672e-01) (25, 1.63485109806060791016e+00) (26, 1.05420041084289550781e+00) (27, 6.31697595119476318359e-01) (28, -5.09276688098907470703e-01) (29, -1.66996479034423828125e+00) (30, -1.12451374530792236328e+00) (31, 8.83382916450500488281e-01) (32, -2.58316099643707275391e-01) (33, -2.07891464233398437500e+00) (34, 5.19363069534301757812e+00) (35, -3.08364319801330566406e+00) (36, 3.33662450313568115234e-01) (37, -1.35597634315490722656e+00) (38, 1.39785885810852050781e+00) (39, 2.03182792663574218750e+00) (40, 1.21471643447875976562e+00) (41, -9.81128990650177001953e-01) (42, 7.80481278896331787109e-01) (43, 1.96223270893096923828e+00) (44, 1.55904841423034667969e+00) (45, 2.15864610671997070312e+00) (46, 5.30950009822845458984e-01) (47, 1.71722519397735595703e+00) (48, -1.81492614746093750000e+00) (49, -2.30649876594543457031e+00) (50, -6.31815671920776367188e-01) (51, 1.92757129669189453125e+00) (52, 9.66406643390655517578e-01) (53, 1.50063836574554443359e+00) (54, -5.07366359233856201172e-01) (55, 1.97571232914924621582e-01) (56, 8.13902556896209716797e-01) (57, -2.67330098152160644531e+00) (58, -6.69204354286193847656e-01) (59, -1.62418568134307861328e+00) (60, -7.41705715656280517578e-01) (61, -4.85951995849609375000e+00) (62, -6.27337813377380371094e-01) (63, 5.13190805912017822266e-01) (64, -3.51529717445373535156e+00) (65, 6.92432343959808349609e-01) (66, -4.89730924367904663086e-01) (67, -5.40145397186279296875e-01) (68, -2.28850722312927246094e+00) (69, -8.97556021809577941895e-02) (70, -9.07173845916986465454e-03) (71, 1.16299080848693847656e+00) (72, -1.54282760620117187500e+00) (73, 2.38329932093620300293e-01) (74, -3.30356627702713012695e-01) (75, 2.30087327957153320312e+00) (76, -2.03063058853149414062e+00) (77, -1.56019449234008789062e-01) (78, 4.63228017091751098633e-01) (79, -2.50668078660964965820e-01) (80, -5.48135757446289062500e-01) (81, -2.83764541149139404297e-01) (82, 1.04219245910644531250e+00) (83, 7.88214027881622314453e-01) (84, -5.15957057476043701172e-01) (85, 6.96071088314056396484e-01) (86, -2.04562053084373474121e-01) (87, -2.72711277008056640625e-01) (88, 2.26342424750328063965e-01) (89, 1.96979737281799316406e+00) (90, -7.34364330768585205078e-01) (91, 5.09687602519989013672e-01) (92, 4.20004993677139282227e-01) (93, -6.60147905349731445312e-01) (94, 7.14454114437103271484e-01) (95, 4.78871673345565795898e-01) (96, -2.67904251813888549805e-01) (97, 9.01100456714630126953e-01) (98, 1.82559347152709960938e+00) (99, -4.59376096725463867188e-01) (100, -4.48849469423294067383e-01) (101, 1.93264353275299072266e+00) (102, -6.77643299102783203125e-01) (103, 2.46310353279113769531e+00) (104, 2.21497225761413574219e+00) (0, 1.55893158912658691406e+00) (1, 6.24233603477478027344e-01) (2, 9.09133076667785644531e-01) (3, 6.54371261596679687500e-01) (4, -6.98203027248382568359e-01) (5, 4.12796586751937866211e-01) (6, 7.20564126968383789062e-01) (7, 6.60732328891754150391e-01) (8, -4.09030646085739135742e-01) (9, -9.99380648136138916016e-01) (10, -7.18267142772674560547e-01) (11, -1.11483192443847656250e+00) (12, -6.55675232410430908203e-01) (13, 8.12677443027496337891e-02) (14, -9.14313793182373046875e-01) (15, -9.98964250087738037109e-01) (16, 8.79383683204650878906e-01) (17, 6.90404832363128662109e-01) (18, 4.89543825387954711914e-01) (19, 5.91550409793853759766e-01) (20, 5.86559653282165527344e-01) (21, -1.41735565662384033203e+00) (22, 2.84573435783386230469e-01) (23, -1.06168842315673828125e+00) (24, 1.98070192337036132812e+00) (25, 6.21203005313873291016e-01) (26, -5.26539564132690429688e-01) (27, 6.08992338180541992188e-01) (28, 5.91539144515991210938e-01) (29, -5.84038197994232177734e-01) (30, 3.47086787223815917969e-01) (31, -5.14801979064941406250e-01) (32, -9.54024851322174072266e-01) (33, 3.20155948400497436523e-01) (34, -1.36240935325622558594e+00) (35, 4.15551155805587768555e-01) (36, -7.56187796592712402344e-01) (37, -3.77990305423736572266e-01) (38, 7.54553020000457763672e-01) (39, -6.17464661598205566406e-01) (40, -5.79406201839447021484e-01) (41, 4.75121676921844482422e-01) (42, -6.05556190013885498047e-01) (43, 6.96222126483917236328e-01) (44, -1.09818732738494873047e+00) (45, 8.74195173382759094238e-02) (46, 1.23681139945983886719e+00) (47, -7.24667668342590332031e-01) (48, 3.73017221689224243164e-01) (49, -3.81614416837692260742e-01) (50, -3.77594649791717529297e-01) (51, 7.03236997127532958984e-01) (52, 3.53551477193832397461e-01) (53, -1.22523844242095947266e+00) (54, -5.37583351135253906250e-01) (55, -9.44320738315582275391e-01) (56, 1.83286976814270019531e+00) (57, 2.77839928865432739258e-01) (58, -5.44559657573699951172e-01) (59, 6.32361650466918945312e-01) (60, -7.74604856967926025391e-01) (61, 4.02727931737899780273e-01) (62, -7.29875683784484863281e-01) (63, -3.80648225545883178711e-01) (64, 1.40117931365966796875e+00) (65, 4.68862682580947875977e-01) (66, -7.09747850894927978516e-01) (67, 6.52424335479736328125e-01) (68, -1.42929017543792724609e-01) (69, 6.18603408336639404297e-01) (70, -7.06267893314361572266e-01) (71, -6.76235735416412353516e-01) (72, 1.98601290583610534668e-01) (73, -8.73025119304656982422e-01) (74, 2.58648633956909179688e-01) (75, 1.42433023452758789062e+00) (76, -8.20551037788391113281e-01) (77, 4.22515302896499633789e-01) (78, 1.07142254710197448730e-01) (79, 9.39526379108428955078e-01) (80, -8.01803708076477050781e-01) (81, -6.28752291202545166016e-01) (82, 4.32793289422988891602e-01) (83, 3.55837553739547729492e-01) (84, -6.69900238513946533203e-01) (85, -3.35781350731849670410e-02) (86, -3.92894819378852844238e-02) (87, -7.17237591743469238281e-01) (88, -3.24861854314804077148e-01) (89, 5.24743676185607910156e-01) (90, 5.39360761642456054688e-01) (91, 1.24932265281677246094e+00) (92, -7.79623925685882568359e-01) (93, 6.82580947875976562500e-01) (94, 4.60359781980514526367e-01) (95, -7.62371182441711425781e-01) (96, -6.87239587306976318359e-01) (97, -3.48832994699478149414e-01) (98, 7.06619679927825927734e-01) (99, 1.21344578266143798828e+00) (100, 4.29653555154800415039e-01) (101, -7.83301711082458496094e-01) (102, 4.50788587331771850586e-01) (103, 1.53162777423858642578e+00) (104, 2.60383605957031250000e+00) (0, 1.40300810337066650391e+00) (1, 8.40093433856964111328e-01) (2, 4.36723947525024414062e-01) (3, -4.36172008514404296875e-01) (4, -8.15516412258148193359e-01) (5, -6.52204573154449462891e-01) (6, -6.66669785976409912109e-01) (7, 1.63050961494445800781e+00) (8, 7.48794615268707275391e-01) (9, 6.37672007083892822266e-01) (10, 3.61684620380401611328e-01) (11, -6.60943806171417236328e-01) (12, 1.08250701427459716797e+00) (13, -8.00675332546234130859e-01) (14, 4.15991485118865966797e-01) (15, -7.73080468177795410156e-01) (16, -7.93897330760955810547e-01) (17, -6.27780258655548095703e-01) (18, -3.88961970806121826172e-01) (19, 4.53490078449249267578e-01) (20, 6.93825721740722656250e-01) (21, 4.31475758552551269531e-01) (22, 5.11375188827514648438e-01) (23, 5.71944355964660644531e-01) (24, 6.00837171077728271484e-01) (25, 9.83626008033752441406e-01) (26, -7.37299442291259765625e-01) (27, -7.95213520526885986328e-01) (28, 1.16010415554046630859e+00) (29, 7.53136157989501953125e-01) (30, -6.60057067871093750000e-01) (31, 3.55697393417358398438e-01) (32, -7.75117278099060058594e-01) (33, -6.68384850025177001953e-01) (34, 1.87237322330474853516e+00) (35, -8.13572227954864501953e-01) (36, -7.43374884128570556641e-01) (37, 6.14362061023712158203e-01) (38, -7.62733340263366699219e-01) (39, -7.77114570140838623047e-01) (40, -7.65565216541290283203e-01) (41, 6.29613280296325683594e-01) (42, -7.79794931411743164062e-01) (43, 5.96739888191223144531e-01) (44, -3.97600263357162475586e-01) (45, -7.11681723594665527344e-01) (46, 1.33454918861389160156e+00) (47, -4.47312355041503906250e-01) (48, 3.68814706802368164062e-01) (49, -7.31951117515563964844e-01) (50, 5.54476499557495117188e-01) (51, 9.22529339790344238281e-01) (52, -3.93021225929260253906e-01) (53, 8.58017921447753906250e-01) (54, 5.66475272178649902344e-01) (55, -3.39532285928726196289e-01) (56, -7.56019473075866699219e-01) (57, 5.15663862228393554688e-01) (58, 5.44641911983489990234e-01) (59, 1.34292614459991455078e+00) (60, -5.16573071479797363281e-01) (61, 2.70349413156509399414e-01) (62, -3.90987545251846313477e-01) (63, -6.60816788673400878906e-01) (64, -8.47316443920135498047e-01) (65, -7.47109174728393554688e-01) (66, 1.21927464008331298828e+00) (67, 2.66429930925369262695e-01) (68, 1.20665395259857177734e+00) (69, -7.35995948314666748047e-01) (70, -8.07356536388397216797e-01) (71, 6.76540970802307128906e-01) (72, -4.93199348449707031250e-01) (73, 8.70203733444213867188e-01) (74, -7.09827363491058349609e-01) (75, -5.57293713092803955078e-01) (76, 8.93472135066986083984e-01) (77, -7.25678980350494384766e-01) (78, 1.85071671009063720703e+00) (79, 3.42487752437591552734e-01) (80, -7.07235574722290039062e-01) (81, 5.83877027034759521484e-01) (82, -7.53503262996673583984e-01) (83, 1.93350005149841308594e+00) (84, 9.20259654521942138672e-01) (85, -6.15754127502441406250e-01) (86, -7.53203868865966796875e-01) (87, 3.38420689105987548828e-01) (88, 5.33346295356750488281e-01) (89, -6.33112788200378417969e-01) (90, -6.84748768806457519531e-01) (91, -7.25790262222290039062e-01) (92, 2.83398389816284179688e+00) (93, -7.84662902355194091797e-01) (94, -7.70424365997314453125e-01) (95, -2.70403385162353515625e-01) (96, -7.88480937480926513672e-01) (97, -6.16811573505401611328e-01) (98, -5.99462568759918212891e-01) (99, -5.42293131351470947266e-01) (100, -6.70806229114532470703e-01) (101, 9.38857674598693847656e-01) (102, 2.48592942953109741211e-01) (103, 1.62618064880371093750e+00) (104, 2.51049923896789550781e+00) (0, 5.50590324401855468750e+00) (1, 1.37192463874816894531e+00) (2, 1.37512314319610595703e+00) (3, -1.12701582908630371094e+00) (4, 1.09065520763397216797e+00) (5, 9.60852205753326416016e-01) (6, -1.95962153375148773193e-02) (7, -1.19952276349067687988e-01) (8, -9.65929031372070312500e-01) (9, -3.25743079185485839844e-01) (10, -2.42847606539726257324e-01) (11, 7.09260880947113037109e-01) (12, -6.21124684810638427734e-01) (13, 3.94135260581970214844e+00) (14, 9.63222444057464599609e-01) (15, 8.54579031467437744141e-01) (16, -3.20126891136169433594e-01) (17, 1.00711607933044433594e+00) (18, 9.25803482532501220703e-01) (19, -2.21481308341026306152e-01) (20, 7.09287226200103759766e-01) (21, -3.74449968338012695312e-01) (22, 4.62899744510650634766e-01) (23, -6.17943704128265380859e-01) (24, -7.74993062019348144531e-01) (25, -7.18745768070220947266e-01) (26, 2.06102252006530761719e+00) (27, -3.34535419940948486328e-01) (28, 2.66519099473953247070e-01) (29, 7.46958076953887939453e-01) (30, -6.24679028987884521484e-01) (31, 2.00383472442626953125e+00) (32, 5.83672642707824707031e-01) (33, -7.77773201465606689453e-01) (34, -5.83847379684448242188e+00) (35, 7.06340149044990539551e-02) (36, -1.17370903491973876953e-01) (37, -1.41237485408782958984e+00) (38, 4.33777123689651489258e-01) (39, 6.72330081462860107422e-01) (40, 5.08661448955535888672e-01) (41, -3.21000432968139648438e+00) (42, 5.13123452663421630859e-01) (43, -9.48720395565032958984e-01) (44, 4.46157872676849365234e-01) (45, 1.05763100087642669678e-01) (46, -4.84052181243896484375e+00) (47, 3.15935462713241577148e-01) (48, -1.51334130764007568359e+00) (49, 1.03302919864654541016e+00) (50, 2.80565708875656127930e-01) (51, -6.95420861244201660156e-01) (52, -9.76058125495910644531e-01) (53, 6.60018742084503173828e-01) (54, -2.27864384651184082031e+00) (55, 1.49494445323944091797e+00) (56, -7.78277933597564697266e-01) (57, 1.45285636186599731445e-01) (58, -6.88042020797729492188e+00) (59, -7.71260738372802734375e+00) (60, 6.11177802085876464844e-01) (61, 4.22545433044433593750e+00) (62, 2.04969382286071777344e+00) (63, 2.15177750587463378906e+00) (64, 3.89256930351257324219e+00) (65, 2.03264021873474121094e+00) (66, -6.56097471714019775391e-01) (67, -3.25237369537353515625e+00) (68, -1.13278663158416748047e+00) (69, -3.06139135360717773438e+00) (70, 7.84776270389556884766e-01) (71, 6.77639186382293701172e-01) (72, -8.75573217868804931641e-01) (73, 3.70292377471923828125e+00) (74, 1.99219477176666259766e+00) (75, -1.09107625484466552734e+00) (76, -4.34437245130538940430e-01) (77, 2.06258726119995117188e+00) (78, 2.54462695121765136719e+00) (79, -4.95894956588745117188e+00) (80, -8.76160907745361328125e+00) (81, -1.02924501895904541016e+00) (82, 2.38817065954208374023e-01) (83, -3.46171468496322631836e-01) (84, -2.95512918382883071899e-02) (85, -4.55119341611862182617e-01) (86, 1.96858572959899902344e+00) (87, -1.06565904617309570312e+00) (88, 2.26589107513427734375e+00) (89, -5.31622886657714843750e-01) (90, -9.08671021461486816406e-01) (91, -3.26197600364685058594e+00) (92, 9.00974750518798828125e-01) (93, 1.29604399204254150391e+00) (94, -8.00069212913513183594e-01) (95, -1.86775517463684082031e+00) (96, 7.98106312751770019531e-01) (97, -2.67227977514266967773e-01) (98, -1.95417034626007080078e+00) (99, -1.00733935832977294922e+00) (100, 8.73120367527008056641e-01) (101, -4.26564168930053710938e+00) (102, 3.23435354232788085938e+00) (103, 3.74208658933639526367e-01) (104, 1.39049828052520751953e+00) (0, 2.21314072608947753906e-01) (1, 6.81003630161285400391e-01) (2, -7.19912648200988769531e-01) (3, -6.33077323436737060547e-01) (4, -7.35565245151519775391e-01) (5, -3.39774399995803833008e-01) (6, -7.28811264038085937500e-01) (7, -6.05247259140014648438e-01) (8, 6.09644770622253417969e-01) (9, 3.71387720108032226562e-01) (10, -3.23323875665664672852e-01) (11, 9.20005589723587036133e-02) (12, 7.97551810741424560547e-01) (13, -1.44493028521537780762e-01) (14, 6.32829904556274414062e-01) (15, -5.81151127815246582031e-01) (16, -6.94917738437652587891e-01) (17, 2.56706416606903076172e-01) (18, 8.07378828525543212891e-01) (19, -3.24818670749664306641e-01) (20, -6.81407451629638671875e-01) (21, 6.56467676162719726562e-01) (22, 2.74904835969209671021e-02) (23, 8.45957398414611816406e-01) (24, 7.40795254707336425781e-01) (25, -6.75056278705596923828e-01) (26, -5.97361683845520019531e-01) (27, -6.39636337757110595703e-01) (28, 4.62142705917358398438e-01) (29, 1.89092367887496948242e-01) (30, -3.53880859911441802979e-02) (31, -3.01477611064910888672e-02) (32, 2.98588335514068603516e-01) (33, 2.03377395868301391602e-01) (34, -3.23747619986534118652e-02) (35, -5.86430191993713378906e-01) (36, -6.44702732563018798828e-01) (37, -3.10341894626617431641e-01) (38, -6.46484375000000000000e-01) (39, 8.05000722408294677734e-01) (40, -4.82797712087631225586e-01) (41, -6.10066175460815429688e-01) (42, 6.74102425575256347656e-01) (43, 6.19665205478668212891e-01) (44, 2.29352712631225585938e-01) (45, -5.87135672569274902344e-01) (46, -5.50812184810638427734e-01) (47, 2.61902570724487304688e-01) (48, -5.95632791519165039062e-01) (49, -4.96411204338073730469e-01) (50, -3.51481884717941284180e-01) (51, 4.18499350547790527344e-01) (52, 5.76484680175781250000e-01) (53, 1.73598909378051757812e+00) (54, 1.01379287242889404297e+00) (55, 4.50734734535217285156e-01) (56, 6.55565917491912841797e-01) (57, 2.15595215559005737305e-01) (58, 4.88327980041503906250e-01) (59, 7.13694334030151367188e-01) (60, -7.06541657447814941406e-01) (61, 5.37300288677215576172e-01) (62, -6.20512664318084716797e-01) (63, -6.62665247917175292969e-01) (64, -1.18137323856353759766e+00) (65, -7.12683558464050292969e-01) (66, 3.87116253376007080078e-01) (67, -4.46062497794628143311e-02) (68, 2.83459126949310302734e-01) (69, 2.62764334678649902344e-01) (70, 6.89578592777252197266e-01) (71, 6.84350967407226562500e-01) (72, 8.67879331111907958984e-01) (73, -8.20551216602325439453e-01) (74, -3.47188413143157958984e-01) (75, 8.67572665214538574219e-01) (76, -2.78484344482421875000e-01) (77, -5.90633749961853027344e-01) (78, 1.41051447391510009766e+00) (79, -6.57347381114959716797e-01) (80, -5.37892758846282958984e-01) (81, -3.80547612905502319336e-01) (82, 2.26875334978103637695e-01) (83, 1.07481873035430908203e+00) (84, -5.60370683670043945312e-01) (85, -4.95531409978866577148e-01) (86, -6.84205114841461181641e-01) (87, 9.34769272804260253906e-01) (88, -6.90115034580230712891e-01) (89, 1.13419532775878906250e+00) (90, 7.09058642387390136719e-01) (91, 8.02499055862426757812e-01) (92, 1.20072114467620849609e+00) (93, 7.10869431495666503906e-01) (94, 6.74647510051727294922e-01) (95, -2.37448394298553466797e-01) (96, 2.68992543220520019531e-01) (97, -2.75650322437286376953e-01) (98, 3.41286242008209228516e-01) (99, -3.14978837966918945312e-01) (100, 6.26480579376220703125e-01) (101, -2.12803810834884643555e-01) (102, 7.32038497924804687500e-01) (103, 1.35477387905120849609e+00) (104, 2.61746692657470703125e+00) (0, 1.69009470939636230469e+00) (1, 4.51723575592041015625e+00) (2, -4.73854035139083862305e-01) (3, 9.78538572788238525391e-01) (4, -5.02709090709686279297e-01) (5, 4.48764562606811523438e-01) (6, 7.04370439052581787109e-01) (7, 1.78628909587860107422e+00) (8, -5.80754041671752929688e+00) (9, -6.88696980476379394531e-01) (10, 1.62115585803985595703e+00) (11, -1.23558604717254638672e+00) (12, 7.37788558006286621094e-01) (13, 2.13050365447998046875e+00) (14, 4.38193023204803466797e-01) (15, -8.10272932052612304688e-01) (16, 7.62083053588867187500e-01) (17, -6.61466550827026367188e+00) (18, -6.43687844276428222656e-01) (19, -6.23965084552764892578e-01) (20, -9.78561460971832275391e-01) (21, -6.75351440906524658203e-01) (22, -4.90656971931457519531e-01) (23, -7.23865687847137451172e-01) (24, 3.26604294776916503906e+00) (25, -5.60418903827667236328e-01) (26, 1.07800729572772979736e-01) (27, -7.56667256355285644531e-01) (28, 1.11550045013427734375e+00) (29, -1.55709874629974365234e+00) (30, -5.46752631664276123047e-01) (31, -4.57827299833297729492e-02) (32, 3.40933632850646972656e+00) (33, -2.49283164739608764648e-01) (34, 5.09380960464477539062e+00) (35, 2.58432209491729736328e-01) (36, -5.53159523010253906250e+00) (37, 2.27803754806518554688e+00) (38, -7.26689815521240234375e-01) (39, -1.77616381645202636719e+00) (40, 9.39857125282287597656e-01) (41, -1.18371379375457763672e+00) (42, -6.93711519241333007812e-01) (43, -1.51863527297973632812e+00) (44, 3.76884371042251586914e-01) (45, -1.61950504779815673828e+00) (46, 5.32195806503295898438e-01) (47, -1.39837789535522460938e+01) (48, -3.57762694358825683594e+00) (49, -1.66851568222045898438e+00) (50, -3.82683253288269042969e+00) (51, -4.43323910236358642578e-01) (52, 1.29596018791198730469e+00) (53, 7.04249888658523559570e-02) (54, 6.51191711425781250000e-01) (55, 5.41309356689453125000e-01) (56, -3.82962942123413085938e+00) (57, 3.19225740432739257812e+00) (58, -6.73308730125427246094e-01) (59, 4.07276630401611328125e+00) (60, 4.72399294376373291016e-01) (61, 4.62719559669494628906e-01) (62, 6.11870467662811279297e-01) (63, -7.95799076557159423828e-01) (64, -8.63786792755126953125e+00) (65, -6.54251337051391601562e-01) (66, 3.04306101799011230469e+00) (67, 4.06493782997131347656e-01) (68, 1.09243738651275634766e+00) (69, 1.89533758163452148438e+00) (70, 7.43552207946777343750e-01) (71, 6.89227104187011718750e-01) (72, 4.76191341876983642578e-01) (73, 1.49675524234771728516e+00) (74, 7.12027907371520996094e-01) (75, 6.56319677829742431641e-01) (76, -1.05197153985500335693e-01) (77, 2.19789415597915649414e-01) (78, 6.89064681529998779297e-01) (79, 1.37256443500518798828e-01) (80, -3.48396629095077514648e-01) (81, 1.68553745746612548828e+00) (82, -6.72339618206024169922e-01) (83, 2.03947019577026367188e+00) (84, -6.69546365737915039062e-01) (85, 5.92417538166046142578e-01) (86, -7.05527186393737792969e-01) (87, -7.99790143966674804688e-01) (88, -7.72618889808654785156e-01) (89, -6.44817292690277099609e-01) (90, -1.03201758861541748047e+00) (91, -8.09450149536132812500e-01) (92, 1.70847642421722412109e+00) (93, -8.66825878620147705078e-01) (94, -7.23850309848785400391e-01) (95, -6.93240523338317871094e-01) (96, -7.19537913799285888672e-01) (97, -6.17178857326507568359e-01) (98, -7.05675303936004638672e-01) (99, -7.31637537479400634766e-01) (100, -7.15556919574737548828e-01) (101, -7.27299749851226806641e-01) (102, 1.69837057590484619141e-01) (103, 1.85218155384063720703e+00) (104, 2.58819341659545898438e+00) (0, 2.14597404003143310547e-01) (1, -4.31371480226516723633e-01) (2, 5.31713724136352539062e-01) (3, 2.19740614295005798340e-01) (4, -5.77805876731872558594e-01) (5, 1.61356890201568603516e+00) (6, -6.89486861228942871094e-01) (7, -8.09540152549743652344e-01) (8, 3.70458751916885375977e-01) (9, -7.97574758529663085938e-01) (10, -7.72018671035766601562e-01) (11, 1.92962217330932617188e+00) (12, -7.50105738639831542969e-01) (13, -5.11184573173522949219e-01) (14, -6.26002848148345947266e-01) (15, -6.76464557647705078125e-01) (16, 5.22763371467590332031e-01) (17, -1.39504444599151611328e+00) (18, 5.07714867591857910156e-01) (19, -6.66082620620727539062e-01) (20, 6.46489441394805908203e-01) (21, -6.11902296543121337891e-01) (22, 2.75666028261184692383e-01) (23, 1.01003885269165039062e-01) (24, 2.86827850341796875000e+00) (25, -6.18452310562133789062e-01) (26, 6.34387254714965820312e-01) (27, 6.14496231079101562500e-01) (28, -6.98442220687866210938e-01) (29, 5.42310953140258789062e-01) (30, 1.22252061963081359863e-01) (31, -6.72327220439910888672e-01) (32, 6.12421631813049316406e-01) (33, -7.90717542171478271484e-01) (34, 1.36439371109008789062e+00) (35, -5.57119846343994140625e-01) (36, -4.03125107288360595703e-01) (37, -8.10563087463378906250e-01) (38, -5.94709515571594238281e-01) (39, -5.98368227481842041016e-01) (40, -5.13155400753021240234e-01) (41, 5.53216099739074707031e-01) (42, -5.80548644065856933594e-01) (43, -7.59021878242492675781e-01) (44, -7.65856981277465820312e-01) (45, -7.52829551696777343750e-01) (46, 1.95238959789276123047e+00) (47, 1.80930459499359130859e+00) (48, 9.66746270656585693359e-01) (49, 3.11327517032623291016e-01) (50, -7.86772310733795166016e-01) (51, -2.07131028175354003906e-01) (52, -5.88415145874023437500e-01) (53, -6.88820779323577880859e-01) (54, -6.95714056491851806641e-01) (55, 1.32283580303192138672e+00) (56, 3.43054682016372680664e-01) (57, 8.86369407176971435547e-01) (58, 8.21621894836425781250e-01) (59, 7.37167358398437500000e-01) (60, -7.17330813407897949219e-01) (61, -9.28043782711029052734e-01) (62, -6.25952422618865966797e-01) (63, -6.79572343826293945312e-01) (64, 9.41897034645080566406e-01) (65, -6.86577677726745605469e-01) (66, 6.05147480964660644531e-01) (67, 5.21403849124908447266e-01) (68, 1.90640461444854736328e+00) (69, 1.91235923767089843750e+00) (70, -5.75802624225616455078e-01) (71, -7.04923033714294433594e-01) (72, 1.68121442198753356934e-01) (73, 8.67946028709411621094e-01) (74, -5.84827125072479248047e-01) (75, -4.85252141952514648438e-01) (76, -6.43797039985656738281e-01) (77, -5.60886085033416748047e-01) (78, 1.92758426070213317871e-01) (79, -1.41754910349845886230e-01) (80, 8.18423449993133544922e-01) (81, 6.16551816463470458984e-01) (82, 7.22378909587860107422e-01) (83, -7.50366568565368652344e-01) (84, 6.37485206127166748047e-01) (85, 1.89044618606567382812e+00) (86, -6.05350911617279052734e-01) (87, 6.60737335681915283203e-01) (88, 7.62186527252197265625e-01) (89, -6.09393656253814697266e-01) (90, -4.72498267889022827148e-01) (91, 2.11534023284912109375e+00) (92, -7.64200448989868164062e-01) (93, -7.41159975528717041016e-01) (94, -5.96589028835296630859e-01) (95, -7.61314213275909423828e-01) (96, -1.05752706527709960938e+00) (97, -7.41255760192871093750e-01) (98, 5.91720819473266601562e-01) (99, -4.90600615739822387695e-01) (100, -6.96924626827239990234e-01) (101, -6.88314378261566162109e-01) (102, 7.56289243698120117188e-01) (103, 1.16193103790283203125e+00) (104, 2.48811459541320800781e+00) (0, -7.67670571804046630859e-02) (1, 5.93171775341033935547e-01) (2, 6.85105741024017333984e-01) (3, -8.25375080108642578125e-01) (4, -4.08929139375686645508e-01) (5, 3.29056620597839355469e+00) (6, -1.63030338287353515625e+00) (7, 3.93652725219726562500e+00) (8, 5.99879455566406250000e+00) (9, 2.01574945449829101562e+00) (10, 1.65889430046081542969e+00) (11, -5.00486969947814941406e-01) (12, 1.45668864250183105469e+00) (13, -5.66356754302978515625e+00) (14, 9.29641246795654296875e-01) (15, -3.22788095474243164062e+00) (16, -2.31026625633239746094e+00) (17, 2.34970521926879882812e+00) (18, -4.51573342084884643555e-01) (19, 6.14888489246368408203e-01) (20, -4.40457153320312500000e+00) (21, -5.97205400466918945312e-01) (22, -3.01546907424926757812e+00) (23, -1.40613305568695068359e+00) (24, -4.48503881692886352539e-01) (25, 8.89272594451904296875e+00) (26, 6.87262773513793945312e-01) (27, 6.64199113845825195312e-01) (28, 5.65831959247589111328e-01) (29, 5.24349594116210937500e+00) (30, -6.76408195495605468750e+00) (31, -3.00405561923980712891e-01) (32, 1.31617772579193115234e+00) (33, -4.18680620193481445312e+00) (34, -2.54025626182556152344e+00) (35, -9.55251753330230712891e-01) (36, 1.54652249813079833984e+00) (37, 2.06594038009643554688e+00) (38, 8.88987183570861816406e-01) (39, 3.47637057304382324219e-01) (40, -6.17917919158935546875e+00) (41, 7.36165225505828857422e-01) (42, -9.47385430335998535156e-01) (43, 3.74074196815490722656e+00) (44, -1.07021932601928710938e+01) (45, 2.36184644699096679688e+00) (46, 8.06549072265625000000e-01) (47, 3.44711154699325561523e-01) (48, -5.19615697860717773438e+00) (49, -1.40731334686279296875e+00) (50, -1.07529330253601074219e+00) (51, 3.72484087944030761719e-01) (52, -2.12249159812927246094e+00) (53, 2.25634694099426269531e-01) (54, -2.85525417327880859375e+00) (55, -4.96436214447021484375e+00) (56, 4.53687548637390136719e-01) (57, 1.95440292358398437500e+00) (58, 1.69493091106414794922e+00) (59, -4.40677911043167114258e-01) (60, 2.42361873388290405273e-01) (61, 2.19483137130737304688e+00) (62, -2.94467002153396606445e-01) (63, 6.67812049388885498047e-01) (64, -4.32988405227661132812e+00) (65, 7.35376000404357910156e-01) (66, 1.71292448043823242188e+00) (67, 2.20970641821622848511e-02) (68, 1.43647819757461547852e-01) (69, -6.89824461936950683594e-01) (70, -7.23396122455596923828e-01) (71, -1.23861038684844970703e+00) (72, -1.21956133842468261719e+00) (73, 2.21595978736877441406e+00) (74, 8.04717898368835449219e-01) (75, -6.87648117542266845703e-01) (76, 3.41664910316467285156e+00) (77, 4.26424801349639892578e-01) (78, -8.33663284778594970703e-01) (79, 1.17345619201660156250e+00) (80, -1.00775432586669921875e+00) (81, -3.24611735343933105469e+00) (82, -1.71684086322784423828e+00) (83, -1.52158999443054199219e+00) (84, 1.04840087890625000000e+00) (85, 4.71358871459960937500e+00) (86, -7.96484768390655517578e-01) (87, -3.58910560607910156250e-01) (88, 7.05693244934082031250e-01) (89, -1.84849739074707031250e+00) (90, 6.50532186031341552734e-01) (91, -8.97350162267684936523e-03) (92, -6.33795022964477539062e-01) (93, -6.69882774353027343750e-01) (94, -6.46893203258514404297e-01) (95, 2.66039443016052246094e+00) (96, -8.08604955673217773438e-01) (97, -6.94589614868164062500e-01) (98, 1.41641116142272949219e+00) (99, -5.06456732749938964844e-01) (100, -5.88693082332611083984e-01) (101, -8.76666247844696044922e-01) (102, -9.17905807495117187500e-01) (103, 2.88863468170166015625e+00) (104, 2.54416394233703613281e+00) (0, 6.02843880653381347656e-01) (1, -4.31945800781250000000e+00) (2, 8.73028337955474853516e-01) (3, 5.93704223632812500000e-01) (4, 7.07482397556304931641e-01) (5, 5.09867548942565917969e-01) (6, -3.79382896423339843750e+00) (7, -2.95828199386596679688e+00) (8, 2.15147762298583984375e+01) (9, 5.46288371086120605469e-01) (10, 5.59920728206634521484e-01) (11, 2.46233534812927246094e+00) (12, -1.00364971160888671875e+00) (13, 8.34017276763916015625e-01) (14, 4.75159138441085815430e-01) (15, 7.48090386390686035156e-01) (16, 1.98412537574768066406e+00) (17, -8.56418132781982421875e-01) (18, 3.58183473348617553711e-01) (19, 6.73666596412658691406e-01) (20, 3.33906441926956176758e-01) (21, -7.29102551937103271484e-01) (22, 5.52932024002075195312e-01) (23, -9.52654004096984863281e-01) (24, 1.71552792191505432129e-01) (25, -9.07341539859771728516e-01) (26, 4.63822692632675170898e-01) (27, -8.04716765880584716797e-01) (28, -8.48541140556335449219e-01) (29, -2.08019003272056579590e-01) (30, -8.68022441864013671875e-01) (31, -8.52534949779510498047e-01) (32, -2.92911696434020996094e+00) (33, -8.79984140396118164062e-01) (34, -2.10775613784790039062e+00) (35, -1.08472406864166259766e+00) (36, 8.28714430332183837891e-01) (37, -2.13012290000915527344e+00) (38, 2.82616894692182540894e-02) (39, -9.87321496009826660156e-01) (40, -8.15713524818420410156e-01) (41, -4.54162263870239257812e+00) (42, -7.55011081695556640625e-01) (43, -8.77963602542877197266e-01) (44, -7.56432056427001953125e-01) (45, -9.77292180061340332031e-01) (46, -9.57296562194824218750e+00) (47, -2.07642245292663574219e+00) (48, -1.35587966442108154297e+00) (49, -1.04118680953979492188e+00) (50, -9.58658754825592041016e-01) (51, -9.28260505199432373047e-01) (52, -9.19528245925903320312e-01) (53, -1.71884858608245849609e+00) (54, 5.33959388732910156250e-01) (55, -3.01156067848205566406e+00) (56, 5.59097826480865478516e-01) (57, 6.80228888988494873047e-01) (58, -7.24855959415435791016e-01) (59, -2.03468695282936096191e-01) (60, -6.85758054256439208984e-01) (61, 9.49298322200775146484e-01) (62, 5.79149305820465087891e-01) (63, 8.30963075160980224609e-01) (64, 1.70374274253845214844e+00) (65, 5.72247803211212158203e-01) (66, -9.16410624980926513672e-01) (67, -7.25703477859497070312e-01) (68, 5.27818441390991210938e-01) (69, 8.96711170673370361328e-01) (70, 6.04619264602661132812e-01) (71, -7.79866516590118408203e-01) (72, 4.42122220993041992188e-01) (73, -1.27378201484680175781e+00) (74, -6.73861801624298095703e-01) (75, 5.65871000289916992188e-01) (76, -5.30013680458068847656e-01) (77, 6.45467996597290039062e-01) (78, -7.82561302185058593750e-01) (79, -5.80193877220153808594e-01) (80, 3.19457501173019409180e-01) (81, -4.49930953979492187500e+00) (82, -2.59298503398895263672e-01) (83, -8.30761432647705078125e-01) (84, -7.20369338989257812500e-01) (85, -7.61337876319885253906e-01) (86, 6.49732649326324462891e-01) (87, 5.13547837734222412109e-01) (88, -2.42491766810417175293e-01) (89, -3.42157220840454101562e+00) (90, 7.96312153339385986328e-01) (91, 5.16652703285217285156e-01) (92, -8.36131095886230468750e-01) (93, -7.50011920928955078125e-01) (94, 5.66439568996429443359e-01) (95, 4.64836806058883666992e-01) (96, 2.87838518619537353516e-01) (97, 6.92412555217742919922e-01) (98, 4.02827233076095581055e-01) (99, 6.93598985671997070312e-01) (100, 5.60008704662322998047e-01) (101, 4.19196635484695434570e-01) (102, 1.55149137973785400391e+00) (103, 7.39941656589508056641e-01) (104, 1.41969048976898193359e+00) (105, 1.94425666332244873047e+00) (106, 8.86591851711273193359e-01) (107, 1.53051841259002685547e+00) (108, -1.79705584049224853516e+00) (109, -1.33063852787017822266e+00) (110, 8.26260447502136230469e-01) (111, -2.65469408035278320312e+00) (112, 2.24169945716857910156e+00) (113, -1.72543013095855712891e+00) (114, -9.62920486927032470703e-01) (115, -1.56099689006805419922e+00) (116, 2.56609106063842773438e+00) (117, 1.87148499488830566406e+00) (118, -7.38702595233917236328e-01) (119, 2.69032692909240722656e+00) (120, -1.15083551406860351562e+00) (121, -1.71182990074157714844e+00) (122, 1.05198395252227783203e+00) (123, -1.95899510383605957031e+00) (124, 8.34990620613098144531e-01) (125, 7.33527660369873046875e-01) 
