FANN_FLO_2.1
num_layers=3
learning_rate=0.700000
connection_rate=1.000000
network_type=0
learning_momentum=0.000000
training_algorithm=2
train_error_function=1
train_stop_function=0
cascade_output_change_fraction=0.010000
quickprop_decay=-0.000100
quickprop_mu=1.750000
rprop_increase_factor=1.200000
rprop_decrease_factor=0.500000
rprop_delta_min=0.000000
rprop_delta_max=50.000000
rprop_delta_zero=0.100000
cascade_output_stagnation_epochs=12
cascade_candidate_change_fraction=0.010000
cascade_candidate_stagnation_epochs=12
cascade_max_out_epochs=150
cascade_max_cand_epochs=150
cascade_num_candidate_groups=2
bit_fail_limit=3.49999994039535522461e-01
cascade_candidate_limit=1.00000000000000000000e+03
cascade_weight_multiplier=4.00000005960464477539e-01
cascade_activation_functions_count=10
cascade_activation_functions=3 5 7 8 10 11 14 15 16 17 
cascade_activation_steepnesses_count=4
cascade_activation_steepnesses=2.50000000000000000000e-01 5.00000000000000000000e-01 7.50000000000000000000e-01 1.00000000000000000000e+00 
layer_sizes=105 26 2 
scale_included=0
neurons (num_inputs, activation_function, activation_steepness)=(0, 0, 0.00000000000000000000e+00) (0, 0, 0.00000000000000000000e+00) (0, 0, 0.00000000000000000000e+00) (0, 0, 0.00000000000000000000e+00) (0, 0, 0.00000000000000000000e+00) (0, 0, 0.00000000000000000000e+00) (0, 0, 0.00000000000000000000e+00) (0, 0, 0.00000000000000000000e+00) (0, 0, 0.00000000000000000000e+00) (0, 0, 0.00000000000000000000e+00) (0, 0, 0.00000000000000000000e+00) (0, 0, 0.00000000000000000000e+00) (0, 0, 0.00000000000000000000e+00) (0, 0, 0.00000000000000000000e+00) (0, 0, 0.00000000000000000000e+00) (0, 0, 0.00000000000000000000e+00) (0, 0, 0.00000000000000000000e+00) (0, 0, 0.00000000000000000000e+00) (0, 0, 0.00000000000000000000e+00) (0, 0, 0.00000000000000000000e+00) (0, 0, 0.00000000000000000000e+00) (0, 0, 0.00000000000000000000e+00) (0, 0, 0.00000000000000000000e+00) (0, 0, 0.00000000000000000000e+00) (0, 0, 0.00000000000000000000e+00) (0, 0, 0.00000000000000000000e+00) (0, 0, 0.00000000000000000000e+00) (0, 0, 0.00000000000000000000e+00) (0, 0, 0.00000000000000000000e+00) (0, 0, 0.00000000000000000000e+00) (0, 0, 0.00000000000000000000e+00) (0, 0, 0.00000000000000000000e+00) (0, 0, 0.00000000000000000000e+00) (0, 0, 0.00000000000000000000e+00) (0, 0, 0.00000000000000000000e+00) (0, 0, 0.00000000000000000000e+00) (0, 0, 0.00000000000000000000e+00) (0, 0, 0.00000000000000000000e+00) (0, 0, 0.00000000000000000000e+00) (0, 0, 0.00000000000000000000e+00) (0, 0, 0.00000000000000000000e+00) (0, 0, 0.00000000000000000000e+00) (0, 0, 0.00000000000000000000e+00) (0, 0, 0.00000000000000000000e+00) (0, 0, 0.00000000000000000000e+00) (0, 0, 0.00000000000000000000e+00) (0, 0, 0.00000000000000000000e+00) (0, 0, 0.00000000000000000000e+00) (0, 0, 0.00000000000000000000e+00) (0, 0, 0.00000000000000000000e+00) (0, 0, 0.00000000000000000000e+00) (0, 0, 0.00000000000000000000e+00) (0, 0, 0.00000000000000000000e+00) (0, 0, 0.00000000000000000000e+00) (0, 0, 0.00000000000000000000e+00) (0, 0, 0.00000000000000000000e+00) (0, 0, 0.00000000000000000000e+00) (0, 0, 0.00000000000000000000e+00) (0, 0, 0.00000000000000000000e+00) (0, 0, 0.00000000000000000000e+00) (0, 0, 0.00000000000000000000e+00) (0, 0, 0.00000000000000000000e+00) (0, 0, 0.00000000000000000000e+00) (0, 0, 0.00000000000000000000e+00) (0, 0, 0.00000000000000000000e+00) (0, 0, 0.00000000000000000000e+00) (0, 0, 0.00000000000000000000e+00) (0, 0, 0.00000000000000000000e+00) (0, 0, 0.00000000000000000000e+00) (0, 0, 0.00000000000000000000e+00) (0, 0, 0.00000000000000000000e+00) (0, 0, 0.00000000000000000000e+00) (0, 0, 0.00000000000000000000e+00) (0, 0, 0.00000000000000000000e+00) (0, 0, 0.00000000000000000000e+00) (0, 0, 0.00000000000000000000e+00) (0, 0, 0.00000000000000000000e+00) (0, 0, 0.00000000000000000000e+00) (0, 0, 0.00000000000000000000e+00) (0, 0, 0.00000000000000000000e+00) (0, 0, 0.00000000000000000000e+00) (0, 0, 0.00000000000000000000e+00) (0, 0, 0.00000000000000000000e+00) (0, 0, 0.00000000000000000000e+00) (0, 0, 0.00000000000000000000e+00) (0, 0, 0.00000000000000000000e+00) (0, 0, 0.00000000000000000000e+00) (0, 0, 0.00000000000000000000e+00) (0, 0, 0.00000000000000000000e+00) (0, 0, 0.00000000000000000000e+00) (0, 0, 0.00000000000000000000e+00) (0, 0, 0.00000000000000000000e+00) (0, 0, 0.00000000000000000000e+00) (0, 0, 0.00000000000000000000e+00) (0, 0, 0.00000000000000000000e+00) (0, 0, 0.00000000000000000000e+00) (0, 0, 0.00000000000000000000e+00) (0, 0, 0.00000000000000000000e+00) (0, 0, 0.00000000000000000000e+00) (0, 0, 0.00000000000000000000e+00) (0, 0, 0.00000000000000000000e+00) (0, 0, 0.00000000000000000000e+00) (0, 0, 0.00000000000000000000e+00) (0, 0, 0.00000000000000000000e+00) (0, 0, 0.00000000000000000000e+00) (105, 5, 5.00000000000000000000e-01) (105, 5, 5.00000000000000000000e-01) (105, 5, 5.00000000000000000000e-01) (105, 5, 5.00000000000000000000e-01) (105, 5, 5.00000000000000000000e-01) (105, 5, 5.00000000000000000000e-01) (105, 5, 5.00000000000000000000e-01) (105, 5, 5.00000000000000000000e-01) (105, 5, 5.00000000000000000000e-01) (105, 5, 5.00000000000000000000e-01) (105, 5, 5.00000000000000000000e-01) (105, 5, 5.00000000000000000000e-01) (105, 5, 5.00000000000000000000e-01) (105, 5, 5.00000000000000000000e-01) (105, 5, 5.00000000000000000000e-01) (105, 5, 5.00000000000000000000e-01) (105, 5, 5.00000000000000000000e-01) (105, 5, 5.00000000000000000000e-01) (105, 5, 5.00000000000000000000e-01) (105, 5, 5.00000000000000000000e-01) (105, 5, 5.00000000000000000000e-01) (105, 5, 5.00000000000000000000e-01) (105, 5, 5.00000000000000000000e-01) (105, 5, 5.00000000000000000000e-01) (105, 5, 5.00000000000000000000e-01) (0, 5, 0.00000000000000000000e+00) (26, 5, 5.00000000000000000000e-01) (0, 5, 0.00000000000000000000e+00) 
connections (connected_to_neuron, weight)=(0, -1.30075788497924804688e+00) (1, -1.59062266349792480469e-01) (2, -4.83899563550949096680e-01) (3, -1.56752660870552062988e-01) (4, -5.18278539180755615234e-01) (5, 4.13835585117340087891e-01) (6, -3.39248687028884887695e-01) (7, 1.84643590450286865234e+00) (8, 5.94941675662994384766e-01) (9, -3.43714416027069091797e-01) (10, 6.02778911590576171875e-01) (11, -5.05353286862373352051e-02) (12, -9.98298227787017822266e-02) (13, 2.35031223297119140625e+00) (14, -8.33131894469261169434e-02) (15, -3.71692061424255371094e-01) (16, -4.01521921157836914062e-01) (17, -2.09087058901786804199e-02) (18, -7.04663038253784179688e-01) (19, -4.67384457588195800781e-01) (20, 3.23472201824188232422e-01) (21, 5.56061193346977233887e-02) (22, 1.67239737510681152344e+00) (23, -1.65385591983795166016e+00) (24, -9.10475850105285644531e-01) (25, 1.87341976165771484375e+00) (26, -8.56527745723724365234e-01) (27, -7.38908171653747558594e-01) (28, -6.57054036855697631836e-02) (29, -7.44837582111358642578e-01) (30, 2.55674362182617187500e-01) (31, -6.90101981163024902344e-01) (32, -2.39524021744728088379e-02) (33, -6.43361926078796386719e-01) (34, 3.40267038345336914062e+00) (35, -6.20279192924499511719e-01) (36, -7.96801209449768066406e-01) (37, -7.65116930007934570312e-01) (38, -7.74415075778961181641e-01) (39, -9.40241694450378417969e-01) (40, -8.43276441097259521484e-01) (41, -1.58562016487121582031e+00) (42, -3.02585601806640625000e-01) (43, -7.48188853263854980469e-01) (44, -7.47300148010253906250e-01) (45, -7.30875492095947265625e-01) (46, -1.05671322345733642578e+00) (47, 1.78313922882080078125e+00) (48, -8.46437573432922363281e-01) (49, -7.05550611019134521484e-01) (50, -8.52971255779266357422e-01) (51, -4.34586286544799804688e-01) (52, -3.15509259700775146484e-01) (53, -1.15551412105560302734e+00) (54, -4.67426657676696777344e-01) (55, -4.84637022018432617188e+00) (56, -4.33015495538711547852e-01) (57, -1.62836885452270507812e+00) (58, 2.87351441383361816406e+00) (59, 6.80251312255859375000e+00) (60, -5.03267943859100341797e-01) (61, -1.45941424369812011719e+00) (62, -2.68516421318054199219e-01) (63, -3.58831405639648437500e-01) (64, 2.17154979705810546875e+00) (65, -3.10799539089202880859e-01) (66, 4.28834438323974609375e+00) (67, 2.61141926050186157227e-01) (68, 1.70651412010192871094e+00) (69, 8.87740314006805419922e-01) (70, 9.11126375198364257812e-01) (71, -3.67253899574279785156e-01) (72, -2.92043417692184448242e-01) (73, -1.65186059474945068359e+00) (74, -3.91715019941329956055e-01) (75, 3.57244163751602172852e-01) (76, 1.88335764408111572266e+00) (77, -3.57800871133804321289e-01) (78, 9.74143505096435546875e-01) (79, -2.38578367233276367188e+00) (80, 2.41799402236938476562e+00) (81, 3.68330478668212890625e+00) (82, 1.13582992553710937500e+00) (83, -7.32045590877532958984e-01) (84, 4.82179880142211914062e+00) (85, -8.92374217510223388672e-01) (86, -4.74598467350006103516e-01) (87, -3.80927741527557373047e-01) (88, 2.39519453048706054688e+00) (89, 4.69835758209228515625e+00) (90, 1.80966985225677490234e+00) (91, 2.91936016082763671875e+00) (92, 2.12099051475524902344e+00) (93, 2.72128534317016601562e+00) (94, -4.38881397247314453125e-01) (95, 2.41077566146850585938e+00) (96, -2.71169245243072509766e-01) (97, -6.20399332046508789062e+00) (98, 7.02929544448852539062e+00) (99, -5.15710163116455078125e+00) (100, -4.31187838315963745117e-01) (101, 2.46536374092102050781e+00) (102, 1.59644317626953125000e+00) (103, 6.34874045848846435547e-01) (104, 2.26179790496826171875e+00) (0, -1.37576234340667724609e+00) (1, 4.34707663953304290771e-02) (2, 3.90997231006622314453e-02) (3, 1.10993289947509765625e+00) (4, 2.93763399124145507812e-01) (5, 2.58670377731323242188e+00) (6, 5.95512628555297851562e-01) (7, -8.15373134613037109375e+00) (8, 1.87942206859588623047e+00) (9, 4.60410118103027343750e-02) (10, -2.54194617271423339844e+00) (11, 4.57092046737670898438e+00) (12, 1.03375470638275146484e+00) (13, 6.70088481903076171875e+00) (14, -7.74241089820861816406e-01) (15, 1.18173384666442871094e+00) (16, -3.59757804870605468750e+00) (17, -2.06841087341308593750e+00) (18, -1.07782080769538879395e-01) (19, 1.30407392978668212891e+00) (20, -2.87516236305236816406e-01) (21, 3.54136800765991210938e+00) (22, 2.04485607147216796875e+00) (23, 2.85014081001281738281e+00) (24, -1.46734678745269775391e+00) (25, -4.68483448028564453125e+00) (26, 1.32638180255889892578e+00) (27, -7.39910721778869628906e-01) (28, -1.97534739971160888672e+00) (29, -1.81668624281883239746e-01) (30, 5.66594123840332031250e+00) (31, -1.26294696331024169922e+00) (32, -1.03108990192413330078e+00) (33, 2.48855948448181152344e+00) (34, -2.76948243379592895508e-01) (35, 5.33134460449218750000e+00) (36, 8.19321870803833007812e-01) (37, 1.73436427116394042969e+00) (38, 1.06260585784912109375e+00) (39, -6.09285652637481689453e-01) (40, 7.08106279373168945312e-01) (41, 2.21890270709991455078e-01) (42, -1.34607768058776855469e+00) (43, -2.42386698722839355469e+00) (44, -1.72782826423645019531e+00) (45, 2.29737639427185058594e+00) (46, 4.20294427871704101562e+00) (47, 3.15690469741821289062e+00) (48, 3.44970250129699707031e+00) (49, -9.54569578170776367188e-02) (50, 1.59700083732604980469e+00) (51, 4.00248587131500244141e-01) (52, 2.28586149215698242188e+00) (53, -3.52059221267700195312e+00) (54, 1.80059885978698730469e+00) (55, 2.47885733842849731445e-01) (56, -9.34169590473175048828e-01) (57, -6.48770093917846679688e-01) (58, -6.49552762508392333984e-01) (59, -7.64195024967193603516e-02) (60, 2.20239698886871337891e-01) (61, -6.35259985923767089844e-01) (62, 1.79226613044738769531e+00) (63, 3.12078278511762619019e-02) (64, -3.77305555343627929688e+00) (65, -1.03200519084930419922e+00) (66, -2.49332571029663085938e+00) (67, -5.14978361129760742188e+00) (68, -8.18358957767486572266e-01) (69, -8.93138587474822998047e-01) (70, -1.10898673534393310547e+00) (71, 2.71849989891052246094e+00) (72, 1.49933636188507080078e+00) (73, -8.60921382904052734375e-01) (74, 1.21165835857391357422e+00) (75, 2.04665827751159667969e+00) (76, -2.74748623371124267578e-01) (77, -6.95442259311676025391e-01) (78, 1.09129488468170166016e+00) (79, -1.32908856868743896484e+00) (80, 1.27400660514831542969e+00) (81, -1.93402493000030517578e+00) (82, -4.96697425842285156250e-01) (83, 1.99305981397628784180e-01) (84, -7.41541624069213867188e-01) (85, -7.74292051792144775391e-01) (86, 1.44517934322357177734e+00) (87, 1.40422391891479492188e+00) (88, -6.51063024997711181641e-01) (89, -4.42723333835601806641e-01) (90, 1.47405266761779785156e-01) (91, 1.23003208637237548828e+00) (92, -8.99180948734283447266e-01) (93, -7.79682755470275878906e-01) (94, -8.65364015102386474609e-01) (95, -7.96609580516815185547e-01) (96, 1.20900499820709228516e+00) (97, -6.92651510238647460938e-01) (98, 1.27008569240570068359e+00) (99, 1.28620541095733642578e+00) (100, -8.77062797546386718750e-01) (101, -8.02453100681304931641e-01) (102, 4.55686360597610473633e-01) (103, 1.71420204639434814453e+00) (104, 2.69387722015380859375e+00) (0, -2.82895736694335937500e+01) (1, -1.45374784469604492188e+01) (2, -2.16382942199707031250e+01) (3, 4.28754043579101562500e+00) (4, -8.73630332946777343750e+00) (5, -9.54223394393920898438e-01) (6, -2.51681442260742187500e+01) (7, -2.15396571159362792969e+00) (8, 7.89540624618530273438e+00) (9, 1.31046581268310546875e+00) (10, 7.03136444091796875000e-01) (11, -8.49570751190185546875e-01) (12, 8.62646877765655517578e-01) (13, -3.47202444076538085938e+00) (14, 2.03431034088134765625e+00) (15, -1.26132516860961914062e+01) (16, 5.79638147354125976562e+00) (17, 8.26864480972290039062e-01) (18, 2.41515254974365234375e+00) (19, 2.24963307380676269531e+00) (20, -3.73690557479858398438e+00) (21, 2.20062065124511718750e+00) (22, -1.69497489929199218750e+00) (23, 1.59532523155212402344e+00) (24, -4.27499771118164062500e+00) (25, -8.11187076568603515625e+00) (26, -1.01306140422821044922e+00) (27, -5.44977843761444091797e-01) (28, -5.01999139785766601562e-01) (29, -2.24537444114685058594e+00) (30, -1.52577948570251464844e+00) (31, 1.56360840797424316406e+00) (32, -3.62691104412078857422e-01) (33, 2.32781267166137695312e+00) (34, 4.23045814037322998047e-01) (35, -1.31350374221801757812e+00) (36, -4.77300786972045898438e+00) (37, -2.57807731628417968750e+00) (38, -3.59778493642807006836e-01) (39, -7.98468351364135742188e-01) (40, -1.65342938899993896484e+00) (41, -1.00284922122955322266e+00) (42, -8.83971631526947021484e-01) (43, -3.14261585474014282227e-01) (44, -1.13651955127716064453e+00) (45, -1.17448937892913818359e+00) (46, -5.50884187221527099609e-01) (47, -1.26106846332550048828e+00) (48, 3.87622714042663574219e-01) (49, -4.41394537687301635742e-01) (50, 1.09535604715347290039e-02) (51, -1.01301893591880798340e-01) (52, 1.96224606037139892578e+00) (53, -1.25125676393508911133e-01) (54, 2.02222156524658203125e+00) (55, 3.60232686996459960938e+00) (56, -1.18206907063722610474e-02) (57, 4.98977303504943847656e-02) (58, 9.63765025138854980469e-01) (59, 4.61029529571533203125e-01) (60, -1.36271938681602478027e-01) (61, 2.05816102027893066406e+00) (62, -7.92235285043716430664e-02) (63, -1.02846771478652954102e-01) (64, -7.89284944534301757812e-01) (65, -9.06174957752227783203e-01) (66, 7.91759490966796875000e-01) (67, -9.59344327449798583984e-01) (68, 1.80876636505126953125e+00) (69, 1.25790345668792724609e+00) (70, -1.13255131244659423828e+00) (71, -9.97657418251037597656e-01) (72, 1.14207160472869873047e+00) (73, 1.44252884387969970703e+00) (74, 1.13582623004913330078e+00) (75, 1.90182971954345703125e+00) (76, 2.01923012733459472656e+00) (77, 1.21278655529022216797e+00) (78, 1.98479342460632324219e+00) (79, -2.20615312457084655762e-01) (80, 1.79358327388763427734e+00) (81, 1.80947530269622802734e+00) (82, -6.52265667915344238281e-01) (83, 1.23436756432056427002e-01) (84, -3.17924469709396362305e-01) (85, -8.11822831630706787109e-01) (86, 1.20838928222656250000e+00) (87, 1.11543917655944824219e+00) (88, -1.33144050836563110352e-01) (89, 5.18137633800506591797e-01) (90, -6.83603882789611816406e-01) (91, 1.13109004497528076172e+00) (92, 1.16610383987426757812e+00) (93, 1.18996334075927734375e+00) (94, 1.06124424934387207031e+00) (95, -2.89768576622009277344e-01) (96, -9.53156173229217529297e-01) (97, 1.89803934097290039062e+00) (98, 1.87735891342163085938e+00) (99, 1.10716176033020019531e+00) (100, 1.22167837619781494141e+00) (101, 1.16364872455596923828e+00) (102, -1.50000000000000000000e+03) (103, 1.50000000000000000000e+03) (104, 8.00456345081329345703e-01) (0, -3.10338187217712402344e+00) (1, -9.36563313007354736328e-01) (2, 2.62094640731811523438e+00) (3, 7.95094192028045654297e-01) (4, 2.57589268684387207031e+00) (5, 1.25226438045501708984e+00) (6, -4.49365049600601196289e-01) (7, 1.50417625904083251953e+00) (8, -2.86111831665039062500e+00) (9, 1.80093228816986083984e+00) (10, 2.38746738433837890625e+00) (11, 3.99697273969650268555e-01) (12, -1.80457264184951782227e-01) (13, -1.17696976661682128906e+00) (14, -4.63185787200927734375e-01) (15, 4.22085076570510864258e-01) (16, -9.31664526462554931641e-01) (17, -5.41383504867553710938e-01) (18, -7.98907101154327392578e-01) (19, -4.22367811203002929688e-01) (20, -7.06928586959838867188e+00) (21, 4.08918589353561401367e-01) (22, -9.38959538936614990234e-01) (23, -1.15135431289672851562e+00) (24, 2.01390504837036132812e+00) (25, 1.07965075969696044922e+00) (26, 2.34899806976318359375e+00) (27, 1.61271834373474121094e+00) (28, -7.85520851612091064453e-01) (29, -1.12005746364593505859e+00) (30, -9.27799046039581298828e-01) (31, -8.08099925518035888672e-01) (32, -9.60729062557220458984e-01) (33, 1.54906645417213439941e-01) (34, -8.22721600532531738281e-01) (35, 1.76643118262290954590e-01) (36, 2.17602252960205078125e+00) (37, 2.06733298301696777344e+00) (38, -8.30704212188720703125e-01) (39, -1.65306374430656433105e-01) (40, 5.64144074916839599609e-01) (41, -1.37722527980804443359e+00) (42, 2.29130291938781738281e+00) (43, 5.54692447185516357422e-01) (44, 5.99601089954376220703e-01) (45, -8.90764355659484863281e-01) (46, -2.03485751152038574219e+00) (47, 3.56115967035293579102e-01) (48, 3.79363536834716796875e+00) (49, 5.64145922660827636719e-01) (50, -6.05406761169433593750e-01) (51, -2.15473580360412597656e+00) (52, 7.23637998104095458984e-01) (53, -3.58544707298278808594e+00) (54, -4.78393524885177612305e-01) (55, 8.82783508300781250000e+00) (56, -3.83825391530990600586e-01) (57, -2.40801882743835449219e+00) (58, 1.76217064261436462402e-01) (59, -3.72633290290832519531e+00) (60, -6.04245841503143310547e-01) (61, -6.28610754013061523438e+00) (62, -1.02889522910118103027e-01) (63, 1.67167079448699951172e+00) (64, -1.09036004543304443359e+00) (65, 1.72746562957763671875e+00) (66, 9.29061985015869140625e+00) (67, 3.75409865379333496094e+00) (68, -1.42616355419158935547e+00) (69, 5.61480283737182617188e-01) (70, -3.30067723989486694336e-01) (71, -3.01774561405181884766e-01) (72, 1.65247023105621337891e+00) (73, 6.81472063064575195312e+00) (74, 1.54267466068267822266e+00) (75, -3.08698743581771850586e-01) (76, -2.21526885032653808594e+00) (77, 2.55568790435791015625e+00) (78, -1.85388708114624023438e+00) (79, 3.83876115083694458008e-01) (80, 2.09010338783264160156e+00) (81, -2.02214550971984863281e+00) (82, 3.33227109909057617188e+00) (83, -2.54535531997680664062e+00) (84, -4.21661376953125000000e-01) (85, -2.75059968233108520508e-01) (86, 1.50921344757080078125e+00) (87, 1.60814368724822998047e+00) (88, -4.52603518962860107422e-01) (89, -9.21994495391845703125e+00) (90, -2.93887472152709960938e+00) (91, 1.07560801506042480469e+00) (92, -2.54512166976928710938e+00) (93, 2.48347616195678710938e+00) (94, 5.09612858295440673828e-01) (95, -1.32527399063110351562e+00) (96, 1.75676810741424560547e+00) (97, -1.36750710010528564453e+00) (98, -1.90172925591468811035e-01) (99, 2.35260987281799316406e+00) (100, -8.10168974567204713821e-04) (101, 2.48742508888244628906e+00) (102, -4.46330904960632324219e-01) (103, 2.50351977348327636719e+00) (104, -7.32557594776153564453e-01) (0, 1.08051575720310211182e-01) (1, 1.03563964366912841797e+00) (2, 1.83873236179351806641e-01) (3, 1.10271525382995605469e+00) (4, -9.42279584705829620361e-03) (5, 1.79698920249938964844e+00) (6, -8.86373043060302734375e-01) (7, -1.40040576457977294922e+00) (8, -1.67547538876533508301e-01) (9, -7.69714772701263427734e-01) (10, -2.84247636795043945312e-01) (11, 5.68463563919067382812e-01) (12, -1.02202236652374267578e+00) (13, -1.48813390731811523438e+00) (14, -7.30510175228118896484e-01) (15, 7.51310586929321289062e-02) (16, 7.91538000106811523438e-01) (17, 1.28258883953094482422e+00) (18, -3.14510703086853027344e-01) (19, 1.61609637737274169922e+00) (20, 1.22986781597137451172e+00) (21, -1.52011680603027343750e+00) (22, 5.28355687856674194336e-02) (23, 5.16931265592575073242e-02) (24, -2.61613100767135620117e-01) (25, -1.07152831554412841797e+00) (26, -2.20602586865425109863e-01) (27, 8.75653505325317382812e-01) (28, 5.86447358131408691406e-01) (29, -1.25040197372436523438e+00) (30, 1.64883911609649658203e-01) (31, -1.38111576437950134277e-01) (32, 6.55071973800659179688e-01) (33, 8.07952880859375000000e-01) (34, 2.27083936333656311035e-01) (35, -2.70889133214950561523e-01) (36, 9.04999017715454101562e-01) (37, 1.19155776500701904297e+00) (38, -1.74319013953208923340e-01) (39, -3.54312360286712646484e-01) (40, -4.13361787796020507812e-01) (41, -1.72746074199676513672e+00) (42, -8.90961050987243652344e-01) (43, 1.51542389392852783203e+00) (44, -4.39492374658584594727e-01) (45, 2.52467226982116699219e+00) (46, 4.09568369388580322266e-01) (47, 6.47882580757141113281e-01) (48, -3.76957440376281738281e+00) (49, 7.92529642581939697266e-01) (50, 7.09435820579528808594e-01) (51, 6.89658582210540771484e-01) (52, -8.33425700664520263672e-01) (53, 1.20260512828826904297e+00) (54, 2.72578120231628417969e-01) (55, 3.72875601053237915039e-01) (56, 2.81472384929656982422e-01) (57, 1.55167567729949951172e+00) (58, -1.86835408210754394531e-01) (59, -2.05751791596412658691e-01) (60, 9.18134689331054687500e-01) (61, -5.42646944522857666016e-01) (62, -8.71257424354553222656e-01) (63, 1.68205350637435913086e-01) (64, -3.52430120110511779785e-02) (65, -5.57729564607143402100e-02) (66, 1.50500738620758056641e+00) (67, -1.40694224834442138672e+00) (68, 1.31379568576812744141e+00) (69, 3.55846047401428222656e-01) (70, -2.08128586411476135254e-01) (71, -9.45784628391265869141e-01) (72, -7.36826300621032714844e-01) (73, -1.80328822135925292969e+00) (74, 2.73413002490997314453e-01) (75, -9.03612494468688964844e-01) (76, 1.87424212694168090820e-01) (77, -5.65032958984375000000e-02) (78, -1.00195312500000000000e+00) (79, -1.19948840141296386719e+00) (80, 5.20266816020011901855e-02) (81, 1.49222886562347412109e+00) (82, -8.88649404048919677734e-01) (83, 1.32862174510955810547e+00) (84, -8.36491048336029052734e-01) (85, -1.06389641761779785156e+00) (86, -2.93623767793178558350e-02) (87, -9.24166023731231689453e-01) (88, 2.27199649810791015625e+00) (89, 6.83650672435760498047e-01) (90, 4.68744933605194091797e-01) (91, -7.29771614074707031250e-01) (92, -8.81921589374542236328e-01) (93, -9.92550730705261230469e-01) (94, -1.71947032213211059570e-02) (95, 1.46612060070037841797e+00) (96, -1.07152330875396728516e+00) (97, 8.88956844806671142578e-01) (98, 2.28308343887329101562e+00) (99, 1.35995090007781982422e+00) (100, -6.79342597723007202148e-02) (101, -2.57357418537139892578e-01) (102, 5.09305298328399658203e-01) (103, 1.50634825229644775391e+00) (104, 2.78375029563903808594e+00) (0, 1.50000000000000000000e+03) (1, -1.50000000000000000000e+03) (2, 4.59837675094604492188e-01) (3, 1.50000000000000000000e+03) (4, -7.56130126953125000000e+02) (5, 2.01545804738998413086e-01) (6, 1.50000000000000000000e+03) (7, 1.50000000000000000000e+03) (8, 1.50000000000000000000e+03) (9, 7.22404003143310546875e-01) (10, 6.23246371746063232422e-01) (11, 8.32470655441284179688e-01) (12, 9.51247334480285644531e-01) (13, 2.28507828712463378906e+00) (14, 9.35302197933197021484e-01) (15, 6.84966742992401123047e-01) (16, 1.50000000000000000000e+03) (17, -1.31733107566833496094e+00) (18, 1.24437773227691650391e+00) (19, -1.49570031738281250000e+03) (20, -6.77121400833129882812e+00) (21, 2.28924989700317382812e+00) (22, 1.82902157306671142578e+00) (23, 1.67565417289733886719e+00) (24, 1.97330844402313232422e+00) (25, 2.09036612510681152344e+00) (26, 1.27921044826507568359e+00) (27, 1.85200691223144531250e+00) (28, 1.99804794788360595703e+00) (29, 1.19000458717346191406e+00) (30, 2.29728865623474121094e+00) (31, 2.05620002746582031250e+00) (32, 1.26269149780273437500e+00) (33, 2.11120247840881347656e+00) (34, 1.52670657634735107422e+00) (35, 2.15287232398986816406e+00) (36, 2.05027008056640625000e+00) (37, 2.17290568351745605469e+00) (38, 1.84411025047302246094e+00) (39, 1.83453762531280517578e+00) (40, 1.91782736778259277344e+00) (41, 1.50000000000000000000e+03) (42, 8.41513991355895996094e-01) (43, 1.24336469173431396484e+00) (44, 1.37383818626403808594e+00) (45, 1.40262937545776367188e+00) (46, 1.56351590156555175781e+00) (47, 4.96364402770996093750e+00) (48, -8.88033360242843627930e-02) (49, 2.02801108360290527344e+00) (50, 8.00422430038452148438e-01) (51, -3.23645687103271484375e+00) (52, 7.66363084316253662109e-01) (53, 6.86529338359832763672e-01) (54, 8.34558486938476562500e-01) (55, -3.60431000590324401855e-02) (56, -1.50000000000000000000e+03) (57, -1.50000000000000000000e+03) (58, -1.50000000000000000000e+03) (59, -1.49997900390625000000e+03) (60, -1.49897656250000000000e+03) (61, -1.49997900390625000000e+03) (62, 8.06247591972351074219e-01) (63, -1.49897656250000000000e+03) (64, -1.49897656250000000000e+03) (65, -1.49175793457031250000e+03) (66, 1.50000000000000000000e+03) (67, 7.05830335617065429688e-01) (68, -1.50000000000000000000e+03) (69, -1.48523181152343750000e+03) (70, -1.13613975048065185547e+00) (71, 8.87132942676544189453e-01) (72, -1.23938977718353271484e+00) (73, -1.32306921482086181641e+00) (74, -1.28955578804016113281e+00) (75, -1.50000000000000000000e+03) (76, -1.50000000000000000000e+03) (77, -6.27640495300292968750e+01) (78, -1.50000000000000000000e+03) (79, 6.43596231937408447266e-01) (80, -1.50000000000000000000e+03) (81, -1.50000000000000000000e+03) (82, 8.37437748908996582031e-01) (83, -1.50000000000000000000e+03) (84, -1.31711232662200927734e+00) (85, 7.61145532131195068359e-01) (86, -1.49897656250000000000e+03) (87, -1.06854307651519775391e+00) (88, -2.06524801254272460938e+00) (89, -1.50000000000000000000e+03) (90, -2.39733529090881347656e+00) (91, -1.60442435741424560547e+00) (92, 5.65449893474578857422e-01) (93, 7.79669165611267089844e-01) (94, -1.21733166503906250000e+03) (95, -1.32387745380401611328e+00) (96, 8.16721200942993164062e-01) (97, -1.49897656250000000000e+03) (98, -1.50000000000000000000e+03) (99, -1.54914331436157226562e+00) (100, -1.93416202068328857422e+00) (101, -1.57921028137207031250e+00) (102, 1.50000000000000000000e+03) (103, -1.50000000000000000000e+03) (104, 3.16392922401428222656e+00) (0, 1.01827585697174072266e+00) (1, -1.02030920982360839844e+00) (2, 8.33741605281829833984e-01) (3, 6.96248114109039306641e-01) (4, -2.95378065109252929688e+00) (5, -5.36996185779571533203e-01) (6, 1.34931766986846923828e+00) (7, 9.66593086719512939453e-01) (8, -6.05877923965454101562e+00) (9, -2.16783237457275390625e+00) (10, 1.42168295383453369141e+00) (11, 2.03304672241210937500e+00) (12, 2.12694242596626281738e-01) (13, 2.48495459556579589844e+00) (14, 1.79622304439544677734e+00) (15, -1.58003580570220947266e+00) (16, -1.58760547637939453125e-01) (17, 6.28607928752899169922e-01) (18, -3.94135975837707519531e+00) (19, 6.19501024484634399414e-02) (20, 8.07706165313720703125e+00) (21, 3.81001502275466918945e-01) (22, -1.05909311771392822266e+00) (23, 2.35868453979492187500e+00) (24, 4.81522274017333984375e+00) (25, -4.60633945465087890625e+00) (26, 2.93343949317932128906e+00) (27, 5.69743537902832031250e+00) (28, 4.64895296096801757812e+00) (29, 1.23749675750732421875e+01) (30, 4.40807199478149414062e+00) (31, -4.96072381734848022461e-01) (32, -4.07788896560668945312e+00) (33, 5.11688232421875000000e-01) (34, 1.70948243141174316406e+00) (35, -3.41474390029907226562e+00) (36, 3.58971506357192993164e-01) (37, 2.77531713247299194336e-01) (38, -9.37459230422973632812e-01) (39, 4.46138763427734375000e+00) (40, 2.59644746780395507812e+00) (41, 2.54436159133911132812e+00) (42, -5.04382073879241943359e-01) (43, -2.39796698093414306641e-01) (44, 2.93530035018920898438e+00) (45, -1.11093389987945556641e+00) (46, -4.12340193986892700195e-01) (47, -7.38094854354858398438e+00) (48, 1.10482931137084960938e+00) (49, -4.10010766983032226562e+00) (50, 3.27703857421875000000e+00) (51, -8.78260254859924316406e-01) (52, -1.41896545886993408203e+00) (53, 4.72395241260528564453e-01) (54, 1.85942554473876953125e+00) (55, 9.11395788192749023438e-01) (56, 5.28674888610839843750e+00) (57, 2.28923845291137695312e+00) (58, -1.13652241230010986328e+00) (59, 8.21003377437591552734e-01) (60, 8.10674548149108886719e-01) (61, -2.11560082435607910156e+00) (62, -5.55133938789367675781e-01) (63, 1.22652542591094970703e+00) (64, -3.78752326965332031250e+00) (65, 1.12818074226379394531e+00) (66, -9.88267838954925537109e-01) (67, 7.87936523556709289551e-02) (68, 1.64705944061279296875e+00) (69, -3.65410983562469482422e-01) (70, 9.94509041309356689453e-01) (71, -1.74815976619720458984e+00) (72, 2.02604627609252929688e+00) (73, -7.09135234355926513672e-01) (74, 1.48240578174591064453e+00) (75, -7.06058859825134277344e-01) (76, -1.66470718383789062500e+00) (77, 1.15604829788208007812e+00) (78, -1.73906934261322021484e+00) (79, -6.09252929687500000000e-01) (80, -1.21086247265338897705e-01) (81, -6.21218323707580566406e-01) (82, 1.40022671222686767578e+00) (83, -7.27730512619018554688e-01) (84, -9.72331106662750244141e-01) (85, -9.85506892204284667969e-01) (86, -8.39225769042968750000e-01) (87, -4.43292945623397827148e-01) (88, 2.06350758671760559082e-01) (89, -5.73474764823913574219e-01) (90, -1.39652776718139648438e+00) (91, -3.59902322292327880859e-01) (92, -4.20911878347396850586e-01) (93, -2.53657221794128417969e-01) (94, -2.62210249900817871094e-01) (95, -8.82239282131195068359e-01) (96, 8.97606909275054931641e-01) (97, -7.88378298282623291016e-01) (98, -7.67953038215637207031e-01) (99, -3.91718536615371704102e-01) (100, -7.86311924457550048828e-01) (101, 1.32757472991943359375e+00) (102, 1.50000000000000000000e+03) (103, -1.50000000000000000000e+03) (104, 2.33961319923400878906e+00) (0, 1.50000000000000000000e+03) (1, -1.50000000000000000000e+03) (2, 5.27663350105285644531e-01) (3, 1.50000000000000000000e+03) (4, -7.54583251953125000000e+02) (5, 2.77705878019332885742e-01) (6, 1.50000000000000000000e+03) (7, 1.50000000000000000000e+03) (8, 1.50000000000000000000e+03) (9, 7.20262587070465087891e-01) (10, 5.92337965965270996094e-01) (11, 9.53838467597961425781e-01) (12, 8.35506916046142578125e-01) (13, 2.25256371498107910156e+00) (14, 8.86008501052856445312e-01) (15, 7.03563511371612548828e-01) (16, 1.50000000000000000000e+03) (17, -1.18619871139526367188e+00) (18, 1.31818842887878417969e+00) (19, -1.49570031738281250000e+03) (20, -6.67653417587280273438e+00) (21, 2.34371519088745117188e+00) (22, 1.88064372539520263672e+00) (23, 1.79183387756347656250e+00) (24, 1.97552335262298583984e+00) (25, 2.17190790176391601562e+00) (26, 1.15798938274383544922e+00) (27, 2.01600980758666992188e+00) (28, 1.99991190433502197266e+00) (29, 1.17077851295471191406e+00) (30, 2.25025153160095214844e+00) (31, 1.89538812637329101562e+00) (32, 1.28970813751220703125e+00) (33, 2.08279943466186523438e+00) (34, 1.51995241641998291016e+00) (35, 2.11097192764282226562e+00) (36, 2.02201628684997558594e+00) (37, 2.20528626441955566406e+00) (38, 1.82856845855712890625e+00) (39, 1.75871551036834716797e+00) (40, 1.98894751071929931641e+00) (41, 1.50000000000000000000e+03) (42, 8.02834033966064453125e-01) (43, 1.26931345462799072266e+00) (44, 1.28605735301971435547e+00) (45, 1.39958345890045166016e+00) (46, 1.55204367637634277344e+00) (47, 4.91710710525512695312e+00) (48, -2.05179780721664428711e-01) (49, 2.06013965606689453125e+00) (50, 1.22767221927642822266e+00) (51, -3.31616282463073730469e+00) (52, 8.24614524841308593750e-01) (53, 1.24622821807861328125e+00) (54, 7.90717661380767822266e-01) (55, 8.76404438167810440063e-03) (56, -1.50000000000000000000e+03) (57, -1.50000000000000000000e+03) (58, -1.50000000000000000000e+03) (59, -1.49997900390625000000e+03) (60, -1.49897656250000000000e+03) (61, -1.49997900390625000000e+03) (62, 8.65944325923919677734e-01) (63, -1.49897656250000000000e+03) (64, -1.49897656250000000000e+03) (65, -1.49175793457031250000e+03) (66, 1.50000000000000000000e+03) (67, 6.77768051624298095703e-01) (68, -1.50000000000000000000e+03) (69, -1.48523181152343750000e+03) (70, -1.16397547721862792969e+00) (71, 9.10971879959106445312e-01) (72, -1.21283245086669921875e+00) (73, -1.35043466091156005859e+00) (74, -1.26105809211730957031e+00) (75, -1.50000000000000000000e+03) (76, -1.50000000000000000000e+03) (77, -6.28513107299804687500e+01) (78, -1.50000000000000000000e+03) (79, 6.44326806068420410156e-01) (80, -1.50000000000000000000e+03) (81, -1.50000000000000000000e+03) (82, 7.23960578441619873047e-01) (83, -1.50000000000000000000e+03) (84, -1.28382492065429687500e+00) (85, 6.90006256103515625000e-01) (86, -1.49897656250000000000e+03) (87, -1.25792920589447021484e+00) (88, -1.92451834678649902344e+00) (89, -1.50000000000000000000e+03) (90, -2.46051073074340820312e+00) (91, -1.59262323379516601562e+00) (92, 4.60018396377563476562e-01) (93, 7.15451121330261230469e-01) (94, -1.21741552734375000000e+03) (95, -1.43476712703704833984e+00) (96, 9.20731246471405029297e-01) (97, -1.49897656250000000000e+03) (98, -1.50000000000000000000e+03) (99, -1.58588242530822753906e+00) (100, -1.85540044307708740234e+00) (101, -1.69994664192199707031e+00) (102, 1.50000000000000000000e+03) (103, -1.50000000000000000000e+03) (104, 3.30880856513977050781e+00) (0, -1.50000000000000000000e+03) (1, 1.50000000000000000000e+03) (2, 1.09416508674621582031e+00) (3, -1.50000000000000000000e+03) (4, 7.75015319824218750000e+02) (5, 1.44393837451934814453e+00) (6, -1.50000000000000000000e+03) (7, -1.50000000000000000000e+03) (8, -1.50000000000000000000e+03) (9, 7.04342484474182128906e-01) (10, 9.03130888938903808594e-01) (11, 5.59437632560729980469e-01) (12, 5.99230527877807617188e-01) (13, -6.94695949554443359375e-01) (14, 6.75920248031616210938e-01) (15, 8.09734702110290527344e-01) (16, -1.50000000000000000000e+03) (17, 2.82735896110534667969e+00) (18, 2.27107912302017211914e-01) (19, 1.27411727905273437500e+02) (20, 1.17427759170532226562e+01) (21, -7.56319761276245117188e-01) (22, -2.06241503357887268066e-01) (23, -2.84672260284423828125e-01) (24, -6.33262336254119873047e-01) (25, -6.51297211647033691406e-01) (26, 2.57365405559539794922e-01) (27, -3.36052536964416503906e-01) (28, -5.57612657546997070312e-01) (29, 3.93699645996093750000e-01) (30, -7.73269534111022949219e-01) (31, -4.19197469949722290039e-01) (32, 3.57941329479217529297e-01) (33, -4.81722593307495117188e-01) (34, 8.21836143732070922852e-02) (35, -4.73632395267486572266e-01) (36, -5.06789922714233398438e-01) (37, -6.78752899169921875000e-01) (38, -3.26950639486312866211e-01) (39, -3.25339347124099731445e-01) (40, -3.91965538263320922852e-01) (41, -1.50000000000000000000e+03) (42, 7.78163075447082519531e-01) (43, 2.09784865379333496094e-01) (44, 3.02510619163513183594e-01) (45, 1.24103672802448272705e-01) (46, -1.87645390629768371582e-01) (47, -1.03774499893188476562e+00) (48, 1.90424883365631103516e+00) (49, -5.63384234905242919922e-01) (50, 2.38284558057785034180e-01) (51, 6.55045604705810546875e+00) (52, 6.86893701553344726562e-01) (53, 7.61156678199768066406e-01) (54, 6.16670489311218261719e-01) (55, 8.90420675277709960938e-01) (56, 1.50000000000000000000e+03) (57, 1.50000000000000000000e+03) (58, 1.50000000000000000000e+03) (59, 1.49997924804687500000e+03) (60, 1.49897656250000000000e+03) (61, 1.49997924804687500000e+03) (62, 6.49889945983886718750e-01) (63, 1.49897656250000000000e+03) (64, 1.49897656250000000000e+03) (65, 1.49897656250000000000e+03) (66, -1.50000000000000000000e+03) (67, 8.90402197837829589844e-01) (68, 1.50000000000000000000e+03) (69, 2.86206695556640625000e+02) (70, 2.67043638229370117188e+00) (71, 7.57581949234008789062e-01) (72, 2.77202296257019042969e+00) (73, 2.77375459671020507812e+00) (74, 2.90710902214050292969e+00) (75, 1.50000000000000000000e+03) (76, 1.50000000000000000000e+03) (77, 8.89650268554687500000e+01) (78, 1.50000000000000000000e+03) (79, 9.22867417335510253906e-01) (80, 1.50000000000000000000e+03) (81, 1.50000000000000000000e+03) (82, 7.64789462089538574219e-01) (83, 1.50000000000000000000e+03) (84, 2.84190797805786132812e+00) (85, 8.84721875190734863281e-01) (86, 1.49897656250000000000e+03) (87, 2.67110538482666015625e+00) (88, 3.82067441940307617188e+00) (89, 1.50000000000000000000e+03) (90, 3.41218256950378417969e+00) (91, 3.36523032188415527344e+00) (92, 1.07031214237213134766e+00) (93, 7.88893222808837890625e-01) (94, 1.50000000000000000000e+03) (95, 2.92625856399536132812e+00) (96, 7.67275094985961914062e-01) (97, 1.49897656250000000000e+03) (98, 1.50000000000000000000e+03) (99, 3.10040783882141113281e+00) (100, 3.52177095413208007812e+00) (101, 3.28713750839233398438e+00) (102, -1.50000000000000000000e+03) (103, 1.50000000000000000000e+03) (104, -9.64380204677581787109e-01) (0, -3.01608538627624511719e+00) (1, -2.37325811386108398438e+00) (2, 1.51860928535461425781e+00) (3, 3.02499830722808837891e-02) (4, 1.84803903102874755859e+00) (5, -6.97787225246429443359e-01) (6, -2.23147720098495483398e-01) (7, -1.17558693885803222656e+00) (8, -6.40685319900512695312e-01) (9, 2.43084144592285156250e+00) (10, 4.74686652421951293945e-01) (11, 1.73184323310852050781e+00) (12, -3.16821396350860595703e-01) (13, 2.05992627143859863281e+00) (14, -1.19528520107269287109e+00) (15, 2.46362829208374023438e+00) (16, -1.76821756362915039062e+00) (17, -9.55263912677764892578e-01) (18, -4.79526638984680175781e-01) (19, -9.42614197731018066406e-01) (20, 5.98333120346069335938e+00) (21, -2.31732916831970214844e+00) (22, -7.15143263339996337891e-01) (23, 4.76261168718338012695e-01) (24, -2.04039835929870605469e+00) (25, -9.77913498878479003906e-01) (26, 3.04454892873764038086e-01) (27, -5.07026052474975585938e+00) (28, 1.30423450469970703125e+00) (29, -7.20274209976196289062e-01) (30, 1.20360493659973144531e-01) (31, 1.65130972862243652344e+00) (32, -9.43353235721588134766e-01) (33, 3.55669111013412475586e-01) (34, -1.91843569278717041016e+00) (35, 1.24145209789276123047e+00) (36, -1.10328531265258789062e+00) (37, -3.65679822862148284912e-02) (38, 1.56484887003898620605e-01) (39, -9.60250258445739746094e-01) (40, -5.81301271915435791016e-01) (41, -5.08101320266723632812e+00) (42, -2.55176931619644165039e-01) (43, -2.72560268640518188477e-01) (44, 4.71671730279922485352e-01) (45, 2.25000071525573730469e+00) (46, 3.94400525093078613281e+00) (47, 1.78976404666900634766e+00) (48, 2.34883618354797363281e+00) (49, 9.16531085968017578125e-01) (50, 2.99026906490325927734e-01) (51, 1.10038673877716064453e+00) (52, 2.34901285171508789062e+00) (53, -3.64461779594421386719e-01) (54, 2.95618271827697753906e+00) (55, -1.71639418601989746094e+00) (56, -1.03523099422454833984e+00) (57, -2.31981381773948669434e-01) (58, 6.68320238590240478516e-01) (59, 1.02311503887176513672e+00) (60, 1.63670539855957031250e+00) (61, -3.75563549995422363281e+00) (62, 1.45692777633666992188e+00) (63, 1.69380843639373779297e+00) (64, 3.86388874053955078125e+00) (65, 1.92979884147644042969e+00) (66, 2.47291898727416992188e+00) (67, -1.12606668472290039062e+00) (68, 1.38313865661621093750e+00) (69, -1.10003900527954101562e+00) (70, -1.28459990024566650391e+00) (71, 1.62886846065521240234e+00) (72, -3.62729072570800781250e-01) (73, 2.66637969017028808594e+00) (74, 1.74487984180450439453e+00) (75, -7.44449806213378906250e+00) (76, 3.65029883384704589844e+00) (77, -2.85753160715103149414e-01) (78, 2.03268408775329589844e+00) (79, -1.19105072021484375000e+01) (80, 8.25817644596099853516e-01) (81, 1.99167835712432861328e+00) (82, -2.39138796925544738770e-01) (83, 2.31236553192138671875e+00) (84, 1.47180962562561035156e+00) (85, -5.36639451980590820312e-01) (86, 1.38346588611602783203e+00) (87, -4.59099829196929931641e-01) (88, -2.37540817260742187500e+00) (89, -1.11894190311431884766e+00) (90, 1.72354638576507568359e+00) (91, -2.84616440534591674805e-01) (92, -2.51073360443115234375e-01) (93, 2.44692370295524597168e-01) (94, -1.92402303218841552734e-01) (95, -2.98621773719787597656e-01) (96, 2.08481359481811523438e+00) (97, -1.64183390140533447266e+00) (98, -3.62481683492660522461e-01) (99, -2.80852764844894409180e-01) (100, 1.05944347381591796875e+00) (101, -4.24274533987045288086e-01) (102, 1.23960614204406738281e+00) (103, 1.13878345489501953125e+00) (104, -6.95123150944709777832e-02) (0, -6.93411779403686523438e+00) (1, -6.42423629760742187500e-01) (2, 2.13281440734863281250e+00) (3, -7.94059634208679199219e-02) (4, 1.58521187305450439453e+00) (5, 4.93267029523849487305e-02) (6, 2.18426346778869628906e+00) (7, 2.07566428184509277344e+00) (8, -4.30374771356582641602e-01) (9, -2.33656138181686401367e-01) (10, -3.78779262304306030273e-01) (11, -8.95334303379058837891e-01) (12, -1.70340478420257568359e-01) (13, -6.89065885543823242188e+00) (14, -4.09336835145950317383e-01) (15, -3.02464216947555541992e-01) (16, -1.06744527816772460938e+00) (17, -8.94524872303009033203e-01) (18, -7.70040005445480346680e-02) (19, -4.22748357057571411133e-01) (20, -1.01183497905731201172e+00) (21, -9.21465992927551269531e-01) (22, -8.25479477643966674805e-02) (23, -2.76093423366546630859e-01) (24, 4.11512583494186401367e-01) (25, -7.49005138874053955078e-01) (26, 1.98739302158355712891e+00) (27, -8.83039176464080810547e-01) (28, -8.43254506587982177734e-01) (29, -8.65989744663238525391e-01) (30, 2.09305644035339355469e+00) (31, -1.94483208656311035156e+00) (32, -1.42417836189270019531e+00) (33, -7.33837902545928955078e-01) (34, 6.54054689407348632812e+00) (35, -1.08208262920379638672e+00) (36, -7.54374504089355468750e-01) (37, -8.52616608142852783203e-01) (38, -9.03417050838470458984e-01) (39, -1.04377591609954833984e+00) (40, 2.33040079474449157715e-02) (41, 3.20106840133666992188e+00) (42, 2.32275176048278808594e+00) (43, 2.00084114074707031250e+00) (44, 5.95309138298034667969e-02) (45, 2.20633983612060546875e+00) (46, -2.62726402282714843750e+00) (47, -3.76663893461227416992e-01) (48, -1.04613149166107177734e+00) (49, -2.81094765663146972656e+00) (50, -1.25253367424011230469e+00) (51, -8.81036639213562011719e-01) (52, -4.94132518768310546875e-01) (53, -7.36766457557678222656e-01) (54, 1.81709825992584228516e+00) (55, -2.12381672859191894531e+00) (56, 2.44568300247192382812e+00) (57, -8.41694068908691406250e+00) (58, 3.25061631202697753906e+00) (59, 2.81153297424316406250e+00) (60, 2.51061534881591796875e+00) (61, 3.55931699275970458984e-01) (62, 1.92620229721069335938e+00) (63, 1.59180355072021484375e+00) (64, -9.00050699710845947266e-01) (65, 1.69559800624847412109e+00) (66, -2.93387484550476074219e+00) (67, 8.46659958362579345703e-01) (68, 8.89587783813476562500e+00) (69, 4.18392372131347656250e+00) (70, 1.82044804096221923828e+00) (71, -4.09868955612182617188e-01) (72, 1.75310969352722167969e+00) (73, -1.68663680553436279297e+00) (74, 1.63423991203308105469e+00) (75, -2.53819990158081054688e+00) (76, -2.14994478225708007812e+00) (77, 1.61279118061065673828e+00) (78, 2.89542937278747558594e+00) (79, 1.03585195541381835938e+00) (80, 4.93054342269897460938e+00) (81, 3.01247620582580566406e+00) (82, -2.05745506286621093750e+00) (83, 1.63989305496215820312e+00) (84, -4.06355476379394531250e+00) (85, -8.25736522674560546875e+00) (86, 1.65164577960968017578e+00) (87, 1.74618995189666748047e+00) (88, 3.03587150573730468750e+00) (89, -1.81155395507812500000e+00) (90, 2.12693762779235839844e+00) (91, -1.16415846347808837891e+00) (92, 8.91243517398834228516e-01) (93, 4.37741398811340332031e-01) (94, -3.84305715560913085938e-01) (95, -7.56311535835266113281e-01) (96, 1.94483065605163574219e+00) (97, 1.43239593505859375000e+00) (98, 7.71353423595428466797e-01) (99, -1.75184869766235351562e+00) (100, 1.71942484378814697266e+00) (101, 1.77135479450225830078e+00) (102, -5.94090521335601806641e-01) (103, 2.84942960739135742188e+00) (104, -2.67153717577457427979e-02) (0, -8.01304697990417480469e-01) (1, -2.83639252185821533203e-01) (2, 1.76677155494689941406e+00) (3, -2.38977193832397460938e+00) (4, -1.00996054708957672119e-01) (5, 2.79399514198303222656e+00) (6, -7.17858028411865234375e+00) (7, 8.82436871528625488281e-01) (8, 8.83121299743652343750e+00) (9, -1.52813449501991271973e-01) (10, 2.27854681015014648438e+00) (11, 3.04462265968322753906e+00) (12, 1.58292621374130249023e-01) (13, -3.26115608215332031250e+00) (14, -1.30341124534606933594e+00) (15, 4.40885448455810546875e+00) (16, -2.51926803588867187500e+00) (17, 4.83856678009033203125e-01) (18, 3.03277313709259033203e-01) (19, -6.32046699523925781250e-01) (20, -3.60972672700881958008e-01) (21, -4.57740402221679687500e+00) (22, -6.14607572555541992188e-01) (23, 4.51024723052978515625e+00) (24, 3.60710859298706054688e+00) (25, 2.87460327148437500000e+00) (26, 3.22345137596130371094e-01) (27, 1.23213148117065429688e+00) (28, 8.37613296508789062500e+00) (29, 1.38644828796386718750e+01) (30, 2.69693636894226074219e+00) (31, -1.50650811195373535156e+00) (32, -3.01174688339233398438e+00) (33, 1.36154174804687500000e+00) (34, -1.61889123916625976562e+00) (35, -1.36461704969406127930e-01) (36, 2.90826010704040527344e+00) (37, 3.02366805076599121094e+00) (38, -2.13864779472351074219e+00) (39, 5.55001378059387207031e-01) (40, -1.25909364223480224609e+00) (41, 2.21441268920898437500e-01) (42, -4.77324962615966796875e-01) (43, 3.31648540496826171875e+00) (44, 1.30275392532348632812e+00) (45, 1.21386802196502685547e+00) (46, 8.81003797054290771484e-01) (47, -4.23609304428100585938e+00) (48, 1.20588552951812744141e+00) (49, 3.18063497543334960938e-01) (50, -1.70809173583984375000e+00) (51, -6.44123375415802001953e-01) (52, 1.58098566532135009766e+00) (53, 4.12230968475341796875e+00) (54, -1.03775167465209960938e+00) (55, -1.90386188030242919922e+00) (56, -2.83648657798767089844e+00) (57, 4.32832717895507812500e-01) (58, -8.41946840286254882812e-01) (59, -3.38087350130081176758e-01) (60, -5.08276343345642089844e-01) (61, 2.23052501678466796875e+00) (62, -2.28039693832397460938e+00) (63, 4.77358520030975341797e-01) (64, -7.85645902156829833984e-01) (65, -6.55455172061920166016e-01) (66, 7.13473737239837646484e-01) (67, 1.45041808485984802246e-01) (68, -7.94687151908874511719e-01) (69, -6.96153640747070312500e-01) (70, -6.10309660434722900391e-01) (71, -8.82393598556518554688e-01) (72, 3.85814142227172851562e+00) (73, 1.30575585365295410156e+00) (74, 2.05313038825988769531e+00) (75, -7.04002678394317626953e-01) (76, 9.48954224586486816406e-02) (77, -9.82888698577880859375e-01) (78, -9.55029368400573730469e-01) (79, -2.64013862609863281250e+00) (80, -1.98287129402160644531e+00) (81, -7.31958866119384765625e-01) (82, -6.32004857063293457031e-01) (83, -4.38221752643585205078e-01) (84, -4.56545919179916381836e-01) (85, -5.34528374671936035156e-01) (86, 3.52296173572540283203e-01) (87, 1.67911601066589355469e+00) (88, 1.55612409114837646484e+00) (89, -1.30755209922790527344e+00) (90, 2.35195827484130859375e+00) (91, -6.36814773082733154297e-01) (92, -7.58342683315277099609e-01) (93, -7.63919591903686523438e-01) (94, -7.68173992633819580078e-01) (95, 1.57885146141052246094e+00) (96, -8.21248292922973632812e-01) (97, -7.59104847908020019531e-01) (98, 1.55563926696777343750e+00) (99, -6.43144905567169189453e-01) (100, -6.89472496509552001953e-01) (101, -7.90303468704223632812e-01) (102, -1.56331944465637207031e+00) (103, 5.87571382522583007812e+00) (104, 2.85491299629211425781e+00) (0, -5.46407699584960937500e+00) (1, -1.55619776248931884766e+00) (2, 7.65735805034637451172e-01) (3, 8.07824707031250000000e+00) (4, 6.73921287059783935547e-01) (5, -4.10434454679489135742e-01) (6, -3.18162262439727783203e-01) (7, 3.98503333330154418945e-01) (8, 1.44677090644836425781e+00) (9, -5.01505672931671142578e-01) (10, -4.28530067205429077148e-01) (11, -2.75540620088577270508e-01) (12, -2.68286168575286865234e-01) (13, 2.62215638160705566406e+00) (14, -1.96693673729896545410e-01) (15, 6.68833792209625244141e-01) (16, 7.48350843787193298340e-02) (17, 3.19620877504348754883e-01) (18, 1.70046955347061157227e-01) (19, 4.16382908821105957031e-01) (20, -9.58511710166931152344e-01) (21, 9.62368309497833251953e-01) (22, 7.94981241226196289062e-01) (23, -1.04681646823883056641e+00) (24, 8.51954102516174316406e-01) (25, 2.11192667484283447266e-01) (26, -7.42323324084281921387e-02) (27, 9.75918099284172058105e-02) (28, -8.08856189250946044922e-01) (29, -6.47945880889892578125e-01) (30, -1.49486169219017028809e-01) (31, -1.64190196990966796875e+00) (32, -7.38602057099342346191e-02) (33, 1.68790602684020996094e+00) (34, -1.92952251434326171875e+00) (35, 1.96562886238098144531e+00) (36, 2.18372607231140136719e+00) (37, 8.97745370864868164062e-01) (38, 4.03814017772674560547e-01) (39, 5.33129811286926269531e-01) (40, 9.25948619842529296875e-01) (41, 1.02095353603363037109e+00) (42, -2.01284691691398620605e-01) (43, -1.94269008934497833252e-02) (44, -3.39042171835899353027e-02) (45, -6.38077408075332641602e-03) (46, -4.46929359436035156250e+00) (47, 1.80467975139617919922e+00) (48, 1.32063019275665283203e+00) (49, 7.82431364059448242188e-02) (50, -2.26884782314300537109e-01) (51, -3.11478048563003540039e-01) (52, 5.38673579692840576172e-01) (53, 6.68328851461410522461e-02) (54, 7.71669626235961914062e-01) (55, -2.89943099021911621094e+00) (56, -8.19800853729248046875e+00) (57, -5.45699000358581542969e-02) (58, -8.66734907031059265137e-02) (59, 2.28056836128234863281e+00) (60, 8.10798227787017822266e-01) (61, -2.57784605026245117188e-01) (62, -3.04553538560867309570e-01) (63, 1.51876747608184814453e+00) (64, -2.02041530609130859375e+00) (65, 4.15106862783432006836e-01) (66, 3.67790520191192626953e-01) (67, 2.58405399322509765625e+00) (68, -1.84637022018432617188e+00) (69, -1.88863992691040039062e+00) (70, 2.33106350898742675781e+00) (71, 1.48276770114898681641e+00) (72, 5.02281367778778076172e-01) (73, -6.41952097415924072266e-01) (74, 4.26044672727584838867e-01) (75, 1.33352363109588623047e+00) (76, 1.64615893363952636719e+00) (77, 5.60473501682281494141e-01) (78, -2.99554610252380371094e+00) (79, -1.12739193439483642578e+00) (80, 9.94233563542366027832e-02) (81, 5.90430402755737304688e+00) (82, 1.30341219902038574219e+00) (83, 9.91512775421142578125e-01) (84, 5.65439653396606445312e+00) (85, -1.26279711723327636719e+00) (86, -9.79283571243286132812e-01) (87, 3.44223320484161376953e-01) (88, 4.40760374069213867188e+00) (89, 3.32319307327270507812e+00) (90, 4.89501523971557617188e+00) (91, 2.94713068008422851562e+00) (92, -8.25334250926971435547e-01) (93, 1.74461078643798828125e+00) (94, -8.16909670829772949219e-01) (95, 1.39852508902549743652e-01) (96, 9.01676118373870849609e-01) (97, -7.11793804168701171875e+00) (98, -2.88131237030029296875e+00) (99, -1.75721204280853271484e+00) (100, -5.47084867954254150391e-01) (101, -2.46392512321472167969e+00) (102, -7.31030479073524475098e-02) (103, 2.49666666984558105469e+00) (104, 2.87568628787994384766e-01) (0, 3.77490252256393432617e-01) (1, 2.50989651679992675781e+00) (2, 1.99925169348716735840e-01) (3, 4.42043495178222656250e+00) (4, -7.46203362941741943359e-01) (5, -2.68141770362854003906e+00) (6, 1.20435392856597900391e+00) (7, -4.69147682189941406250e+00) (8, 4.18358755111694335938e+00) (9, -3.66660642623901367188e+00) (10, -1.37862253189086914062e+00) (11, 4.15568208694458007812e+00) (12, -1.13865888118743896484e+00) (13, -2.91494190692901611328e-01) (14, -1.92814171314239501953e+00) (15, -5.89039981365203857422e-01) (16, -5.67355990409851074219e-01) (17, 1.84403383731842041016e+00) (18, 9.36350047588348388672e-01) (19, 3.63699102401733398438e+00) (20, 6.03232085704803466797e-01) (21, 2.12676835060119628906e+00) (22, -2.97239005565643310547e-01) (23, 4.28082734346389770508e-01) (24, -2.04920434951782226562e+00) (25, 1.89118373394012451172e+00) (26, 1.28525507450103759766e+00) (27, 1.90974247455596923828e+00) (28, -7.21069872379302978516e-01) (29, 1.37935304641723632812e+00) (30, -8.08814942836761474609e-01) (31, -8.58464837074279785156e-01) (32, -1.49924504756927490234e+00) (33, 2.40290239453315734863e-01) (34, -3.39773225784301757812e+00) (35, 5.78317785263061523438e+00) (36, 3.12584543228149414062e+00) (37, 8.10918509960174560547e-01) (38, 1.28073239326477050781e+00) (39, 1.89206898212432861328e+00) (40, 1.29272413253784179688e+00) (41, -4.02267503738403320312e+00) (42, 3.30886125564575195312e+00) (43, -1.16309762001037597656e+00) (44, 1.86090350151062011719e+00) (45, -3.38400006294250488281e-02) (46, -1.49973034858703613281e+00) (47, 2.45289111137390136719e+00) (48, -7.85770714282989501953e-01) (49, 3.26203368604183197021e-02) (50, -5.03588914871215820312e-01) (51, -4.59834694862365722656e-01) (52, 8.87076556682586669922e-01) (53, 1.46402299404144287109e+00) (54, -5.09598076343536376953e-01) (55, 8.90710532665252685547e-01) (56, -4.63310480117797851562e-01) (57, 1.08678495883941650391e+00) (58, -9.04232919216156005859e-01) (59, -4.47056412696838378906e-01) (60, 1.28323566913604736328e+00) (61, -1.14389240741729736328e+00) (62, -2.06250929832458496094e+00) (63, -1.17301416397094726562e+00) (64, 5.54325282573699951172e-01) (65, 1.26129233837127685547e+00) (66, -2.98707246780395507812e+00) (67, 2.54828959703445434570e-01) (68, 1.41745674610137939453e+00) (69, -8.41235160827636718750e-01) (70, -8.79024446010589599609e-01) (71, -1.78643977642059326172e+00) (72, -1.03933191299438476562e+00) (73, -7.25686252117156982422e-01) (74, 3.05992215871810913086e-01) (75, 1.50036549568176269531e+00) (76, -9.59691643714904785156e-01) (77, -9.57095026969909667969e-01) (78, -6.11569464206695556641e-01) (79, 3.13559436798095703125e+00) (80, 1.62076666951179504395e-01) (81, 1.44717156887054443359e+00) (82, -8.81372749805450439453e-01) (83, -1.95400214195251464844e+00) (84, -1.51511681079864501953e+00) (85, 9.18713271617889404297e-01) (86, 3.18982154130935668945e-01) (87, -5.47757744789123535156e-01) (88, -7.74314820766448974609e-01) (89, 8.66895377635955810547e-01) (90, -5.81528186798095703125e-01) (91, -3.13193976879119873047e-01) (92, -5.68938493728637695312e-01) (93, 1.36868119239807128906e+00) (94, -1.80795431137084960938e-01) (95, -8.94822716712951660156e-01) (96, 2.26815986633300781250e+00) (97, -4.18455779552459716797e-01) (98, -2.16760143637657165527e-01) (99, -5.82037687301635742188e-01) (100, -5.85008025169372558594e-01) (101, 1.32090497016906738281e+00) (102, 1.50000000000000000000e+03) (103, -1.50000000000000000000e+03) (104, 2.54187703132629394531e+00) (0, -4.11909055709838867188e+00) (1, -8.00306677818298339844e-01) (2, -6.57490015029907226562e-01) (3, 1.57260966300964355469e+00) (4, -2.41758953779935836792e-02) (5, -6.00555658340454101562e-01) (6, -2.34476134181022644043e-01) (7, 2.12337398529052734375e+00) (8, -8.90558779239654541016e-01) (9, 2.78058743476867675781e+00) (10, -3.68940562009811401367e-01) (11, -9.84410881996154785156e-01) (12, 4.46414202451705932617e-01) (13, -7.97354757785797119141e-01) (14, -2.50728309154510498047e-01) (15, -3.40210378170013427734e-01) (16, -8.31248700618743896484e-01) (17, 2.45010924339294433594e+00) (18, -8.05823862552642822266e-01) (19, 2.45496535301208496094e+00) (20, -4.10348749160766601562e+00) (21, 1.72953754663467407227e-02) (22, 1.06298100948333740234e+00) (23, 6.23372137546539306641e-01) (24, -4.54820692539215087891e-02) (25, -8.09695839881896972656e-01) (26, -1.09192168712615966797e+00) (27, -8.26791822910308837891e-01) (28, 2.07849621772766113281e+00) (29, -1.04182183742523193359e+00) (30, -7.47684776782989501953e-01) (31, 1.82402873039245605469e+00) (32, -8.42672288417816162109e-01) (33, -5.18657453358173370361e-02) (34, -5.65550899505615234375e+00) (35, -6.93186521530151367188e-01) (36, -7.63098657131195068359e-01) (37, 1.99843645095825195312e+00) (38, -8.69960069656372070312e-01) (39, -9.85022127628326416016e-01) (40, -6.52034461498260498047e-01) (41, -1.50629258155822753906e+00) (42, -3.37216317653656005859e-01) (43, -4.07232016324996948242e-01) (44, 1.07938551902770996094e+00) (45, 2.48346328735351562500e+00) (46, -5.05937159061431884766e-01) (47, 3.15701514482498168945e-01) (48, -9.18346881866455078125e-01) (49, -6.74815416336059570312e-01) (50, -5.96431553363800048828e-01) (51, 2.41111946105957031250e+00) (52, -2.48599559068679809570e-01) (53, 2.55486679077148437500e+00) (54, -2.94984757900238037109e-01) (55, 1.46235299110412597656e+00) (56, -4.57815229892730712891e-01) (57, -1.79221439361572265625e+00) (58, 3.51705813407897949219e+00) (59, -2.85726308822631835938e-01) (60, -8.73736888170242309570e-02) (61, 1.39899015426635742188e+00) (62, 7.75214374065399169922e-01) (63, -7.36262261867523193359e-01) (64, 8.79936635494232177734e-01) (65, 4.78000849485397338867e-01) (66, -3.37115764617919921875e+00) (67, 8.84932458400726318359e-01) (68, -4.24668073654174804688e-01) (69, -1.42590272426605224609e+00) (70, 4.44926708936691284180e-01) (71, 2.57364583015441894531e+00) (72, -5.36030232906341552734e-01) (73, 2.02663564682006835938e+00) (74, -4.09760147333145141602e-01) (75, -1.08715772628784179688e+00) (76, 1.04074311256408691406e+00) (77, -4.41044151782989501953e-01) (78, -8.61276447772979736328e-01) (79, -4.98610287904739379883e-01) (80, -3.78146791458129882812e+00) (81, 1.85496544837951660156e+00) (82, 2.58123755455017089844e+00) (83, -1.88889122009277343750e+00) (84, -2.12887167930603027344e+00) (85, 1.93479335308074951172e+00) (86, -6.72933459281921386719e-02) (87, -9.77890449576079845428e-04) (88, 1.63319158554077148438e+00) (89, 2.85396480560302734375e+00) (90, 1.28392446041107177734e+00) (91, -3.55898916721343994141e-01) (92, 1.79618799686431884766e+00) (93, 1.01488351821899414062e-01) (94, -6.49903714656829833984e-01) (95, 5.06043374538421630859e-01) (96, 4.67580032348632812500e+00) (97, 2.22713923454284667969e+00) (98, 1.39080941677093505859e+00) (99, -1.05878365039825439453e+00) (100, -5.50501167774200439453e-01) (101, -3.80396932363510131836e-01) (102, -4.34879362583160400391e-01) (103, 2.65172100067138671875e+00) (104, 1.04972943663597106934e-01) (0, -2.50159149169921875000e+01) (1, -1.02134895324707031250e+01) (2, 2.75492930412292480469e+00) (3, -1.02697420120239257812e+00) (4, 3.07468938827514648438e+00) (5, -5.86721706390380859375e+00) (6, -1.95920765399932861328e+00) (7, 1.36631679534912109375e+01) (8, -7.47582626342773437500e+00) (9, -6.74277257919311523438e+00) (10, -1.60721850395202636719e+00) (11, -4.39023590087890625000e+00) (12, -1.80066227912902832031e+00) (13, 9.34190368652343750000e+00) (14, 5.72122955322265625000e+00) (15, -1.04654560089111328125e+01) (16, -4.37274169921875000000e+00) (17, 2.93730568885803222656e+00) (18, -2.65982210636138916016e-01) (19, 3.35499405860900878906e-01) (20, -1.65245497226715087891e+00) (21, 1.20331084728240966797e+00) (22, -1.92626690864562988281e+00) (23, -5.63099563121795654297e-01) (24, -6.27686643600463867188e+00) (25, 9.49608087539672851562e-01) (26, 2.14998817443847656250e+00) (27, -1.37454247474670410156e+00) (28, 2.36698460578918457031e+00) (29, 1.35704874992370605469e+00) (30, -5.70798933506011962891e-01) (31, 5.77809143066406250000e+00) (32, -4.05720978975296020508e-01) (33, 2.30971455574035644531e+00) (34, 2.72610843181610107422e-01) (35, -6.56759083271026611328e-01) (36, -5.31707346439361572266e-01) (37, -5.20121157169342041016e-01) (38, -5.82206904888153076172e-01) (39, -2.21029475331306457520e-01) (40, -4.86734002828598022461e-01) (41, -7.03269183635711669922e-01) (42, 1.15675866603851318359e+00) (43, 3.96993219852447509766e-01) (44, -6.39216423034667968750e-01) (45, -1.93734064698219299316e-01) (46, 3.73689159750938415527e-02) (47, 2.88569092750549316406e-01) (48, -9.47786271572113037109e-01) (49, -6.41897916793823242188e-01) (50, -1.06753015518188476562e+00) (51, -1.09296929836273193359e+00) (52, -1.02057313919067382812e+00) (53, -8.54792594909667968750e-01) (54, -1.16218578815460205078e+00) (55, -4.68740606307983398438e+00) (56, -9.54248249530792236328e-01) (57, 4.34099376201629638672e-01) (58, -9.98456299304962158203e-01) (59, -9.60248470306396484375e-01) (60, 1.18496310710906982422e+00) (61, 3.96693229675292968750e-01) (62, 1.04954540729522705078e+00) (63, 9.30978417396545410156e-01) (64, -8.68879616260528564453e-01) (65, 1.12269175052642822266e+00) (66, -6.74622774124145507812e-01) (67, -8.88046681880950927734e-01) (68, 1.91821634769439697266e+00) (69, -8.11295032501220703125e-01) (70, 1.76546812057495117188e-01) (71, 1.21726043522357940674e-01) (72, 2.89245605468750000000e-01) (73, -5.38007259368896484375e-01) (74, 2.45974987745285034180e-01) (75, 9.73925471305847167969e-01) (76, 1.93848156929016113281e+00) (77, 8.89751076698303222656e-01) (78, 8.87609839439392089844e-01) (79, -8.34943175315856933594e-01) (80, 1.00556164979934692383e-01) (81, 4.04077231884002685547e-01) (82, -8.40450167655944824219e-01) (83, -5.35495996475219726562e-01) (84, -7.09141910076141357422e-01) (85, -8.83676707744598388672e-01) (86, 1.20884478092193603516e+00) (87, 2.29224860668182373047e-01) (88, -6.52466773986816406250e-01) (89, 1.09519624710083007812e+00) (90, -5.93161344528198242188e-01) (91, 8.98179888725280761719e-01) (92, 3.22659909725189208984e-02) (93, -8.73238027095794677734e-01) (94, 1.87453711032867431641e+00) (95, -6.62411928176879882812e-01) (96, 2.05464005470275878906e-01) (97, 1.75108015537261962891e+00) (98, 9.12920475006103515625e-01) (99, 2.52001941204071044922e-01) (100, 1.20325386524200439453e+00) (101, 2.33886450529098510742e-01) (102, -1.50000000000000000000e+03) (103, 1.50000000000000000000e+03) (104, 8.46566259860992431641e-01) (0, -5.31493425369262695312e+00) (1, -8.33211183547973632812e-01) (2, -3.77178102731704711914e-01) (3, -2.24811539053916931152e-01) (4, -5.73578655719757080078e-01) (5, -7.06093013286590576172e-01) (6, 3.46829265356063842773e-01) (7, -1.20882380008697509766e+00) (8, 6.13516449928283691406e-01) (9, 2.36732530593872070312e+00) (10, -5.82532405853271484375e-01) (11, 2.21586513519287109375e+00) (12, 7.39751994609832763672e-01) (13, -3.05907607078552246094e+00) (14, 1.92470943927764892578e+00) (15, -4.27011609077453613281e-01) (16, -9.31388616561889648438e-01) (17, -3.08772325515747070312e-01) (18, -2.90584683418273925781e-01) (19, 2.19781532883644104004e-01) (20, -5.84907245635986328125e+00) (21, 2.07379508018493652344e+00) (22, -1.31609916687011718750e-01) (23, 1.91572666168212890625e+00) (24, -2.24492728710174560547e-01) (25, 1.40266704559326171875e+00) (26, -6.24408721923828125000e-01) (27, -7.91690051555633544922e-01) (28, 2.00183725357055664062e+00) (29, -8.49146008491516113281e-01) (30, 1.50677800178527832031e+00) (31, -7.00415730476379394531e-01) (32, -8.46962407231330871582e-02) (33, 2.27220129966735839844e+00) (34, -7.47746467590332031250e-01) (35, -6.17503046989440917969e-01) (36, 7.64114737510681152344e-01) (37, -5.26743471622467041016e-01) (38, -9.29406166076660156250e-01) (39, -9.66378033161163330078e-01) (40, -7.27008759975433349609e-01) (41, -1.10545909404754638672e+00) (42, -2.52077281475067138672e-01) (43, 4.55237197875976562500e+00) (44, 5.67281067371368408203e-01) (45, -9.39060270786285400391e-01) (46, 2.42535424232482910156e+00) (47, -1.94263958930969238281e+00) (48, 1.12329888343811035156e+00) (49, 4.08937841653823852539e-01) (50, 2.97574448585510253906e+00) (51, 8.77419531345367431641e-01) (52, 9.18215870857238769531e-01) (53, -3.32466220855712890625e+00) (54, 1.21569439768791198730e-01) (55, 1.27542281150817871094e+00) (56, 6.42230570316314697266e-01) (57, 3.26119303703308105469e+00) (58, 1.80477321147918701172e+00) (59, -2.10076522827148437500e+00) (60, -4.01877343654632568359e-01) (61, 6.18799626827239990234e-01) (62, 6.37807905673980712891e-01) (63, -4.33867037296295166016e-01) (64, -7.24929273128509521484e-01) (65, -4.38407152891159057617e-01) (66, -2.98963785171508789062e-01) (67, -4.86662030220031738281e-01) (68, 4.44793891906738281250e+00) (69, 1.32240080833435058594e+00) (70, -3.62698137760162353516e-01) (71, 3.49998265504837036133e-01) (72, -5.30292153358459472656e-01) (73, 2.48590207099914550781e+00) (74, -4.60753142833709716797e-01) (75, -1.98608863353729248047e+00) (76, 1.31909573078155517578e+00) (77, -5.07218003273010253906e-01) (78, 5.61042577028274536133e-02) (79, 2.58441114425659179688e+00) (80, 3.04091610014438629150e-02) (81, 9.32238519191741943359e-01) (82, -7.69564330577850341797e-01) (83, -2.36147880554199218750e+00) (84, -7.56945848464965820312e-01) (85, 3.49393934011459350586e-01) (86, -5.90789914131164550781e-01) (87, 5.08486449718475341797e-01) (88, 5.11212041601538658142e-03) (89, -2.88900113105773925781e+00) (90, 2.05835962295532226562e+00) (91, -1.11219477653503417969e+00) (92, -2.99595355987548828125e-01) (93, 3.25151413679122924805e-01) (94, -3.94917458295822143555e-01) (95, -3.40022623538970947266e-01) (96, 6.49220645427703857422e-01) (97, -3.34599971771240234375e-01) (98, 2.69920021295547485352e-01) (99, 2.53772854804992675781e+00) (100, -3.81649643182754516602e-01) (101, 2.37799286842346191406e+00) (102, -4.11068648099899291992e-01) (103, 2.80485820770263671875e+00) (104, 1.36513781547546386719e+00) (0, 1.50000000000000000000e+03) (1, -1.50000000000000000000e+03) (2, 4.77787047624588012695e-01) (3, 1.50000000000000000000e+03) (4, -7.55586791992187500000e+02) (5, 8.45709815621376037598e-02) (6, 1.50000000000000000000e+03) (7, 1.50000000000000000000e+03) (8, 1.50000000000000000000e+03) (9, 8.17778527736663818359e-01) (10, 4.98718947172164916992e-01) (11, 9.24994170665740966797e-01) (12, 9.90503430366516113281e-01) (13, 2.21423125267028808594e+00) (14, 8.32750618457794189453e-01) (15, 8.04803192615509033203e-01) (16, 1.50000000000000000000e+03) (17, -1.25456392765045166016e+00) (18, 1.14993786811828613281e+00) (19, -1.49570031738281250000e+03) (20, -6.66482591629028320312e+00) (21, 2.28346204757690429688e+00) (22, 1.86290216445922851562e+00) (23, 1.70748758316040039062e+00) (24, 1.97372138500213623047e+00) (25, 2.13790631294250488281e+00) (26, 1.16588008403778076172e+00) (27, 1.95396590232849121094e+00) (28, 2.08280158042907714844e+00) (29, 1.25872480869293212891e+00) (30, 2.32969927787780761719e+00) (31, 2.01483154296875000000e+00) (32, 1.17372965812683105469e+00) (33, 2.02011489868164062500e+00) (34, 1.41948151588439941406e+00) (35, 2.08575725555419921875e+00) (36, 2.04374766349792480469e+00) (37, 2.20080685615539550781e+00) (38, 1.91744637489318847656e+00) (39, 1.87279224395751953125e+00) (40, 1.91454160213470458984e+00) (41, 1.50000000000000000000e+03) (42, 8.65976393222808837891e-01) (43, 1.18978893756866455078e+00) (44, 1.30311644077301025391e+00) (45, 1.24946260452270507812e+00) (46, 1.39139854907989501953e+00) (47, 4.83686065673828125000e+00) (48, -1.73395723104476928711e-01) (49, 2.00214791297912597656e+00) (50, 1.32937753200531005859e+00) (51, -3.22295212745666503906e+00) (52, 8.22866678237915039062e-01) (53, 7.51617908477783203125e-01) (54, 7.78014242649078369141e-01) (55, -7.25840032100677490234e-02) (56, -1.50000000000000000000e+03) (57, -1.50000000000000000000e+03) (58, -1.50000000000000000000e+03) (59, -1.49997900390625000000e+03) (60, -1.49897656250000000000e+03) (61, -1.49997900390625000000e+03) (62, 8.68529796600341796875e-01) (63, -1.49897656250000000000e+03) (64, -1.49897656250000000000e+03) (65, -1.49175793457031250000e+03) (66, 1.50000000000000000000e+03) (67, 6.19810640811920166016e-01) (68, -1.50000000000000000000e+03) (69, -1.48523181152343750000e+03) (70, -1.04745066165924072266e+00) (71, 8.96524786949157714844e-01) (72, -1.29946112632751464844e+00) (73, -1.35764372348785400391e+00) (74, -1.41503477096557617188e+00) (75, -1.50000000000000000000e+03) (76, -1.50000000000000000000e+03) (77, -6.27404937744140625000e+01) (78, -1.50000000000000000000e+03) (79, 7.31126427650451660156e-01) (80, -1.50000000000000000000e+03) (81, -1.50000000000000000000e+03) (82, 6.92457497119903564453e-01) (83, -1.50000000000000000000e+03) (84, -1.27664661407470703125e+00) (85, 6.82326853275299072266e-01) (86, -1.49897656250000000000e+03) (87, -1.22719836235046386719e+00) (88, -2.08563256263732910156e+00) (89, -1.50000000000000000000e+03) (90, -2.67853569984436035156e+00) (91, -1.57632994651794433594e+00) (92, 5.36931574344635009766e-01) (93, 6.86946570873260498047e-01) (94, -1.21730322265625000000e+03) (95, -1.37429571151733398438e+00) (96, 8.20176482200622558594e-01) (97, -1.49897656250000000000e+03) (98, -1.50000000000000000000e+03) (99, -1.46630239486694335938e+00) (100, -1.90150558948516845703e+00) (101, -1.59694540500640869141e+00) (102, 1.50000000000000000000e+03) (103, -1.50000000000000000000e+03) (104, 3.28049588203430175781e+00) (0, 3.92422580718994140625e+00) (1, -3.91184329986572265625e-01) (2, -4.77074831724166870117e-01) (3, 1.81602343916893005371e-01) (4, -1.43136429786682128906e+00) (5, -1.14174425601959228516e+00) (6, -6.62171721458435058594e-01) (7, -9.63089168071746826172e-01) (8, 2.18904924392700195312e+00) (9, 1.03505945205688476562e+00) (10, 1.20372211933135986328e+00) (11, -2.10998356342315673828e-01) (12, 2.01338577270507812500e+00) (13, -2.37056300044059753418e-01) (14, -1.42166957259178161621e-01) (15, 1.28271543979644775391e+00) (16, 2.59967088699340820312e+00) (17, -1.04499471187591552734e+00) (18, 1.60369277000427246094e+00) (19, -1.53689181804656982422e+00) (20, -1.67674708366394042969e+00) (21, -6.84760272502899169922e-01) (22, -9.14554819464683532715e-02) (23, -1.04337143898010253906e+00) (24, -9.89666938781738281250e-01) (25, -1.04885613918304443359e+00) (26, -2.04586410522460937500e+00) (27, 1.92881917953491210938e+00) (28, 5.18467009067535400391e-01) (29, -3.65340739488601684570e-01) (30, 1.40960609912872314453e+00) (31, -6.37847781181335449219e-01) (32, 2.59290170669555664062e+00) (33, -1.12263508141040802002e-01) (34, -7.31699049472808837891e-01) (35, -2.39697352051734924316e-01) (36, 6.26190364360809326172e-01) (37, 4.14990395307540893555e-01) (38, 5.51765382289886474609e-01) (39, 2.78958469629287719727e-01) (40, -1.02102428674697875977e-01) (41, 3.53280568122863769531e+00) (42, 1.97156977653503417969e+00) (43, 1.99676439166069030762e-01) (44, -8.29501092433929443359e-01) (45, 1.65485966205596923828e+00) (46, -6.12762331962585449219e-01) (47, 8.75320971012115478516e-01) (48, -1.91520249843597412109e+00) (49, -3.65303993225097656250e-01) (50, -2.98635829240083694458e-02) (51, -3.60326051712036132812e-01) (52, 2.04662370681762695312e+00) (53, 2.19099473953247070312e+00) (54, 2.95880579948425292969e+00) (55, -6.26843690872192382812e-01) (56, 2.11868667602539062500e+00) (57, -3.55233997106552124023e-01) (58, -3.70931291580200195312e+00) (59, 1.37693023681640625000e+00) (60, 2.34246969223022460938e-01) (61, 4.81830328702926635742e-01) (62, -6.54212713241577148438e-01) (63, -9.74120080471038818359e-01) (64, -7.24100291728973388672e-01) (65, -1.23876750469207763672e+00) (66, 1.59012496471405029297e+00) (67, -2.94888496398925781250e+00) (68, -1.30731046199798583984e+00) (69, -2.17795085906982421875e+00) (70, 1.87362539768218994141e+00) (71, 1.16002953052520751953e+00) (72, -9.57959741353988647461e-02) (73, -4.76214075088500976562e+00) (74, -8.14015030860900878906e-01) (75, 1.88141000270843505859e+00) (76, -7.23962843418121337891e-01) (77, -8.04426372051239013672e-01) (78, 9.33799088001251220703e-01) (79, -3.11277508735656738281e+00) (80, 3.36686992645263671875e+00) (81, -1.64772939682006835938e+00) (82, -1.28767347335815429688e+00) (83, 1.70461213588714599609e+00) (84, -5.08534431457519531250e-01) (85, -1.42112493515014648438e+00) (86, -1.93071961402893066406e-01) (87, -7.63784572482109069824e-02) (88, 1.94129312038421630859e+00) (89, 3.45991539955139160156e+00) (90, -1.42282164096832275391e+00) (91, -9.46517884731292724609e-01) (92, 2.07471847534179687500e+00) (93, -2.39661622047424316406e+00) (94, -4.97791692614555358887e-02) (95, -9.48857486248016357422e-01) (96, 1.66725262999534606934e-01) (97, -7.50517427921295166016e-01) (98, -2.57794260978698730469e+00) (99, 1.00797760486602783203e+00) (100, -1.75544738769531250000e-01) (101, -8.80520105361938476562e-01) (102, -1.43880379199981689453e+00) (103, 3.61773753166198730469e+00) (104, 1.85709881782531738281e+00) (0, -1.50000000000000000000e+03) (1, 3.35899782180786132812e+00) (2, 3.89988601207733154297e-01) (3, -1.50000000000000000000e+03) (4, 9.79020714759826660156e-01) (5, 9.16587352752685546875e-01) (6, -1.50000000000000000000e+03) (7, -1.50000000000000000000e+03) (8, -1.50000000000000000000e+03) (9, 3.49619626998901367188e-01) (10, 5.68830847740173339844e-01) (11, 2.16552421450614929199e-01) (12, 1.43040239810943603516e-01) (13, -2.07193252563476562500e+02) (14, 1.12784206867218017578e-01) (15, 3.90844643115997314453e-01) (16, -1.50000000000000000000e+03) (17, 2.48998308181762695312e+00) (18, -9.72587987780570983887e-02) (19, 7.64893651008605957031e-01) (20, 3.14863071441650390625e+01) (21, -1.33690416812896728516e+00) (22, -5.63809812068939208984e-01) (23, -3.56286227703094482422e-01) (24, -1.03777754306793212891e+00) (25, -1.65306401252746582031e+00) (26, 4.29617762565612792969e-02) (27, -8.32341134548187255859e-01) (28, -9.65206086635589599609e-01) (29, -9.17471870779991149902e-02) (30, -2.18929595947265625000e+01) (31, -8.76150250434875488281e-01) (32, 4.10907343029975891113e-02) (33, -1.14143228530883789062e+00) (34, -8.05743885040283203125e+00) (35, -1.24426233768463134766e+00) (36, -9.97676014900207519531e-01) (37, -8.54723358154296875000e+00) (38, -5.94545722007751464844e-01) (39, -6.81162238121032714844e-01) (40, -8.10637354850769042969e-01) (41, -1.50000000000000000000e+03) (42, 4.25704240798950195312e-01) (43, -1.07651300728321075439e-01) (44, -1.27888247370719909668e-01) (45, -4.83422577381134033203e-02) (46, 1.76159515976905822754e-02) (47, -1.43652057647705078125e+00) (48, 1.81267023086547851562e+00) (49, -9.51761126518249511719e-01) (50, -1.49838939309120178223e-01) (51, 4.34066951274871826172e-01) (52, 3.78843247890472412109e-01) (53, 5.14292240142822265625e-01) (54, 3.43762695789337158203e-01) (55, 2.60175561904907226562e+00) (56, 1.50000000000000000000e+03) (57, 1.50000000000000000000e+03) (58, 1.50000000000000000000e+03) (59, 1.49997924804687500000e+03) (60, 1.49897656250000000000e+03) (61, 1.49997924804687500000e+03) (62, 4.88351047039031982422e-01) (63, 1.49897656250000000000e+03) (64, 1.49897656250000000000e+03) (65, 2.36400566101074218750e+01) (66, -1.50000000000000000000e+03) (67, 3.94131183624267578125e-01) (68, 1.50000000000000000000e+03) (69, 3.36614656448364257812e+00) (70, 2.24608397483825683594e+00) (71, 3.25780808925628662109e-01) (72, 2.39329910278320312500e+00) (73, 2.52615571022033691406e+00) (74, 2.56545805931091308594e+00) (75, 1.50000000000000000000e+03) (76, 1.50000000000000000000e+03) (77, 8.84247741699218750000e+01) (78, 1.50000000000000000000e+03) (79, 4.84279394149780273438e-01) (80, 1.50000000000000000000e+03) (81, 1.50000000000000000000e+03) (82, 3.33923816680908203125e-01) (83, 1.50000000000000000000e+03) (84, 2.53986644744873046875e+00) (85, 5.61556696891784667969e-01) (86, 1.49897656250000000000e+03) (87, 2.33599281311035156250e+00) (88, 1.87006988525390625000e+01) (89, 1.50000000000000000000e+03) (90, 2.92394375801086425781e+00) (91, 2.76138019561767578125e+00) (92, 7.25941061973571777344e-01) (93, 5.50748467445373535156e-01) (94, 3.40225815773010253906e+00) (95, 2.56727981567382812500e+00) (96, 2.76666224002838134766e-01) (97, 1.49897656250000000000e+03) (98, 1.50000000000000000000e+03) (99, 2.68751263618469238281e+00) (100, 2.81435227394104003906e+00) (101, 2.74434494972229003906e+00) (102, -1.50000000000000000000e+03) (103, 1.50000000000000000000e+03) (104, -5.19669413566589355469e-01) (0, -1.50000000000000000000e+03) (1, 1.50000000000000000000e+03) (2, 1.15997779369354248047e+00) (3, -1.50000000000000000000e+03) (4, 1.07201342773437500000e+03) (5, 1.46788299083709716797e+00) (6, -1.50000000000000000000e+03) (7, -1.50000000000000000000e+03) (8, -1.50000000000000000000e+03) (9, 7.42078423500061035156e-01) (10, 8.77293944358825683594e-01) (11, 4.46697235107421875000e-01) (12, 5.97186565399169921875e-01) (13, -7.22997426986694335938e-01) (14, 5.89206814765930175781e-01) (15, 8.73311400413513183594e-01) (16, -1.50000000000000000000e+03) (17, 2.76787376403808593750e+00) (18, 2.78250753879547119141e-01) (19, 1.49897656250000000000e+03) (20, 1.18922290802001953125e+01) (21, -6.80615305900573730469e-01) (22, -2.21424654126167297363e-01) (23, -1.49832949042320251465e-01) (24, -5.43430268764495849609e-01) (25, -5.39215505123138427734e-01) (26, 4.36427056789398193359e-01) (27, -3.93463194370269775391e-01) (28, -3.82768839597702026367e-01) (29, 2.46552735567092895508e-01) (30, -6.38738632202148437500e-01) (31, -3.49493861198425292969e-01) (32, 2.27001279592514038086e-01) (33, -4.54695582389831542969e-01) (34, -3.39019522070884704590e-02) (35, -6.35214030742645263672e-01) (36, -5.57138383388519287109e-01) (37, -7.46315479278564453125e-01) (38, -3.72235715389251708984e-01) (39, -2.09968283772468566895e-01) (40, -3.77210408449172973633e-01) (41, -1.50000000000000000000e+03) (42, 6.64894938468933105469e-01) (43, 2.58183479309082031250e-01) (44, 2.98073589801788330078e-01) (45, 3.23489904403686523438e-01) (46, -1.72114536166191101074e-01) (47, -9.88276720046997070312e-01) (48, 1.80603659152984619141e+00) (49, -4.77940082550048828125e-01) (50, 2.76510000228881835938e-01) (51, 6.57155418395996093750e+00) (52, 7.71964907646179199219e-01) (53, 8.04323673248291015625e-01) (54, 6.00499629974365234375e-01) (55, 9.03921365737915039062e-01) (56, 1.50000000000000000000e+03) (57, 1.50000000000000000000e+03) (58, 1.50000000000000000000e+03) (59, 1.49997924804687500000e+03) (60, 1.49897656250000000000e+03) (61, 1.49997924804687500000e+03) (62, 6.65331006050109863281e-01) (63, 1.49897656250000000000e+03) (64, 1.49897656250000000000e+03) (65, 1.49897656250000000000e+03) (66, -1.50000000000000000000e+03) (67, 8.82293581962585449219e-01) (68, 1.50000000000000000000e+03) (69, 1.50000000000000000000e+03) (70, 2.61146020889282226562e+00) (71, 8.23466897010803222656e-01) (72, 2.87128090858459472656e+00) (73, 2.92244076728820800781e+00) (74, 2.97524142265319824219e+00) (75, 1.50000000000000000000e+03) (76, 1.50000000000000000000e+03) (77, 8.89662857055664062500e+01) (78, 1.50000000000000000000e+03) (79, 8.32515835762023925781e-01) (80, 1.50000000000000000000e+03) (81, 1.50000000000000000000e+03) (82, 7.45602011680603027344e-01) (83, 1.50000000000000000000e+03) (84, 2.91197371482849121094e+00) (85, 8.45084309577941894531e-01) (86, 1.49897656250000000000e+03) (87, 2.76291465759277343750e+00) (88, 3.75964593887329101562e+00) (89, 1.50000000000000000000e+03) (90, 3.54202055931091308594e+00) (91, 3.25467014312744140625e+00) (92, 1.10252332687377929688e+00) (93, 7.84389853477478027344e-01) (94, 1.50000000000000000000e+03) (95, 3.03461146354675292969e+00) (96, 7.02660322189331054688e-01) (97, 1.49897656250000000000e+03) (98, 1.50000000000000000000e+03) (99, 3.08797764778137207031e+00) (100, 3.53153061866760253906e+00) (101, 3.32385754585266113281e+00) (102, -1.50000000000000000000e+03) (103, 1.50000000000000000000e+03) (104, -8.69028091430664062500e-01) (0, 1.50000000000000000000e+03) (1, -1.50000000000000000000e+03) (2, 5.95184445381164550781e-01) (3, 1.50000000000000000000e+03) (4, -7.54652954101562500000e+02) (5, 1.32104024291038513184e-01) (6, 1.50000000000000000000e+03) (7, 1.50000000000000000000e+03) (8, 1.50000000000000000000e+03) (9, 7.56464004516601562500e-01) (10, 5.49444437026977539062e-01) (11, 9.00553703308105468750e-01) (12, 8.63511919975280761719e-01) (13, 2.21735882759094238281e+00) (14, 1.01445615291595458984e+00) (15, 7.87909686565399169922e-01) (16, 1.50000000000000000000e+03) (17, -1.28544616699218750000e+00) (18, 1.20556223392486572266e+00) (19, -1.49570031738281250000e+03) (20, -6.72023534774780273438e+00) (21, 2.33380389213562011719e+00) (22, 1.89804971218109130859e+00) (23, 1.84783029556274414062e+00) (24, 1.95894396305084228516e+00) (25, 2.11997365951538085938e+00) (26, 1.12724077701568603516e+00) (27, 1.87705385684967041016e+00) (28, 2.04341936111450195312e+00) (29, 1.17332458496093750000e+00) (30, 2.14267206192016601562e+00) (31, 2.07016849517822265625e+00) (32, 1.31063592433929443359e+00) (33, 2.14654564857482910156e+00) (34, 1.55271136760711669922e+00) (35, 2.15012741088867187500e+00) (36, 2.04321408271789550781e+00) (37, 2.25823330879211425781e+00) (38, 1.89420771598815917969e+00) (39, 1.85240972042083740234e+00) (40, 1.96551501750946044922e+00) (41, 1.50000000000000000000e+03) (42, 7.30342686176300048828e-01) (43, 1.26671409606933593750e+00) (44, 1.39256048202514648438e+00) (45, 1.40135955810546875000e+00) (46, 1.39759290218353271484e+00) (47, 4.93487119674682617188e+00) (48, -2.40396291017532348633e-01) (49, 2.07195258140563964844e+00) (50, 1.35681474208831787109e+00) (51, -3.39494776725769042969e+00) (52, 8.88218641281127929688e-01) (53, 6.70777261257171630859e-01) (54, 8.99796128273010253906e-01) (55, 1.18876494467258453369e-01) (56, -1.50000000000000000000e+03) (57, -1.50000000000000000000e+03) (58, -1.50000000000000000000e+03) (59, -1.49997900390625000000e+03) (60, -1.49897656250000000000e+03) (61, -1.49997900390625000000e+03) (62, 8.83032083511352539062e-01) (63, -1.49897656250000000000e+03) (64, -1.49897656250000000000e+03) (65, -1.49175793457031250000e+03) (66, 1.50000000000000000000e+03) (67, 6.41527712345123291016e-01) (68, -1.50000000000000000000e+03) (69, -1.48523181152343750000e+03) (70, -1.21425449848175048828e+00) (71, 7.62824177742004394531e-01) (72, -1.30239915847778320312e+00) (73, -1.36661481857299804688e+00) (74, -1.26116156578063964844e+00) (75, -1.50000000000000000000e+03) (76, -1.50000000000000000000e+03) (77, -6.27489891052246093750e+01) (78, -1.50000000000000000000e+03) (79, 7.53804624080657958984e-01) (80, -1.50000000000000000000e+03) (81, -1.50000000000000000000e+03) (82, 7.00944960117340087891e-01) (83, -1.50000000000000000000e+03) (84, -1.36164605617523193359e+00) (85, 7.11864888668060302734e-01) (86, -1.49897656250000000000e+03) (87, -1.24802887439727783203e+00) (88, -2.05694913864135742188e+00) (89, -1.50000000000000000000e+03) (90, -2.50450849533081054688e+00) (91, -1.60895860195159912109e+00) (92, 4.58516180515289306641e-01) (93, 7.17354595661163330078e-01) (94, -1.21741870117187500000e+03) (95, -1.41162288188934326172e+00) (96, 9.34781193733215332031e-01) (97, -1.49897656250000000000e+03) (98, -1.50000000000000000000e+03) (99, -1.54217243194580078125e+00) (100, -1.85973787307739257812e+00) (101, -1.58753252029418945312e+00) (102, 1.50000000000000000000e+03) (103, -1.50000000000000000000e+03) (104, 3.26899385452270507812e+00) (0, 1.40020406246185302734e+00) (1, -2.00479343533515930176e-01) (2, 7.06687122583389282227e-02) (3, -3.75039368867874145508e-01) (4, 1.21722328662872314453e+00) (5, 1.71382963657379150391e+00) (6, -9.51048970222473144531e-01) (7, 5.90117335319519042969e-01) (8, -4.39184963703155517578e-01) (9, -7.68400967121124267578e-01) (10, -8.68540048599243164062e-01) (11, -1.03308606147766113281e+00) (12, -7.01450049877166748047e-01) (13, 5.43787002563476562500e-01) (14, -7.18389153480529785156e-01) (15, 2.10909628868103027344e+00) (16, 2.80234903097152709961e-01) (17, -9.53286468982696533203e-01) (18, 4.77625817060470581055e-01) (19, 1.14523351192474365234e+00) (20, -6.52773678302764892578e-01) (21, 2.82797384262084960938e+00) (22, -4.98479038476943969727e-01) (23, 1.66935515403747558594e+00) (24, 1.96134102344512939453e+00) (25, 1.25245466828346252441e-01) (26, 2.11695477366447448730e-01) (27, 1.35929262638092041016e+00) (28, -3.07065278291702270508e-01) (29, 1.77300953865051269531e+00) (30, 1.79352068901062011719e+00) (31, -4.20763254165649414062e-01) (32, 4.46410804986953735352e-01) (33, 1.72442996501922607422e+00) (34, 4.25229281187057495117e-01) (35, -1.44895702600479125977e-01) (36, -3.23672115802764892578e-01) (37, -2.90359199047088623047e-01) (38, -6.24918997287750244141e-01) (39, -9.44863975048065185547e-01) (40, -7.77241349220275878906e-01) (41, -1.42950034141540527344e+00) (42, -8.36036622524261474609e-01) (43, -7.56916463375091552734e-01) (44, -8.11658203601837158203e-01) (45, -2.86476403474807739258e-01) (46, -2.68356680870056152344e-01) (47, 1.76730465888977050781e+00) (48, 2.98093223571777343750e+00) (49, 1.22816629707813262939e-01) (50, -7.86456108093261718750e-01) (51, 2.62699961662292480469e-01) (52, -1.36920368671417236328e+00) (53, -1.52235305309295654297e+00) (54, 1.55699920654296875000e+00) (55, -2.43357014656066894531e+00) (56, 5.99601626396179199219e-01) (57, 1.41475248336791992188e+00) (58, -1.74832075834274291992e-01) (59, 1.44737944006919860840e-01) (60, 1.24732708930969238281e+00) (61, -2.71926879882812500000e-01) (62, 2.29997992515563964844e+00) (63, -7.44036793708801269531e-01) (64, 6.66804015636444091797e-01) (65, -6.71977579593658447266e-01) (66, -8.03092718124389648438e-01) (67, 3.52212876081466674805e-01) (68, -7.64980256557464599609e-01) (69, 6.96245804429054260254e-02) (70, -6.81388750672340393066e-02) (71, 1.22875177860260009766e+00) (72, -7.98117756843566894531e-01) (73, -1.71658575534820556641e+00) (74, 1.25322127342224121094e+00) (75, -8.36374819278717041016e-01) (76, 1.80753409862518310547e+00) (77, -8.17997872829437255859e-01) (78, -1.01199781894683837891e+00) (79, -2.57892549037933349609e-01) (80, -1.07024145126342773438e+00) (81, -8.13742458820343017578e-01) (82, 7.29296565055847167969e-01) (83, 1.56785261631011962891e+00) (84, -6.65527522563934326172e-01) (85, 8.52372109889984130859e-01) (86, 1.09542596340179443359e+00) (87, -8.37497860193252563477e-02) (88, -1.57786107063293457031e+00) (89, -8.38334143161773681641e-01) (90, -3.62621068954467773438e-01) (91, -2.11341953277587890625e+00) (92, -5.12493252754211425781e-01) (93, -7.45580255985260009766e-01) (94, -8.01002562046051025391e-01) (95, -2.82260000705718994141e-01) (96, 3.05347532033920288086e-01) (97, 1.18539047241210937500e+00) (98, 5.18444478511810302734e-02) (99, -8.63752484321594238281e-01) (100, -8.92765641212463378906e-01) (101, -6.38293325901031494141e-01) (102, -1.98073518276214599609e+00) (103, 4.00877094268798828125e+00) (104, 1.76808559894561767578e+00) (0, -8.69033527374267578125e+00) (1, -1.71950459480285644531e-01) (2, 5.84672331809997558594e-01) (3, 2.84238553047180175781e+00) (4, 1.77887177467346191406e+00) (5, -3.91689032316207885742e-01) (6, 1.66534149646759033203e+00) (7, -9.27531599998474121094e-01) (8, -3.70872640609741210938e+00) (9, 1.30095472559332847595e-02) (10, 1.83032357692718505859e+00) (11, 2.38681268692016601562e+00) (12, -3.42234373092651367188e-02) (13, 4.50252103805541992188e+00) (14, 4.05019313097000122070e-01) (15, 4.76286321878433227539e-01) (16, -8.11096191406250000000e-01) (17, 4.41756248474121093750e-01) (18, -8.22691202163696289062e-01) (19, -1.71972596645355224609e+00) (20, -1.72287940979003906250e+00) (21, 1.93945288658142089844e+00) (22, -2.00729846954345703125e-01) (23, -2.14156436920166015625e+00) (24, -1.53565776348114013672e+00) (25, 7.12894856929779052734e-01) (26, -8.81862998008728027344e-01) (27, -2.61793822050094604492e-01) (28, -2.11543250083923339844e+00) (29, -9.30413544178009033203e-01) (30, 2.96497321128845214844e+00) (31, 7.74939298629760742188e-01) (32, 4.78791087865829467773e-01) (33, 5.58851575851440429688e+00) (34, -1.23753595352172851562e+00) (35, 2.61031770706176757812e+00) (36, 6.12092912197113037109e-01) (37, -6.55059635639190673828e-01) (38, -7.92226731777191162109e-01) (39, -1.02281868457794189453e+00) (40, -1.13187086582183837891e+00) (41, 1.25174653530120849609e+00) (42, 1.77630543708801269531e+00) (43, 1.17012846469879150391e+00) (44, -6.67020082473754882812e+00) (45, 8.10545206069946289062e-01) (46, 1.57449376583099365234e+00) (47, 1.58115279674530029297e+00) (48, -1.57905817031860351562e+00) (49, 2.12846565246582031250e+00) (50, -1.03591024875640869141e+00) (51, 6.64562880992889404297e-02) (52, -6.92125499248504638672e-01) (53, -9.64821517467498779297e-01) (54, 1.53390192985534667969e+00) (55, -7.93192195892333984375e+00) (56, 8.74894678592681884766e-01) (57, 2.48538255691528320312e+00) (58, -1.85276174545288085938e+00) (59, 1.59054711461067199707e-01) (60, -1.44609985873103141785e-02) (61, 1.05881536006927490234e+00) (62, -6.46378099918365478516e-01) (63, -1.70314013957977294922e+00) (64, -3.92435717582702636719e+00) (65, 1.69822204113006591797e+00) (66, -1.79000091552734375000e+00) (67, -5.61705946922302246094e-01) (68, -4.88569211959838867188e+00) (69, 1.28544163703918457031e+00) (70, 6.36414229869842529297e-01) (71, -3.61821353435516357422e-01) (72, -1.35827377438545227051e-01) (73, 1.01148676872253417969e+00) (74, 2.22680950164794921875e+00) (75, 9.78744506835937500000e+00) (76, -5.56484125554561614990e-02) (77, -3.69326323270797729492e-01) (78, 1.98958933353424072266e+00) (79, -2.74044561386108398438e+00) (80, 2.81167888641357421875e+00) (81, -9.74260568618774414062e-01) (82, -3.19761824607849121094e+00) (83, 1.47252929210662841797e+00) (84, 1.19344091415405273438e+00) (85, -3.14952993392944335938e+00) (86, 1.54142642021179199219e+00) (87, -3.67424368858337402344e-01) (88, -2.00048297643661499023e-01) (89, -4.07262468338012695312e+00) (90, -1.31820857524871826172e+00) (91, 2.16843104362487792969e+00) (92, 1.79050967097282409668e-01) (93, 2.94953155517578125000e+00) (94, -4.09613996744155883789e-01) (95, 3.83880877494812011719e+00) (96, 3.09619039297103881836e-01) (97, 1.42731368541717529297e+00) (98, 4.18070983886718750000e+00) (99, 7.08004891872406005859e-01) (100, -3.74405086040496826172e-01) (101, 4.30369853973388671875e+00) (102, 1.22615784406661987305e-01) (103, 2.12190771102905273438e+00) (104, 2.19100689888000488281e+00) (0, -1.50000000000000000000e+03) (1, 1.50000000000000000000e+03) (2, 1.12842273712158203125e+00) (3, -1.50000000000000000000e+03) (4, 1.07190026855468750000e+03) (5, 1.32622230052947998047e+00) (6, -1.50000000000000000000e+03) (7, -1.50000000000000000000e+03) (8, -1.50000000000000000000e+03) (9, 7.53713488578796386719e-01) (10, 9.07668590545654296875e-01) (11, 1.02196586132049560547e+00) (12, 5.62787175178527832031e-01) (13, -6.77286148071289062500e-01) (14, 6.62514209747314453125e-01) (15, 6.80096268653869628906e-01) (16, -1.50000000000000000000e+03) (17, 2.69494128227233886719e+00) (18, 2.97243356704711914062e-01) (19, 1.49897656250000000000e+03) (20, 1.18585414886474609375e+01) (21, -2.88698375225067138672e-01) (22, -3.45313757658004760742e-01) (23, -1.41351386904716491699e-01) (24, -5.44798552989959716797e-01) (25, -5.38736879825592041016e-01) (26, 7.15319514274597167969e-01) (27, 1.19473449885845184326e-01) (28, -4.65144246816635131836e-01) (29, 3.81108462810516357422e-01) (30, -6.80226445198059082031e-01) (31, -3.90809297561645507812e-01) (32, 2.81087815761566162109e-01) (33, -4.70081776380538940430e-01) (34, 6.56724199652671813965e-02) (35, -4.67080980539321899414e-01) (36, -4.53771024942398071289e-01) (37, -6.77970945835113525391e-01) (38, -4.10009920597076416016e-01) (39, -3.39178711175918579102e-01) (40, 5.88685646653175354004e-02) (41, -1.50000000000000000000e+03) (42, 8.02870512008666992188e-01) (43, 6.49693131446838378906e-01) (44, 7.18407630920410156250e-01) (45, 1.62062972784042358398e-01) (46, -1.65584430098533630371e-01) (47, -9.84235763549804687500e-01) (48, 1.93031990528106689453e+00) (49, -3.87330144643783569336e-01) (50, 6.33052110671997070312e-01) (51, 6.50799846649169921875e+00) (52, 6.93159222602844238281e-01) (53, 7.83178210258483886719e-01) (54, 6.90099954605102539062e-01) (55, 5.98140954971313476562e-01) (56, 1.50000000000000000000e+03) (57, 1.50000000000000000000e+03) (58, 1.50000000000000000000e+03) (59, 1.49997924804687500000e+03) (60, 1.49897656250000000000e+03) (61, 1.49997924804687500000e+03) (62, 6.63322687149047851562e-01) (63, 1.49897656250000000000e+03) (64, 1.49897656250000000000e+03) (65, 1.49897656250000000000e+03) (66, -1.50000000000000000000e+03) (67, 7.87483096122741699219e-01) (68, 1.50000000000000000000e+03) (69, 1.50000000000000000000e+03) (70, 2.75157070159912109375e+00) (71, 7.96688199043273925781e-01) (72, 2.87016439437866210938e+00) (73, 2.85727334022521972656e+00) (74, 2.78598594665527343750e+00) (75, 1.50000000000000000000e+03) (76, 1.50000000000000000000e+03) (77, 8.89952468872070312500e+01) (78, 1.50000000000000000000e+03) (79, 9.43035721778869628906e-01) (80, 1.50000000000000000000e+03) (81, 1.50000000000000000000e+03) (82, 7.58533596992492675781e-01) (83, 1.50000000000000000000e+03) (84, 2.87480020523071289062e+00) (85, 9.42475199699401855469e-01) (86, 1.49897656250000000000e+03) (87, 2.71075749397277832031e+00) (88, 3.73683071136474609375e+00) (89, 1.50000000000000000000e+03) (90, 3.46536779403686523438e+00) (91, 3.25145196914672851562e+00) (92, 1.16554582118988037109e+00) (93, 7.46862888336181640625e-01) (94, 1.50000000000000000000e+03) (95, 2.89814209938049316406e+00) (96, 7.39888072013854980469e-01) (97, 1.49897656250000000000e+03) (98, 1.50000000000000000000e+03) (99, 2.99159479141235351562e+00) (100, 3.44967460632324218750e+00) (101, 3.28925681114196777344e+00) (102, -1.50000000000000000000e+03) (103, 1.50000000000000000000e+03) (104, -8.17421257495880126953e-01) (105, 3.10290884971618652344e+00) (106, -4.14784812927246093750e+00) (107, -8.73375296592712402344e-01) (108, 3.12083172798156738281e+00) (109, -2.35346794128417968750e+00) (110, 2.90355682373046875000e+00) (111, 4.76203107833862304688e+00) (112, 2.90645551681518554688e+00) (113, -1.16727852821350097656e+00) (114, 3.69532489776611328125e+00) (115, 3.17817091941833496094e+00) (116, -4.07385063171386718750e+00) (117, 3.11820316314697265625e+00) (118, 4.31749820709228515625e+00) (119, 3.24714398384094238281e+00) (120, -1.45441830158233642578e+00) (121, 2.61934375762939453125e+00) (122, 2.89322853088378906250e+00) (123, 4.38592290878295898438e+00) (124, -1.27728903293609619141e+00) (125, -8.60305726528167724609e-01) (126, 2.95790576934814453125e+00) (127, 4.72762537002563476562e+00) (128, 3.36946892738342285156e+00) (129, -9.72856283187866210938e-01) (130, 2.34425067901611328125e+00) 
