FANN_FLO_2.1
num_layers=3
learning_rate=0.700000
connection_rate=1.000000
network_type=0
learning_momentum=0.000000
training_algorithm=2
train_error_function=1
train_stop_function=0
cascade_output_change_fraction=0.010000
quickprop_decay=-0.000100
quickprop_mu=1.750000
rprop_increase_factor=1.200000
rprop_decrease_factor=0.500000
rprop_delta_min=0.000000
rprop_delta_max=50.000000
rprop_delta_zero=0.100000
cascade_output_stagnation_epochs=12
cascade_candidate_change_fraction=0.010000
cascade_candidate_stagnation_epochs=12
cascade_max_out_epochs=150
cascade_max_cand_epochs=150
cascade_num_candidate_groups=2
bit_fail_limit=3.49999994039535522461e-01
cascade_candidate_limit=1.00000000000000000000e+03
cascade_weight_multiplier=4.00000005960464477539e-01
cascade_activation_functions_count=10
cascade_activation_functions=3 5 7 8 10 11 14 15 16 17 
cascade_activation_steepnesses_count=4
cascade_activation_steepnesses=2.50000000000000000000e-01 5.00000000000000000000e-01 7.50000000000000000000e-01 1.00000000000000000000e+00 
layer_sizes=105 26 2 
scale_included=0
neurons (num_inputs, activation_function, activation_steepness)=(0, 0, 0.00000000000000000000e+00) (0, 0, 0.00000000000000000000e+00) (0, 0, 0.00000000000000000000e+00) (0, 0, 0.00000000000000000000e+00) (0, 0, 0.00000000000000000000e+00) (0, 0, 0.00000000000000000000e+00) (0, 0, 0.00000000000000000000e+00) (0, 0, 0.00000000000000000000e+00) (0, 0, 0.00000000000000000000e+00) (0, 0, 0.00000000000000000000e+00) (0, 0, 0.00000000000000000000e+00) (0, 0, 0.00000000000000000000e+00) (0, 0, 0.00000000000000000000e+00) (0, 0, 0.00000000000000000000e+00) (0, 0, 0.00000000000000000000e+00) (0, 0, 0.00000000000000000000e+00) (0, 0, 0.00000000000000000000e+00) (0, 0, 0.00000000000000000000e+00) (0, 0, 0.00000000000000000000e+00) (0, 0, 0.00000000000000000000e+00) (0, 0, 0.00000000000000000000e+00) (0, 0, 0.00000000000000000000e+00) (0, 0, 0.00000000000000000000e+00) (0, 0, 0.00000000000000000000e+00) (0, 0, 0.00000000000000000000e+00) (0, 0, 0.00000000000000000000e+00) (0, 0, 0.00000000000000000000e+00) (0, 0, 0.00000000000000000000e+00) (0, 0, 0.00000000000000000000e+00) (0, 0, 0.00000000000000000000e+00) (0, 0, 0.00000000000000000000e+00) (0, 0, 0.00000000000000000000e+00) (0, 0, 0.00000000000000000000e+00) (0, 0, 0.00000000000000000000e+00) (0, 0, 0.00000000000000000000e+00) (0, 0, 0.00000000000000000000e+00) (0, 0, 0.00000000000000000000e+00) (0, 0, 0.00000000000000000000e+00) (0, 0, 0.00000000000000000000e+00) (0, 0, 0.00000000000000000000e+00) (0, 0, 0.00000000000000000000e+00) (0, 0, 0.00000000000000000000e+00) (0, 0, 0.00000000000000000000e+00) (0, 0, 0.00000000000000000000e+00) (0, 0, 0.00000000000000000000e+00) (0, 0, 0.00000000000000000000e+00) (0, 0, 0.00000000000000000000e+00) (0, 0, 0.00000000000000000000e+00) (0, 0, 0.00000000000000000000e+00) (0, 0, 0.00000000000000000000e+00) (0, 0, 0.00000000000000000000e+00) (0, 0, 0.00000000000000000000e+00) (0, 0, 0.00000000000000000000e+00) (0, 0, 0.00000000000000000000e+00) (0, 0, 0.00000000000000000000e+00) (0, 0, 0.00000000000000000000e+00) (0, 0, 0.00000000000000000000e+00) (0, 0, 0.00000000000000000000e+00) (0, 0, 0.00000000000000000000e+00) (0, 0, 0.00000000000000000000e+00) (0, 0, 0.00000000000000000000e+00) (0, 0, 0.00000000000000000000e+00) (0, 0, 0.00000000000000000000e+00) (0, 0, 0.00000000000000000000e+00) (0, 0, 0.00000000000000000000e+00) (0, 0, 0.00000000000000000000e+00) (0, 0, 0.00000000000000000000e+00) (0, 0, 0.00000000000000000000e+00) (0, 0, 0.00000000000000000000e+00) (0, 0, 0.00000000000000000000e+00) (0, 0, 0.00000000000000000000e+00) (0, 0, 0.00000000000000000000e+00) (0, 0, 0.00000000000000000000e+00) (0, 0, 0.00000000000000000000e+00) (0, 0, 0.00000000000000000000e+00) (0, 0, 0.00000000000000000000e+00) (0, 0, 0.00000000000000000000e+00) (0, 0, 0.00000000000000000000e+00) (0, 0, 0.00000000000000000000e+00) (0, 0, 0.00000000000000000000e+00) (0, 0, 0.00000000000000000000e+00) (0, 0, 0.00000000000000000000e+00) (0, 0, 0.00000000000000000000e+00) (0, 0, 0.00000000000000000000e+00) (0, 0, 0.00000000000000000000e+00) (0, 0, 0.00000000000000000000e+00) (0, 0, 0.00000000000000000000e+00) (0, 0, 0.00000000000000000000e+00) (0, 0, 0.00000000000000000000e+00) (0, 0, 0.00000000000000000000e+00) (0, 0, 0.00000000000000000000e+00) (0, 0, 0.00000000000000000000e+00) (0, 0, 0.00000000000000000000e+00) (0, 0, 0.00000000000000000000e+00) (0, 0, 0.00000000000000000000e+00) (0, 0, 0.00000000000000000000e+00) (0, 0, 0.00000000000000000000e+00) (0, 0, 0.00000000000000000000e+00) (0, 0, 0.00000000000000000000e+00) (0, 0, 0.00000000000000000000e+00) (0, 0, 0.00000000000000000000e+00) (0, 0, 0.00000000000000000000e+00) (0, 0, 0.00000000000000000000e+00) (0, 0, 0.00000000000000000000e+00) (0, 0, 0.00000000000000000000e+00) (105, 5, 5.00000000000000000000e-01) (105, 5, 5.00000000000000000000e-01) (105, 5, 5.00000000000000000000e-01) (105, 5, 5.00000000000000000000e-01) (105, 5, 5.00000000000000000000e-01) (105, 5, 5.00000000000000000000e-01) (105, 5, 5.00000000000000000000e-01) (105, 5, 5.00000000000000000000e-01) (105, 5, 5.00000000000000000000e-01) (105, 5, 5.00000000000000000000e-01) (105, 5, 5.00000000000000000000e-01) (105, 5, 5.00000000000000000000e-01) (105, 5, 5.00000000000000000000e-01) (105, 5, 5.00000000000000000000e-01) (105, 5, 5.00000000000000000000e-01) (105, 5, 5.00000000000000000000e-01) (105, 5, 5.00000000000000000000e-01) (105, 5, 5.00000000000000000000e-01) (105, 5, 5.00000000000000000000e-01) (105, 5, 5.00000000000000000000e-01) (105, 5, 5.00000000000000000000e-01) (105, 5, 5.00000000000000000000e-01) (105, 5, 5.00000000000000000000e-01) (105, 5, 5.00000000000000000000e-01) (105, 5, 5.00000000000000000000e-01) (0, 5, 0.00000000000000000000e+00) (26, 5, 5.00000000000000000000e-01) (0, 5, 0.00000000000000000000e+00) 
connections (connected_to_neuron, weight)=(0, -1.15517387390136718750e+01) (1, 1.95955836772918701172e+00) (2, -2.05811232328414916992e-01) (3, -5.58342027664184570312e+00) (4, -4.50636267662048339844e-01) (5, 2.34957456588745117188e+00) (6, 3.27081179618835449219e+00) (7, 2.00206232070922851562e+00) (8, 4.56831598281860351562e+00) (9, 4.65033382177352905273e-01) (10, -3.43135666847229003906e+00) (11, -1.22901961207389831543e-01) (12, -4.43718576431274414062e+00) (13, 1.49757432937622070312e+00) (14, -4.77170610427856445312e+00) (15, -7.04254567623138427734e-01) (16, -6.93421459197998046875e+00) (17, -2.69416663795709609985e-02) (18, -3.02712583541870117188e+00) (19, 2.50865149497985839844e+00) (20, 1.07330541610717773438e+01) (21, -1.51369819641113281250e+01) (22, 2.14074230194091796875e+00) (23, 2.21608710289001464844e+00) (24, -1.00252752304077148438e+01) (25, -8.17736446857452392578e-01) (26, 2.46399021148681640625e+00) (27, -7.70788192749023437500e+00) (28, 2.86569261550903320312e+00) (29, -3.60554742813110351562e+00) (30, -2.70070481300354003906e+00) (31, 4.41125488281250000000e+00) (32, -1.06342468261718750000e+01) (33, 3.81762236356735229492e-01) (34, -6.38207048177719116211e-03) (35, -2.88720488548278808594e+00) (36, 8.40196907520294189453e-01) (37, 3.63208222389221191406e+00) (38, -5.93670320510864257812e+00) (39, -4.76530015468597412109e-01) (40, 1.13858926296234130859e+00) (41, -7.44938373565673828125e-01) (42, -1.48211240768432617188e+00) (43, 9.65771853923797607422e-01) (44, -5.73089027404785156250e+00) (45, 4.14906114339828491211e-01) (46, 2.55399632453918457031e+00) (47, 9.62655735015869140625e+00) (48, 4.84941291809082031250e+00) (49, 5.86306715011596679688e+00) (50, 2.60675621032714843750e+00) (51, 7.51025962829589843750e+00) (52, 4.28400135040283203125e+00) (53, -9.15354117751121520996e-02) (54, -1.17276132106781005859e+00) (55, -1.12536931037902832031e+00) (56, -5.11654186248779296875e+00) (57, 3.64848995208740234375e+00) (58, -3.60648250579833984375e+00) (59, 1.50358734130859375000e+01) (60, 5.78542757034301757812e+00) (61, 3.68477153778076171875e+00) (62, -1.16895794868469238281e+00) (63, 2.76890635490417480469e+00) (64, -8.88010039925575256348e-02) (65, -8.39049696922302246094e-01) (66, -4.57780480384826660156e-01) (67, -8.08367788791656494141e-01) (68, -1.16925656795501708984e+00) (69, -6.64769649505615234375e-01) (70, -2.86770939826965332031e+00) (71, -2.65391445159912109375e+00) (72, 2.30763983726501464844e+00) (73, -1.68792724609375000000e+00) (74, -4.98747777938842773438e+00) (75, -8.98097455501556396484e-01) (76, -2.86091852188110351562e+00) (77, -6.25667858123779296875e+00) (78, -8.18400919437408447266e-01) (79, -7.42135667800903320312e+00) (80, -8.09192895889282226562e-01) (81, 1.65336716175079345703e+00) (82, -1.68532419204711914062e+00) (83, -1.22727835178375244141e+00) (84, 2.01662969589233398438e+00) (85, -8.31972956657409667969e-01) (86, 6.58345282077789306641e-01) (87, -1.02715384960174560547e+00) (88, -8.92026901245117187500e-01) (89, 2.81348562240600585938e+00) (90, 4.10776424407958984375e+00) (91, -1.21867097914218902588e-01) (92, 1.61459934711456298828e+00) (93, 2.18439817428588867188e+00) (94, -7.44267106056213378906e-01) (95, -2.44303852319717407227e-01) (96, -3.04447531700134277344e+00) (97, -7.30724811553955078125e-01) (98, 9.17313873767852783203e-01) (99, 1.94437158107757568359e+00) (100, -7.63230741024017333984e-01) (101, 1.90254080295562744141e+00) (102, 8.97657811641693115234e-01) (103, 1.61576986312866210938e+00) (104, 2.83926224708557128906e+00) (0, 4.46593189239501953125e+00) (1, -3.08459877967834472656e+00) (2, 2.81786227226257324219e+00) (3, 4.28096246719360351562e+00) (4, 2.38603281974792480469e+00) (5, 2.69222068786621093750e+00) (6, -3.17756295204162597656e-01) (7, 4.28546845912933349609e-01) (8, -3.25838518142700195312e+00) (9, -1.71381071209907531738e-01) (10, 2.29289937019348144531e+00) (11, -6.28189206123352050781e-01) (12, -1.11727416515350341797e-01) (13, 5.41887283325195312500e-01) (14, 2.52758479118347167969e+00) (15, 2.46474766731262207031e+00) (16, 2.27512121200561523438e+00) (17, 2.39763927459716796875e+00) (18, 3.75914382934570312500e+00) (19, 2.20421981811523437500e+00) (20, 2.20220541954040527344e+00) (21, 2.41455364227294921875e+00) (22, -4.22223955392837524414e-01) (23, 2.39495801925659179688e+00) (24, -1.96496248245239257812e+00) (25, -3.03662657737731933594e+00) (26, -1.13991141319274902344e+00) (27, -7.34165668487548828125e-01) (28, -8.86132538318634033203e-01) (29, 8.78308415412902832031e-01) (30, -5.71648931503295898438e+00) (31, -4.46595013141632080078e-01) (32, -6.61947309970855712891e-01) (33, -4.11748349666595458984e-01) (34, -2.28329062461853027344e+00) (35, -5.92763245105743408203e-01) (36, -6.83575487136840820312e+00) (37, -3.23326659202575683594e+00) (38, -1.57375650405883789062e+01) (39, -1.16631042957305908203e+00) (40, -2.12464228272438049316e-01) (41, 2.90042853355407714844e+00) (42, 1.68562009930610656738e-02) (43, -5.98409712314605712891e-01) (44, -4.83724445104598999023e-01) (45, 1.32083213329315185547e+00) (46, 5.41926097869873046875e+00) (47, -2.55353140830993652344e+00) (48, -7.43707299232482910156e-01) (49, -7.59108841419219970703e-01) (50, -2.86120104789733886719e+00) (51, -1.63852021098136901855e-01) (52, -5.18787801265716552734e-01) (53, 3.15457284450531005859e-01) (54, 6.50807693600654602051e-02) (55, 3.30522465705871582031e+00) (56, 5.28026342391967773438e+00) (57, 3.97271227836608886719e+00) (58, 1.65474608540534973145e-01) (59, -3.45711588859558105469e+00) (60, -8.81764516234397888184e-02) (61, 6.87048482894897460938e+00) (62, -2.57559597492218017578e-01) (63, -2.18383863568305969238e-01) (64, -8.88256132602691650391e-02) (65, 2.94384900480508804321e-02) (66, -1.00328378677368164062e+01) (67, -4.96090710163116455078e-01) (68, 3.06703925132751464844e-01) (69, 4.26153469085693359375e+00) (70, 4.09425926208496093750e+00) (71, 8.21906477212905883789e-02) (72, -3.91684889793395996094e-01) (73, -1.49677073955535888672e+00) (74, 3.61428189277648925781e+00) (75, 4.82231760025024414062e+00) (76, 8.76755237579345703125e+00) (77, 1.19696192443370819092e-01) (78, 1.20182871818542480469e+00) (79, -4.02002000808715820312e+00) (80, 7.94436359405517578125e+00) (81, -1.63853734731674194336e-01) (82, -7.32661962509155273438e+00) (83, -5.20111989974975585938e+00) (84, 1.34493041038513183594e+00) (85, 7.66246393322944641113e-02) (86, -1.85242250561714172363e-01) (87, -1.80519327521324157715e-01) (88, -4.05544614791870117188e+00) (89, -2.92837166786193847656e+00) (90, 1.77289247512817382812e+00) (91, -3.31022679805755615234e-01) (92, -8.36910605430603027344e-01) (93, 7.12039887905120849609e-01) (94, -2.17656493186950683594e-01) (95, -1.25548183917999267578e+00) (96, 5.34473705291748046875e+00) (97, 6.01149511337280273438e+00) (98, 1.96944117546081542969e-01) (99, 4.12838077545166015625e+00) (100, 1.60217344760894775391e-01) (101, -9.89755913615226745605e-02) (102, -3.22677326202392578125e+00) (103, 5.83128929138183593750e+00) (104, -1.64775907993316650391e+00) (0, 2.05040798187255859375e+01) (1, -4.92733812332153320312e+00) (2, -5.86713850498199462891e-01) (3, 1.64990925788879394531e+00) (4, -8.90154266357421875000e+00) (5, 9.32691574096679687500e+00) (6, -1.46470203995704650879e-01) (7, 1.09515304565429687500e+01) (8, -1.29239690303802490234e+00) (9, 2.56839060783386230469e+00) (10, 2.62505626678466796875e+00) (11, 1.82738232612609863281e+00) (12, 1.86662942171096801758e-01) (13, 4.36143827438354492188e+00) (14, 2.56800270080566406250e+00) (15, 2.44074058532714843750e+00) (16, -3.67150872945785522461e-01) (17, -3.33324342966079711914e-01) (18, 3.26059907674789428711e-01) (19, -4.91173923015594482422e-01) (20, 6.90066158771514892578e-01) (21, -3.32981497049331665039e-01) (22, -6.54795825481414794922e-01) (23, -3.08117842674255371094e+00) (24, -1.18333950042724609375e+01) (25, -7.67071819305419921875e+00) (26, -7.81674444675445556641e-01) (27, -9.29887413978576660156e-01) (28, -9.17794227600097656250e-01) (29, -8.83670449256896972656e-01) (30, -1.57856607437133789062e+00) (31, -6.67435705661773681641e-01) (32, -9.89681601524353027344e-01) (33, -5.79731464385986328125e-01) (34, -5.61240339279174804688e+00) (35, -5.72936117649078369141e-01) (36, -1.35158176422119140625e+01) (37, -5.56188058853149414062e+00) (38, -1.24490690231323242188e+00) (39, -1.18029391765594482422e+00) (40, -3.61687719821929931641e-01) (41, -2.72384834289550781250e+00) (42, -1.06515623629093170166e-01) (43, -1.24723207950592041016e+00) (44, -2.10044130682945251465e-01) (45, 1.74196052551269531250e+00) (46, 9.88987350463867187500e+00) (47, 4.28134977817535400391e-01) (48, -9.70752894878387451172e-01) (49, -8.37112045288085937500e+00) (50, -1.30943214893341064453e+00) (51, -1.11495882272720336914e-01) (52, -4.80718702077865600586e-01) (53, 7.48400568962097167969e-01) (54, -1.17640756070613861084e-01) (55, 1.10289692878723144531e+00) (56, 2.60696816444396972656e+00) (57, -1.13268196582794189453e+00) (58, -1.58150538802146911621e-01) (59, 4.50015878677368164062e+00) (60, -3.28971952199935913086e-01) (61, 3.49596238136291503906e+00) (62, -1.34562358260154724121e-01) (63, -1.06504119932651519775e-01) (64, 2.52704310417175292969e+00) (65, 1.73513054847717285156e-01) (66, 1.96797692775726318359e+00) (67, 2.48780679702758789062e+00) (68, 3.09878420829772949219e+00) (69, 2.42528986930847167969e+00) (70, 2.92260503768920898438e+00) (71, -3.55006307363510131836e-02) (72, -1.38653650879859924316e-01) (73, 2.91028237342834472656e+00) (74, 5.47295669093728065491e-03) (75, 1.62882900238037109375e+00) (76, 6.12236356735229492188e+00) (77, -1.27557709813117980957e-01) (78, 4.03946781158447265625e+00) (79, -1.98637998104095458984e+00) (80, 3.46389675140380859375e+00) (81, 4.74107456207275390625e+00) (82, 2.15058922767639160156e+00) (83, -1.32427239418029785156e+00) (84, -8.56109321117401123047e-01) (85, 1.03887166976928710938e+01) (86, -4.03797388076782226562e-01) (87, -4.45470847189426422119e-02) (88, 9.66273784637451171875e+00) (89, 1.48977011442184448242e-01) (90, 3.90623140335083007812e+00) (91, 2.57006072998046875000e+00) (92, 1.89476251602172851562e+00) (93, -9.94212865829467773438e-01) (94, 1.23399473726749420166e-01) (95, 7.24359273910522460938e-01) (96, 7.48274683952331542969e-01) (97, -7.93157052993774414062e+00) (98, 1.39309912919998168945e-01) (99, -1.57776021957397460938e+00) (100, -2.28924807161092758179e-02) (101, -5.44533193111419677734e-01) (102, 1.53752064704895019531e+00) (103, 7.83424615859985351562e-01) (104, 1.54859495162963867188e+00) (0, -1.50000000000000000000e+03) (1, -1.50000000000000000000e+03) (2, -1.50000000000000000000e+03) (3, -1.50000000000000000000e+03) (4, -1.50000000000000000000e+03) (5, -1.50000000000000000000e+03) (6, -1.50000000000000000000e+03) (7, -1.50000000000000000000e+03) (8, -1.50000000000000000000e+03) (9, -1.50000000000000000000e+03) (10, -1.50000000000000000000e+03) (11, -1.50000000000000000000e+03) (12, -1.50000000000000000000e+03) (13, -1.50000000000000000000e+03) (14, -1.50000000000000000000e+03) (15, -1.50000000000000000000e+03) (16, -1.50000000000000000000e+03) (17, -1.50000000000000000000e+03) (18, -1.50000000000000000000e+03) (19, -1.50000000000000000000e+03) (20, -1.50000000000000000000e+03) (21, -1.50000000000000000000e+03) (22, -1.50000000000000000000e+03) (23, -1.50000000000000000000e+03) (24, 1.49649694824218750000e+03) (25, 1.49964379882812500000e+03) (26, 1.50000000000000000000e+03) (27, 1.50000000000000000000e+03) (28, 1.50000000000000000000e+03) (29, 1.50000000000000000000e+03) (30, 1.50000000000000000000e+03) (31, 1.50000000000000000000e+03) (32, 1.50000000000000000000e+03) (33, 1.50000000000000000000e+03) (34, 1.50000000000000000000e+03) (35, 1.50000000000000000000e+03) (36, 1.50000000000000000000e+03) (37, 1.50000000000000000000e+03) (38, 1.50000000000000000000e+03) (39, 1.50000000000000000000e+03) (40, 1.50000000000000000000e+03) (41, 1.50000000000000000000e+03) (42, 1.50000000000000000000e+03) (43, 1.50000000000000000000e+03) (44, 1.50000000000000000000e+03) (45, 1.50000000000000000000e+03) (46, 1.60307723999023437500e+02) (47, 1.50000000000000000000e+03) (48, 1.50000000000000000000e+03) (49, 1.50000000000000000000e+03) (50, 1.50000000000000000000e+03) (51, 1.50000000000000000000e+03) (52, 1.50000000000000000000e+03) (53, 1.49866833496093750000e+03) (54, 6.26752138137817382812e+00) (55, 1.50000000000000000000e+03) (56, 1.50000000000000000000e+03) (57, 1.50000000000000000000e+03) (58, 1.50000000000000000000e+03) (59, 1.50000000000000000000e+03) (60, 1.50000000000000000000e+03) (61, 1.50000000000000000000e+03) (62, 1.50000000000000000000e+03) (63, 1.50000000000000000000e+03) (64, 1.50000000000000000000e+03) (65, 1.50000000000000000000e+03) (66, 1.50000000000000000000e+03) (67, 1.50000000000000000000e+03) (68, 1.50000000000000000000e+03) (69, 1.50000000000000000000e+03) (70, 2.82959628105163574219e+00) (71, 3.44973087310791015625e+00) (72, 1.50000000000000000000e+03) (73, 1.50000000000000000000e+03) (74, 1.50000000000000000000e+03) (75, 1.50000000000000000000e+03) (76, 4.17458629608154296875e+00) (77, 1.50000000000000000000e+03) (78, 4.72535943984985351562e+00) (79, 1.41582117080688476562e+01) (80, 1.50000000000000000000e+03) (81, 1.50000000000000000000e+03) (82, 1.50000000000000000000e+03) (83, 1.50000000000000000000e+03) (84, 1.50000000000000000000e+03) (85, 1.50000000000000000000e+03) (86, 1.50000000000000000000e+03) (87, 1.78169536590576171875e+01) (88, 1.50000000000000000000e+03) (89, 1.50000000000000000000e+03) (90, 1.50000000000000000000e+03) (91, 1.50000000000000000000e+03) (92, 1.50000000000000000000e+03) (93, 1.50000000000000000000e+03) (94, 1.50000000000000000000e+03) (95, 1.50000000000000000000e+03) (96, 3.03783273696899414062e+00) (97, 1.50000000000000000000e+03) (98, 1.50000000000000000000e+03) (99, 1.50000000000000000000e+03) (100, 1.50000000000000000000e+03) (101, 1.50000000000000000000e+03) (102, -1.50000000000000000000e+03) (103, 1.50000000000000000000e+03) (104, -1.47412943840026855469e+00) (0, 5.58125495910644531250e+00) (1, 8.83551001548767089844e-01) (2, 7.66643732786178588867e-02) (3, 1.81932270526885986328e+00) (4, 1.28315567970275878906e-01) (5, 1.56472802162170410156e-01) (6, 1.27843916416168212891e-01) (7, -2.92856603860855102539e-01) (8, -1.08407652378082275391e+00) (9, -6.10476695001125335693e-02) (10, 2.53824448585510253906e+00) (11, -6.23102843761444091797e-01) (12, 2.52131938934326171875e+00) (13, 1.80547142028808593750e+00) (14, 1.23797416687011718750e+00) (15, 2.42424464225769042969e+00) (16, 1.76904964447021484375e+00) (17, 2.12492156028747558594e+00) (18, 2.34430956840515136719e+00) (19, 2.26868510246276855469e+00) (20, -1.05451154708862304688e+00) (21, -3.52982103824615478516e-01) (22, 1.86332941055297851562e+00) (23, -8.72617781162261962891e-01) (24, -1.77077150344848632812e+00) (25, -9.28520619869232177734e-01) (26, -6.76777184009552001953e-01) (27, -8.44495236873626708984e-01) (28, -1.20490336418151855469e+00) (29, -3.31048995256423950195e-01) (30, -8.53929340839385986328e-01) (31, -1.30745768547058105469e+00) (32, -8.16270828247070312500e-01) (33, 1.78839182853698730469e+00) (34, -6.89568471908569335938e+00) (35, -9.79336559772491455078e-01) (36, -8.81943511962890625000e+00) (37, -1.07415170669555664062e+01) (38, -6.42983865737915039062e+00) (39, -1.40414822101593017578e+00) (40, -5.55454492568969726562e-01) (41, -8.52518272399902343750e+00) (42, 1.18351423740386962891e+00) (43, -4.28182065486907958984e-01) (44, -2.97058314085006713867e-01) (45, 1.42693305015563964844e+00) (46, 1.24227371215820312500e+01) (47, -2.08717107772827148438e+00) (48, -1.12767255306243896484e+00) (49, -8.19875335693359375000e+00) (50, 1.88335561752319335938e+00) (51, -2.38764926791191101074e-01) (52, 2.34891581535339355469e+00) (53, 3.39073944091796875000e+00) (54, -3.48547875881195068359e-01) (55, 5.47377872467041015625e+00) (56, 1.36900377273559570312e+00) (57, -4.91735887527465820312e+00) (58, 3.92706799507141113281e+00) (59, -3.19302827119827270508e-02) (60, -2.17242524027824401855e-01) (61, 9.61959004402160644531e-01) (62, 7.48499393463134765625e-01) (63, 2.27432918548583984375e+00) (64, -2.17259097099304199219e+00) (65, 2.46092748641967773438e+00) (66, -3.38989645242691040039e-01) (67, 6.85776472091674804688e+00) (68, -3.46282887458801269531e+00) (69, -5.90075135231018066406e-01) (70, 2.97738599777221679688e+00) (71, -2.47355535626411437988e-01) (72, -2.70548582077026367188e-01) (73, 2.04331088066101074219e+00) (74, -1.23648881912231445312e-01) (75, 4.62165164947509765625e+00) (76, -2.12582755088806152344e+00) (77, 2.50952315330505371094e+00) (78, -6.90230083465576171875e+00) (79, 1.08627080917358398438e+01) (80, -2.09883856773376464844e+00) (81, 1.54215657711029052734e+00) (82, 1.29786229133605957031e+00) (83, 4.00932979583740234375e+00) (84, -1.22591359540820121765e-02) (85, -2.14875593781471252441e-01) (86, -9.75140869617462158203e-01) (87, 2.29368019104003906250e+00) (88, 1.82469010353088378906e+00) (89, 9.51279997825622558594e-01) (90, -3.62205415964126586914e-01) (91, 2.27722024917602539062e+00) (92, -1.13734528422355651855e-01) (93, -1.51740336418151855469e+00) (94, 1.69741004705429077148e-01) (95, 1.70412445068359375000e+00) (96, 3.93016099929809570312e-01) (97, 1.69374096393585205078e+00) (98, -2.66437772661447525024e-02) (99, -1.41314768791198730469e+00) (100, 2.36069130897521972656e+00) (101, -3.52568721771240234375e+00) (102, -1.82110297679901123047e+00) (103, 4.22371530532836914062e+00) (104, -8.87315273284912109375e-01) (0, -4.54263162612915039062e+00) (1, 1.50002880096435546875e+01) (2, 1.69768646359443664551e-01) (3, -6.50511884689331054688e+00) (4, -5.10519742965698242188e-01) (5, -2.69974082708358764648e-01) (6, -3.35563874244689941406e+00) (7, 4.00616264343261718750e+00) (8, 5.91507434844970703125e+00) (9, -9.29646670818328857422e-01) (10, -5.49077177047729492188e+00) (11, 7.21572637557983398438e-01) (12, -3.73912930488586425781e-01) (13, -2.25940966606140136719e+00) (14, -4.34275120496749877930e-01) (15, -7.75861918926239013672e-01) (16, -3.82417583465576171875e+00) (17, -2.45008969306945800781e+00) (18, -7.23127961158752441406e-01) (19, -5.56342780590057373047e-01) (20, 3.09303903579711914062e+00) (21, -2.69145464897155761719e+00) (22, -4.78336215019226074219e-01) (23, 7.86033153533935546875e-01) (24, 4.36426210403442382812e+00) (25, 3.99091768264770507812e+00) (26, -6.24233663082122802734e-01) (27, -1.50256907939910888672e+00) (28, 4.44516897201538085938e+00) (29, 2.79768109321594238281e+00) (30, -5.25925302505493164062e+00) (31, -7.16439008712768554688e+00) (32, 3.81190800666809082031e+00) (33, -2.00938248634338378906e+00) (34, 3.51764345169067382812e+00) (35, -1.17451381683349609375e+00) (36, 6.19764447212219238281e-01) (37, 1.64157390594482421875e+00) (38, -2.42444902658462524414e-01) (39, -1.64405322074890136719e+00) (40, -4.80412197113037109375e+00) (41, 1.16204297542572021484e+00) (42, -6.23243868350982666016e-01) (43, 3.49459362030029296875e+00) (44, -6.67450475692749023438e+00) (45, -7.16922104358673095703e-01) (46, -1.06957936286926269531e+00) (47, -5.12731933593750000000e+00) (48, 3.23789007961750030518e-02) (49, -5.86577281355857849121e-02) (50, -2.43387877941131591797e-01) (51, -9.24723625183105468750e-01) (52, 3.30307006835937500000e+00) (53, -6.74163877964019775391e-01) (54, -7.66790032386779785156e-01) (55, 1.89210069179534912109e+00) (56, -8.03474009037017822266e-01) (57, 1.25237071514129638672e+00) (58, 1.75301849842071533203e+00) (59, 5.58598041534423828125e+00) (60, 3.31470847129821777344e+00) (61, 2.10491824150085449219e+00) (62, -6.43888831138610839844e-01) (63, 2.15852880477905273438e+00) (64, -1.08743205666542053223e-01) (65, 1.81277966499328613281e+00) (66, 1.78592669963836669922e+00) (67, 1.76339256763458251953e+00) (68, -7.98676967620849609375e-01) (69, -7.62405872344970703125e-01) (70, -2.64301347732543945312e+00) (71, 1.88143050670623779297e+00) (72, 2.03739380836486816406e+00) (73, 1.19799542427062988281e+00) (74, -2.69063282012939453125e+00) (75, -2.74145674705505371094e+00) (76, -1.15733122825622558594e+00) (77, 1.82370972633361816406e+00) (78, -7.99404799938201904297e-01) (79, -6.21543407440185546875e-01) (80, 1.30999004840850830078e+00) (81, -1.50546729564666748047e+00) (82, -4.18385833501815795898e-01) (83, -1.62400114536285400391e+00) (84, -2.72554874420166015625e+00) (85, 3.77474203705787658691e-02) (86, -6.56163811683654785156e-01) (87, -6.76701664924621582031e-01) (88, 2.24145874381065368652e-01) (89, 8.09226417541503906250e+00) (90, 1.84331548213958740234e+00) (91, 3.34473609924316406250e+00) (92, -4.50244760513305664062e+00) (93, -3.51977062225341796875e+00) (94, -6.43145442008972167969e-01) (95, 1.56281602382659912109e+00) (96, -2.15714263916015625000e+00) (97, 2.30289220809936523438e+00) (98, 9.55390870571136474609e-01) (99, 9.47190189361572265625e+00) (100, -7.82850265502929687500e-01) (101, -1.95028686523437500000e+01) (102, 9.93086278438568115234e-01) (103, 2.08404135704040527344e+00) (104, 3.00185680389404296875e+00) (0, 1.50000000000000000000e+03) (1, 1.50000000000000000000e+03) (2, 1.50000000000000000000e+03) (3, 1.50000000000000000000e+03) (4, 1.50000000000000000000e+03) (5, 1.50000000000000000000e+03) (6, 1.50000000000000000000e+03) (7, 1.50000000000000000000e+03) (8, 1.50000000000000000000e+03) (9, 1.50000000000000000000e+03) (10, 1.50000000000000000000e+03) (11, 1.50000000000000000000e+03) (12, 1.50000000000000000000e+03) (13, 1.50000000000000000000e+03) (14, 1.50000000000000000000e+03) (15, 1.50000000000000000000e+03) (16, 1.50000000000000000000e+03) (17, 1.50000000000000000000e+03) (18, 1.50000000000000000000e+03) (19, 1.50000000000000000000e+03) (20, 1.50000000000000000000e+03) (21, 1.50000000000000000000e+03) (22, 1.50000000000000000000e+03) (23, 1.50000000000000000000e+03) (24, -1.49507458496093750000e+03) (25, -1.49961987304687500000e+03) (26, -1.50000000000000000000e+03) (27, -1.50000000000000000000e+03) (28, -1.50000000000000000000e+03) (29, -1.50000000000000000000e+03) (30, -1.50000000000000000000e+03) (31, -1.50000000000000000000e+03) (32, -1.50000000000000000000e+03) (33, -1.50000000000000000000e+03) (34, -1.50000000000000000000e+03) (35, -1.50000000000000000000e+03) (36, -1.50000000000000000000e+03) (37, -1.50000000000000000000e+03) (38, -1.50000000000000000000e+03) (39, -1.50000000000000000000e+03) (40, -1.50000000000000000000e+03) (41, -1.50000000000000000000e+03) (42, -1.50000000000000000000e+03) (43, -1.50000000000000000000e+03) (44, -1.50000000000000000000e+03) (45, -1.50000000000000000000e+03) (46, -1.01028419494628906250e+02) (47, -1.50000000000000000000e+03) (48, -1.50000000000000000000e+03) (49, -1.50000000000000000000e+03) (50, -1.50000000000000000000e+03) (51, -1.50000000000000000000e+03) (52, -1.50000000000000000000e+03) (53, -6.01212951660156250000e+02) (54, -2.10181251168251037598e-01) (55, -1.50000000000000000000e+03) (56, -1.50000000000000000000e+03) (57, -1.50000000000000000000e+03) (58, -1.50000000000000000000e+03) (59, -1.50000000000000000000e+03) (60, -1.50000000000000000000e+03) (61, -1.50000000000000000000e+03) (62, -1.50000000000000000000e+03) (63, -1.50000000000000000000e+03) (64, -1.50000000000000000000e+03) (65, -1.50000000000000000000e+03) (66, -1.50000000000000000000e+03) (67, -1.50000000000000000000e+03) (68, -1.50000000000000000000e+03) (69, -1.50000000000000000000e+03) (70, -9.60368931293487548828e-01) (71, -1.48573541641235351562e+00) (72, -1.50000000000000000000e+03) (73, -1.50000000000000000000e+03) (74, -1.50000000000000000000e+03) (75, -1.50000000000000000000e+03) (76, -1.99633657932281494141e+00) (77, -1.50000000000000000000e+03) (78, -2.15386199951171875000e+00) (79, -7.46602725982666015625e+00) (80, -1.50000000000000000000e+03) (81, -1.50000000000000000000e+03) (82, -1.50000000000000000000e+03) (83, -1.50000000000000000000e+03) (84, -1.50000000000000000000e+03) (85, -1.50000000000000000000e+03) (86, -1.50000000000000000000e+03) (87, -1.15012397766113281250e+01) (88, -1.50000000000000000000e+03) (89, -1.50000000000000000000e+03) (90, -1.50000000000000000000e+03) (91, -1.50000000000000000000e+03) (92, -1.50000000000000000000e+03) (93, -1.50000000000000000000e+03) (94, -1.50000000000000000000e+03) (95, -1.50000000000000000000e+03) (96, -1.17264437675476074219e+00) (97, -1.50000000000000000000e+03) (98, -1.50000000000000000000e+03) (99, -1.50000000000000000000e+03) (100, -1.50000000000000000000e+03) (101, -1.50000000000000000000e+03) (102, 1.50000000000000000000e+03) (103, -1.50000000000000000000e+03) (104, 3.51271390914916992188e+00) (0, 1.50000000000000000000e+03) (1, 1.50000000000000000000e+03) (2, 1.50000000000000000000e+03) (3, 1.50000000000000000000e+03) (4, 1.50000000000000000000e+03) (5, 1.50000000000000000000e+03) (6, 1.50000000000000000000e+03) (7, 1.50000000000000000000e+03) (8, 1.50000000000000000000e+03) (9, 1.50000000000000000000e+03) (10, 1.50000000000000000000e+03) (11, 1.50000000000000000000e+03) (12, 1.50000000000000000000e+03) (13, 1.50000000000000000000e+03) (14, 1.50000000000000000000e+03) (15, 1.50000000000000000000e+03) (16, 1.50000000000000000000e+03) (17, 1.50000000000000000000e+03) (18, 1.50000000000000000000e+03) (19, 1.50000000000000000000e+03) (20, 1.50000000000000000000e+03) (21, 1.50000000000000000000e+03) (22, 1.50000000000000000000e+03) (23, 1.50000000000000000000e+03) (24, -1.49507458496093750000e+03) (25, -1.49961987304687500000e+03) (26, -1.50000000000000000000e+03) (27, -1.50000000000000000000e+03) (28, -1.50000000000000000000e+03) (29, -1.50000000000000000000e+03) (30, -1.50000000000000000000e+03) (31, -1.50000000000000000000e+03) (32, -1.50000000000000000000e+03) (33, -1.50000000000000000000e+03) (34, -1.50000000000000000000e+03) (35, -1.50000000000000000000e+03) (36, -1.50000000000000000000e+03) (37, -1.50000000000000000000e+03) (38, -1.50000000000000000000e+03) (39, -1.50000000000000000000e+03) (40, -1.50000000000000000000e+03) (41, -1.50000000000000000000e+03) (42, -1.50000000000000000000e+03) (43, -1.50000000000000000000e+03) (44, -1.50000000000000000000e+03) (45, -1.50000000000000000000e+03) (46, -1.01075065612792968750e+02) (47, -1.50000000000000000000e+03) (48, -1.50000000000000000000e+03) (49, -1.50000000000000000000e+03) (50, -1.50000000000000000000e+03) (51, -1.50000000000000000000e+03) (52, -1.50000000000000000000e+03) (53, -6.01138916015625000000e+02) (54, -6.15703798830509185791e-02) (55, -1.50000000000000000000e+03) (56, -1.50000000000000000000e+03) (57, -1.50000000000000000000e+03) (58, -1.50000000000000000000e+03) (59, -1.50000000000000000000e+03) (60, -1.50000000000000000000e+03) (61, -1.50000000000000000000e+03) (62, -1.50000000000000000000e+03) (63, -1.50000000000000000000e+03) (64, -1.50000000000000000000e+03) (65, -1.50000000000000000000e+03) (66, -1.50000000000000000000e+03) (67, -1.50000000000000000000e+03) (68, -1.50000000000000000000e+03) (69, -1.50000000000000000000e+03) (70, -9.42155897617340087891e-01) (71, -1.46877336502075195312e+00) (72, -1.50000000000000000000e+03) (73, -1.50000000000000000000e+03) (74, -1.50000000000000000000e+03) (75, -1.50000000000000000000e+03) (76, -1.99486672878265380859e+00) (77, -1.50000000000000000000e+03) (78, -2.11180162429809570312e+00) (79, -7.54089736938476562500e+00) (80, -1.50000000000000000000e+03) (81, -1.50000000000000000000e+03) (82, -1.50000000000000000000e+03) (83, -1.50000000000000000000e+03) (84, -1.50000000000000000000e+03) (85, -1.50000000000000000000e+03) (86, -1.50000000000000000000e+03) (87, -1.15298976898193359375e+01) (88, -1.50000000000000000000e+03) (89, -1.50000000000000000000e+03) (90, -1.50000000000000000000e+03) (91, -1.50000000000000000000e+03) (92, -1.50000000000000000000e+03) (93, -1.50000000000000000000e+03) (94, -1.50000000000000000000e+03) (95, -1.50000000000000000000e+03) (96, -1.17269742488861083984e+00) (97, -1.50000000000000000000e+03) (98, -1.50000000000000000000e+03) (99, -1.50000000000000000000e+03) (100, -1.50000000000000000000e+03) (101, -1.50000000000000000000e+03) (102, 1.50000000000000000000e+03) (103, -1.50000000000000000000e+03) (104, 3.36936140060424804688e+00) (0, 1.50000000000000000000e+03) (1, 1.50000000000000000000e+03) (2, 1.50000000000000000000e+03) (3, 1.50000000000000000000e+03) (4, 1.50000000000000000000e+03) (5, 1.50000000000000000000e+03) (6, 1.50000000000000000000e+03) (7, 1.50000000000000000000e+03) (8, 1.50000000000000000000e+03) (9, 1.50000000000000000000e+03) (10, 1.50000000000000000000e+03) (11, 1.50000000000000000000e+03) (12, 1.50000000000000000000e+03) (13, 1.50000000000000000000e+03) (14, 1.50000000000000000000e+03) (15, 1.50000000000000000000e+03) (16, 1.50000000000000000000e+03) (17, 1.50000000000000000000e+03) (18, 1.50000000000000000000e+03) (19, 1.50000000000000000000e+03) (20, 1.50000000000000000000e+03) (21, 1.50000000000000000000e+03) (22, 1.50000000000000000000e+03) (23, 1.50000000000000000000e+03) (24, -1.49507458496093750000e+03) (25, -1.49961987304687500000e+03) (26, -1.50000000000000000000e+03) (27, -1.50000000000000000000e+03) (28, -1.50000000000000000000e+03) (29, -1.50000000000000000000e+03) (30, -1.50000000000000000000e+03) (31, -1.50000000000000000000e+03) (32, -1.50000000000000000000e+03) (33, -1.50000000000000000000e+03) (34, -1.50000000000000000000e+03) (35, -1.50000000000000000000e+03) (36, -1.50000000000000000000e+03) (37, -1.50000000000000000000e+03) (38, -1.50000000000000000000e+03) (39, -1.50000000000000000000e+03) (40, -1.50000000000000000000e+03) (41, -1.50000000000000000000e+03) (42, -1.50000000000000000000e+03) (43, -1.50000000000000000000e+03) (44, -1.50000000000000000000e+03) (45, -1.50000000000000000000e+03) (46, -1.01045631408691406250e+02) (47, -1.50000000000000000000e+03) (48, -1.50000000000000000000e+03) (49, -1.50000000000000000000e+03) (50, -1.50000000000000000000e+03) (51, -1.50000000000000000000e+03) (52, -1.50000000000000000000e+03) (53, -9.42110656738281250000e+02) (54, -2.32294678688049316406e+00) (55, -1.50000000000000000000e+03) (56, -1.50000000000000000000e+03) (57, -1.50000000000000000000e+03) (58, -1.50000000000000000000e+03) (59, -1.50000000000000000000e+03) (60, -1.50000000000000000000e+03) (61, -1.50000000000000000000e+03) (62, -1.50000000000000000000e+03) (63, -1.50000000000000000000e+03) (64, -1.50000000000000000000e+03) (65, -1.50000000000000000000e+03) (66, -1.50000000000000000000e+03) (67, -1.50000000000000000000e+03) (68, -1.50000000000000000000e+03) (69, -1.50000000000000000000e+03) (70, -1.09058105945587158203e+00) (71, -1.50228738784790039062e+00) (72, -1.50000000000000000000e+03) (73, -1.50000000000000000000e+03) (74, -1.50000000000000000000e+03) (75, -1.50000000000000000000e+03) (76, -1.86957144737243652344e+00) (77, -1.50000000000000000000e+03) (78, -2.15281820297241210938e+00) (79, -7.54742383956909179688e+00) (80, -1.50000000000000000000e+03) (81, -1.50000000000000000000e+03) (82, -1.50000000000000000000e+03) (83, -1.50000000000000000000e+03) (84, -1.50000000000000000000e+03) (85, -1.50000000000000000000e+03) (86, -1.50000000000000000000e+03) (87, -1.14633026123046875000e+01) (88, -1.50000000000000000000e+03) (89, -1.50000000000000000000e+03) (90, -1.50000000000000000000e+03) (91, -1.50000000000000000000e+03) (92, -1.50000000000000000000e+03) (93, -1.50000000000000000000e+03) (94, -1.50000000000000000000e+03) (95, -1.50000000000000000000e+03) (96, -1.27293705940246582031e+00) (97, -1.50000000000000000000e+03) (98, -1.50000000000000000000e+03) (99, -1.50000000000000000000e+03) (100, -1.50000000000000000000e+03) (101, -1.50000000000000000000e+03) (102, 1.50000000000000000000e+03) (103, -1.50000000000000000000e+03) (104, 3.52745389938354492188e+00) (0, -1.50000000000000000000e+03) (1, -1.50000000000000000000e+03) (2, -1.50000000000000000000e+03) (3, -1.50000000000000000000e+03) (4, -1.50000000000000000000e+03) (5, -1.50000000000000000000e+03) (6, -1.50000000000000000000e+03) (7, -1.50000000000000000000e+03) (8, -1.50000000000000000000e+03) (9, -1.50000000000000000000e+03) (10, -1.50000000000000000000e+03) (11, -1.50000000000000000000e+03) (12, -1.50000000000000000000e+03) (13, -1.50000000000000000000e+03) (14, -1.50000000000000000000e+03) (15, -1.50000000000000000000e+03) (16, -1.50000000000000000000e+03) (17, -1.50000000000000000000e+03) (18, -1.50000000000000000000e+03) (19, -1.50000000000000000000e+03) (20, -1.50000000000000000000e+03) (21, -1.50000000000000000000e+03) (22, -1.50000000000000000000e+03) (23, -1.50000000000000000000e+03) (24, 1.49649694824218750000e+03) (25, 1.49964379882812500000e+03) (26, 1.50000000000000000000e+03) (27, 1.50000000000000000000e+03) (28, 1.50000000000000000000e+03) (29, 1.50000000000000000000e+03) (30, 1.50000000000000000000e+03) (31, 1.50000000000000000000e+03) (32, 1.50000000000000000000e+03) (33, 1.50000000000000000000e+03) (34, 1.50000000000000000000e+03) (35, 1.50000000000000000000e+03) (36, 1.50000000000000000000e+03) (37, 1.50000000000000000000e+03) (38, 1.50000000000000000000e+03) (39, 1.50000000000000000000e+03) (40, 1.50000000000000000000e+03) (41, 1.50000000000000000000e+03) (42, 1.50000000000000000000e+03) (43, 1.50000000000000000000e+03) (44, 1.50000000000000000000e+03) (45, 1.50000000000000000000e+03) (46, 1.60405364990234375000e+02) (47, 1.50000000000000000000e+03) (48, 1.50000000000000000000e+03) (49, 1.50000000000000000000e+03) (50, 1.50000000000000000000e+03) (51, 1.50000000000000000000e+03) (52, 1.50000000000000000000e+03) (53, 1.49866833496093750000e+03) (54, 6.38599300384521484375e+00) (55, 1.50000000000000000000e+03) (56, 1.50000000000000000000e+03) (57, 1.50000000000000000000e+03) (58, 1.50000000000000000000e+03) (59, 1.50000000000000000000e+03) (60, 1.50000000000000000000e+03) (61, 1.50000000000000000000e+03) (62, 1.50000000000000000000e+03) (63, 1.50000000000000000000e+03) (64, 1.50000000000000000000e+03) (65, 1.50000000000000000000e+03) (66, 1.50000000000000000000e+03) (67, 1.50000000000000000000e+03) (68, 1.50000000000000000000e+03) (69, 1.50000000000000000000e+03) (70, 2.91890621185302734375e+00) (71, 3.47679996490478515625e+00) (72, 1.50000000000000000000e+03) (73, 1.50000000000000000000e+03) (74, 1.50000000000000000000e+03) (75, 1.50000000000000000000e+03) (76, 4.19527482986450195312e+00) (77, 1.50000000000000000000e+03) (78, 4.85545253753662109375e+00) (79, 1.41405754089355468750e+01) (80, 1.50000000000000000000e+03) (81, 1.50000000000000000000e+03) (82, 1.50000000000000000000e+03) (83, 1.50000000000000000000e+03) (84, 1.50000000000000000000e+03) (85, 1.50000000000000000000e+03) (86, 1.50000000000000000000e+03) (87, 1.78709888458251953125e+01) (88, 1.50000000000000000000e+03) (89, 1.50000000000000000000e+03) (90, 1.50000000000000000000e+03) (91, 1.50000000000000000000e+03) (92, 1.50000000000000000000e+03) (93, 1.50000000000000000000e+03) (94, 1.50000000000000000000e+03) (95, 1.50000000000000000000e+03) (96, 3.11593389511108398438e+00) (97, 1.50000000000000000000e+03) (98, 1.50000000000000000000e+03) (99, 1.50000000000000000000e+03) (100, 1.50000000000000000000e+03) (101, 1.50000000000000000000e+03) (102, -1.50000000000000000000e+03) (103, 1.50000000000000000000e+03) (104, -1.43751871585845947266e+00) (0, -1.50000000000000000000e+03) (1, -1.50000000000000000000e+03) (2, -1.50000000000000000000e+03) (3, -1.50000000000000000000e+03) (4, -1.50000000000000000000e+03) (5, -1.50000000000000000000e+03) (6, -1.50000000000000000000e+03) (7, -1.50000000000000000000e+03) (8, -1.50000000000000000000e+03) (9, -1.50000000000000000000e+03) (10, -1.50000000000000000000e+03) (11, -1.50000000000000000000e+03) (12, -1.50000000000000000000e+03) (13, -1.50000000000000000000e+03) (14, -1.50000000000000000000e+03) (15, -1.50000000000000000000e+03) (16, -1.50000000000000000000e+03) (17, -1.50000000000000000000e+03) (18, -1.50000000000000000000e+03) (19, -1.50000000000000000000e+03) (20, -1.50000000000000000000e+03) (21, -1.50000000000000000000e+03) (22, -1.50000000000000000000e+03) (23, -1.50000000000000000000e+03) (24, 1.49649694824218750000e+03) (25, 1.49964379882812500000e+03) (26, 1.50000000000000000000e+03) (27, 1.50000000000000000000e+03) (28, 1.50000000000000000000e+03) (29, 1.50000000000000000000e+03) (30, 1.50000000000000000000e+03) (31, 1.50000000000000000000e+03) (32, 1.50000000000000000000e+03) (33, 1.50000000000000000000e+03) (34, 1.50000000000000000000e+03) (35, 1.50000000000000000000e+03) (36, 1.50000000000000000000e+03) (37, 1.50000000000000000000e+03) (38, 1.50000000000000000000e+03) (39, 1.50000000000000000000e+03) (40, 1.50000000000000000000e+03) (41, 1.50000000000000000000e+03) (42, 1.50000000000000000000e+03) (43, 1.50000000000000000000e+03) (44, 1.50000000000000000000e+03) (45, 1.50000000000000000000e+03) (46, 1.60239227294921875000e+02) (47, 1.50000000000000000000e+03) (48, 1.50000000000000000000e+03) (49, 1.50000000000000000000e+03) (50, 1.50000000000000000000e+03) (51, 1.50000000000000000000e+03) (52, 1.50000000000000000000e+03) (53, 1.49866833496093750000e+03) (54, 6.34191036224365234375e+00) (55, 1.50000000000000000000e+03) (56, 1.50000000000000000000e+03) (57, 1.50000000000000000000e+03) (58, 1.50000000000000000000e+03) (59, 1.50000000000000000000e+03) (60, 1.50000000000000000000e+03) (61, 1.50000000000000000000e+03) (62, 1.50000000000000000000e+03) (63, 1.50000000000000000000e+03) (64, 1.50000000000000000000e+03) (65, 1.50000000000000000000e+03) (66, 1.50000000000000000000e+03) (67, 1.50000000000000000000e+03) (68, 1.50000000000000000000e+03) (69, 1.50000000000000000000e+03) (70, 2.88587951660156250000e+00) (71, 3.60043692588806152344e+00) (72, 1.50000000000000000000e+03) (73, 1.50000000000000000000e+03) (74, 1.50000000000000000000e+03) (75, 1.50000000000000000000e+03) (76, 4.04828548431396484375e+00) (77, 1.50000000000000000000e+03) (78, 4.77982902526855468750e+00) (79, 1.42145977020263671875e+01) (80, 1.50000000000000000000e+03) (81, 1.50000000000000000000e+03) (82, 1.50000000000000000000e+03) (83, 1.50000000000000000000e+03) (84, 1.50000000000000000000e+03) (85, 1.50000000000000000000e+03) (86, 1.50000000000000000000e+03) (87, 1.78231906890869140625e+01) (88, 1.50000000000000000000e+03) (89, 1.50000000000000000000e+03) (90, 1.50000000000000000000e+03) (91, 1.50000000000000000000e+03) (92, 1.50000000000000000000e+03) (93, 1.50000000000000000000e+03) (94, 1.50000000000000000000e+03) (95, 1.50000000000000000000e+03) (96, 3.20825552940368652344e+00) (97, 1.50000000000000000000e+03) (98, 1.50000000000000000000e+03) (99, 1.50000000000000000000e+03) (100, 1.50000000000000000000e+03) (101, 1.50000000000000000000e+03) (102, -1.50000000000000000000e+03) (103, 1.50000000000000000000e+03) (104, -1.43798375129699707031e+00) (0, -1.50000000000000000000e+03) (1, -1.50000000000000000000e+03) (2, -1.50000000000000000000e+03) (3, -1.50000000000000000000e+03) (4, -1.50000000000000000000e+03) (5, -1.50000000000000000000e+03) (6, -1.50000000000000000000e+03) (7, -1.50000000000000000000e+03) (8, -1.50000000000000000000e+03) (9, -1.50000000000000000000e+03) (10, -1.50000000000000000000e+03) (11, -1.50000000000000000000e+03) (12, -1.50000000000000000000e+03) (13, -1.50000000000000000000e+03) (14, -1.50000000000000000000e+03) (15, -1.50000000000000000000e+03) (16, -1.50000000000000000000e+03) (17, -1.50000000000000000000e+03) (18, -1.50000000000000000000e+03) (19, -1.50000000000000000000e+03) (20, -1.50000000000000000000e+03) (21, -1.50000000000000000000e+03) (22, -1.50000000000000000000e+03) (23, -1.50000000000000000000e+03) (24, 1.49649694824218750000e+03) (25, 1.49964379882812500000e+03) (26, 1.50000000000000000000e+03) (27, 1.50000000000000000000e+03) (28, 1.50000000000000000000e+03) (29, 1.50000000000000000000e+03) (30, 1.50000000000000000000e+03) (31, 1.50000000000000000000e+03) (32, 1.50000000000000000000e+03) (33, 1.50000000000000000000e+03) (34, 1.50000000000000000000e+03) (35, 1.50000000000000000000e+03) (36, 1.50000000000000000000e+03) (37, 1.50000000000000000000e+03) (38, 1.50000000000000000000e+03) (39, 1.50000000000000000000e+03) (40, 1.50000000000000000000e+03) (41, 1.50000000000000000000e+03) (42, 1.50000000000000000000e+03) (43, 1.50000000000000000000e+03) (44, 1.50000000000000000000e+03) (45, 1.50000000000000000000e+03) (46, 1.60329071044921875000e+02) (47, 1.50000000000000000000e+03) (48, 1.50000000000000000000e+03) (49, 1.50000000000000000000e+03) (50, 1.50000000000000000000e+03) (51, 1.50000000000000000000e+03) (52, 1.50000000000000000000e+03) (53, 1.49866833496093750000e+03) (54, 6.25954723358154296875e+00) (55, 1.50000000000000000000e+03) (56, 1.50000000000000000000e+03) (57, 1.50000000000000000000e+03) (58, 1.50000000000000000000e+03) (59, 1.50000000000000000000e+03) (60, 1.50000000000000000000e+03) (61, 1.50000000000000000000e+03) (62, 1.50000000000000000000e+03) (63, 1.50000000000000000000e+03) (64, 1.50000000000000000000e+03) (65, 1.50000000000000000000e+03) (66, 1.50000000000000000000e+03) (67, 1.50000000000000000000e+03) (68, 1.50000000000000000000e+03) (69, 1.50000000000000000000e+03) (70, 2.86056351661682128906e+00) (71, 3.51275300979614257812e+00) (72, 1.50000000000000000000e+03) (73, 1.50000000000000000000e+03) (74, 1.50000000000000000000e+03) (75, 1.50000000000000000000e+03) (76, 4.11836433410644531250e+00) (77, 1.50000000000000000000e+03) (78, 4.75189924240112304688e+00) (79, 1.42232789993286132812e+01) (80, 1.50000000000000000000e+03) (81, 1.50000000000000000000e+03) (82, 1.50000000000000000000e+03) (83, 1.50000000000000000000e+03) (84, 1.50000000000000000000e+03) (85, 1.50000000000000000000e+03) (86, 1.50000000000000000000e+03) (87, 1.78800544738769531250e+01) (88, 1.50000000000000000000e+03) (89, 1.50000000000000000000e+03) (90, 1.50000000000000000000e+03) (91, 1.50000000000000000000e+03) (92, 1.50000000000000000000e+03) (93, 1.50000000000000000000e+03) (94, 1.50000000000000000000e+03) (95, 1.50000000000000000000e+03) (96, 3.12036609649658203125e+00) (97, 1.50000000000000000000e+03) (98, 1.50000000000000000000e+03) (99, 1.50000000000000000000e+03) (100, 1.50000000000000000000e+03) (101, 1.50000000000000000000e+03) (102, -1.50000000000000000000e+03) (103, 1.50000000000000000000e+03) (104, -1.49954485893249511719e+00) (0, -1.34397125244140625000e+01) (1, 1.48783767223358154297e+00) (2, -5.80006182193756103516e-01) (3, -2.68962359428405761719e+00) (4, -6.81537449359893798828e-01) (5, -1.24814109802246093750e+01) (6, -6.04338407516479492188e-01) (7, 8.44572353363037109375e+00) (8, 7.46656358242034912109e-02) (9, -3.84314823150634765625e+00) (10, 1.57447462081909179688e+01) (11, -3.03078150749206542969e+00) (12, -9.80698406696319580078e-01) (13, -3.48792505264282226562e+00) (14, -2.76664216071367263794e-02) (15, -2.31923508644104003906e+00) (16, -3.46537232398986816406e+00) (17, 4.41861486434936523438e+00) (18, 2.21975708007812500000e+00) (19, -2.14431613683700561523e-01) (20, -4.44260448217391967773e-01) (21, -2.12293243408203125000e+00) (22, -3.80025029182434082031e+00) (23, -9.21906530857086181641e-01) (24, -1.18884134292602539062e+00) (25, 2.07375454902648925781e+00) (26, 2.22826525568962097168e-01) (27, -1.10766804218292236328e+00) (28, -9.46350693702697753906e-01) (29, -4.66408586502075195312e+00) (30, -8.99164855480194091797e-01) (31, -3.05547785758972167969e+00) (32, -6.21802628040313720703e-01) (33, -3.64799588918685913086e-01) (34, -3.96774053573608398438e-01) (35, -7.19898998737335205078e-01) (36, -4.17019248008728027344e-01) (37, 2.36032629013061523438e+00) (38, 2.50201916694641113281e+00) (39, 8.39102458953857421875e+00) (40, -3.81434828042984008789e-01) (41, 2.20331263542175292969e+00) (42, -8.08041751384735107422e-01) (43, 2.09899687767028808594e+00) (44, -2.59468913078308105469e+00) (45, -5.68751692771911621094e-01) (46, -6.45704388618469238281e-01) (47, 3.15449625253677368164e-01) (48, -1.02945506572723388672e+00) (49, 3.99206781387329101562e+00) (50, 2.73546099662780761719e+00) (51, 1.93609809875488281250e+00) (52, 1.90184521675109863281e+00) (53, -5.29766261577606201172e-01) (54, -2.40443062782287597656e+00) (55, -3.19048428535461425781e+00) (56, -5.28622388839721679688e-01) (57, 1.83894288539886474609e+00) (58, 2.12572836875915527344e+00) (59, 2.22516179084777832031e+00) (60, 1.80265760421752929688e+00) (61, -8.62166166305541992188e-01) (62, 1.85010087490081787109e+00) (63, -6.93058550357818603516e-01) (64, -6.95747137069702148438e-01) (65, -9.41177129745483398438e-01) (66, -1.03269898891448974609e+00) (67, -1.21407926082611083984e+00) (68, -1.05161070823669433594e+00) (69, -8.56694996356964111328e-01) (70, -1.09341490268707275391e+00) (71, -9.93369281291961669922e-01) (72, -5.01825511455535888672e-01) (73, -8.82905542850494384766e-01) (74, 2.13121938705444335938e+00) (75, 1.98894488811492919922e+00) (76, 1.61494970321655273438e+00) (77, -7.01916694641113281250e-01) (78, -9.19930636882781982422e-01) (79, -9.86656486988067626953e-01) (80, 1.65348863601684570312e+00) (81, -9.03353631496429443359e-01) (82, 1.57522046566009521484e+00) (83, -8.09936046600341796875e-01) (84, -7.99889564514160156250e-01) (85, -9.44471001625061035156e-01) (86, -5.65249979496002197266e-01) (87, -8.41787457466125488281e-01) (88, -1.27882361412048339844e+00) (89, 2.00965404510498046875e+00) (90, -6.40252351760864257812e-01) (91, -6.16032361984252929688e-01) (92, -7.93519198894500732422e-01) (93, -7.13737070560455322266e-01) (94, 1.60456252098083496094e+00) (95, 1.64744520187377929688e+00) (96, -9.68286633491516113281e-01) (97, -8.57730865478515625000e-01) (98, -6.21513724327087402344e-01) (99, -7.71352827548980712891e-01) (100, -9.13978338241577148438e-01) (101, 1.84448051452636718750e+00) (102, -1.50000000000000000000e+03) (103, 1.50000000000000000000e+03) (104, 2.91947531700134277344e+00) (0, 2.78131341934204101562e+00) (1, -2.40726768970489501953e-01) (2, -8.89231264591217041016e-01) (3, -1.40962133407592773438e+01) (4, -6.49389803409576416016e-01) (5, -6.08908176422119140625e-01) (6, 1.80082082748413085938e+00) (7, 5.85740745067596435547e-01) (8, -5.56717634201049804688e-01) (9, -6.92852079868316650391e-01) (10, -7.94436514377593994141e-01) (11, 2.44663500785827636719e+00) (12, 1.92874550819396972656e+00) (13, -4.56418132781982421875e+00) (14, -8.44071507453918457031e-01) (15, 2.13978838920593261719e+00) (16, -4.55453443527221679688e+00) (17, -2.76753753423690795898e-01) (18, -2.85749697685241699219e+00) (19, -2.84794539213180541992e-01) (20, 1.13424265384674072266e+00) (21, -9.70093727111816406250e-01) (22, 2.27674913406372070312e+00) (23, 1.85725009441375732422e+00) (24, 3.11066222190856933594e+00) (25, 9.21562254428863525391e-01) (26, -1.72109115123748779297e+00) (27, 2.18519973754882812500e+00) (28, 2.44145131111145019531e+00) (29, 2.45177492499351501465e-01) (30, -3.27035188674926757812e+00) (31, 1.00307330489158630371e-01) (32, 1.34049236774444580078e+00) (33, 2.19596719741821289062e+00) (34, 2.47298622131347656250e+00) (35, -1.89266294240951538086e-01) (36, 2.33608698844909667969e+00) (37, 2.27927374839782714844e+00) (38, 2.33560037612915039062e+00) (39, -4.00274306535720825195e-01) (40, 1.91740643978118896484e+00) (41, -4.10462093353271484375e+00) (42, -5.06385147571563720703e-01) (43, -5.41026175022125244141e-01) (44, 2.21758699417114257812e+00) (45, -2.45832324028015136719e-01) (46, -3.78530234098434448242e-01) (47, 3.29722499847412109375e+00) (48, 2.41809272766113281250e+00) (49, 3.30533361434936523438e+00) (50, 2.22876405715942382812e+00) (51, 2.10318565368652343750e+00) (52, -1.55225917696952819824e-01) (53, -1.29891149699687957764e-02) (54, -9.63262498378753662109e-01) (55, -1.91306638717651367188e+00) (56, -3.63306140899658203125e+00) (57, -4.84415626525878906250e+00) (58, -5.48086071014404296875e+00) (59, -9.00715589523315429688e-01) (60, -7.30554401874542236328e-01) (61, 5.22437810897827148438e+00) (62, -6.75391197204589843750e-01) (63, -6.79055631160736083984e-01) (64, -5.10451257228851318359e-01) (65, -9.17664170265197753906e-01) (66, -6.25132036209106445312e+00) (67, 3.23365545272827148438e+00) (68, 3.93774795532226562500e+00) (69, 1.74292647838592529297e+00) (70, -9.37790811061859130859e-01) (71, -8.62111985683441162109e-01) (72, -5.56986570358276367188e-01) (73, -1.09481263160705566406e+00) (74, -9.55840110778808593750e-01) (75, -2.70085978507995605469e+00) (76, 9.81659829616546630859e-01) (77, -5.53425073623657226562e-01) (78, -9.87957286834716796875e+00) (79, 1.02072544097900390625e+01) (80, -8.79037022590637207031e-01) (81, -1.87122964859008789062e+00) (82, 2.43138051033020019531e+00) (83, -6.62385320663452148438e+00) (84, -2.34864711761474609375e-01) (85, -5.60216188430786132812e+00) (86, -2.97721832990646362305e-01) (87, -6.46443724632263183594e-01) (88, -3.43692207336425781250e+00) (89, 6.76606464385986328125e+00) (90, 5.10942649841308593750e+00) (91, 3.33455801010131835938e+00) (92, 1.98515757918357849121e-01) (93, -3.31134104728698730469e+00) (94, -6.05449140071868896484e-01) (95, -8.18245470523834228516e-01) (96, -9.36589837074279785156e-01) (97, -1.84255003929138183594e+00) (98, 2.54526638984680175781e+00) (99, 1.13366851583123207092e-02) (100, -5.23670256137847900391e-01) (101, -6.42840814590454101562e+00) (102, 3.70835328102111816406e+00) (103, -1.52328753471374511719e+00) (104, 2.74923491477966308594e+00) (0, -1.50000000000000000000e+03) (1, -1.50000000000000000000e+03) (2, -1.50000000000000000000e+03) (3, -1.50000000000000000000e+03) (4, -1.50000000000000000000e+03) (5, -1.50000000000000000000e+03) (6, -1.50000000000000000000e+03) (7, -1.50000000000000000000e+03) (8, -1.50000000000000000000e+03) (9, -1.50000000000000000000e+03) (10, -1.50000000000000000000e+03) (11, -1.50000000000000000000e+03) (12, -1.50000000000000000000e+03) (13, -1.50000000000000000000e+03) (14, -1.50000000000000000000e+03) (15, -1.50000000000000000000e+03) (16, -1.50000000000000000000e+03) (17, -1.50000000000000000000e+03) (18, -1.50000000000000000000e+03) (19, -1.50000000000000000000e+03) (20, -1.50000000000000000000e+03) (21, -1.50000000000000000000e+03) (22, -1.50000000000000000000e+03) (23, -1.50000000000000000000e+03) (24, 1.49649694824218750000e+03) (25, 1.49964379882812500000e+03) (26, 1.50000000000000000000e+03) (27, 1.50000000000000000000e+03) (28, 1.50000000000000000000e+03) (29, 1.50000000000000000000e+03) (30, 1.50000000000000000000e+03) (31, 1.50000000000000000000e+03) (32, 1.50000000000000000000e+03) (33, 1.50000000000000000000e+03) (34, 1.50000000000000000000e+03) (35, 1.50000000000000000000e+03) (36, 1.50000000000000000000e+03) (37, 1.50000000000000000000e+03) (38, 1.50000000000000000000e+03) (39, 1.50000000000000000000e+03) (40, 1.50000000000000000000e+03) (41, 1.50000000000000000000e+03) (42, 1.50000000000000000000e+03) (43, 1.50000000000000000000e+03) (44, 1.50000000000000000000e+03) (45, 1.50000000000000000000e+03) (46, 1.60354568481445312500e+02) (47, 1.50000000000000000000e+03) (48, 1.50000000000000000000e+03) (49, 1.50000000000000000000e+03) (50, 1.50000000000000000000e+03) (51, 1.50000000000000000000e+03) (52, 1.50000000000000000000e+03) (53, 1.49866833496093750000e+03) (54, 6.28074264526367187500e+00) (55, 1.50000000000000000000e+03) (56, 1.50000000000000000000e+03) (57, 1.50000000000000000000e+03) (58, 1.50000000000000000000e+03) (59, 1.50000000000000000000e+03) (60, 1.50000000000000000000e+03) (61, 1.50000000000000000000e+03) (62, 1.50000000000000000000e+03) (63, 1.50000000000000000000e+03) (64, 1.50000000000000000000e+03) (65, 1.50000000000000000000e+03) (66, 1.50000000000000000000e+03) (67, 1.50000000000000000000e+03) (68, 1.50000000000000000000e+03) (69, 1.50000000000000000000e+03) (70, 2.92644739151000976562e+00) (71, 3.62293744087219238281e+00) (72, 1.50000000000000000000e+03) (73, 1.50000000000000000000e+03) (74, 1.50000000000000000000e+03) (75, 1.50000000000000000000e+03) (76, 4.10411739349365234375e+00) (77, 1.50000000000000000000e+03) (78, 4.83056497573852539062e+00) (79, 1.42130584716796875000e+01) (80, 1.50000000000000000000e+03) (81, 1.50000000000000000000e+03) (82, 1.50000000000000000000e+03) (83, 1.50000000000000000000e+03) (84, 1.50000000000000000000e+03) (85, 1.50000000000000000000e+03) (86, 1.50000000000000000000e+03) (87, 1.79169960021972656250e+01) (88, 1.50000000000000000000e+03) (89, 1.50000000000000000000e+03) (90, 1.50000000000000000000e+03) (91, 1.50000000000000000000e+03) (92, 1.50000000000000000000e+03) (93, 1.50000000000000000000e+03) (94, 1.50000000000000000000e+03) (95, 1.50000000000000000000e+03) (96, 3.08754754066467285156e+00) (97, 1.50000000000000000000e+03) (98, 1.50000000000000000000e+03) (99, 1.50000000000000000000e+03) (100, 1.50000000000000000000e+03) (101, 1.50000000000000000000e+03) (102, -1.50000000000000000000e+03) (103, 1.50000000000000000000e+03) (104, -1.43835198879241943359e+00) (0, -4.81833696365356445312e-01) (1, -2.30399519205093383789e-01) (2, -9.23074841499328613281e-01) (3, 1.36047041416168212891e+00) (4, 2.32321426272392272949e-01) (5, -1.54577183723449707031e+00) (6, -1.22523427009582519531e-01) (7, -1.52745747566223144531e+00) (8, -1.38888001441955566406e+00) (9, -2.16900420188903808594e+00) (10, 2.02936244010925292969e+00) (11, 2.30831360816955566406e+00) (12, -1.61757421493530273438e+00) (13, -1.72461301088333129883e-01) (14, -1.24656987190246582031e+00) (15, 1.87857449054718017578e+00) (16, 2.61345100402832031250e+00) (17, 1.89156770706176757812e+00) (18, -8.80045056343078613281e-01) (19, 2.46940994262695312500e+00) (20, 2.64115381240844726562e+00) (21, 8.49352121353149414062e-01) (22, -9.20122504234313964844e-01) (23, 1.98056936264038085938e+00) (24, 2.05470710992813110352e-01) (25, -1.28812301158905029297e+00) (26, 1.95407521724700927734e+00) (27, 6.45153403282165527344e-01) (28, -1.80539274215698242188e+00) (29, 2.54644918441772460938e+00) (30, 1.59277796745300292969e+00) (31, 2.26741456985473632812e+00) (32, 2.13289141654968261719e+00) (33, -1.69901168346405029297e+00) (34, -1.07590377330780029297e+00) (35, 2.51460886001586914062e+00) (36, -4.71728205680847167969e-01) (37, -1.57965421676635742188e+00) (38, 2.59298563003540039062e+00) (39, 2.30909776687622070312e+00) (40, -6.29828572273254394531e-02) (41, -2.06961917877197265625e+00) (42, -7.63275504112243652344e-01) (43, -1.84763979911804199219e+00) (44, -4.40296441316604614258e-01) (45, -3.94640535116195678711e-01) (46, -3.07520771026611328125e+00) (47, -2.54667937755584716797e-01) (48, -8.90277683734893798828e-01) (49, -3.47573250532150268555e-01) (50, -4.79900628328323364258e-01) (51, -2.12076878547668457031e+00) (52, -6.33110165596008300781e-01) (53, -3.75260382890701293945e-01) (54, -1.05561721324920654297e+00) (55, 1.43927335739135742188e-01) (56, -3.09832453727722167969e-01) (57, 1.09820294380187988281e+00) (58, -1.18432843685150146484e+00) (59, 6.45079791545867919922e-01) (60, 2.23299145698547363281e+00) (61, -1.20503401756286621094e+00) (62, -1.74536824226379394531e+00) (63, 2.04445815086364746094e+00) (64, -4.96516793966293334961e-01) (65, 1.67848980426788330078e+00) (66, 3.46795976161956787109e-01) (67, -1.44374918937683105469e+00) (68, -1.67659282684326171875e-01) (69, 1.39130163192749023438e+00) (70, -1.10713958740234375000e+00) (71, -2.18409013748168945312e+00) (72, -2.22134649753570556641e-01) (73, -1.34520471096038818359e-01) (74, -4.92887079715728759766e-01) (75, 1.59496152400970458984e+00) (76, -1.72752666473388671875e+00) (77, 1.79477143287658691406e+00) (78, -1.05846989154815673828e+00) (79, -4.14516401290893554688e+00) (80, 1.24383635818958282471e-01) (81, 1.20255684852600097656e+00) (82, -5.90825438499450683594e-01) (83, 2.34805035591125488281e+00) (84, 1.24206908047199249268e-01) (85, 5.87406754493713378906e-01) (86, 1.98637616634368896484e+00) (87, -3.47846198081970214844e+00) (88, -9.49406743049621582031e-01) (89, 3.82830232381820678711e-01) (90, 8.01957428455352783203e-01) (91, 4.42682743072509765625e+00) (92, -3.68732070922851562500e+00) (93, 1.43646693229675292969e+00) (94, 1.83968448638916015625e+00) (95, -9.80702579021453857422e-01) (96, -1.78969764709472656250e+00) (97, -1.06999969482421875000e+00) (98, -8.93932282924652099609e-01) (99, 2.10306310653686523438e+00) (100, 1.15183794498443603516e+00) (101, -3.62903213500976562500e+00) (102, 2.03743577003479003906e+00) (103, 8.99125218391418457031e-01) (104, 3.23333430290222167969e+00) (0, 1.50000000000000000000e+03) (1, 1.50000000000000000000e+03) (2, 1.50000000000000000000e+03) (3, 1.50000000000000000000e+03) (4, 1.50000000000000000000e+03) (5, 1.50000000000000000000e+03) (6, 1.50000000000000000000e+03) (7, 1.50000000000000000000e+03) (8, 1.50000000000000000000e+03) (9, 1.50000000000000000000e+03) (10, 1.50000000000000000000e+03) (11, 1.50000000000000000000e+03) (12, 1.50000000000000000000e+03) (13, 1.50000000000000000000e+03) (14, 1.50000000000000000000e+03) (15, 1.50000000000000000000e+03) (16, 1.50000000000000000000e+03) (17, 1.50000000000000000000e+03) (18, 1.50000000000000000000e+03) (19, 1.50000000000000000000e+03) (20, 1.50000000000000000000e+03) (21, 1.50000000000000000000e+03) (22, 1.50000000000000000000e+03) (23, 1.50000000000000000000e+03) (24, -1.49507458496093750000e+03) (25, -1.49961987304687500000e+03) (26, -1.50000000000000000000e+03) (27, -1.50000000000000000000e+03) (28, -1.50000000000000000000e+03) (29, -1.50000000000000000000e+03) (30, -1.50000000000000000000e+03) (31, -1.50000000000000000000e+03) (32, -1.50000000000000000000e+03) (33, -1.50000000000000000000e+03) (34, -1.50000000000000000000e+03) (35, -1.50000000000000000000e+03) (36, -1.50000000000000000000e+03) (37, -1.50000000000000000000e+03) (38, -1.50000000000000000000e+03) (39, -1.50000000000000000000e+03) (40, -1.50000000000000000000e+03) (41, -1.50000000000000000000e+03) (42, -1.50000000000000000000e+03) (43, -1.50000000000000000000e+03) (44, -1.50000000000000000000e+03) (45, -1.50000000000000000000e+03) (46, -3.50872039794921875000e+01) (47, -1.14269909667968750000e+03) (48, -1.50000000000000000000e+03) (49, -1.50000000000000000000e+03) (50, -1.50000000000000000000e+03) (51, -1.50000000000000000000e+03) (52, -1.50000000000000000000e+03) (53, 7.81961425781250000000e+02) (54, 7.17308878898620605469e-01) (55, -1.50000000000000000000e+03) (56, -1.50000000000000000000e+03) (57, -1.50000000000000000000e+03) (58, -1.50000000000000000000e+03) (59, -1.50000000000000000000e+03) (60, -1.50000000000000000000e+03) (61, -1.50000000000000000000e+03) (62, -1.50000000000000000000e+03) (63, -1.50000000000000000000e+03) (64, -1.50000000000000000000e+03) (65, -1.50000000000000000000e+03) (66, -1.50000000000000000000e+03) (67, -1.50000000000000000000e+03) (68, -1.50000000000000000000e+03) (69, -1.50000000000000000000e+03) (70, -9.19823169708251953125e-01) (71, -1.51155960559844970703e+00) (72, -1.50000000000000000000e+03) (73, -1.50000000000000000000e+03) (74, -1.50000000000000000000e+03) (75, -1.50000000000000000000e+03) (76, -2.02750897407531738281e+00) (77, -1.50000000000000000000e+03) (78, -1.99957716464996337891e+00) (79, -7.25160932540893554688e+00) (80, -1.50000000000000000000e+03) (81, -1.50000000000000000000e+03) (82, -1.50000000000000000000e+03) (83, -1.50000000000000000000e+03) (84, -1.50000000000000000000e+03) (85, -1.50000000000000000000e+03) (86, -1.50000000000000000000e+03) (87, -4.79765701293945312500e+00) (88, -1.50000000000000000000e+03) (89, -1.50000000000000000000e+03) (90, -1.50000000000000000000e+03) (91, -1.50000000000000000000e+03) (92, -1.50000000000000000000e+03) (93, -1.50000000000000000000e+03) (94, -1.50000000000000000000e+03) (95, -1.50000000000000000000e+03) (96, -1.16316521167755126953e+00) (97, -1.50000000000000000000e+03) (98, -1.50000000000000000000e+03) (99, -1.50000000000000000000e+03) (100, -1.50000000000000000000e+03) (101, -1.50000000000000000000e+03) (102, 1.50000000000000000000e+03) (103, -1.50000000000000000000e+03) (104, 3.43893551826477050781e+00) (0, 4.71775436401367187500e+00) (1, -1.46036660671234130859e+00) (2, 2.63191390037536621094e+00) (3, 1.94451212882995605469e+00) (4, -1.17435835301876068115e-01) (5, 9.44614410400390625000e-01) (6, 5.44103607535362243652e-03) (7, -6.00142300128936767578e-01) (8, -1.15544128417968750000e+00) (9, -1.07022687792778015137e-01) (10, 2.50849795341491699219e+00) (11, 1.99414253234863281250e+00) (12, 2.41762256622314453125e+00) (13, -1.73367118835449218750e+00) (14, 2.41510796546936035156e+00) (15, 2.35183310508728027344e+00) (16, 2.16509413719177246094e+00) (17, 1.90075349807739257812e+00) (18, 2.48883366584777832031e+00) (19, -4.86208558082580566406e-01) (20, -2.59846985340118408203e-01) (21, 1.81378638744354248047e+00) (22, 1.83408987522125244141e+00) (23, -1.47185790538787841797e+00) (24, -2.08192157745361328125e+00) (25, -8.57542991638183593750e-01) (26, -6.49121046066284179688e-01) (27, -3.64045310020446777344e+00) (28, -9.25567507743835449219e-01) (29, 1.56575083732604980469e+00) (30, -1.26076042652130126953e+00) (31, -1.02214920520782470703e+00) (32, -1.23586821556091308594e+00) (33, 1.42284083366394042969e+00) (34, -3.17672371864318847656e-01) (35, 1.87026441097259521484e+00) (36, -7.76512718200683593750e+00) (37, -2.48675537109375000000e+00) (38, -1.33352506160736083984e+00) (39, -8.22705554962158203125e+00) (40, -2.75823831558227539062e-01) (41, 1.24470889568328857422e+00) (42, 2.51636600494384765625e+00) (43, -1.16861307621002197266e+00) (44, -2.13705301284790039062e+00) (45, -1.22452247142791748047e+00) (46, 9.06647396087646484375e+00) (47, 3.78015279769897460938e-01) (48, -1.12072432041168212891e+00) (49, -5.92449140548706054688e+00) (50, -2.69490528106689453125e+00) (51, -3.43916080892086029053e-02) (52, 6.05250239372253417969e-01) (53, 8.42015862464904785156e-01) (54, 2.26761126518249511719e+00) (55, -3.18140983581542968750e+00) (56, 2.75762557983398437500e+00) (57, -7.52655649185180664062e+00) (58, 2.99070382118225097656e+00) (59, 5.61911010742187500000e+00) (60, -2.35525107383728027344e+00) (61, -1.67821252346038818359e+00) (62, 8.91361653804779052734e-01) (63, -1.80193081498146057129e-01) (64, 1.07649898529052734375e+00) (65, -2.60910391807556152344e-02) (66, 1.45167589187622070312e+00) (67, 3.53116083145141601562e+00) (68, 1.90912747383117675781e+00) (69, 1.99198126792907714844e+00) (70, 2.69113779067993164062e+00) (71, 1.57693743705749511719e-01) (72, 7.82172568142414093018e-03) (73, -7.11216974258422851562e+00) (74, 2.44066596031188964844e+00) (75, -3.26368975639343261719e+00) (76, -1.57005167007446289062e+00) (77, -1.47606417536735534668e-01) (78, -1.69583797454833984375e+00) (79, 2.40505671501159667969e+00) (80, 1.18578405380249023438e+01) (81, 2.05632066726684570312e+00) (82, 1.90695285797119140625e+00) (83, -1.90912830829620361328e+00) (84, -1.05994410812854766846e-01) (85, 1.67744123935699462891e+00) (86, -2.82496720552444458008e-01) (87, -1.05780698359012603760e-01) (88, -1.04390487074851989746e-01) (89, -4.88959074020385742188e-01) (90, 1.67544865608215332031e+00) (91, 3.04533362388610839844e+00) (92, -2.07154226303100585938e+00) (93, -1.12901186943054199219e+00) (94, -4.96737629175186157227e-01) (95, -5.66480904817581176758e-02) (96, 2.55682778358459472656e+00) (97, -3.26613664627075195312e+00) (98, 3.53896212577819824219e+00) (99, -3.83517950773239135742e-01) (100, -2.10142001509666442871e-01) (101, -3.97478193044662475586e-01) (102, -1.83967185020446777344e+00) (103, 3.86362409591674804688e+00) (104, -7.53748118877410888672e-01) (0, 9.79749023914337158203e-01) (1, -6.10284090042114257812e-01) (2, -8.83647322654724121094e-01) (3, 9.98696863651275634766e-01) (4, 8.72919380664825439453e-01) (5, 4.58869266510009765625e+00) (6, -1.39764392375946044922e+00) (7, -1.92992258071899414062e+00) (8, 4.79497402906417846680e-01) (9, -7.48993337154388427734e-01) (10, -1.49356591701507568359e+00) (11, -3.75084429979324340820e-01) (12, -9.34807896614074707031e-01) (13, 1.41094481945037841797e+00) (14, -8.10158967971801757812e-01) (15, -9.53612804412841796875e-01) (16, 4.14573907852172851562e-01) (17, -6.52275264263153076172e-01) (18, -3.92837047576904296875e-01) (19, -4.20530974864959716797e-01) (20, 8.43086745589971542358e-03) (21, -2.05911540985107421875e+00) (22, -3.57184916734695434570e-01) (23, 1.34167003631591796875e+00) (24, -1.91653698682785034180e-01) (25, -7.36511170864105224609e-01) (26, 2.53835535049438476562e+00) (27, -5.97956120967864990234e-01) (28, 5.17428636550903320312e-01) (29, 1.84003961086273193359e+00) (30, -7.00893044471740722656e-01) (31, 8.10798585414886474609e-01) (32, -6.09150171279907226562e-01) (33, -7.87491619586944580078e-01) (34, 2.72238582372665405273e-01) (35, -7.52633869647979736328e-01) (36, -7.82593250274658203125e-01) (37, -4.20648366212844848633e-01) (38, -3.66158068180084228516e-01) (39, -6.05862617492675781250e-01) (40, -6.29966676235198974609e-01) (41, 6.16338133811950683594e-01) (42, -9.55903887748718261719e-01) (43, -5.62301456928253173828e-01) (44, -2.82872468233108520508e-01) (45, 2.30884051322937011719e+00) (46, 3.79844069480895996094e+00) (47, 9.02852118015289306641e-01) (48, -4.18904924392700195312e+00) (49, -5.50123751163482666016e-01) (50, -5.02885997295379638672e-01) (51, 7.11116492748260498047e-01) (52, -2.82551854848861694336e-01) (53, 2.08348011970520019531e+00) (54, -1.81277048587799072266e+00) (55, 1.14679002761840820312e+00) (56, -7.44683444499969482422e-01) (57, -1.67011833190917968750e+00) (58, 1.18737006187438964844e+00) (59, -5.96771121025085449219e-01) (60, -8.14158976078033447266e-01) (61, 2.63579934835433959961e-01) (62, 2.00787448883056640625e+00) (63, 1.93219208717346191406e+00) (64, 5.74596345424652099609e-01) (65, -9.88644063472747802734e-01) (66, 1.47559726238250732422e+00) (67, 7.29290544986724853516e-01) (68, -1.27642691135406494141e+00) (69, 8.19504499435424804688e-01) (70, -9.96562302112579345703e-01) (71, -9.81899201869964599609e-01) (72, -8.11487913131713867188e-01) (73, 7.00012147426605224609e-01) (74, -5.45990943908691406250e-01) (75, 2.44412675499916076660e-01) (76, 6.39874860644340515137e-02) (77, -1.07425165176391601562e+00) (78, -1.85615554451942443848e-01) (79, 3.43175864219665527344e+00) (80, 1.57193526625633239746e-01) (81, 1.10797250270843505859e+00) (82, 1.02783620357513427734e+00) (83, -5.69379508495330810547e-01) (84, 2.49193534255027770996e-01) (85, 1.40312314033508300781e+00) (86, 2.04968118667602539062e+00) (87, 1.00325691699981689453e+00) (88, 2.68998980522155761719e+00) (89, -6.45121335983276367188e-01) (90, -6.73493921756744384766e-01) (91, -4.59028214216232299805e-01) (92, -1.02154803276062011719e+00) (93, -8.17464411258697509766e-01) (94, -6.65840625762939453125e-01) (95, -6.37188732624053955078e-01) (96, -9.70699608325958251953e-01) (97, 3.42000335454940795898e-01) (98, 2.57038402557373046875e+00) (99, -7.82773792743682861328e-01) (100, -8.32695603370666503906e-01) (101, 2.44333192706108093262e-01) (102, 2.18970036506652832031e+00) (103, -1.86344031244516372681e-02) (104, 2.76455235481262207031e+00) (0, 1.50000000000000000000e+03) (1, 1.50000000000000000000e+03) (2, 1.50000000000000000000e+03) (3, 1.50000000000000000000e+03) (4, 1.50000000000000000000e+03) (5, 1.50000000000000000000e+03) (6, 1.50000000000000000000e+03) (7, 1.50000000000000000000e+03) (8, 1.50000000000000000000e+03) (9, 1.50000000000000000000e+03) (10, 1.50000000000000000000e+03) (11, 1.50000000000000000000e+03) (12, 1.50000000000000000000e+03) (13, 1.50000000000000000000e+03) (14, 1.50000000000000000000e+03) (15, 1.50000000000000000000e+03) (16, 1.50000000000000000000e+03) (17, 1.50000000000000000000e+03) (18, 1.50000000000000000000e+03) (19, 1.50000000000000000000e+03) (20, 1.50000000000000000000e+03) (21, 1.50000000000000000000e+03) (22, 1.50000000000000000000e+03) (23, 1.50000000000000000000e+03) (24, -1.49507458496093750000e+03) (25, -1.49961987304687500000e+03) (26, -1.50000000000000000000e+03) (27, -1.50000000000000000000e+03) (28, -1.50000000000000000000e+03) (29, -1.50000000000000000000e+03) (30, -1.50000000000000000000e+03) (31, -1.50000000000000000000e+03) (32, -1.50000000000000000000e+03) (33, -1.50000000000000000000e+03) (34, -1.50000000000000000000e+03) (35, -1.50000000000000000000e+03) (36, -1.50000000000000000000e+03) (37, -1.50000000000000000000e+03) (38, -1.50000000000000000000e+03) (39, -1.50000000000000000000e+03) (40, -1.50000000000000000000e+03) (41, -1.50000000000000000000e+03) (42, -1.50000000000000000000e+03) (43, -1.50000000000000000000e+03) (44, -1.50000000000000000000e+03) (45, -1.50000000000000000000e+03) (46, -1.00949440002441406250e+02) (47, -1.50000000000000000000e+03) (48, -1.50000000000000000000e+03) (49, -1.50000000000000000000e+03) (50, -1.50000000000000000000e+03) (51, -1.50000000000000000000e+03) (52, -1.50000000000000000000e+03) (53, -1.49866699218750000000e+03) (54, -1.46755957975983619690e-02) (55, -1.50000000000000000000e+03) (56, -1.50000000000000000000e+03) (57, -1.50000000000000000000e+03) (58, -1.50000000000000000000e+03) (59, -1.50000000000000000000e+03) (60, -1.50000000000000000000e+03) (61, -1.50000000000000000000e+03) (62, -1.50000000000000000000e+03) (63, -1.50000000000000000000e+03) (64, -1.50000000000000000000e+03) (65, -1.50000000000000000000e+03) (66, -1.50000000000000000000e+03) (67, -1.50000000000000000000e+03) (68, -1.50000000000000000000e+03) (69, -1.50000000000000000000e+03) (70, -1.06674766540527343750e+00) (71, -1.60898995399475097656e+00) (72, -1.50000000000000000000e+03) (73, -1.50000000000000000000e+03) (74, -1.50000000000000000000e+03) (75, -1.50000000000000000000e+03) (76, -2.05503988265991210938e+00) (77, -1.50000000000000000000e+03) (78, -2.15434622764587402344e+00) (79, -7.67080307006835937500e+00) (80, -1.50000000000000000000e+03) (81, -1.50000000000000000000e+03) (82, -1.50000000000000000000e+03) (83, -1.50000000000000000000e+03) (84, -1.50000000000000000000e+03) (85, -1.50000000000000000000e+03) (86, -1.50000000000000000000e+03) (87, -1.15847358703613281250e+01) (88, -1.50000000000000000000e+03) (89, -1.50000000000000000000e+03) (90, -1.50000000000000000000e+03) (91, -1.50000000000000000000e+03) (92, -1.50000000000000000000e+03) (93, -1.50000000000000000000e+03) (94, -1.50000000000000000000e+03) (95, -1.50000000000000000000e+03) (96, -1.22330665588378906250e+00) (97, -1.50000000000000000000e+03) (98, -1.50000000000000000000e+03) (99, -1.50000000000000000000e+03) (100, -1.50000000000000000000e+03) (101, -1.50000000000000000000e+03) (102, 1.50000000000000000000e+03) (103, -1.50000000000000000000e+03) (104, 3.52112531661987304688e+00) (0, -1.95559177398681640625e+01) (1, -9.82485103607177734375e+00) (2, 1.66120660305023193359e+00) (3, 6.12569451332092285156e-01) (4, 5.74018859863281250000e+00) (5, -4.69168329238891601562e+00) (6, 2.29038000106811523438e-01) (7, 4.00661277770996093750e+00) (8, -5.33431673049926757812e+00) (9, -6.43779873847961425781e-01) (10, -1.52332460880279541016e+00) (11, -7.46036052703857421875e-01) (12, 1.57600820064544677734e+00) (13, -3.88588094711303710938e+00) (14, 6.09392881393432617188e-01) (15, -1.64127600193023681641e+00) (16, -7.69158029556274414062e+00) (17, 2.39053201675415039062e+00) (18, 2.90339732170104980469e+00) (19, 2.40218329429626464844e+00) (20, 3.57014465332031250000e+00) (21, -6.10096406936645507812e+00) (22, 2.91674941778182983398e-01) (23, -1.10593020915985107422e+00) (24, -6.19462537765502929688e+00) (25, -2.78938579559326171875e+00) (26, -2.80396580696105957031e+00) (27, -2.57952713966369628906e+00) (28, -7.82254457473754882812e-01) (29, -5.55088138580322265625e+00) (30, -7.71500766277313232422e-01) (31, -5.71512508392333984375e+00) (32, -4.50680971145629882812e+00) (33, -3.89217674732208251953e-01) (34, 2.51987314224243164062e+00) (35, 2.28678989410400390625e+00) (36, -3.78330230712890625000e-01) (37, 2.62220692634582519531e+00) (38, 3.44284486770629882812e+00) (39, -1.36281877756118774414e-01) (40, 2.24715328216552734375e+00) (41, 4.88589715957641601562e+00) (42, 2.27649307250976562500e+00) (43, 4.04141902923583984375e+00) (44, -2.58236914873123168945e-01) (45, 2.52665853500366210938e+00) (46, 2.28519058227539062500e+00) (47, -1.82690358161926269531e+00) (48, 2.20631194114685058594e+00) (49, 2.41899275779724121094e+00) (50, 2.23397183418273925781e+00) (51, 1.97547626495361328125e+00) (52, 2.47746801376342773438e+00) (53, -4.78806704282760620117e-01) (54, 2.21471643447875976562e+00) (55, -2.75244545936584472656e+00) (56, -6.76128983497619628906e-01) (57, 2.08622026443481445312e+00) (58, 2.03795409202575683594e+00) (59, 1.81673896312713623047e+00) (60, 1.98464488983154296875e+00) (61, 1.94812965393066406250e+00) (62, 2.94491267204284667969e+00) (63, 2.02775144577026367188e+00) (64, -6.34231448173522949219e-01) (65, -5.78804016113281250000e-01) (66, -7.35414505004882812500e-01) (67, -7.20568478107452392578e-01) (68, -8.97486746311187744141e-01) (69, -7.48107850551605224609e-01) (70, -9.08284366130828857422e-01) (71, -8.45309615135192871094e-01) (72, -8.15189778804779052734e-01) (73, -7.04567551612854003906e-01) (74, 1.98503696918487548828e+00) (75, -6.60513877868652343750e-01) (76, -7.83397316932678222656e-01) (77, -5.90762019157409667969e-01) (78, -9.13252353668212890625e-01) (79, -7.15268313884735107422e-01) (80, -8.81346523761749267578e-01) (81, -7.90316343307495117188e-01) (82, -7.29448497295379638672e-01) (83, -9.83892977237701416016e-01) (84, -7.30973064899444580078e-01) (85, -9.12609875202178955078e-01) (86, -6.55387341976165771484e-01) (87, -8.39195311069488525391e-01) (88, -9.09953474998474121094e-01) (89, -5.55649876594543457031e-01) (90, -7.38111197948455810547e-01) (91, -5.57726263999938964844e-01) (92, -7.88586318492889404297e-01) (93, -8.13826262950897216797e-01) (94, -6.02067172527313232422e-01) (95, -7.87779569625854492188e-01) (96, -8.93718481063842773438e-01) (97, -8.62583518028259277344e-01) (98, -6.00512802600860595703e-01) (99, -6.58614516258239746094e-01) (100, -6.39773488044738769531e-01) (101, 1.84375023841857910156e+00) (102, -1.50000000000000000000e+03) (103, 1.50000000000000000000e+03) (104, 2.73191094398498535156e+00) (0, -6.92590999603271484375e+00) (1, -1.90044939517974853516e+00) (2, 2.90069532394409179688e+00) (3, -2.28838957846164703369e-02) (4, 2.09078621119260787964e-02) (5, 2.58925938606262207031e+00) (6, 4.71301937103271484375e+00) (7, -4.62389141321182250977e-01) (8, -6.56547880172729492188e+00) (9, -3.99370312690734863281e-01) (10, 2.51146984100341796875e+00) (11, 4.27293682098388671875e+00) (12, -1.41315892338752746582e-01) (13, 4.79710245132446289062e+00) (14, 2.85158085823059082031e+00) (15, -1.20081596076488494873e-01) (16, 1.72806218266487121582e-01) (17, 1.49025070667266845703e+00) (18, 2.72818827629089355469e+00) (19, -7.02275276184082031250e-01) (20, -6.12200330942869186401e-03) (21, 2.45438599586486816406e+00) (22, -4.03245568275451660156e-01) (23, -7.83017694950103759766e-01) (24, -1.82132697105407714844e+00) (25, -2.21673607826232910156e+00) (26, -1.21680235862731933594e+00) (27, -6.66062295436859130859e-01) (28, -9.41772639751434326172e-01) (29, -2.97620415687561035156e-01) (30, -2.19075894355773925781e+00) (31, -1.46261763572692871094e+00) (32, 2.19206809997558593750e+00) (33, -8.43334555625915527344e-01) (34, -1.31828832626342773438e+00) (35, -5.12986600399017333984e-01) (36, -1.23512732982635498047e+00) (37, -3.78849005699157714844e+00) (38, -1.58842551708221435547e+00) (39, -8.77164900302886962891e-01) (40, 2.16806650161743164062e+00) (41, 3.47713738679885864258e-01) (42, -1.99829623103141784668e-01) (43, -1.84143757820129394531e+00) (44, 5.16114711761474609375e-01) (45, 1.74950015544891357422e+00) (46, 4.95026159286499023438e+00) (47, -3.75195479393005371094e+00) (48, -1.00985968112945556641e+00) (49, -9.48902249336242675781e-01) (50, -9.70992565155029296875e-01) (51, 9.60363522171974182129e-02) (52, -4.56955552101135253906e-01) (53, 2.02259969711303710938e+00) (54, 1.48937785625457763672e+00) (55, -2.45833411812782287598e-01) (56, 8.95309805870056152344e-01) (57, -2.72609305381774902344e+00) (58, 1.38044953346252441406e-01) (59, 1.56762421131134033203e+00) (60, 1.44902020692825317383e-01) (61, -3.68789315223693847656e+00) (62, 5.80436420440673828125e+00) (63, -2.35455706715583801270e-01) (64, 3.97687256336212158203e-01) (65, 1.20501138269901275635e-01) (66, 8.27145004272460937500e+00) (67, -1.18081057071685791016e+00) (68, -7.62590719386935234070e-03) (69, 5.38076281547546386719e-01) (70, -1.67792037129402160645e-01) (71, -1.95214465260505676270e-01) (72, 3.52350063621997833252e-02) (73, 5.53577613830566406250e+00) (74, 1.11269712448120117188e+00) (75, -1.41116094589233398438e+00) (76, 4.39414930343627929688e+00) (77, 2.34213501214981079102e-01) (78, -3.96551704406738281250e+00) (79, 1.53948569297790527344e+00) (80, -5.44961786270141601562e+00) (81, 2.81977462768554687500e+00) (82, 3.20991110801696777344e+00) (83, -3.92078328132629394531e+00) (84, -1.04024612903594970703e+00) (85, 3.72313070297241210938e+00) (86, -2.94626951217651367188e-01) (87, 1.80558264255523681641e+00) (88, 6.75489664077758789062e+00) (89, -4.59501600265502929688e+00) (90, 5.46829342842102050781e-01) (91, -1.21925866603851318359e+00) (92, -3.16814184188842773438e+00) (93, -1.29146194458007812500e+00) (94, 2.43467569351196289062e-01) (95, 2.78846788406372070312e+00) (96, 7.58242607116699218750e+00) (97, -4.18054342269897460938e+00) (98, 4.46946740150451660156e-01) (99, 2.16913729906082153320e-01) (100, 1.03104017674922943115e-01) (101, -4.95658874511718750000e+00) (102, -1.56898355484008789062e+00) (103, 3.59831237792968750000e+00) (104, -1.01161849498748779297e+00) (0, -1.50000000000000000000e+03) (1, -1.50000000000000000000e+03) (2, -1.50000000000000000000e+03) (3, -1.50000000000000000000e+03) (4, -1.50000000000000000000e+03) (5, -1.50000000000000000000e+03) (6, -1.50000000000000000000e+03) (7, -1.50000000000000000000e+03) (8, -1.50000000000000000000e+03) (9, -1.50000000000000000000e+03) (10, -1.50000000000000000000e+03) (11, -1.50000000000000000000e+03) (12, -1.50000000000000000000e+03) (13, -1.50000000000000000000e+03) (14, -1.50000000000000000000e+03) (15, -1.50000000000000000000e+03) (16, -1.50000000000000000000e+03) (17, -1.50000000000000000000e+03) (18, -1.50000000000000000000e+03) (19, -1.50000000000000000000e+03) (20, -1.50000000000000000000e+03) (21, -1.50000000000000000000e+03) (22, -1.50000000000000000000e+03) (23, -1.50000000000000000000e+03) (24, 1.49649694824218750000e+03) (25, 1.49964379882812500000e+03) (26, 1.50000000000000000000e+03) (27, 1.50000000000000000000e+03) (28, 1.50000000000000000000e+03) (29, 1.50000000000000000000e+03) (30, 1.50000000000000000000e+03) (31, 1.50000000000000000000e+03) (32, 1.50000000000000000000e+03) (33, 1.50000000000000000000e+03) (34, 1.50000000000000000000e+03) (35, 1.50000000000000000000e+03) (36, 1.50000000000000000000e+03) (37, 1.50000000000000000000e+03) (38, 1.50000000000000000000e+03) (39, 1.50000000000000000000e+03) (40, 1.50000000000000000000e+03) (41, 1.50000000000000000000e+03) (42, 1.50000000000000000000e+03) (43, 1.50000000000000000000e+03) (44, 1.50000000000000000000e+03) (45, 1.50000000000000000000e+03) (46, 1.60276718139648437500e+02) (47, 1.50000000000000000000e+03) (48, 1.50000000000000000000e+03) (49, 1.50000000000000000000e+03) (50, 1.50000000000000000000e+03) (51, 1.50000000000000000000e+03) (52, 1.50000000000000000000e+03) (53, 1.49866833496093750000e+03) (54, 6.32910585403442382812e+00) (55, 1.50000000000000000000e+03) (56, 1.50000000000000000000e+03) (57, 1.50000000000000000000e+03) (58, 1.50000000000000000000e+03) (59, 1.50000000000000000000e+03) (60, 1.50000000000000000000e+03) (61, 1.50000000000000000000e+03) (62, 1.50000000000000000000e+03) (63, 1.50000000000000000000e+03) (64, 1.50000000000000000000e+03) (65, 1.50000000000000000000e+03) (66, 1.50000000000000000000e+03) (67, 1.50000000000000000000e+03) (68, 1.50000000000000000000e+03) (69, 1.50000000000000000000e+03) (70, 2.89375209808349609375e+00) (71, 3.51555061340332031250e+00) (72, 1.50000000000000000000e+03) (73, 1.50000000000000000000e+03) (74, 1.50000000000000000000e+03) (75, 1.50000000000000000000e+03) (76, 4.02580547332763671875e+00) (77, 1.50000000000000000000e+03) (78, 4.87044429779052734375e+00) (79, 1.41775360107421875000e+01) (80, 1.50000000000000000000e+03) (81, 1.50000000000000000000e+03) (82, 1.50000000000000000000e+03) (83, 1.50000000000000000000e+03) (84, 1.50000000000000000000e+03) (85, 1.50000000000000000000e+03) (86, 1.50000000000000000000e+03) (87, 1.78178405761718750000e+01) (88, 1.50000000000000000000e+03) (89, 1.50000000000000000000e+03) (90, 1.50000000000000000000e+03) (91, 1.50000000000000000000e+03) (92, 1.50000000000000000000e+03) (93, 1.50000000000000000000e+03) (94, 1.50000000000000000000e+03) (95, 1.50000000000000000000e+03) (96, 3.07703304290771484375e+00) (97, 1.50000000000000000000e+03) (98, 1.50000000000000000000e+03) (99, 1.50000000000000000000e+03) (100, 1.50000000000000000000e+03) (101, 1.50000000000000000000e+03) (102, -1.50000000000000000000e+03) (103, 1.50000000000000000000e+03) (104, -1.51429927349090576172e+00) (0, 1.59936118125915527344e+00) (1, 4.51846867799758911133e-01) (2, -1.02508270740509033203e+00) (3, -1.52706038951873779297e+00) (4, -8.25636804103851318359e-01) (5, -2.51218318939208984375e+00) (6, -7.29181885719299316406e-01) (7, -1.12343895435333251953e+00) (8, 3.33293271064758300781e+00) (9, -5.92568576335906982422e-01) (10, 9.69932734966278076172e-01) (11, -2.48376503586769104004e-01) (12, -8.40702652931213378906e-01) (13, -4.35028505325317382812e+00) (14, 1.10810923576354980469e+00) (15, -6.45175874233245849609e-01) (16, -8.45514416694641113281e-01) (17, -8.01385045051574707031e-01) (18, -2.48509287834167480469e+00) (19, 2.41722941398620605469e+00) (20, 2.46164298057556152344e+00) (21, -4.29761946201324462891e-01) (22, -4.43322658538818359375e-01) (23, 1.42020153999328613281e+00) (24, 1.65380191802978515625e+00) (25, -1.21958351135253906250e+00) (26, 2.75566816329956054688e+00) (27, 2.09128284454345703125e+00) (28, 2.72842669486999511719e+00) (29, 2.18786835670471191406e+00) (30, -7.93302893638610839844e-01) (31, 2.58325099945068359375e+00) (32, -6.56342804431915283203e-01) (33, -2.11371421813964843750e+00) (34, -4.39410305023193359375e+00) (35, -5.32011330127716064453e-01) (36, -5.95602214336395263672e-01) (37, 2.18766212463378906250e+00) (38, 2.25058579444885253906e+00) (39, 2.42966818809509277344e+00) (40, 1.99001801013946533203e+00) (41, 8.84322881698608398438e-01) (42, -1.14502441883087158203e+00) (43, -5.32583355903625488281e-01) (44, -6.76950633525848388672e-01) (45, -8.20591866970062255859e-01) (46, -5.52608919143676757812e+00) (47, 5.12965977191925048828e-01) (48, -6.74915015697479248047e-01) (49, 7.86042737960815429688e+00) (50, 6.13755559921264648438e+00) (51, -5.99396228790283203125e-01) (52, -7.38346874713897705078e-01) (53, -5.49274206161499023438e-01) (54, -8.56013536453247070312e-01) (55, 7.20591497421264648438e+00) (56, -8.38287711143493652344e-01) (57, 8.23703670501708984375e+00) (58, -2.77567553520202636719e+00) (59, 4.22790241241455078125e+00) (60, -5.95079243183135986328e-01) (61, -2.00454473495483398438e+00) (62, -9.26839411258697509766e-01) (63, -5.77520608901977539062e-01) (64, 1.81932032108306884766e+00) (65, -7.94156670570373535156e-01) (66, -5.61249032616615295410e-02) (67, 1.25468528270721435547e+00) (68, 4.85099077224731445312e+00) (69, -3.61861610412597656250e+00) (70, -1.24132883548736572266e+00) (71, -8.53534340858459472656e-01) (72, -1.10173511505126953125e+00) (73, -7.87376046180725097656e-01) (74, -1.45652937889099121094e+00) (75, -3.91381478309631347656e+00) (76, 1.31789839267730712891e+00) (77, -9.93566632270812988281e-01) (78, -1.66643452644348144531e+00) (79, -1.05553007125854492188e+01) (80, 7.27263271808624267578e-01) (81, 1.57951200008392333984e+00) (82, 1.80979597568511962891e+00) (83, -3.45604205131530761719e+00) (84, -1.58989179134368896484e+00) (85, 7.76479530334472656250e+00) (86, -8.45337748527526855469e-01) (87, -8.23211014270782470703e-01) (88, -2.29828858375549316406e+00) (89, 1.12070953845977783203e+00) (90, 2.05938982963562011719e+00) (91, 4.43532526493072509766e-01) (92, -4.93248164653778076172e-01) (93, -2.00747871398925781250e+00) (94, -9.13919389247894287109e-01) (95, -1.13061928749084472656e+00) (96, -9.52331066131591796875e-01) (97, -1.09032332897186279297e+00) (98, -7.21382141113281250000e+00) (99, 3.76858264207839965820e-01) (100, -7.46765851974487304688e-01) (101, -3.60601139068603515625e+00) (102, 1.76442050933837890625e+00) (103, 2.52699613571166992188e-01) (104, 2.87195658683776855469e+00) (0, -1.12386693954467773438e+01) (1, 2.43103444576263427734e-01) (2, -1.42889365553855895996e-01) (3, 6.83481752872467041016e-01) (4, -1.32067099213600158691e-01) (5, -7.70101261138916015625e+00) (6, 5.48080980777740478516e-01) (7, -9.42187190055847167969e-01) (8, 3.13164854049682617188e+00) (9, -2.68432664871215820312e+00) (10, 2.37813591957092285156e+00) (11, 6.03760480880737304688e-01) (12, 2.58345556259155273438e+00) (13, 4.92256450653076171875e+00) (14, 1.43905162811279296875e+00) (15, -1.63080620765686035156e+00) (16, -8.12245905399322509766e-01) (17, 5.84562540054321289062e+00) (18, -5.97658824920654296875e+00) (19, 2.98820018768310546875e+00) (20, 1.18908405303955078125e+01) (21, 9.89213585853576660156e-02) (22, -1.97812449932098388672e+00) (23, 3.05762553215026855469e+00) (24, -4.98186969757080078125e+00) (25, 2.40252232551574707031e+00) (26, 5.24933385848999023438e+00) (27, 1.61397242546081542969e+00) (28, -1.34494984149932861328e+00) (29, 4.38741779327392578125e+00) (30, -2.10969352722167968750e+00) (31, 3.18628239631652832031e+00) (32, -5.04046201705932617188e+00) (33, -1.28046661615371704102e-01) (34, -2.99839138984680175781e+00) (35, 5.53258514404296875000e+00) (36, -3.49822103977203369141e-01) (37, -2.74084973335266113281e+00) (38, -6.92698180675506591797e-01) (39, 2.25859498977661132812e+00) (40, -1.17987585067749023438e+00) (41, -2.17022523283958435059e-01) (42, 3.90447211265563964844e+00) (43, -7.64673376083374023438e+00) (44, -1.03617465496063232422e+00) (45, -3.00851792097091674805e-01) (46, 2.38695621490478515625e+00) (47, -3.27282333374023437500e+00) (48, 6.39758646488189697266e-01) (49, 1.52016997337341308594e+00) (50, -2.16961717605590820312e+00) (51, -1.75251245498657226562e+00) (52, 4.77788543701171875000e+00) (53, 5.33388435840606689453e-01) (54, 2.61191749572753906250e+00) (55, 2.79066944122314453125e+00) (56, 1.05772924423217773438e+00) (57, -1.60189270973205566406e+00) (58, -3.04272460937500000000e+00) (59, 2.39335179328918457031e+00) (60, 1.68688273429870605469e+00) (61, 5.28980374336242675781e-01) (62, 2.88499951362609863281e-01) (63, -2.99268603324890136719e-01) (64, 1.88602477312088012695e-01) (65, -2.24886104464530944824e-01) (66, -6.61875486373901367188e-01) (67, 3.37059903144836425781e+00) (68, 1.42059057950973510742e-01) (69, -6.26144766807556152344e-01) (70, 1.02363634109497070312e+00) (71, 4.16313219070434570312e+00) (72, -4.19058114290237426758e-01) (73, -2.85473227500915527344e+00) (74, 1.68250358104705810547e+00) (75, 1.30474066734313964844e+00) (76, -4.17569971084594726562e+00) (77, -2.58128345012664794922e-01) (78, 1.26974272727966308594e+00) (79, 9.49226856231689453125e-01) (80, 1.85431286692619323730e-01) (81, 1.70265233516693115234e+00) (82, 4.68871474266052246094e-01) (83, 4.80890417098999023438e+00) (84, -1.69977152347564697266e+00) (85, -2.43542551994323730469e+00) (86, -4.42716240882873535156e-01) (87, -3.14504891633987426758e-01) (88, 4.80096149444580078125e+00) (89, -3.20890694856643676758e-01) (90, 2.87209097295999526978e-02) (91, 1.57307600975036621094e+00) (92, 1.71053677797317504883e-01) (93, -2.77327060699462890625e-01) (94, -6.60416185855865478516e-01) (95, -2.19697332382202148438e+00) (96, 6.87652677297592163086e-02) (97, -1.20067965984344482422e+00) (98, 1.87448430061340332031e+00) (99, -2.26046517491340637207e-01) (100, -1.64657995104789733887e-01) (101, -1.86022925376892089844e+00) (102, -3.38510513305664062500e+00) (103, 7.06838560104370117188e+00) (104, -7.84521281719207763672e-01) (105, -2.40327215194702148438e+00) (106, 3.32238936424255371094e+00) (107, 2.97717499732971191406e+00) (108, -1.37263369560241699219e+00) (109, 3.83720612525939941406e+00) (110, -1.52064883708953857422e+00) (111, 3.38631272315979003906e+00) (112, 3.33605122566223144531e+00) (113, 3.32453608512878417969e+00) (114, -1.41415083408355712891e+00) (115, -1.42861568927764892578e+00) (116, -1.45743763446807861328e+00) (117, -1.77719032764434814453e+00) (118, -2.73664927482604980469e+00) (119, -1.38443160057067871094e+00) (120, -1.21796989440917968750e+00) (121, 3.17445778846740722656e+00) (122, 3.40486216545104980469e+00) (123, -5.97049331665039062500e+00) (124, 3.33719062805175781250e+00) (125, -1.00129306316375732422e+00) (126, 3.92349839210510253906e+00) (127, -1.44737756252288818359e+00) (128, -3.11617994308471679688e+00) (129, 3.43093800544738769531e+00) (130, 2.75815844535827636719e+00) 
