FANN_FLO_2.1
num_layers=3
learning_rate=0.700000
connection_rate=1.000000
network_type=0
learning_momentum=0.000000
training_algorithm=2
train_error_function=1
train_stop_function=0
cascade_output_change_fraction=0.010000
quickprop_decay=-0.000100
quickprop_mu=1.750000
rprop_increase_factor=1.200000
rprop_decrease_factor=0.500000
rprop_delta_min=0.000000
rprop_delta_max=50.000000
rprop_delta_zero=0.100000
cascade_output_stagnation_epochs=12
cascade_candidate_change_fraction=0.010000
cascade_candidate_stagnation_epochs=12
cascade_max_out_epochs=150
cascade_max_cand_epochs=150
cascade_num_candidate_groups=2
bit_fail_limit=3.49999994039535522461e-01
cascade_candidate_limit=1.00000000000000000000e+03
cascade_weight_multiplier=4.00000005960464477539e-01
cascade_activation_functions_count=10
cascade_activation_functions=3 5 7 8 10 11 14 15 16 17 
cascade_activation_steepnesses_count=4
cascade_activation_steepnesses=2.50000000000000000000e-01 5.00000000000000000000e-01 7.50000000000000000000e-01 1.00000000000000000000e+00 
layer_sizes=105 26 2 
scale_included=0
neurons (num_inputs, activation_function, activation_steepness)=(0, 0, 0.00000000000000000000e+00) (0, 0, 0.00000000000000000000e+00) (0, 0, 0.00000000000000000000e+00) (0, 0, 0.00000000000000000000e+00) (0, 0, 0.00000000000000000000e+00) (0, 0, 0.00000000000000000000e+00) (0, 0, 0.00000000000000000000e+00) (0, 0, 0.00000000000000000000e+00) (0, 0, 0.00000000000000000000e+00) (0, 0, 0.00000000000000000000e+00) (0, 0, 0.00000000000000000000e+00) (0, 0, 0.00000000000000000000e+00) (0, 0, 0.00000000000000000000e+00) (0, 0, 0.00000000000000000000e+00) (0, 0, 0.00000000000000000000e+00) (0, 0, 0.00000000000000000000e+00) (0, 0, 0.00000000000000000000e+00) (0, 0, 0.00000000000000000000e+00) (0, 0, 0.00000000000000000000e+00) (0, 0, 0.00000000000000000000e+00) (0, 0, 0.00000000000000000000e+00) (0, 0, 0.00000000000000000000e+00) (0, 0, 0.00000000000000000000e+00) (0, 0, 0.00000000000000000000e+00) (0, 0, 0.00000000000000000000e+00) (0, 0, 0.00000000000000000000e+00) (0, 0, 0.00000000000000000000e+00) (0, 0, 0.00000000000000000000e+00) (0, 0, 0.00000000000000000000e+00) (0, 0, 0.00000000000000000000e+00) (0, 0, 0.00000000000000000000e+00) (0, 0, 0.00000000000000000000e+00) (0, 0, 0.00000000000000000000e+00) (0, 0, 0.00000000000000000000e+00) (0, 0, 0.00000000000000000000e+00) (0, 0, 0.00000000000000000000e+00) (0, 0, 0.00000000000000000000e+00) (0, 0, 0.00000000000000000000e+00) (0, 0, 0.00000000000000000000e+00) (0, 0, 0.00000000000000000000e+00) (0, 0, 0.00000000000000000000e+00) (0, 0, 0.00000000000000000000e+00) (0, 0, 0.00000000000000000000e+00) (0, 0, 0.00000000000000000000e+00) (0, 0, 0.00000000000000000000e+00) (0, 0, 0.00000000000000000000e+00) (0, 0, 0.00000000000000000000e+00) (0, 0, 0.00000000000000000000e+00) (0, 0, 0.00000000000000000000e+00) (0, 0, 0.00000000000000000000e+00) (0, 0, 0.00000000000000000000e+00) (0, 0, 0.00000000000000000000e+00) (0, 0, 0.00000000000000000000e+00) (0, 0, 0.00000000000000000000e+00) (0, 0, 0.00000000000000000000e+00) (0, 0, 0.00000000000000000000e+00) (0, 0, 0.00000000000000000000e+00) (0, 0, 0.00000000000000000000e+00) (0, 0, 0.00000000000000000000e+00) (0, 0, 0.00000000000000000000e+00) (0, 0, 0.00000000000000000000e+00) (0, 0, 0.00000000000000000000e+00) (0, 0, 0.00000000000000000000e+00) (0, 0, 0.00000000000000000000e+00) (0, 0, 0.00000000000000000000e+00) (0, 0, 0.00000000000000000000e+00) (0, 0, 0.00000000000000000000e+00) (0, 0, 0.00000000000000000000e+00) (0, 0, 0.00000000000000000000e+00) (0, 0, 0.00000000000000000000e+00) (0, 0, 0.00000000000000000000e+00) (0, 0, 0.00000000000000000000e+00) (0, 0, 0.00000000000000000000e+00) (0, 0, 0.00000000000000000000e+00) (0, 0, 0.00000000000000000000e+00) (0, 0, 0.00000000000000000000e+00) (0, 0, 0.00000000000000000000e+00) (0, 0, 0.00000000000000000000e+00) (0, 0, 0.00000000000000000000e+00) (0, 0, 0.00000000000000000000e+00) (0, 0, 0.00000000000000000000e+00) (0, 0, 0.00000000000000000000e+00) (0, 0, 0.00000000000000000000e+00) (0, 0, 0.00000000000000000000e+00) (0, 0, 0.00000000000000000000e+00) (0, 0, 0.00000000000000000000e+00) (0, 0, 0.00000000000000000000e+00) (0, 0, 0.00000000000000000000e+00) (0, 0, 0.00000000000000000000e+00) (0, 0, 0.00000000000000000000e+00) (0, 0, 0.00000000000000000000e+00) (0, 0, 0.00000000000000000000e+00) (0, 0, 0.00000000000000000000e+00) (0, 0, 0.00000000000000000000e+00) (0, 0, 0.00000000000000000000e+00) (0, 0, 0.00000000000000000000e+00) (0, 0, 0.00000000000000000000e+00) (0, 0, 0.00000000000000000000e+00) (0, 0, 0.00000000000000000000e+00) (0, 0, 0.00000000000000000000e+00) (0, 0, 0.00000000000000000000e+00) (0, 0, 0.00000000000000000000e+00) (0, 0, 0.00000000000000000000e+00) (0, 0, 0.00000000000000000000e+00) (0, 0, 0.00000000000000000000e+00) (105, 5, 5.00000000000000000000e-01) (105, 5, 5.00000000000000000000e-01) (105, 5, 5.00000000000000000000e-01) (105, 5, 5.00000000000000000000e-01) (105, 5, 5.00000000000000000000e-01) (105, 5, 5.00000000000000000000e-01) (105, 5, 5.00000000000000000000e-01) (105, 5, 5.00000000000000000000e-01) (105, 5, 5.00000000000000000000e-01) (105, 5, 5.00000000000000000000e-01) (105, 5, 5.00000000000000000000e-01) (105, 5, 5.00000000000000000000e-01) (105, 5, 5.00000000000000000000e-01) (105, 5, 5.00000000000000000000e-01) (105, 5, 5.00000000000000000000e-01) (105, 5, 5.00000000000000000000e-01) (105, 5, 5.00000000000000000000e-01) (105, 5, 5.00000000000000000000e-01) (105, 5, 5.00000000000000000000e-01) (105, 5, 5.00000000000000000000e-01) (105, 5, 5.00000000000000000000e-01) (105, 5, 5.00000000000000000000e-01) (105, 5, 5.00000000000000000000e-01) (105, 5, 5.00000000000000000000e-01) (105, 5, 5.00000000000000000000e-01) (0, 5, 0.00000000000000000000e+00) (26, 5, 5.00000000000000000000e-01) (0, 5, 0.00000000000000000000e+00) 
connections (connected_to_neuron, weight)=(0, -4.95219898223876953125e+00) (1, 6.76867866516113281250e+00) (2, -2.21569359302520751953e-01) (3, 1.49120187759399414062e+01) (4, -3.91852885484695434570e-01) (5, 4.26903915405273437500e+00) (6, 1.09245510101318359375e+01) (7, 1.24491262435913085938e+00) (8, -8.37373256683349609375e-01) (9, -6.09788656234741210938e-01) (10, -1.39122791290283203125e+01) (11, 2.49131894111633300781e+00) (12, 4.75060135126113891602e-01) (13, -1.54295766353607177734e+00) (14, 2.87069439888000488281e-01) (15, -1.73166677355766296387e-01) (16, 1.79243966937065124512e-01) (17, -6.26489400863647460938e-01) (18, 3.34559226036071777344e+00) (19, -2.65322118997573852539e-01) (20, 1.29808530807495117188e+01) (21, 1.38815820217132568359e-01) (22, 2.46372437477111816406e+00) (23, -3.14441800117492675781e+00) (24, 3.48597955703735351562e+00) (25, 9.66914176940917968750e-01) (26, 1.06631863117218017578e+00) (27, -6.19790554046630859375e-02) (28, -9.95883464813232421875e-01) (29, 7.58308351039886474609e-01) (30, 3.81985485553741455078e-01) (31, 2.54213738441467285156e+00) (32, -2.66128139495849609375e+01) (33, -3.73566955327987670898e-01) (34, -6.08170652389526367188e+00) (35, 9.36599850654602050781e-01) (36, 4.45436000823974609375e-01) (37, 1.78785338997840881348e-01) (38, 2.78606235980987548828e-01) (39, -1.83288995176553726196e-02) (40, 2.15319693088531494141e-01) (41, 2.80038857460021972656e+00) (42, -1.81708000600337982178e-02) (43, 8.59234631061553955078e-01) (44, -1.54669904708862304688e+00) (45, 2.94721746444702148438e+00) (46, -4.79739141464233398438e+00) (47, -7.58277702331542968750e+00) (48, 1.05063951015472412109e+00) (49, 3.29561769962310791016e-01) (50, -4.45201814174652099609e-01) (51, -8.53397622704505920410e-02) (52, 1.59295880794525146484e+00) (53, -5.03079235553741455078e-01) (54, -5.24812459945678710938e-01) (55, -2.30760574340820312500e+00) (56, 3.34221482276916503906e-01) (57, 2.58542799949645996094e+00) (58, 1.40498268604278564453e+00) (59, 4.62987571954727172852e-01) (60, 9.03969824314117431641e-01) (61, 4.83572721481323242188e+00) (62, 3.74070405960083007812e-01) (63, 1.16261482238769531250e+00) (64, -3.93426358699798583984e-01) (65, 9.98516380786895751953e-01) (66, 1.21257531642913818359e+00) (67, -5.60460329055786132812e+00) (68, 1.16417884826660156250e+00) (69, 9.83744785189628601074e-02) (70, -1.11030876636505126953e-01) (71, 5.75343370437622070312e-02) (72, -1.12477266788482666016e+00) (73, 4.66800481081008911133e-02) (74, 7.00286090373992919922e-01) (75, 8.61249387264251708984e-01) (76, 1.64164698123931884766e+00) (77, 1.02273714542388916016e+00) (78, 1.06291890144348144531e+00) (79, 8.78232598304748535156e-01) (80, 1.87861609458923339844e+00) (81, 2.10368108749389648438e+00) (82, 2.54782170057296752930e-01) (83, 1.38297128677368164062e+00) (84, -1.76071918010711669922e+00) (85, 8.59902977943420410156e-01) (86, 3.78263831138610839844e+00) (87, -1.01004634052515029907e-02) (88, 2.05562543869018554688e+00) (89, 8.71458947658538818359e-01) (90, 2.38758420944213867188e+00) (91, 2.16990876197814941406e+00) (92, 5.14957368373870849609e-01) (93, 2.01557040214538574219e+00) (94, 1.03335845470428466797e+00) (95, 1.55820935964584350586e-01) (96, 3.76570940017700195312e-01) (97, 7.37163610756397247314e-03) (98, 2.19702154397964477539e-01) (99, 1.76746785640716552734e-01) (100, 1.48098909854888916016e+00) (101, 6.55853211879730224609e-01) (102, 8.28802719116210937500e+01) (103, 8.11064071655273437500e+01) (104, 1.57850015163421630859e+00) (0, 1.07963085174560546875e+01) (1, -5.96151471138000488281e-01) (2, 6.17181062698364257812e-01) (3, 4.03002500534057617188e+00) (4, 3.52382719516754150391e-01) (5, -3.10312360525131225586e-01) (6, 1.37124335765838623047e+00) (7, 7.18302667140960693359e-01) (8, -1.89038829803466796875e+01) (9, 8.10922026634216308594e-01) (10, 1.26797389984130859375e+00) (11, 7.98589587211608886719e-01) (12, 2.43919968605041503906e+00) (13, -1.95121288299560546875e+01) (14, 1.82355747222900390625e+01) (15, 1.18543267250061035156e+00) (16, 1.75359106063842773438e+00) (17, 2.78897333145141601562e+00) (18, 1.61694276332855224609e+00) (19, 1.53572571277618408203e+00) (20, 3.41351593017578125000e+02) (21, 1.56756091117858886719e+00) (22, 2.69133453369140625000e+01) (23, 1.74523174762725830078e+00) (24, -8.48656158447265625000e+01) (25, 6.99108839035034179688e-01) (26, 1.14664804935455322266e+00) (27, 4.01905328035354614258e-01) (28, 4.75290346145629882812e+00) (29, 5.35954475402832031250e-01) (30, 2.46896606445312500000e+02) (31, 2.80513076782226562500e+01) (32, 3.03690586090087890625e+01) (33, 1.96684312820434570312e+00) (34, 8.28888427734375000000e+02) (35, 1.18546292185783386230e-01) (36, 4.68408316373825073242e-01) (37, 1.72782647609710693359e+00) (38, 1.28003907203674316406e+00) (39, 1.20560812950134277344e+00) (40, 6.38414680957794189453e-01) (41, -1.70331466197967529297e+00) (42, 2.02359890937805175781e+00) (43, 7.84022665023803710938e+00) (44, 3.46310114860534667969e+00) (45, 1.28749358654022216797e+00) (46, 6.20182533264160156250e+01) (47, 5.18797540664672851562e+00) (48, 7.14167237281799316406e-01) (49, 1.78795778751373291016e+00) (50, 4.00628013610839843750e+01) (51, 2.03156089782714843750e+00) (52, 4.48063984513282775879e-02) (53, 9.63987767696380615234e-01) (54, 3.39676070213317871094e+00) (55, -1.60884540528059005737e-02) (56, 4.30611640214920043945e-01) (57, -4.50154457092285156250e+01) (58, 1.15639388561248779297e+00) (59, 1.15060977935791015625e+01) (60, 4.02040123939514160156e-01) (61, 1.88241714477539062500e+02) (62, 2.10117673873901367188e+00) (63, 1.91149279475212097168e-01) (64, 1.66931962966918945312e+00) (65, 2.52033889293670654297e-01) (66, 2.24680924415588378906e+00) (67, 3.97050537109375000000e+02) (68, -6.01846252441406250000e+02) (69, 1.33316159248352050781e+00) (70, 7.44858324527740478516e-01) (71, 1.04797160625457763672e+00) (72, -7.90476620197296142578e-01) (73, 2.79074497222900390625e+01) (74, 9.18445169925689697266e-01) (75, 1.27328920364379882812e+00) (76, 1.50994503498077392578e+00) (77, 2.43151232600212097168e-01) (78, 7.82611236572265625000e+01) (79, 2.96782302856445312500e+00) (80, 1.17927110195159912109e+00) (81, -2.13056397438049316406e+00) (82, 1.44911360740661621094e+00) (83, 1.42355227470397949219e+00) (84, 4.33234558105468750000e+01) (85, 6.89107000827789306641e-01) (86, 4.47181940078735351562e-01) (87, 2.28153443336486816406e+00) (88, -1.50507557392120361328e+00) (89, 5.77067911624908447266e-01) (90, 8.92142802476882934570e-02) (91, -2.92088270187377929688e-01) (92, 2.23981165885925292969e+00) (93, 4.39930647611618041992e-01) (94, 6.85330867767333984375e-01) (95, 2.29437255859375000000e+00) (96, 2.21800684928894042969e+00) (97, 2.13720297813415527344e+00) (98, 2.23311543464660644531e+00) (99, 1.99003183841705322266e+00) (100, 7.35738396644592285156e-01) (101, 1.55123257637023925781e+00) (102, -3.66417327880859375000e+02) (103, 5.00437103271484375000e+02) (104, 7.45499968528747558594e-01) (0, 1.57383235637098550797e-03) (1, 9.08900201320648193359e-02) (2, -4.88022804260253906250e-01) (3, 5.83861291408538818359e-01) (4, -2.28254050016403198242e-02) (5, -1.20819665491580963135e-01) (6, -2.04750061035156250000e-01) (7, 1.11662618815898895264e-01) (8, 8.35894584655761718750e-01) (9, 7.17008650302886962891e-01) (10, -1.94603193085640668869e-03) (11, -3.71763929724693298340e-02) (12, 5.83052992820739746094e-01) (13, -7.53649115562438964844e-01) (14, 4.65755343437194824219e-01) (15, -3.12580078840255737305e-01) (16, -2.50134617090225219727e-01) (17, 1.49392545223236083984e-01) (18, 7.81914964318275451660e-02) (19, -2.32456594705581665039e-01) (20, 3.49932730197906494141e-01) (21, 5.47026023268699645996e-02) (22, -8.09489935636520385742e-02) (23, 5.15943706035614013672e-01) (24, -1.11954367160797119141e+00) (25, 3.36700886487960815430e-01) (26, 7.30504421517252922058e-03) (27, -2.76098430156707763672e-01) (28, -6.93905830383300781250e-01) (29, -2.78858035802841186523e-01) (30, 1.09654672443866729736e-01) (31, -5.83854764699935913086e-02) (32, 8.75445067882537841797e-01) (33, -4.09916639328002929688e-02) (34, -1.05880588293075561523e-01) (35, -6.10945284366607666016e-01) (36, -4.05414760112762451172e-01) (37, 6.32260441780090332031e-01) (38, -4.77029025554656982422e-01) (39, -1.36086225509643554688e-01) (40, 3.02603170275688171387e-02) (41, 3.26351732015609741211e-01) (42, 1.43687874078750610352e-01) (43, 8.05515497922897338867e-02) (44, 6.60960972309112548828e-01) (45, -3.41557443141937255859e-01) (46, 5.05052268505096435547e-01) (47, -1.88685297966003417969e-01) (48, -7.52785384654998779297e-01) (49, -5.49290180206298828125e-01) (50, 2.15541869401931762695e-01) (51, 5.14548897743225097656e-01) (52, -3.57375681400299072266e-01) (53, -1.13508189097046852112e-02) (54, 7.20208942890167236328e-01) (55, 4.58949953317642211914e-01) (56, -1.13267414271831512451e-02) (57, 3.94871324300765991211e-01) (58, 1.07386238873004913330e-01) (59, -3.44383239746093750000e-01) (60, -8.21084201335906982422e-01) (61, 7.30735898017883300781e-01) (62, 5.46982824802398681641e-01) (63, -6.55914545059204101562e-01) (64, 1.53169790282845497131e-02) (65, -8.07506665587425231934e-02) (66, -3.41399610042572021484e-01) (67, -3.03855955600738525391e-01) (68, 2.20396816730499267578e-01) (69, -2.28452637791633605957e-01) (70, -1.53671121224761009216e-02) (71, 3.66096735000610351562e-01) (72, 4.59246188402175903320e-02) (73, -7.44313001632690429688e-02) (74, -1.09670169651508331299e-01) (75, 6.41727566719055175781e-01) (76, 2.93098300695419311523e-01) (77, -1.41242612153291702271e-02) (78, 4.43717688322067260742e-01) (79, -2.49779745936393737793e-01) (80, 6.67835533618927001953e-01) (81, -7.94742107391357421875e-01) (82, -5.15228033065795898438e-01) (83, -4.38233762979507446289e-02) (84, 7.27090954780578613281e-01) (85, 8.91211256384849548340e-03) (86, -2.82634776085615158081e-02) (87, 1.25159084796905517578e-01) (88, -9.95382487773895263672e-01) (89, -2.51287996768951416016e-01) (90, -8.33643853664398193359e-01) (91, -7.02205121517181396484e-01) (92, 9.68225419521331787109e-01) (93, -4.23880144953727722168e-02) (94, -5.59074059128761291504e-02) (95, 5.07671117782592773438e-01) (96, 1.16520643234252929688e+00) (97, -5.77532686293125152588e-03) (98, -5.15742480754852294922e-01) (99, 1.04501843452453613281e+00) (100, -1.51154741644859313965e-01) (101, 7.41748273372650146484e-01) (102, 1.62077140808105468750e+00) (103, 3.85846287012100219727e-01) (104, 1.79982697963714599609e+00) (0, 1.50000000000000000000e+03) (1, -1.50000000000000000000e+03) (2, 8.16849887371063232422e-01) (3, 9.91082847118377685547e-01) (4, 1.10779440402984619141e+00) (5, -1.50000000000000000000e+03) (6, 1.10887157917022705078e+00) (7, -1.50000000000000000000e+03) (8, -1.50000000000000000000e+03) (9, 1.96701312065124511719e+00) (10, 2.17815518379211425781e+00) (11, 2.07368659973144531250e+00) (12, 2.18426494598388671875e+01) (13, 1.41121875000000000000e+03) (14, 7.17989562988281250000e+02) (15, 1.82706892490386962891e+00) (16, 1.50000000000000000000e+03) (17, 6.00997829437255859375e+00) (18, 2.29988503456115722656e+00) (19, 2.26469826698303222656e+00) (20, 1.50000000000000000000e+03) (21, 8.40010070800781250000e+02) (22, 1.50000000000000000000e+03) (23, 1.50000000000000000000e+03) (24, -1.50000000000000000000e+03) (25, 8.83005714416503906250e+00) (26, 1.15782922363281250000e+03) (27, 9.58249509334564208984e-01) (28, 1.50000000000000000000e+03) (29, 1.08534359931945800781e+00) (30, 1.50000000000000000000e+03) (31, 1.19455505371093750000e+03) (32, 3.61294059753417968750e+01) (33, 1.50000000000000000000e+03) (34, 1.50000000000000000000e+03) (35, 1.31516687011718750000e+03) (36, 1.92960131168365478516e+00) (37, 1.20619885253906250000e+03) (38, 1.50000000000000000000e+03) (39, 1.53938415527343750000e+02) (40, 6.71615844726562500000e+02) (41, 1.50000000000000000000e+03) (42, 2.45532464981079101562e+00) (43, 1.50000000000000000000e+03) (44, 1.49483776855468750000e+03) (45, 1.50000000000000000000e+03) (46, 1.50000000000000000000e+03) (47, 4.89883518218994140625e+00) (48, -1.49828198242187500000e+03) (49, 5.32195251464843750000e+02) (50, 1.50000000000000000000e+03) (51, 1.49994299316406250000e+03) (52, 1.17729210853576660156e+00) (53, 2.09714317321777343750e+00) (54, 3.65631198883056640625e+00) (55, 1.84042334556579589844e+00) (56, 1.42815518379211425781e+00) (57, -1.50000000000000000000e+03) (58, 1.68316411972045898438e+00) (59, 7.35373640060424804688e+00) (60, 1.71570074558258056641e+00) (61, 1.26186206054687500000e+03) (62, 2.31420230865478515625e+00) (63, 1.10932338237762451172e+00) (64, -3.42214655876159667969e+00) (65, 1.13233900070190429688e+00) (66, -6.44058456420898437500e+01) (67, 1.06914636230468750000e+03) (68, -1.50000000000000000000e+03) (69, 2.26728749275207519531e+00) (70, 1.50776541233062744141e+00) (71, 1.76191353797912597656e+00) (72, 7.34161734580993652344e-01) (73, 3.28566169738769531250e+01) (74, 1.84029352664947509766e+00) (75, 1.71510469913482666016e+00) (76, 1.54319601058959960938e+01) (77, 1.24835145473480224609e+00) (78, 1.31539355468750000000e+03) (79, 1.64141356945037841797e+00) (80, 1.19724810123443603516e+00) (81, -1.78935557603836059570e-01) (82, 2.02377939224243164062e+00) (83, 1.74797999858856201172e+00) (84, 1.49999621582031250000e+03) (85, 1.49525117874145507812e+00) (86, 1.67377519607543945312e+00) (87, 2.27784442901611328125e+00) (88, -3.34571380615234375000e+02) (89, 1.71831774711608886719e+00) (90, 3.90659570693969726562e-01) (91, 1.53770327568054199219e-01) (92, 2.41414260864257812500e+00) (93, 7.32590317726135253906e-01) (94, 1.24577260017395019531e+00) (95, 3.83847522735595703125e+00) (96, 2.46184110641479492188e+00) (97, 3.78907942771911621094e+00) (98, 2.47731971740722656250e+00) (99, 2.71667861938476562500e+00) (100, 1.86153352260589599609e+00) (101, 2.31015062332153320312e+00) (102, 2.92581390380859375000e+02) (103, -8.37570419311523437500e+01) (104, -4.86486762762069702148e-01) (0, -2.65354722738265991211e-01) (1, 3.08365249633789062500e+00) (2, -1.24302935600280761719e+00) (3, 2.08163380622863769531e+00) (4, 1.27218294143676757812e+00) (5, -1.16539728641510009766e+00) (6, 1.28008902072906494141e+00) (7, 1.63986718654632568359e+00) (8, 2.79925465583801269531e+00) (9, 6.06491863727569580078e-01) (10, 3.76882374286651611328e-01) (11, 3.46250265836715698242e-01) (12, 2.30917751789093017578e-01) (13, -1.64553478360176086426e-01) (14, -1.67295110225677490234e+00) (15, 6.50587022304534912109e-01) (16, -2.59228229522705078125e+00) (17, -1.65379375219345092773e-01) (18, 3.33618111908435821533e-02) (19, -1.07342861592769622803e-01) (20, -2.43571710586547851562e+00) (21, 1.51844561100006103516e-01) (22, -5.52382528781890869141e-01) (23, -7.71684825420379638672e-01) (24, 2.23612713813781738281e+00) (25, 1.58706533908843994141e+00) (26, -2.89226591587066650391e-01) (27, 6.39542222023010253906e-01) (28, -9.22801256179809570312e-01) (29, -1.06093607842922210693e-01) (30, -9.04608741402626037598e-02) (31, 1.19398295879364013672e+00) (32, -1.27706823348999023438e+01) (33, 2.97502189874649047852e-01) (34, 9.52541828155517578125e-01) (35, 2.29210972785949707031e-01) (36, -1.87410950660705566406e-01) (37, 9.41566936671733856201e-03) (38, 4.96770322322845458984e-01) (39, -2.58545219898223876953e-01) (40, -1.84698030352592468262e-01) (41, 3.81802976131439208984e-01) (42, -1.38669744133949279785e-01) (43, -7.68941700458526611328e-01) (44, 1.06402075290679931641e+00) (45, 6.69810354709625244141e-01) (46, -7.10395455360412597656e-01) (47, -5.59249782562255859375e+00) (48, 9.07943844795227050781e-01) (49, 5.00129759311676025391e-01) (50, -3.78022104501724243164e-01) (51, -2.85350233316421508789e-01) (52, 1.16836357116699218750e+00) (53, -1.49551188945770263672e+00) (54, -1.15553212165832519531e+00) (55, 4.13467109203338623047e-01) (56, 9.54245507717132568359e-01) (57, 1.24247170984745025635e-01) (58, 1.36001482605934143066e-01) (59, -2.81245422363281250000e+00) (60, 9.90459918975830078125e-01) (61, 6.92035627365112304688e+00) (62, 3.59813094139099121094e-01) (63, 1.81256568431854248047e+00) (64, -1.11196541786193847656e+00) (65, 8.24523329734802246094e-01) (66, 5.04057407379150390625e+00) (67, 8.01861667633056640625e+00) (68, -8.35351407527923583984e-01) (69, -3.41680359840393066406e+00) (70, 3.31105828285217285156e+00) (71, 1.01811194419860839844e+00) (72, -1.44226026535034179688e+00) (73, -3.07082176208496093750e+00) (74, 1.31765305995941162109e+00) (75, -1.13410413265228271484e+00) (76, 9.98209476470947265625e+00) (77, 1.82640179991722106934e-01) (78, 4.14294815063476562500e+00) (79, 6.77162694931030273438e+00) (80, -1.99569964408874511719e+00) (81, 1.10954213142395019531e+00) (82, -1.96567976474761962891e+00) (83, 4.07913494110107421875e+00) (84, -4.81465244293212890625e+00) (85, 2.06107750535011291504e-01) (86, 4.26400780677795410156e-01) (87, -1.67018771171569824219e-01) (88, 4.32011932134628295898e-01) (89, -1.03607022762298583984e+00) (90, -2.32867574691772460938e+00) (91, 1.50765538215637207031e+00) (92, 5.49625813961029052734e-01) (93, 2.29254412651062011719e+00) (94, 8.26658189296722412109e-01) (95, -8.95913183689117431641e-01) (96, -1.99033573269844055176e-01) (97, -2.93078160285949707031e+00) (98, -1.09789299964904785156e+00) (99, -2.71252965927124023438e+00) (100, 3.55574178695678710938e+00) (101, 2.27471709251403808594e+00) (102, -2.35976073890924453735e-02) (103, 2.08352446556091308594e+00) (104, 1.75772237777709960938e+00) (0, 1.50000000000000000000e+03) (1, -1.50000000000000000000e+03) (2, 6.04251801967620849609e-01) (3, 1.02277004718780517578e+00) (4, 1.23398113250732421875e+00) (5, -1.50000000000000000000e+03) (6, 1.34209215641021728516e+00) (7, -1.50000000000000000000e+03) (8, -1.50000000000000000000e+03) (9, 1.94785964488983154297e+00) (10, 2.20469164848327636719e+00) (11, 1.79980731010437011719e+00) (12, 3.40658874511718750000e+01) (13, 1.41143945312500000000e+03) (14, 1.50000000000000000000e+03) (15, 1.82753562927246093750e+00) (16, 1.50000000000000000000e+03) (17, 5.71979522705078125000e+00) (18, 2.10034370422363281250e+00) (19, 2.12080025672912597656e+00) (20, 1.50000000000000000000e+03) (21, 1.20949108886718750000e+03) (22, 1.50000000000000000000e+03) (23, 1.50000000000000000000e+03) (24, -1.50000000000000000000e+03) (25, 8.81294155120849609375e+00) (26, 1.50000000000000000000e+03) (27, 1.06015789508819580078e+00) (28, 1.50000000000000000000e+03) (29, 1.33845138549804687500e+00) (30, 1.50000000000000000000e+03) (31, 1.19427416992187500000e+03) (32, 3.95076026916503906250e+01) (33, 1.50000000000000000000e+03) (34, 1.50000000000000000000e+03) (35, 1.31539978027343750000e+03) (36, 2.13602638244628906250e+00) (37, 1.20589355468750000000e+03) (38, 1.50000000000000000000e+03) (39, 1.54186920166015625000e+02) (40, 6.71519348144531250000e+02) (41, 1.50000000000000000000e+03) (42, 2.48634457588195800781e+00) (43, 1.50000000000000000000e+03) (44, 1.49484399414062500000e+03) (45, 1.50000000000000000000e+03) (46, 1.50000000000000000000e+03) (47, 4.99241828918457031250e+00) (48, -1.49828198242187500000e+03) (49, 5.32355590820312500000e+02) (50, 1.50000000000000000000e+03) (51, 1.49994299316406250000e+03) (52, 1.04836988449096679688e+00) (53, 2.01780748367309570312e+00) (54, 3.63286828994750976562e+00) (55, 1.84645831584930419922e+00) (56, 1.58516335487365722656e+00) (57, -1.50000000000000000000e+03) (58, 1.57539343833923339844e+00) (59, 6.60484647750854492188e+00) (60, 1.70835518836975097656e+00) (61, 1.49486645507812500000e+03) (62, 3.06298589706420898438e+00) (63, 1.44057583808898925781e+00) (64, 1.77064430713653564453e+00) (65, 1.10824537277221679688e+00) (66, 2.09414505004882812500e+02) (67, 1.45557067871093750000e+03) (68, -1.50000000000000000000e+03) (69, 4.02270460128784179688e+00) (70, 1.14075672626495361328e+00) (71, 1.72369825839996337891e+00) (72, 9.52514469623565673828e-01) (73, 1.24602226257324218750e+02) (74, 1.25733602046966552734e+00) (75, 1.52786040306091308594e+00) (76, 1.12141723632812500000e+02) (77, 8.49728405475616455078e-01) (78, 1.25138488769531250000e+03) (79, 1.27945423126220703125e+00) (80, 9.49691712856292724609e-01) (81, 1.13032773137092590332e-01) (82, 1.93592464923858642578e+00) (83, 1.16001057624816894531e+00) (84, 1.49999621582031250000e+03) (85, 1.42887198925018310547e+00) (86, 1.61773538589477539062e+00) (87, 2.30700635910034179688e+00) (88, -3.34573150634765625000e+02) (89, 1.69801521301269531250e+00) (90, 3.81185173988342285156e-01) (91, 3.77550482749938964844e-01) (92, 1.97840631008148193359e+00) (93, 3.18375408649444580078e-01) (94, 1.46354854106903076172e+00) (95, 2.36258530616760253906e+00) (96, 2.59651398658752441406e+00) (97, 1.77717971801757812500e+00) (98, 2.59070754051208496094e+00) (99, 2.63943386077880859375e+00) (100, 1.71219468116760253906e+00) (101, 1.63377666473388671875e+00) (102, 2.92581390380859375000e+02) (103, -8.37570419311523437500e+01) (104, 1.21854268014430999756e-01) (0, 1.49947204589843750000e+03) (1, -4.38976478576660156250e+01) (2, -1.15793578326702117920e-01) (3, 8.29719066619873046875e-01) (4, 1.89567208290100097656e-02) (5, -1.50000000000000000000e+03) (6, 2.93847233057022094727e-01) (7, -1.50000000000000000000e+03) (8, -1.50000000000000000000e+03) (9, 6.94169178605079650879e-02) (10, 9.72349047660827636719e-01) (11, 1.67710173130035400391e+00) (12, 4.04002418518066406250e+01) (13, 9.38459045410156250000e+02) (14, 4.78077575683593750000e+02) (15, 3.48166972398757934570e-01) (16, 1.50000000000000000000e+03) (17, 8.25288581848144531250e+00) (18, 1.71644079685211181641e+00) (19, 1.67654407024383544922e+00) (20, 1.50000000000000000000e+03) (21, 1.20828710937500000000e+03) (22, 1.50000000000000000000e+03) (23, 1.50000000000000000000e+03) (24, -1.05196514129638671875e+01) (25, -1.35177780151367187500e+02) (26, 1.49999511718750000000e+03) (27, 6.57241046428680419922e-01) (28, 1.50000000000000000000e+03) (29, 4.83590650558471679688e+00) (30, 1.50000000000000000000e+03) (31, 9.54378601074218750000e+02) (32, 3.50029602050781250000e+01) (33, 1.50000000000000000000e+03) (34, 1.50000000000000000000e+03) (35, 1.07374291992187500000e+03) (36, 1.06234896183013916016e+00) (37, 1.20755126953125000000e+03) (38, 1.50000000000000000000e+03) (39, 1.52398223876953125000e+02) (40, 7.52503295898437500000e+02) (41, 1.50000000000000000000e+03) (42, 1.54934430122375488281e+00) (43, 1.50000000000000000000e+03) (44, 1.25283752441406250000e+03) (45, 1.50000000000000000000e+03) (46, 1.50000000000000000000e+03) (47, 8.07397651672363281250e+00) (48, -4.42709503173828125000e+01) (49, 5.29103576660156250000e+02) (50, 1.50000000000000000000e+03) (51, 1.49987182617187500000e+03) (52, 4.24668267369270324707e-02) (53, 4.28772628307342529297e-01) (54, -1.05636455118656158447e-01) (55, 3.70847076177597045898e-01) (56, -7.14854523539543151855e-02) (57, -1.50000000000000000000e+03) (58, 3.60081672668457031250e-01) (59, 3.05531859397888183594e-01) (60, 1.90439149737358093262e-01) (61, 9.95070517063140869141e-01) (62, 3.11526000499725341797e-01) (63, -1.05316226836293935776e-03) (64, -4.38207313418388366699e-02) (65, -7.50616416335105895996e-02) (66, -1.15430511474609375000e+02) (67, -4.39046363830566406250e+01) (68, -7.77366516113281250000e+02) (69, 4.70545381307601928711e-01) (70, 4.88870888948440551758e-01) (71, 1.15538382530212402344e+00) (72, 4.18527871370315551758e-01) (73, 2.57960057258605957031e+00) (74, 9.02486681938171386719e-01) (75, 7.84611880779266357422e-01) (76, 4.28368240594863891602e-01) (77, 1.08854457736015319824e-01) (78, 1.01833307743072509766e+00) (79, 9.29445922374725341797e-01) (80, 5.03639519214630126953e-01) (81, -1.35472607612609863281e+00) (82, 2.72368848323822021484e-01) (83, 4.31396245956420898438e-01) (84, 3.50686550140380859375e+00) (85, 6.61617040634155273438e-01) (86, 5.22198200225830078125e-01) (87, 1.37220835685729980469e+00) (88, -3.35585479736328125000e+02) (89, 4.72093939781188964844e-01) (90, -2.63362884521484375000e-01) (91, 7.31298565864562988281e-01) (92, 1.63516759872436523438e+00) (93, 9.29788425564765930176e-02) (94, 1.18599221110343933105e-01) (95, 1.03498399257659912109e+00) (96, 1.36271274089813232422e+00) (97, 7.89033055305480957031e-01) (98, 1.88859891891479492188e+00) (99, 1.36935520172119140625e+00) (100, 1.22932359576225280762e-01) (101, 6.30111217498779296875e-01) (102, 2.92581390380859375000e+02) (103, -8.37570419311523437500e+01) (104, 1.13821244239807128906e+00) (0, 9.99577820301055908203e-01) (1, -1.21369397640228271484e+00) (2, 1.25410127639770507812e+00) (3, -1.40171408653259277344e+00) (4, -8.64973545074462890625e-01) (5, 7.57002711296081542969e-01) (6, -1.61699521541595458984e+00) (7, 1.05710852146148681641e+00) (8, -1.39395880699157714844e+00) (9, -8.90680789947509765625e-01) (10, -3.97080600261688232422e-01) (11, 2.61302769184112548828e-01) (12, -6.71483933925628662109e-01) (13, 1.59450399875640869141e+00) (14, 2.66198515892028808594e-01) (15, -2.77402013540267944336e-01) (16, 1.20577490329742431641e+00) (17, -1.40915587544441223145e-01) (18, 2.28930026292800903320e-01) (19, -4.40004497766494750977e-01) (20, -1.04627892374992370605e-01) (21, 3.35638523101806640625e-01) (22, -4.19047445058822631836e-01) (23, -9.63534951210021972656e-01) (24, 7.48804390430450439453e-01) (25, -3.06307803839445114136e-02) (26, -2.10975140333175659180e-01) (27, 1.29607772827148437500e+00) (28, -5.24460613727569580078e-01) (29, 1.63993215560913085938e+00) (30, 1.35281085968017578125e-01) (31, 4.89039309322834014893e-02) (32, 2.03060150146484375000e+00) (33, -9.97848689556121826172e-01) (34, -1.32577466964721679688e+00) (35, 4.60042119026184082031e-01) (36, 9.56296205520629882812e-01) (37, 2.13153570890426635742e-01) (38, -8.08324158191680908203e-01) (39, -7.64846568927168846130e-03) (40, 2.20067620277404785156e+00) (41, -6.84887349605560302734e-01) (42, 1.74946582317352294922e+00) (43, -5.30385851860046386719e-01) (44, -1.26218068599700927734e+00) (45, -7.53752946853637695312e-01) (46, -1.23570501804351806641e+00) (47, -1.87733769416809082031e-01) (48, 1.72255706787109375000e+00) (49, 9.52981829643249511719e-01) (50, -8.73305182904005050659e-03) (51, -5.30076920986175537109e-01) (52, 4.65144842863082885742e-01) (53, 1.17491340637207031250e+00) (54, -9.88699793815612792969e-01) (55, -2.29242801666259765625e+00) (56, 7.36427605152130126953e-01) (57, -9.02242437005043029785e-02) (58, 7.95663177967071533203e-01) (59, 5.09908974170684814453e-01) (60, 4.92017894983291625977e-01) (61, -8.59306871891021728516e-01) (62, 1.38470560312271118164e-01) (63, -6.99632525444030761719e-01) (64, 1.39602541923522949219e-01) (65, 4.79898422956466674805e-01) (66, 3.18117499351501464844e-01) (67, 2.48082184791564941406e+00) (68, -2.11863731965422630310e-03) (69, -2.64926016330718994141e-01) (70, 1.47887751460075378418e-01) (71, -8.78900647163391113281e-01) (72, -1.27130663394927978516e+00) (73, -2.23983216285705566406e+00) (74, 5.94277679920196533203e-01) (75, -3.91688257455825805664e-01) (76, -2.13509589433670043945e-01) (77, 9.04789507389068603516e-01) (78, 2.12763994932174682617e-01) (79, -2.77765929698944091797e-01) (80, -4.23490315675735473633e-01) (81, 2.32449150085449218750e+00) (82, 2.04598736763000488281e+00) (83, -1.14495193958282470703e+00) (84, -1.04681479930877685547e+00) (85, 2.78109550476074218750e-01) (86, 1.00140523910522460938e+00) (87, 5.63835144042968750000e-01) (88, -6.21416941285133361816e-02) (89, 5.34923613071441650391e-01) (90, 6.99273467063903808594e-01) (91, -7.48009204864501953125e-01) (92, -8.08180510997772216797e-01) (93, 5.18470108509063720703e-01) (94, -5.52588462829589843750e-01) (95, -1.40861046314239501953e+00) (96, 1.24348960816860198975e-01) (97, 3.67876619100570678711e-01) (98, -9.63327348232269287109e-01) (99, -5.97477197647094726562e-01) (100, -5.64885258674621582031e-01) (101, 3.06002885103225708008e-01) (102, -8.90101253986358642578e-01) (103, 2.98390078544616699219e+00) (104, 2.45047068595886230469e+00) (0, -2.67281875610351562500e+01) (1, -1.37327277660369873047e+00) (2, -3.62331539392471313477e-01) (3, -3.19788902997970581055e-01) (4, -6.83599531650543212891e-01) (5, -2.87460088729858398438e+00) (6, -4.78359133005142211914e-01) (7, -7.94040083885192871094e-01) (8, -4.42190704345703125000e+01) (9, 3.14743041992187500000e-01) (10, 3.06992113590240478516e-01) (11, -3.70091080665588378906e-01) (12, 9.64722752571105957031e-01) (13, 1.91449433565139770508e-01) (14, 6.44105374813079833984e-01) (15, 6.06182277202606201172e-01) (16, 6.21807098388671875000e-01) (17, 1.12119555473327636719e+00) (18, 6.04882836341857910156e-01) (19, 4.68557506799697875977e-01) (20, 4.84509199857711791992e-01) (21, 6.00779533386230468750e-01) (22, 1.41300022602081298828e+00) (23, 5.70311695337295532227e-02) (24, -1.18384017944335937500e+01) (25, -4.78465795516967773438e-01) (26, -7.86129385232925415039e-02) (27, -4.07202750444412231445e-01) (28, 5.56269884109497070312e-01) (29, -9.22209203243255615234e-01) (30, 6.21593594551086425781e-01) (31, 3.04811596870422363281e-01) (32, 3.64825874567031860352e-01) (33, 3.13504844903945922852e-01) (34, 8.96583366394042968750e+00) (35, -4.22594286501407623291e-02) (36, -4.04930680990219116211e-01) (37, 2.93511282652616500854e-02) (38, 4.11314427852630615234e-01) (39, -2.06637531518936157227e-01) (40, -6.94823265075683593750e-02) (41, 5.89110231399536132812e+00) (42, 2.58231848478317260742e-01) (43, 4.21041822433471679688e+00) (44, 2.91243314743041992188e-01) (45, 2.74670906364917755127e-02) (46, 6.64649677276611328125e+00) (47, -1.44182510375976562500e+01) (48, -6.34804487228393554688e-01) (49, -2.41617023944854736328e-01) (50, -4.04497146606445312500e+00) (51, 4.84038084745407104492e-01) (52, -1.53235840797424316406e+00) (53, 8.81046354770660400391e-02) (54, 9.37793672084808349609e-01) (55, -1.39810333251953125000e+01) (56, -1.72256715595722198486e-02) (57, -9.93371353149414062500e+01) (58, 1.40936195850372314453e+00) (59, 5.00279426574707031250e-01) (60, -7.07995474338531494141e-01) (61, 1.63489379882812500000e+01) (62, 6.77068710327148437500e-01) (63, -1.02009110152721405029e-01) (64, -1.91395246982574462891e+00) (65, -2.98458427190780639648e-01) (66, -4.35883760452270507812e+00) (67, 6.12749516963958740234e-01) (68, -8.57435798645019531250e+00) (69, 4.41586375236511230469e-01) (70, 3.08890119194984436035e-02) (71, 6.67120516300201416016e-02) (72, -4.21563476324081420898e-01) (73, 5.49212789535522460938e+00) (74, 1.05494456365704536438e-02) (75, 1.37028160095214843750e+01) (76, 2.16679883003234863281e+00) (77, -4.76383835077285766602e-01) (78, 9.81486976146697998047e-01) (79, 1.03922583162784576416e-01) (80, 5.93737900257110595703e-01) (81, -7.70570993423461914062e-01) (82, -1.75568684935569763184e-01) (83, -3.81212025880813598633e-01) (84, 3.21089506149291992188e+00) (85, -7.60857880115509033203e-01) (86, -2.31962859630584716797e-01) (87, 7.79239356517791748047e-01) (88, -2.23518276214599609375e+00) (89, -4.82012212276458740234e-01) (90, -4.04834091663360595703e-01) (91, -3.95095205307006835938e+00) (92, 5.08055329322814941406e-01) (93, -5.70208430290222167969e-01) (94, 6.69379457831382751465e-02) (95, 2.37154707312583923340e-01) (96, 1.10058033466339111328e+00) (97, 2.04706594347953796387e-01) (98, 5.32667756080627441406e-01) (99, 3.61144751310348510742e-01) (100, 1.71424046158790588379e-01) (101, -1.12377509474754333496e-01) (102, 4.83013916015625000000e+00) (103, -1.09930527210235595703e+00) (104, 1.46607065200805664062e+00) (0, -3.31626820564270019531e+00) (1, 1.15903739929199218750e+01) (2, 1.25276589393615722656e+00) (3, 3.02178072929382324219e+00) (4, 1.89165458083152770996e-01) (5, 6.73066473007202148438e+00) (6, 3.99436354637145996094e+00) (7, -4.88691997528076171875e+00) (8, 4.08501386642456054688e+00) (9, 8.16551566123962402344e-01) (10, -1.34694397449493408203e+00) (11, -9.57011580467224121094e-01) (12, 4.79026973247528076172e-01) (13, -2.29165911674499511719e+00) (14, 4.12557780742645263672e-01) (15, 4.58034843206405639648e-01) (16, -2.13901996612548828125e-01) (17, -8.57722163200378417969e-01) (18, 2.21421313285827636719e+00) (19, 9.97259736061096191406e-01) (20, -5.47825145721435546875e+00) (21, 3.75487059354782104492e-01) (22, 4.35331910848617553711e-01) (23, 3.99316221475601196289e-01) (24, 6.09826326370239257812e+00) (25, -5.28632938861846923828e-01) (26, 5.26165485382080078125e-01) (27, 6.23676776885986328125e-01) (28, 4.69372943043708801270e-02) (29, 1.20135641098022460938e+00) (30, 5.00257730484008789062e-01) (31, 6.43891811370849609375e-01) (32, -2.67146339416503906250e+01) (33, 1.07778832316398620605e-01) (34, -3.44742250442504882812e+00) (35, 1.78725257515907287598e-01) (36, 4.29917961359024047852e-01) (37, 3.02782326936721801758e-01) (38, 4.58343505859375000000e-01) (39, 1.93610921502113342285e-01) (40, 1.45492658019065856934e-01) (41, 2.17756605148315429688e+00) (42, 1.11503325402736663818e-01) (43, 3.63347315788269042969e+00) (44, -1.09106585383415222168e-01) (45, 1.12325668334960937500e+00) (46, -5.52162885665893554688e+00) (47, -5.78014993667602539062e+00) (48, 1.81477332115173339844e+00) (49, 2.99578189849853515625e-01) (50, -7.25991353392601013184e-02) (51, -1.60764455795288085938e-01) (52, 2.00700664520263671875e+00) (53, -5.48673212528228759766e-01) (54, -4.82452958822250366211e-01) (55, 1.25635182857513427734e+00) (56, 9.63823318481445312500e-01) (57, 2.99046039581298828125e+00) (58, -1.70052915811538696289e-01) (59, -2.83299803733825683594e+00) (60, 1.01770365238189697266e+00) (61, 2.69064235687255859375e+00) (62, 9.01504635810852050781e-01) (63, 1.06198942661285400391e+00) (64, -4.88807082176208496094e-01) (65, 1.35412359237670898438e+00) (66, 5.24036931991577148438e+00) (67, 1.03580176830291748047e+00) (68, 5.49669742584228515625e-01) (69, 4.02452766895294189453e-01) (70, 7.87191033363342285156e-01) (71, 7.20349609851837158203e-01) (72, -8.18353712558746337891e-01) (73, 3.97294139862060546875e+00) (74, 3.85865539312362670898e-01) (75, 1.08573305606842041016e+00) (76, 1.66404342651367187500e+00) (77, 6.03323757648468017578e-01) (78, -2.47636556625366210938e+00) (79, 3.45123362541198730469e+00) (80, 2.46424794197082519531e+00) (81, 1.88000416755676269531e+00) (82, 1.20637845993041992188e+00) (83, 2.08773112297058105469e+00) (84, -1.89676666259765625000e+01) (85, 8.63938748836517333984e-01) (86, 1.28737697601318359375e+01) (87, -4.90600943565368652344e-01) (88, 7.00775027275085449219e-01) (89, 1.28823041915893554688e+00) (90, 1.40072512626647949219e+00) (91, 1.82692694664001464844e+00) (92, 6.61895513534545898438e-01) (93, 1.49570739269256591797e+00) (94, 9.71372544765472412109e-01) (95, 3.24573457241058349609e-01) (96, 2.08479419350624084473e-01) (97, 5.55975258350372314453e-01) (98, -1.11580468714237213135e-01) (99, 2.49886691570281982422e-01) (100, 6.75303757190704345703e-01) (101, 6.77735090255737304688e-01) (102, -4.13912057876586914062e+00) (103, 9.45535182952880859375e+00) (104, 1.35805070400238037109e+00) (0, 5.26341080665588378906e-01) (1, -1.09760868549346923828e+00) (2, -2.39595413208007812500e-01) (3, -4.03157174587249755859e-02) (4, 2.03472197055816650391e-01) (5, 5.87679862976074218750e-01) (6, -7.90056347846984863281e-01) (7, 1.56720972061157226562e+00) (8, -5.77890586853027343750e+00) (9, -3.57878595590591430664e-01) (10, 9.27105367183685302734e-01) (11, 8.24075996875762939453e-01) (12, 9.03268516063690185547e-01) (13, 4.69719743728637695312e+00) (14, 9.48951244354248046875e-01) (15, 1.09668993949890136719e+00) (16, 2.82550960779190063477e-01) (17, 2.10995125770568847656e+00) (18, 9.64830935001373291016e-01) (19, 1.07137286663055419922e+00) (20, 2.28875327110290527344e+00) (21, 3.95186352729797363281e+00) (22, 2.31208610534667968750e+00) (23, -1.19996376335620880127e-01) (24, -1.13067979812622070312e+01) (25, -9.14032906293869018555e-02) (26, 4.89779114723205566406e-02) (27, 2.31241360306739807129e-01) (28, 4.30713176727294921875e+00) (29, -2.15211048722267150879e-01) (30, 1.96591347455978393555e-01) (31, -3.49139720201492309570e-01) (32, -2.91909465789794921875e+01) (33, 9.24020349979400634766e-01) (34, 2.46388840675354003906e+00) (35, 6.16843700408935546875e-01) (36, 6.85945212841033935547e-01) (37, 4.98657673597335815430e-02) (38, 6.32473170757293701172e-01) (39, 5.73847770690917968750e-01) (40, -9.53475475311279296875e-01) (41, 4.32378053665161132812e+00) (42, 7.00218319892883300781e-01) (43, 3.45870167016983032227e-01) (44, 3.35303872823715209961e-01) (45, 6.27025961875915527344e-01) (46, 2.46654915809631347656e+00) (47, -5.20098209381103515625e+00) (48, 5.29416620731353759766e-01) (49, 4.63146734237670898438e+00) (50, 8.48685443401336669922e-01) (51, 3.68866515159606933594e+00) (52, -1.08407400548458099365e-01) (53, 5.36788320541381835938e+00) (54, -2.24202561378479003906e+00) (55, -2.65562939643859863281e+00) (56, 9.44351494312286376953e-01) (57, -1.26142382621765136719e+00) (58, 1.08484816551208496094e+00) (59, -2.11337238550186157227e-01) (60, -1.84490874409675598145e-01) (61, 6.94978952407836914062e-01) (62, 2.78225421905517578125e-01) (63, 3.05332839488983154297e-01) (64, 2.49206089973449707031e+00) (65, 1.38451298698782920837e-02) (66, 2.67770743370056152344e+00) (67, 3.29120063781738281250e+00) (68, 3.24314689636230468750e+00) (69, -2.39807572215795516968e-02) (70, 1.98921930789947509766e+00) (71, 6.92292749881744384766e-02) (72, 8.97498905658721923828e-01) (73, -8.29367816448211669922e-01) (74, -6.21053755283355712891e-01) (75, 1.72442317008972167969e-01) (76, 3.28140211105346679688e+00) (77, -1.47368431091308593750e-01) (78, -3.83620643615722656250e+00) (79, -1.14108836650848388672e+00) (80, -2.54280161857604980469e+00) (81, 1.25788891315460205078e+00) (82, 2.96637010574340820312e+00) (83, -1.94124281406402587891e-01) (84, 2.91672921180725097656e+00) (85, 1.71092009544372558594e+00) (86, -1.93517458438873291016e+00) (87, 6.45377874374389648438e-01) (88, 4.86276292800903320312e+00) (89, 1.16578824818134307861e-01) (90, 3.00705283880233764648e-01) (91, 9.23982918262481689453e-01) (92, 1.66983246803283691406e+00) (93, -2.64503031969070434570e-01) (94, 1.21030569076538085938e+00) (95, 4.23268169164657592773e-01) (96, 9.80196177959442138672e-01) (97, -1.92647135257720947266e+00) (98, 4.25472021102905273438e+00) (99, 3.67108136415481567383e-02) (100, -3.99741590023040771484e-01) (101, -2.11548471450805664062e+00) (102, -2.96415352821350097656e+00) (103, 7.88529014587402343750e+00) (104, 1.59349787235260009766e+00) (0, -3.32427253723144531250e+01) (1, -2.33838510513305664062e+00) (2, 3.52047830820083618164e-01) (3, 1.18019068241119384766e+00) (4, 5.83974778652191162109e-01) (5, -1.41042604446411132812e+01) (6, 5.78056216239929199219e-01) (7, 1.61244750022888183594e-01) (8, 3.51390361785888671875e+00) (9, 1.15936601161956787109e+00) (10, 1.29103589057922363281e+00) (11, 9.03894484043121337891e-01) (12, 2.02747845649719238281e+00) (13, 1.77581405639648437500e+00) (14, 1.30608291625976562500e+01) (15, 1.90174674987792968750e+00) (16, 1.73935961723327636719e+00) (17, 2.19023513793945312500e+00) (18, 1.82644319534301757812e+00) (19, 1.89553451538085937500e+00) (20, 1.44037103652954101562e+01) (21, 1.11141014099121093750e+00) (22, 1.30428943634033203125e+01) (23, 1.82469654083251953125e+00) (24, -5.26008758544921875000e+01) (25, 6.62727475166320800781e-01) (26, 1.10435104370117187500e+00) (27, 8.10302376747131347656e-01) (28, 2.02608704566955566406e+00) (29, 1.80940046906471252441e-01) (30, 2.26337337493896484375e+00) (31, 1.75687754154205322266e+00) (32, 7.14221954345703125000e+00) (33, 1.84352028369903564453e+00) (34, 1.32311614990234375000e+02) (35, 1.66046488285064697266e+00) (36, 1.26831686496734619141e+00) (37, 1.79222321510314941406e+00) (38, 6.01211881637573242188e+00) (39, 1.14368116855621337891e+00) (40, 1.51752448081970214844e+00) (41, 1.01745710372924804688e+01) (42, 9.42506432533264160156e-01) (43, 5.57455778121948242188e+00) (44, 1.23964190483093261719e+00) (45, 2.15858268737792968750e+00) (46, -3.34347695112228393555e-01) (47, -1.08651436865329742432e-01) (48, 7.25506842136383056641e-01) (49, 1.15418255329132080078e+00) (50, 5.01227617263793945312e+00) (51, 2.61916255950927734375e+00) (52, 3.96811425685882568359e-01) (53, 7.74126112461090087891e-01) (54, -1.04578018188476562500e+00) (55, 1.24018359184265136719e+00) (56, -2.96513922512531280518e-02) (57, -1.71832656860351562500e+02) (58, 2.90590047836303710938e-01) (59, -3.97208747863769531250e+01) (60, 1.35481238365173339844e+00) (61, 2.19442550659179687500e+02) (62, 1.24041199684143066406e+00) (63, 7.55842030048370361328e-01) (64, 7.91278660297393798828e-01) (65, 5.38607895374298095703e-01) (66, -5.27735805511474609375e+00) (67, 1.02817268371582031250e+02) (68, -5.47039489746093750000e+01) (69, 2.55001640319824218750e+00) (70, 9.36661899089813232422e-01) (71, 9.38217103481292724609e-01) (72, 6.46292567253112792969e-01) (73, 2.70444831848144531250e+01) (74, 8.20755720138549804688e-01) (75, 5.31141757965087890625e-01) (76, 6.11834449768066406250e+01) (77, 7.69772589206695556641e-01) (78, 1.06625903320312500000e+03) (79, 1.24701786041259765625e+00) (80, 1.09404015541076660156e+00) (81, 1.87822729349136352539e-01) (82, 8.82176220417022705078e-01) (83, 1.58117949962615966797e+00) (84, -5.47174011230468750000e+02) (85, -8.56965124607086181641e-01) (86, 9.88192617893218994141e-01) (87, 1.64270842075347900391e+00) (88, -2.43898057937622070312e+00) (89, 8.59605491161346435547e-01) (90, -1.96862220764160156250e-01) (91, 8.95901799201965332031e-01) (92, 1.22553288936614990234e+00) (93, 9.55349862575531005859e-01) (94, 1.14620864391326904297e+00) (95, 1.89957785606384277344e+00) (96, 1.49387204647064208984e+00) (97, 1.78735923767089843750e+00) (98, 1.35620939731597900391e+00) (99, 1.47830891609191894531e+00) (100, 1.34734141826629638672e+00) (101, 1.02213096618652343750e+00) (102, 6.67574691772460937500e+01) (103, -4.54792938232421875000e+01) (104, 3.75811368227005004883e-01) (0, 8.41127681732177734375e+00) (1, 1.61913223266601562500e+01) (2, 1.32171893119812011719e+00) (3, 6.55143976211547851562e-01) (4, 9.88676786422729492188e-01) (5, 2.04806828498840332031e+00) (6, 1.00744354724884033203e+00) (7, 1.67017495632171630859e+00) (8, 1.68610363006591796875e+01) (9, 1.41330862045288085938e+00) (10, 3.50781887769699096680e-01) (11, 1.31695067882537841797e+00) (12, 9.77836728096008300781e-01) (13, 2.12660044431686401367e-01) (14, -1.62327140569686889648e-02) (15, 3.31634610891342163086e-01) (16, -1.15085775032639503479e-02) (17, 8.70271623134613037109e-01) (18, 5.17413318157196044922e-01) (19, 4.11215573549270629883e-01) (20, -6.00325250625610351562e+00) (21, 5.29118239879608154297e-01) (22, -2.94192624092102050781e+00) (23, -3.52964662015438079834e-02) (24, -1.45616284179687500000e+03) (25, 5.30162930488586425781e-01) (26, 1.59682318568229675293e-01) (27, 9.09339636564254760742e-02) (28, 2.40632116794586181641e-01) (29, 3.86292010545730590820e-01) (30, -4.31334078311920166016e-01) (31, 5.78235864639282226562e-01) (32, 2.92947349548339843750e+01) (33, 7.59031176567077636719e-02) (34, -1.97701759338378906250e+01) (35, 3.86428058147430419922e-01) (36, 2.81627662479877471924e-02) (37, 1.10592579841613769531e+00) (38, -4.09596979618072509766e-01) (39, 5.65361618995666503906e-01) (40, 1.02531135082244873047e+00) (41, 1.17317259311676025391e+00) (42, 1.44291627407073974609e+00) (43, -5.73686933517456054688e+00) (44, 9.36025202274322509766e-01) (45, 6.32557198405265808105e-02) (46, 1.90300369262695312500e+00) (47, 4.22896432876586914062e+00) (48, 6.78403854370117187500e-01) (49, 5.25898873805999755859e-01) (50, -2.72725372314453125000e+01) (51, 1.24627196788787841797e+00) (52, 6.27140939235687255859e-01) (53, 6.34321630001068115234e-01) (54, 3.69329929351806640625e+00) (55, -7.39237880706787109375e+00) (56, 1.38975226879119873047e+00) (57, 7.69345321655273437500e+01) (58, 5.23036181926727294922e-01) (59, 5.61506795883178710938e+00) (60, 5.53207397460937500000e-01) (61, 1.50000000000000000000e+03) (62, 1.26243031024932861328e+00) (63, 2.64268696308135986328e-01) (64, 5.41000022888183593750e+01) (65, 1.18800842761993408203e+00) (66, 3.46409225463867187500e+01) (67, 3.75090881347656250000e+02) (68, 7.00919265747070312500e+01) (69, 1.25419092178344726562e+00) (70, 1.70976889133453369141e+00) (71, 1.67053651809692382812e+00) (72, 1.11850869655609130859e+00) (73, 2.98719726562500000000e+02) (74, 1.77581512928009033203e+00) (75, 1.30146682262420654297e+00) (76, 2.63837356567382812500e+01) (77, 7.73253858089447021484e-01) (78, 9.22425918579101562500e+01) (79, 6.20888173580169677734e-01) (80, 5.02960562705993652344e-01) (81, 1.02864897251129150391e+00) (82, 1.44493854045867919922e+00) (83, 6.28257811069488525391e-01) (84, 8.72160148620605468750e+00) (85, 1.13097298145294189453e+00) (86, 7.35515892505645751953e-01) (87, 1.24884653091430664062e+00) (88, 3.47362327575683593750e+01) (89, 8.33888590335845947266e-01) (90, 1.21607315540313720703e+00) (91, 2.80685871839523315430e-01) (92, 1.26233553886413574219e+00) (93, 5.13220548629760742188e-01) (94, 6.06891155242919921875e-01) (95, 1.19781839847564697266e+00) (96, 1.59126484394073486328e+00) (97, 3.95196855068206787109e-01) (98, 1.34097886085510253906e+00) (99, 1.47301805019378662109e+00) (100, 6.55494630336761474609e-01) (101, 7.59253203868865966797e-01) (102, -2.52126464843750000000e+01) (103, 3.88246994018554687500e+01) (104, 6.73317134380340576172e-01) (0, 1.50000000000000000000e+03) (1, -4.47752113342285156250e+01) (2, 5.37289083003997802734e-01) (3, 1.24844026565551757812e+00) (4, 5.64474761486053466797e-01) (5, -5.56746459960937500000e+02) (6, 1.65368068218231201172e+00) (7, -1.50000000000000000000e+03) (8, -1.50000000000000000000e+03) (9, 1.40059590339660644531e+00) (10, 1.54638135433197021484e+00) (11, 1.81338548660278320312e+00) (12, 3.61042480468750000000e+01) (13, 1.41184912109375000000e+03) (14, 1.50000000000000000000e+03) (15, 1.32885980606079101562e+00) (16, 1.50000000000000000000e+03) (17, 7.84239959716796875000e+00) (18, 1.79542720317840576172e+00) (19, 1.67603015899658203125e+00) (20, 1.50000000000000000000e+03) (21, 1.20977343750000000000e+03) (22, 1.50000000000000000000e+03) (23, 1.50000000000000000000e+03) (24, -1.89438896179199218750e+01) (25, -9.02796508789062500000e+02) (26, 1.50000000000000000000e+03) (27, 1.09706008434295654297e+00) (28, 1.50000000000000000000e+03) (29, 1.39210689067840576172e+00) (30, 1.50000000000000000000e+03) (31, 1.19555114746093750000e+03) (32, 3.55301742553710937500e+01) (33, 1.50000000000000000000e+03) (34, 1.50000000000000000000e+03) (35, 1.31569567871093750000e+03) (36, 2.46557211875915527344e+00) (37, 1.20621936035156250000e+03) (38, 1.50000000000000000000e+03) (39, 1.53404342651367187500e+02) (40, 6.53010192871093750000e+02) (41, 1.50000000000000000000e+03) (42, 1.79445135593414306641e+00) (43, 1.50000000000000000000e+03) (44, 1.49416979980468750000e+03) (45, 1.50000000000000000000e+03) (46, 1.50000000000000000000e+03) (47, -1.33954477310180664062e+01) (48, -3.42611236572265625000e+01) (49, 5.32773437500000000000e+02) (50, 1.50000000000000000000e+03) (51, 1.49994299316406250000e+03) (52, 4.74573582410812377930e-01) (53, 1.59575986862182617188e+00) (54, 3.77083158493041992188e+00) (55, 2.25005722045898437500e+00) (56, 8.50016295909881591797e-01) (57, -1.50000000000000000000e+03) (58, 1.84455788135528564453e+00) (59, 6.25508880615234375000e+00) (60, 1.27021634578704833984e+00) (61, 1.17770422363281250000e+03) (62, 2.48856759071350097656e+00) (63, 8.04674744606018066406e-01) (64, 1.45730209350585937500e+00) (65, 6.51082575321197509766e-01) (66, -8.93978195190429687500e+01) (67, 1.06165686035156250000e+03) (68, -8.06998840332031250000e+02) (69, 1.45530760288238525391e+00) (70, 1.71575438976287841797e+00) (71, 1.63032460212707519531e+00) (72, -6.23513162136077880859e-01) (73, 6.16772117614746093750e+01) (74, 1.82411670684814453125e+00) (75, 1.09707772731781005859e+00) (76, 5.46029615402221679688e+00) (77, 8.98838102817535400391e-01) (78, 4.60772827148437500000e+02) (79, 1.39704549312591552734e+00) (80, 1.44800817966461181641e+00) (81, -7.42463588714599609375e-01) (82, 1.42955207824707031250e+00) (83, 1.08239817619323730469e+00) (84, 6.03427925109863281250e+01) (85, 8.47721815109252929688e-01) (86, 8.56181144714355468750e-01) (87, 2.15881800651550292969e+00) (88, -3.35253509521484375000e+02) (89, 8.84254336357116699219e-01) (90, 1.29825482144951820374e-02) (91, 4.70903545618057250977e-01) (92, 2.32515978813171386719e+00) (93, 1.21083581447601318359e+00) (94, 1.16915881633758544922e+00) (95, 8.09834480285644531250e+00) (96, 2.47138237953186035156e+00) (97, 1.82287538051605224609e+00) (98, 2.43491196632385253906e+00) (99, 2.40986657142639160156e+00) (100, 1.16566169261932373047e+00) (101, 1.48691642284393310547e+00) (102, 2.92581390380859375000e+02) (103, -8.37570419311523437500e+01) (104, 4.91418004035949707031e-01) (0, -1.22809517383575439453e+00) (1, 1.65195345878601074219e+00) (2, -1.13813614845275878906e+00) (3, 2.03270673751831054688e+00) (4, -3.90551209449768066406e-01) (5, -5.52013731002807617188e+00) (6, 3.19121599197387695312e+00) (7, 1.17246472835540771484e+00) (8, -1.50339758396148681641e+00) (9, -3.81574153900146484375e-01) (10, 1.84700921177864074707e-01) (11, 1.77088510990142822266e+00) (12, -6.83145105838775634766e-01) (13, -8.59464108943939208984e-02) (14, -2.22934794425964355469e+00) (15, 6.12764298915863037109e-01) (16, -6.80021047592163085938e-01) (17, -9.27948415279388427734e-01) (18, -6.49640500545501708984e-01) (19, 1.46286749839782714844e+00) (20, -1.82146894931793212891e+00) (21, 3.40400123596191406250e+00) (22, -2.35889267921447753906e+00) (23, -1.74412822723388671875e+00) (24, 3.78713679313659667969e+00) (25, -7.16644227504730224609e-02) (26, 8.90987738966941833496e-02) (27, 2.22547435760498046875e+00) (28, -1.01719915866851806641e+00) (29, 8.99056613445281982422e-01) (30, -9.26266968250274658203e-01) (31, 2.20251369476318359375e+00) (32, -5.06139469146728515625e+00) (33, 2.06277036666870117188e+00) (34, -3.02039813995361328125e+00) (35, 4.40228319168090820312e+00) (36, -2.65269339084625244141e-01) (37, -3.51495075225830078125e+00) (38, 1.62588155269622802734e+00) (39, -7.21063852310180664062e-01) (40, 3.56512367725372314453e-01) (41, -2.00319862365722656250e+00) (42, -6.79129302501678466797e-01) (43, -4.46314424276351928711e-01) (44, 5.91073215007781982422e-01) (45, -6.01954460144042968750e-02) (46, -2.88348984718322753906e+00) (47, -1.50359761714935302734e+00) (48, 5.94441080093383789062e+00) (49, -2.74698552675545215607e-03) (50, -1.55696439743041992188e+00) (51, -1.10253500938415527344e+00) (52, 8.75680029392242431641e-01) (53, -2.95983529090881347656e+00) (54, 1.30979514122009277344e+00) (55, 3.03558349609375000000e-01) (56, 1.95468768477439880371e-01) (57, -6.39062583446502685547e-01) (58, 9.06730771064758300781e-01) (59, -1.92601442337036132812e-01) (60, -9.69838082790374755859e-01) (61, 8.38131904602050781250e-01) (62, -2.48362272977828979492e-01) (63, 1.63632810115814208984e+00) (64, 2.06152975559234619141e-01) (65, 9.29037630558013916016e-02) (66, 3.85866522789001464844e-01) (67, 2.29417228698730468750e+00) (68, -6.16739630699157714844e-01) (69, -1.35866487026214599609e+00) (70, -8.59006524085998535156e-01) (71, 1.14811444282531738281e+00) (72, -1.01719939708709716797e+00) (73, 6.89342927932739257812e+00) (74, -3.21767926216125488281e-01) (75, -2.83930301666259765625e-01) (76, 1.22418746352195739746e-01) (77, 2.56775784492492675781e+00) (78, -8.34944725036621093750e-01) (79, 2.65841245651245117188e-01) (80, -5.57362914085388183594e-01) (81, -1.99938392639160156250e+00) (82, -7.10252165794372558594e-01) (83, 2.55910634994506835938e+00) (84, -8.05964374542236328125e+00) (85, -3.51184773445129394531e+00) (86, 3.48997533321380615234e-01) (87, -5.17377674579620361328e-01) (88, 3.57420277595520019531e+00) (89, 4.28613662719726562500e-01) (90, 5.75005531311035156250e-01) (91, 1.84889423847198486328e+00) (92, -2.65514165163040161133e-01) (93, 1.74257743358612060547e+00) (94, -6.18491947650909423828e-01) (95, -1.42758297920227050781e+00) (96, 1.01735925674438476562e+00) (97, -9.21855807304382324219e-01) (98, 8.59768211841583251953e-01) (99, -2.88974833488464355469e+00) (100, 6.29010379314422607422e-01) (101, 3.92998665571212768555e-01) (102, -1.52376019954681396484e+00) (103, 3.88573265075683593750e+00) (104, 1.20258331298828125000e+00) (0, 1.49908825683593750000e+03) (1, -4.29477958679199218750e+01) (2, 3.36187630891799926758e-02) (3, 8.69206190109252929688e-01) (4, 6.40223696827888488770e-02) (5, -3.45701782226562500000e+02) (6, 5.60757339000701904297e-01) (7, -7.91168029785156250000e+02) (8, -1.50000000000000000000e+03) (9, 8.13182592391967773438e-01) (10, 1.46075618267059326172e+00) (11, 1.15931975841522216797e+00) (12, 1.28797464370727539062e+01) (13, 2.84114971160888671875e+01) (14, 9.56108703613281250000e+01) (15, 7.33200371265411376953e-01) (16, 1.01548622131347656250e+02) (17, 4.06852531433105468750e+00) (18, 1.37761390209197998047e+00) (19, 1.91240918636322021484e+00) (20, 1.50000000000000000000e+03) (21, 7.23286865234375000000e+02) (22, 1.50000000000000000000e+03) (23, 1.50000000000000000000e+03) (24, -4.50608787536621093750e+01) (25, -2.87556274414062500000e+02) (26, 1.64743392944335937500e+02) (27, 7.34169960021972656250e-01) (28, 1.38448168945312500000e+03) (29, 2.33483791351318359375e+00) (30, 1.50000000000000000000e+03) (31, 1.68224517822265625000e+02) (32, 2.99825229644775390625e+01) (33, 1.50000000000000000000e+03) (34, 1.50000000000000000000e+03) (35, 1.07135119628906250000e+03) (36, 1.32249081134796142578e+00) (37, 7.26851318359375000000e+02) (38, 1.50000000000000000000e+03) (39, 4.08442153930664062500e+01) (40, 1.41413650512695312500e+02) (41, 1.50000000000000000000e+03) (42, 1.60847377777099609375e+00) (43, 1.50000000000000000000e+03) (44, 9.18019531250000000000e+02) (45, 1.50000000000000000000e+03) (46, 1.50000000000000000000e+03) (47, 4.30169868469238281250e+01) (48, -1.04710644531250000000e+03) (49, 1.20588178634643554688e+01) (50, 1.50000000000000000000e+03) (51, 2.86713592529296875000e+02) (52, -5.90180516242980957031e-01) (53, -1.71300798654556274414e-01) (54, -9.11433756351470947266e-01) (55, -1.43952631950378417969e+00) (56, -4.53909397125244140625e-01) (57, -1.50000000000000000000e+03) (58, 4.07099276781082153320e-01) (59, 5.15065002441406250000e+00) (60, 5.20985305309295654297e-01) (61, 3.19801712036132812500e+00) (62, 1.11167585849761962891e+00) (63, 9.31670889258384704590e-02) (64, 3.71774196624755859375e-01) (65, 5.83601832389831542969e-01) (66, -6.99162292480468750000e+01) (67, -4.31584815979003906250e+01) (68, -7.73792541503906250000e+02) (69, 2.33560395240783691406e+00) (70, 6.89038097858428955078e-01) (71, 1.29724895954132080078e+00) (72, 3.64680707454681396484e-01) (73, 2.36536426544189453125e+01) (74, 1.07285213470458984375e+00) (75, 9.41560089588165283203e-01) (76, 5.08631324768066406250e+00) (77, 2.33601972460746765137e-01) (78, 1.66694092750549316406e+00) (79, 2.47179532051086425781e+00) (80, 7.72955536842346191406e-01) (81, -1.28785085678100585938e+00) (82, 6.38018846511840820312e-01) (83, 6.60093009471893310547e-01) (84, 5.47627258300781250000e+00) (85, 8.18364441394805908203e-01) (86, 7.33502328395843505859e-01) (87, 1.47009027004241943359e+00) (88, -7.35006561279296875000e+01) (89, 5.46215355396270751953e-01) (90, -2.83366978168487548828e-01) (91, -5.40597736835479736328e-02) (92, 1.69540202617645263672e+00) (93, 3.15742433071136474609e-01) (94, 3.13264012336730957031e-01) (95, 1.98574793338775634766e+00) (96, 1.61454737186431884766e+00) (97, 1.01139175891876220703e+00) (98, 1.99121725559234619141e+00) (99, 1.41351056098937988281e+00) (100, 3.00098836421966552734e-01) (101, 6.11950695514678955078e-01) (102, 2.92581390380859375000e+02) (103, -8.37570419311523437500e+01) (104, 9.06955778598785400391e-01) (0, 1.50000000000000000000e+03) (1, -9.10777770996093750000e+02) (2, 1.31311118602752685547e+00) (3, 1.97584569454193115234e+00) (4, 1.50457298755645751953e+00) (5, -1.50000000000000000000e+03) (6, 1.64258491992950439453e+00) (7, -1.50000000000000000000e+03) (8, -1.50000000000000000000e+03) (9, 2.00972199440002441406e+00) (10, 2.95352029800415039062e+00) (11, 1.65821826457977294922e+00) (12, 3.42019424438476562500e+01) (13, 1.41159423828125000000e+03) (14, 1.50000000000000000000e+03) (15, 1.83167219161987304688e+00) (16, 1.50000000000000000000e+03) (17, 5.79453134536743164062e+00) (18, 2.23256993293762207031e+00) (19, 2.20325803756713867188e+00) (20, 1.50000000000000000000e+03) (21, 1.20968725585937500000e+03) (22, 1.50000000000000000000e+03) (23, 1.50000000000000000000e+03) (24, -1.50000000000000000000e+03) (25, 9.96468353271484375000e+00) (26, 1.50000000000000000000e+03) (27, 1.30135250091552734375e+00) (28, 1.50000000000000000000e+03) (29, 1.44516789913177490234e+00) (30, 1.50000000000000000000e+03) (31, 1.19455432128906250000e+03) (32, 3.57800025939941406250e+01) (33, 1.50000000000000000000e+03) (34, 1.50000000000000000000e+03) (35, 1.07469738769531250000e+03) (36, 2.15542221069335937500e+00) (37, 1.20590625000000000000e+03) (38, 1.50000000000000000000e+03) (39, 7.55525741577148437500e+01) (40, 3.56788146972656250000e+02) (41, 1.50000000000000000000e+03) (42, 2.17807197570800781250e+00) (43, 1.50000000000000000000e+03) (44, 1.49455187988281250000e+03) (45, 1.50000000000000000000e+03) (46, 1.50000000000000000000e+03) (47, 5.35620689392089843750e+00) (48, -1.49828149414062500000e+03) (49, 4.99768920898437500000e+02) (50, 1.50000000000000000000e+03) (51, 1.49994299316406250000e+03) (52, 1.20759558677673339844e+00) (53, 2.26673531532287597656e+00) (54, 3.87141990661621093750e+00) (55, 1.98960459232330322266e+00) (56, 1.38180267810821533203e+00) (57, -1.50000000000000000000e+03) (58, 1.85919225215911865234e+00) (59, 2.39492446899414062500e+02) (60, 1.62255728244781494141e+00) (61, 1.77013412475585937500e+02) (62, 2.07915496826171875000e+00) (63, 1.35499083995819091797e+00) (64, 1.77834546566009521484e+00) (65, 1.23840749263763427734e+00) (66, -1.09340606689453125000e+02) (67, 8.02098693847656250000e+01) (68, -6.61308410644531250000e+02) (69, 2.73246479034423828125e+00) (70, 1.42880773544311523438e+00) (71, 1.81533277034759521484e+00) (72, 1.02486264705657958984e+00) (73, 2.06537036895751953125e+01) (74, 1.58261978626251220703e+00) (75, 1.96122455596923828125e+00) (76, 7.28950166702270507812e+00) (77, 1.42296278476715087891e+00) (78, 1.63464538574218750000e+02) (79, 1.96568572521209716797e+00) (80, 1.72725939750671386719e+00) (81, 7.66890048980712890625e-01) (82, 1.95062255859375000000e+00) (83, 1.70671629905700683594e+00) (84, 1.49993334960937500000e+03) (85, 1.59321260452270507812e+00) (86, 1.49009585380554199219e+00) (87, 1.99810099601745605469e+00) (88, -3.34136871337890625000e+02) (89, 1.66046106815338134766e+00) (90, 9.92635548114776611328e-01) (91, 7.89462327957153320312e-01) (92, 2.08786439895629882812e+00) (93, 1.20344769954681396484e+00) (94, 1.46216237545013427734e+00) (95, 4.29624605178833007812e+00) (96, 2.36979484558105468750e+00) (97, 1.98474311828613281250e+00) (98, 2.13692235946655273438e+00) (99, 2.25806999206542968750e+00) (100, 1.73105216026306152344e+00) (101, 1.85823845863342285156e+00) (102, 2.92581390380859375000e+02) (103, -8.37570419311523437500e+01) (104, -1.05549581348896026611e-01) (0, 1.99086833000183105469e+00) (1, 4.70348739624023437500e+00) (2, 2.07952356338500976562e+00) (3, -1.68640625476837158203e+00) (4, 1.00993311405181884766e+00) (5, 4.50805091857910156250e+00) (6, 1.08626565933227539062e+01) (7, -8.04822254180908203125e+00) (8, 2.84828209877014160156e+00) (9, 3.34660506248474121094e+00) (10, -2.19544196128845214844e+00) (11, -6.28448247909545898438e+00) (12, 1.00383257865905761719e+00) (13, -2.08215880393981933594e+00) (14, -2.01116338372230529785e-01) (15, 1.81057882308959960938e+00) (16, 4.15190905332565307617e-01) (17, 8.90462338924407958984e-01) (18, -1.40542006492614746094e+00) (19, 3.43988835811614990234e-01) (20, 9.05731081962585449219e-01) (21, 1.70939475297927856445e-01) (22, 1.62831223011016845703e+00) (23, -2.63280421495437622070e-01) (24, 4.50652551651000976562e+00) (25, 3.96317809820175170898e-01) (26, 3.79882067441940307617e-01) (27, 7.74472415447235107422e-01) (28, 2.15634155273437500000e+00) (29, -3.28696846961975097656e-01) (30, -5.76486349105834960938e-01) (31, -1.65205508470535278320e-01) (32, -1.51177959442138671875e+01) (33, 7.67109513282775878906e-01) (34, 3.50181579589843750000e+00) (35, -9.59199666976928710938e-01) (36, 9.70159471035003662109e-01) (37, -6.66678905487060546875e-01) (38, -5.96239984035491943359e-01) (39, 1.38048291206359863281e+00) (40, -4.52296823263168334961e-01) (41, -8.74588429927825927734e-01) (42, -2.09205791354179382324e-01) (43, 4.23656702041625976562e-01) (44, 2.21693992614746093750e-01) (45, 9.83282387256622314453e-01) (46, -2.42403244972229003906e+00) (47, -5.38643169403076171875e+00) (48, -2.31288695335388183594e+00) (49, -9.47907209396362304688e-01) (50, 7.54803240299224853516e-01) (51, -1.48082496598362922668e-02) (52, -1.23448884487152099609e+00) (53, -9.05673146247863769531e-01) (54, -5.79892969131469726562e+00) (55, -4.61132431030273437500e+00) (56, -5.91061115264892578125e-01) (57, -5.60921490192413330078e-01) (58, 8.02856624126434326172e-01) (59, -3.80438137054443359375e+00) (60, 4.19906973838806152344e-01) (61, 1.81925415992736816406e-01) (62, 9.68666449189186096191e-02) (63, -4.76847104728221893311e-02) (64, 6.47375702857971191406e-01) (65, 6.81350648403167724609e-01) (66, -5.10726571083068847656e-01) (67, -1.96649599075317382812e+00) (68, 1.70458281040191650391e+00) (69, 3.54261249303817749023e-01) (70, 1.46639436483383178711e-01) (71, 2.26935803890228271484e-01) (72, 3.99044454097747802734e-02) (73, 6.56553566455841064453e-01) (74, -6.75939202308654785156e-01) (75, 1.13167965412139892578e+00) (76, -1.37752354145050048828e+00) (77, 1.79255157709121704102e-01) (78, 1.15107667446136474609e+00) (79, 1.58104479312896728516e+00) (80, 2.72253537178039550781e+00) (81, 1.86069059371948242188e+00) (82, 4.43961739540100097656e-01) (83, 2.74933576583862304688e+00) (84, 3.29958021640777587891e-01) (85, -6.83971822261810302734e-01) (86, 2.91848540306091308594e-01) (87, 6.31073415279388427734e-01) (88, -7.05358743667602539062e-01) (89, 8.34610581398010253906e-01) (90, 3.95938229560852050781e+00) (91, 1.68179976940155029297e+00) (92, -9.00634348392486572266e-01) (93, 3.18008351325988769531e+00) (94, 2.47316575050354003906e+00) (95, 1.51640272140502929688e+00) (96, -2.26019412279129028320e-01) (97, 8.24399530887603759766e-01) (98, 1.21632826328277587891e+00) (99, -4.70674723386764526367e-01) (100, 1.72206890583038330078e+00) (101, 3.25768142938613891602e-01) (102, 2.70871788263320922852e-01) (103, 2.19259095191955566406e+00) (104, 9.96757507324218750000e-01) (0, -2.68630428314208984375e+01) (1, -1.47401647567749023438e+01) (2, 5.28736650943756103516e-01) (3, 2.90110468864440917969e-01) (4, 8.33111584186553955078e-01) (5, -1.71910572052001953125e+01) (6, 7.58874893188476562500e-01) (7, -4.39263969659805297852e-01) (8, -2.37064468383789062500e+02) (9, 9.84628856182098388672e-01) (10, 8.41042026877403259277e-02) (11, 1.10507678985595703125e+00) (12, 1.86083006858825683594e+00) (13, 1.92656648159027099609e+00) (14, 3.19740366935729980469e+00) (15, 1.60529375076293945312e+00) (16, 1.50469994544982910156e+00) (17, 2.44743084907531738281e+00) (18, 1.58380734920501708984e+00) (19, 2.10862398147583007812e+00) (20, 3.79676666259765625000e+01) (21, 1.45282685756683349609e+00) (22, 1.27155704498291015625e+01) (23, 1.54824674129486083984e+00) (24, -1.77786621093750000000e+02) (25, 4.24782872200012207031e-01) (26, 1.14209556579589843750e+00) (27, 1.10372889041900634766e+00) (28, 1.73020422458648681641e+00) (29, 5.01863546669483184814e-02) (30, 2.55930852890014648438e+00) (31, 1.66871535778045654297e+00) (32, 1.44754304885864257812e+01) (33, 2.06929731369018554688e+00) (34, 8.06641616821289062500e+01) (35, 1.41665923595428466797e+00) (36, 8.42301428318023681641e-01) (37, 1.54079866409301757812e+00) (38, 1.78936934471130371094e+00) (39, 1.13906037807464599609e+00) (40, 8.67148935794830322266e-01) (41, -1.90499484539031982422e+00) (42, 1.05190169811248779297e+00) (43, 2.84889125823974609375e+00) (44, 1.05262565612792968750e+00) (45, 2.09420585632324218750e+00) (46, 2.10908432006835937500e+01) (47, 4.18715906143188476562e+00) (48, 5.72944521903991699219e-01) (49, 1.37220537662506103516e+00) (50, 2.91607117652893066406e+00) (51, 2.14820408821105957031e+00) (52, 5.55126965045928955078e-01) (53, 9.51540172100067138672e-01) (54, -7.62982130050659179688e-01) (55, 8.19951891899108886719e-01) (56, 4.63648557662963867188e-01) (57, -6.76583862304687500000e+01) (58, 8.44225764274597167969e-01) (59, 1.43977537155151367188e+01) (60, 9.97255623340606689453e-01) (61, 5.50585266113281250000e+02) (62, 1.20038568973541259766e+00) (63, 1.05521297454833984375e+00) (64, -1.10570373535156250000e+01) (65, 5.80364704132080078125e-01) (66, -2.51563596725463867188e+00) (67, 1.31521069335937500000e+03) (68, -2.62206451416015625000e+02) (69, 1.39166927337646484375e+00) (70, 1.23163700103759765625e+00) (71, 8.19637358188629150391e-01) (72, 6.11346006393432617188e-01) (73, 4.26663360595703125000e+01) (74, 5.16894936561584472656e-01) (75, 1.37710714340209960938e+00) (76, 5.16943264007568359375e+00) (77, 6.21521830558776855469e-01) (78, 6.12868286132812500000e+02) (79, 1.84070909023284912109e+00) (80, 1.85293793678283691406e+00) (81, 4.88304436206817626953e-01) (82, 8.33191096782684326172e-01) (83, 2.97057962417602539062e+00) (84, -7.43737365722656250000e+02) (85, 5.47231376171112060547e-01) (86, 1.05111360549926757812e+00) (87, 2.08314323425292968750e+00) (88, -6.37785720825195312500e+00) (89, 9.47419881820678710938e-01) (90, 1.34236767888069152832e-01) (91, 1.08987975120544433594e+00) (92, 1.40036392211914062500e+00) (93, 1.12935793399810791016e+00) (94, 1.22079825401306152344e+00) (95, 1.84235060214996337891e+00) (96, 1.23547661304473876953e+00) (97, 1.44824361801147460938e+00) (98, 1.62251007556915283203e+00) (99, 1.15519344806671142578e+00) (100, 1.26601624488830566406e+00) (101, 9.25891757011413574219e-01) (102, 5.35233459472656250000e+01) (103, -3.45925178527832031250e+01) (104, 4.34063941240310668945e-01) (0, 1.50000000000000000000e+03) (1, -1.20371074676513671875e+01) (2, 5.31058073043823242188e-01) (3, 3.30748867988586425781e+00) (4, 1.35445106029510498047e+00) (5, -6.61740646362304687500e+01) (6, 1.80317199230194091797e+00) (7, -1.88086547851562500000e+02) (8, -1.50000000000000000000e+03) (9, 1.44964849948883056641e+00) (10, 1.58322811126708984375e+00) (11, 1.49428844451904296875e+00) (12, 2.68507194519042968750e+00) (13, 1.20412971496582031250e+02) (14, 1.97483479976654052734e+00) (15, 1.97730565071105957031e+00) (16, 1.50000000000000000000e+03) (17, 1.13147773742675781250e+01) (18, 1.55627012252807617188e+00) (19, 1.97174870967864990234e+00) (20, 1.50000000000000000000e+03) (21, 3.84826690673828125000e+02) (22, 1.50000000000000000000e+03) (23, 1.50000000000000000000e+03) (24, -4.87756614685058593750e+01) (25, 9.23777198791503906250e+00) (26, 1.59931504726409912109e+00) (27, 1.13136219978332519531e+00) (28, 1.64804504394531250000e+02) (29, 7.60618567466735839844e-01) (30, 3.27340774536132812500e+01) (31, 1.98702640533447265625e+01) (32, -1.66250095367431640625e+01) (33, 9.23616882324218750000e+02) (34, 1.50000000000000000000e+03) (35, 1.36964245605468750000e+03) (36, 1.92746639251708984375e+00) (37, 6.59097099304199218750e+00) (38, 1.84710601806640625000e+02) (39, 7.18014430999755859375e+00) (40, 8.70907020568847656250e+00) (41, 1.50000000000000000000e+03) (42, 1.41541004180908203125e+00) (43, 1.50000000000000000000e+03) (44, 1.62647628784179687500e+02) (45, 7.50834732055664062500e+01) (46, 2.22788497924804687500e+02) (47, -2.06737256050109863281e+00) (48, -5.90801513671875000000e+02) (49, 2.66387310028076171875e+01) (50, 6.63154525756835937500e+01) (51, 4.57982254028320312500e+00) (52, 8.02956998348236083984e-01) (53, 1.13706660270690917969e+00) (54, -2.37460285425186157227e-01) (55, 4.30647039413452148438e+00) (56, 1.07725572586059570312e+00) (57, -1.50000000000000000000e+03) (58, 1.31621825695037841797e+00) (59, 8.13143348693847656250e+00) (60, 1.55117678642272949219e+00) (61, 9.08579406738281250000e+01) (62, 1.64187276363372802734e+00) (63, 1.59183168411254882812e+00) (64, 1.33575332164764404297e+00) (65, 1.03966152667999267578e+00) (66, -4.15434814453125000000e+02) (67, 6.32132759094238281250e+01) (68, -2.62761962890625000000e+02) (69, 2.12992334365844726562e+00) (70, 1.50512945652008056641e+00) (71, 1.69797742366790771484e+00) (72, 4.45275366306304931641e-01) (73, 1.25425424575805664062e+01) (74, 1.32502996921539306641e+00) (75, 2.23661756515502929688e+00) (76, 1.76780831813812255859e+00) (77, 1.32531201839447021484e+00) (78, 5.23062705993652343750e+01) (79, 2.37361168861389160156e+00) (80, 1.15849292278289794922e+00) (81, 2.81944453716278076172e-01) (82, 9.49110805988311767578e-01) (83, 1.57471370697021484375e+00) (84, 4.27827606201171875000e+01) (85, 1.38099348545074462891e+00) (86, 1.31586265563964843750e+00) (87, 2.01796197891235351562e+00) (88, -1.07025024414062500000e+02) (89, 8.69516789913177490234e-01) (90, 2.42768019437789916992e-01) (91, 1.57439744472503662109e+00) (92, 2.33738708496093750000e+00) (93, 1.57761526107788085938e+00) (94, 1.42255771160125732422e+00) (95, 3.29027080535888671875e+00) (96, 2.00133633613586425781e+00) (97, 1.74667358398437500000e+00) (98, 2.08944988250732421875e+00) (99, 2.32990145683288574219e+00) (100, 1.98078060150146484375e+00) (101, 1.56395184993743896484e+00) (102, 2.92581390380859375000e+02) (103, -8.37570419311523437500e+01) (104, 4.05315726995468139648e-01) (0, 6.67014598846435546875e+00) (1, -8.91551208496093750000e+00) (2, 7.33989417552947998047e-01) (3, 8.14199984073638916016e-01) (4, 7.34633326530456542969e-01) (5, 6.95112228393554687500e-01) (6, 9.46671724319458007812e-01) (7, 1.51218497753143310547e+00) (8, -6.52658224105834960938e-01) (9, 1.35528564453125000000e+00) (10, 7.50544250011444091797e-01) (11, 1.25156021118164062500e+00) (12, 1.86030113697052001953e+00) (13, -1.15739369392395019531e+00) (14, -4.94375562667846679688e+00) (15, 1.00727593898773193359e+00) (16, 1.08855962753295898438e+00) (17, 3.64388298988342285156e+00) (18, 1.41160476207733154297e+00) (19, 1.26981818675994873047e+00) (20, 9.96711730957031250000e+00) (21, 1.29964280128479003906e+00) (22, 5.79956102371215820312e+00) (23, 1.61794042587280273438e+00) (24, -1.27215576171875000000e+03) (25, 2.51349616050720214844e+00) (26, 1.13341593742370605469e+00) (27, 9.50903177261352539062e-01) (28, 1.68340945243835449219e+00) (29, 8.57092380523681640625e-01) (30, 1.97166478633880615234e+00) (31, 2.69189071655273437500e+00) (32, 3.05812530517578125000e+01) (33, 1.49858856201171875000e+00) (34, 1.17055651855468750000e+03) (35, 1.04305541515350341797e+00) (36, 1.10497188568115234375e+00) (37, 2.33316731452941894531e+00) (38, 8.22426497936248779297e-01) (39, 1.34798383712768554688e+00) (40, 1.35014569759368896484e+00) (41, -1.22809648513793945312e+00) (42, 1.66581845283508300781e+00) (43, 1.06457710266113281250e+00) (44, 1.90721547603607177734e+00) (45, 9.62223768234252929688e-01) (46, -1.60264110565185546875e+01) (47, 6.17786502838134765625e+00) (48, 2.60320448875427246094e+00) (49, 1.46872437000274658203e+00) (50, 1.92660892009735107422e+00) (51, 1.97193515300750732422e+00) (52, 7.50456273555755615234e-01) (53, 1.18635332584381103516e+00) (54, 3.30947041511535644531e+00) (55, 6.60726428031921386719e-01) (56, 1.21044290065765380859e+00) (57, -2.49325637817382812500e+01) (58, 7.86764860153198242188e-01) (59, 4.00416221618652343750e+01) (60, 1.26861882209777832031e+00) (61, 3.51201019287109375000e+02) (62, 1.58018183708190917969e+00) (63, 7.52434313297271728516e-01) (64, 3.80973672866821289062e+00) (65, 9.01738166809082031250e-01) (66, 2.61156158447265625000e+01) (67, 6.21013061523437500000e+02) (68, 2.01641311645507812500e+01) (69, 1.96663594245910644531e+00) (70, 1.05346965789794921875e+00) (71, 1.00326395034790039062e+00) (72, 7.25114107131958007812e-01) (73, 2.73471641540527343750e+01) (74, 1.22962403297424316406e+00) (75, 1.86350390315055847168e-01) (76, 2.24733519554138183594e+00) (77, 1.21210992336273193359e+00) (78, 2.08150253295898437500e+02) (79, 1.12283205986022949219e+00) (80, 8.85268986225128173828e-01) (81, 5.65792441368103027344e-01) (82, 1.70351994037628173828e+00) (83, 1.25089716911315917969e+00) (84, 8.13334426879882812500e+01) (85, 8.42527091503143310547e-01) (86, 1.18690645694732666016e+00) (87, 1.33232831954956054688e+00) (88, 2.03426885604858398438e+00) (89, 7.30727851390838623047e-01) (90, 8.02478730678558349609e-01) (91, 3.01266491413116455078e-01) (92, 1.28073656558990478516e+00) (93, 7.63958811759948730469e-01) (94, 1.04863798618316650391e+00) (95, 1.39295220375061035156e+00) (96, 1.70611357688903808594e+00) (97, 1.28046631813049316406e+00) (98, 1.46434795856475830078e+00) (99, 1.77333736419677734375e+00) (100, 1.27075481414794921875e+00) (101, 1.39418768882751464844e+00) (102, 8.56346225738525390625e+00) (103, -2.88657379150390625000e+00) (104, 5.36441266536712646484e-01) (0, 1.50000000000000000000e+03) (1, -5.30223884582519531250e+01) (2, 8.31507027149200439453e-01) (3, 2.75050210952758789062e+00) (4, 1.30793213844299316406e+00) (5, -1.50000000000000000000e+03) (6, 1.78500747680664062500e+00) (7, -1.50000000000000000000e+03) (8, -1.50000000000000000000e+03) (9, 1.90826082229614257812e+00) (10, 1.96684491634368896484e+00) (11, 1.62033402919769287109e+00) (12, 3.41894569396972656250e+01) (13, 9.14093383789062500000e+02) (14, 1.50000000000000000000e+03) (15, 1.54965579509735107422e+00) (16, 4.71446166992187500000e+02) (17, 6.77664232254028320312e+00) (18, 1.82871460914611816406e+00) (19, 2.14772200584411621094e+00) (20, 1.50000000000000000000e+03) (21, 8.53991210937500000000e+02) (22, 1.50000000000000000000e+03) (23, 1.50000000000000000000e+03) (24, -9.12869338989257812500e+01) (25, 5.03124938964843750000e+02) (26, 1.50000000000000000000e+03) (27, 1.49568450450897216797e+00) (28, 1.50000000000000000000e+03) (29, 1.37555491924285888672e+00) (30, 1.50000000000000000000e+03) (31, 1.19470312500000000000e+03) (32, 3.56937675476074218750e+01) (33, 1.50000000000000000000e+03) (34, 1.50000000000000000000e+03) (35, 1.31321081542968750000e+03) (36, 2.71357178688049316406e+00) (37, 1.20587695312500000000e+03) (38, 1.50000000000000000000e+03) (39, 1.53673294067382812500e+02) (40, 6.53267089843750000000e+02) (41, 1.50000000000000000000e+03) (42, 2.14922595024108886719e+00) (43, 1.50000000000000000000e+03) (44, 1.50000000000000000000e+03) (45, 1.50000000000000000000e+03) (46, 1.50000000000000000000e+03) (47, 4.94010448455810546875e+00) (48, -3.20349407196044921875e+00) (49, 5.33205017089843750000e+02) (50, 1.50000000000000000000e+03) (51, 1.49993627929687500000e+03) (52, 8.10495972633361816406e-01) (53, 1.67456889152526855469e+00) (54, 3.38779544830322265625e+00) (55, -3.74483466148376464844e+00) (56, 1.15890240669250488281e+00) (57, -1.50000000000000000000e+03) (58, 1.34917008876800537109e+00) (59, 6.49922851562500000000e+02) (60, 1.44886755943298339844e+00) (61, 1.87541061401367187500e+02) (62, 2.17434167861938476562e+00) (63, 1.36007571220397949219e+00) (64, 1.79451763629913330078e+00) (65, 1.09052062034606933594e+00) (66, -1.12453941345214843750e+02) (67, 3.52804077148437500000e+02) (68, -8.65705505371093750000e+02) (69, 1.92660534381866455078e+00) (70, 1.15994644165039062500e+00) (71, 1.47329628467559814453e+00) (72, -5.82133650779724121094e-01) (73, 2.85225315093994140625e+01) (74, 5.41083931922912597656e-01) (75, 1.81575179100036621094e+00) (76, 2.10486984252929687500e+00) (77, 1.39412474632263183594e+00) (78, 7.82201843261718750000e+01) (79, 2.42095875740051269531e+00) (80, 1.86425149440765380859e+00) (81, -3.54738205671310424805e-01) (82, 1.76781451702117919922e+00) (83, 2.03886389732360839844e+00) (84, 3.75545234680175781250e+01) (85, 1.14308094978332519531e+00) (86, 1.14473426342010498047e+00) (87, 2.15970277786254882812e+00) (88, -1.20608436584472656250e+02) (89, 1.25789475440979003906e+00) (90, 2.63944387435913085938e-01) (91, 8.98234069347381591797e-01) (92, 2.11074042320251464844e+00) (93, 1.42658030986785888672e+00) (94, 1.42591989040374755859e+00) (95, 2.18185901641845703125e+00) (96, 2.40853881835937500000e+00) (97, 1.92654216289520263672e+00) (98, 2.37317800521850585938e+00) (99, 2.49046611785888671875e+00) (100, 1.42919659614562988281e+00) (101, 1.80825543403625488281e+00) (102, 2.92581390380859375000e+02) (103, -8.37570419311523437500e+01) (104, 9.51887667179107666016e-02) (0, -1.07434535026550292969e+00) (1, 3.42355084419250488281e+00) (2, 1.38156518340110778809e-01) (3, 3.93697649240493774414e-01) (4, 7.95323669910430908203e-01) (5, 2.24679064750671386719e+00) (6, 1.48482906818389892578e+00) (7, -4.16912937164306640625e+00) (8, 9.70044422149658203125e+00) (9, -9.31079447269439697266e-01) (10, 1.94391995668411254883e-01) (11, -1.50667101144790649414e-01) (12, 4.95796084403991699219e-01) (13, 5.86621999740600585938e-01) (14, -3.20780217647552490234e-01) (15, -1.29505991935729980469e-01) (16, -2.12429475784301757812e+00) (17, -7.03475251793861389160e-02) (18, 4.36141133308410644531e-01) (19, 6.39351978898048400879e-02) (20, -5.84452772140502929688e+00) (21, -5.18727123737335205078e-01) (22, 1.33773103356361389160e-01) (23, 7.67613232135772705078e-01) (24, 3.29326105117797851562e+00) (25, 1.92744582891464233398e-01) (26, 4.85726535320281982422e-01) (27, 4.85242486000061035156e-01) (28, -1.06951408088207244873e-01) (29, 6.69322669506072998047e-01) (30, 4.87573623657226562500e-01) (31, 6.46234512329101562500e-01) (32, -2.48886966705322265625e+01) (33, -2.40822695195674896240e-03) (34, 4.01290559768676757812e+00) (35, 5.84135428071022033691e-02) (36, 1.68862313032150268555e-01) (37, 2.84757703542709350586e-01) (38, 4.38441544771194458008e-01) (39, -1.24645374715328216553e-01) (40, 1.02259922027587890625e+00) (41, -2.42575955390930175781e+00) (42, -2.95399390161037445068e-02) (43, -7.95829713344573974609e-01) (44, 1.49179756641387939453e-01) (45, 1.11772489547729492188e+00) (46, 2.97307205200195312500e+00) (47, -8.46640682220458984375e+00) (48, 7.60224044322967529297e-01) (49, 7.11876973509788513184e-02) (50, 1.27243667840957641602e-01) (51, -4.65754598379135131836e-01) (52, 1.55235993862152099609e+00) (53, -6.09949052333831787109e-01) (54, 3.56031417846679687500e-01) (55, 2.97987133264541625977e-01) (56, 5.11407613754272460938e-01) (57, 3.77541136741638183594e+00) (58, 9.52013015747070312500e-01) (59, -2.66484856605529785156e+00) (60, 1.81857913732528686523e-01) (61, 5.15878009796142578125e+00) (62, 9.94479715824127197266e-01) (63, 1.00047338008880615234e+00) (64, 5.17474365234375000000e+00) (65, 1.26396834850311279297e+00) (66, 4.63811606168746948242e-01) (67, 3.99670290946960449219e+00) (68, 3.32942819595336914062e+00) (69, 2.44787558913230895996e-01) (70, 1.15914851427078247070e-01) (71, 1.27865707874298095703e+00) (72, -2.33417415618896484375e+00) (73, -1.89092767238616943359e+00) (74, 1.14632391929626464844e+00) (75, 6.96320295333862304688e+00) (76, -6.61313295364379882812e+00) (77, 6.70754551887512207031e-01) (78, 3.31308007240295410156e+00) (79, -1.29372215270996093750e+00) (80, -1.61221635341644287109e+00) (81, -1.77845311164855957031e+00) (82, 5.08083915710449218750e+00) (83, -1.07608995437622070312e+01) (84, 2.56251740455627441406e+00) (85, 5.54160892963409423828e-01) (86, 5.48791944980621337891e-01) (87, -3.34637582302093505859e-01) (88, 7.70360350608825683594e-01) (89, 1.72424757480621337891e+00) (90, 1.42277002334594726562e+00) (91, 1.34363695979118347168e-01) (92, 4.00128984451293945312e+00) (93, -1.96490132808685302734e+00) (94, 8.35461556911468505859e-01) (95, 1.76278746128082275391e+00) (96, 4.97685223817825317383e-02) (97, 3.25032025575637817383e-01) (98, -3.35833251476287841797e-01) (99, 4.73089218139648437500e+00) (100, 2.25675749778747558594e+00) (101, -6.60550072789192199707e-02) (102, -2.07794368267059326172e-01) (103, 2.24584817886352539062e+00) (104, 1.33130764961242675781e+00) (0, 1.50842189788818359375e+01) (1, 2.62559366226196289062e+00) (2, 9.01625692844390869141e-01) (3, 4.36483812332153320312e+00) (4, 1.04231441020965576172e+00) (5, 4.39720296859741210938e+00) (6, 2.96233773231506347656e+00) (7, -4.51860046386718750000e+00) (8, -7.93712043762207031250e+00) (9, 1.60250651836395263672e+00) (10, 1.73420071601867675781e+00) (11, -2.94872236251831054688e+00) (12, 1.83101367950439453125e+00) (13, 3.29578852653503417969e+00) (14, 6.67479658126831054688e+00) (15, 2.01767683029174804688e+00) (16, 2.96175527572631835938e+00) (17, 1.94831800460815429688e+00) (18, 1.76308131217956542969e+00) (19, 2.23008894920349121094e+00) (20, -3.46094822883605957031e+00) (21, 7.88495063781738281250e-01) (22, 1.05477256774902343750e+01) (23, 7.92554378509521484375e-01) (24, -6.80297927856445312500e+01) (25, 5.89089691638946533203e-01) (26, 1.27671849727630615234e+00) (27, 8.92692804336547851562e-01) (28, 9.80469524860382080078e-01) (29, 2.69715458154678344727e-01) (30, 1.69160521030426025391e+00) (31, 1.53166878223419189453e+00) (32, -2.44075832366943359375e+01) (33, 9.33466672897338867188e-01) (34, 2.95751617431640625000e+02) (35, 5.93495905399322509766e-01) (36, 6.09620034694671630859e-01) (37, 1.00993514060974121094e+00) (38, 1.75154280662536621094e+00) (39, 1.38916313648223876953e+00) (40, 6.58729255199432373047e-01) (41, 5.35637283325195312500e+01) (42, 1.24980640411376953125e+00) (43, 3.19365119934082031250e+00) (44, 1.18200361728668212891e+00) (45, 2.03184437751770019531e+00) (46, -1.67526733875274658203e+00) (47, -6.05291652679443359375e+00) (48, -4.76796865463256835938e+00) (49, 1.13990545272827148438e+00) (50, 4.55913352966308593750e+01) (51, 8.73595046997070312500e+00) (52, 8.55435967445373535156e-01) (53, 8.60571980476379394531e-01) (54, -9.33416068553924560547e-01) (55, -1.45221149921417236328e+00) (56, 4.98916536569595336914e-01) (57, -2.05123252868652343750e+01) (58, 2.25838232040405273438e+00) (59, 1.13803787231445312500e+01) (60, 2.52166986465454101562e+00) (61, 1.53142774105072021484e+00) (62, 2.33702254295349121094e+00) (63, 1.74007999897003173828e+00) (64, 3.96224098205566406250e+01) (65, 1.12600171566009521484e+00) (66, -6.72054588794708251953e-01) (67, 1.46689426898956298828e+00) (68, -1.51678419113159179688e+00) (69, 1.81916904449462890625e+00) (70, 1.22864997386932373047e+00) (71, 1.31713724136352539062e+00) (72, 7.27791845798492431641e-01) (73, 3.09192180633544921875e+00) (74, 1.01802062988281250000e+00) (75, 3.26682639122009277344e+00) (76, 8.18284690380096435547e-01) (77, 1.00164413452148437500e+00) (78, 3.08388481140136718750e+01) (79, 1.46183705329895019531e+00) (80, 1.12699949741363525391e+00) (81, 1.32720887660980224609e-01) (82, 1.39237034320831298828e+00) (83, 1.50198578834533691406e+00) (84, 7.00293588638305664062e+00) (85, 8.72015893459320068359e-01) (86, 1.54956805706024169922e+00) (87, 1.14881408214569091797e+00) (88, -8.90709590911865234375e+00) (89, 1.16198456287384033203e+00) (90, 6.47760927677154541016e-01) (91, 1.74096608161926269531e+00) (92, 2.15210986137390136719e+00) (93, 1.68797397613525390625e+00) (94, 1.85916292667388916016e+00) (95, 1.96273946762084960938e+00) (96, 1.67688143253326416016e+00) (97, 2.01725745201110839844e+00) (98, 1.93498885631561279297e+00) (99, 1.71485888957977294922e+00) (100, 2.32856249809265136719e+00) (101, 1.96757209300994873047e+00) (102, -4.33300495147705078125e+00) (103, 2.63278160095214843750e+01) (104, 1.61548957228660583496e-01) (0, 1.50000000000000000000e+03) (1, -1.23894885253906250000e+03) (2, 6.93924784660339355469e-01) (3, 1.73758864402770996094e+00) (4, 8.40507209300994873047e-01) (5, -1.49953088378906250000e+03) (6, 9.25784409046173095703e-01) (7, -6.00048583984375000000e+02) (8, -1.50000000000000000000e+03) (9, 1.38045454025268554688e+00) (10, 2.01802825927734375000e+00) (11, 1.15988934040069580078e+00) (12, 1.10669660568237304688e+01) (13, 1.38670190429687500000e+03) (14, 1.34086047363281250000e+03) (15, 1.44971370697021484375e+00) (16, 6.33847503662109375000e+01) (17, 4.51305389404296875000e+00) (18, 2.08404874801635742188e+00) (19, 2.09139156341552734375e+00) (20, 1.50000000000000000000e+03) (21, 1.62874298095703125000e+02) (22, 1.50000000000000000000e+03) (23, 1.19598937988281250000e+03) (24, -1.50000000000000000000e+03) (25, -7.27234725952148437500e+01) (26, 2.19130889892578125000e+02) (27, 9.82990384101867675781e-01) (28, 1.50000000000000000000e+03) (29, 1.17679071426391601562e+00) (30, 1.49997424316406250000e+03) (31, 1.19416943359375000000e+03) (32, 3.57743949890136718750e+01) (33, 1.49997607421875000000e+03) (34, 1.49997424316406250000e+03) (35, 1.31511975097656250000e+03) (36, 1.85263681411743164062e+00) (37, 1.20578332519531250000e+03) (38, 1.50000000000000000000e+03) (39, 1.54071716308593750000e+02) (40, 6.71474121093750000000e+02) (41, 1.50000000000000000000e+03) (42, 2.21267700195312500000e+00) (43, 1.50000000000000000000e+03) (44, 1.49457775878906250000e+03) (45, 1.50000000000000000000e+03) (46, 1.50000000000000000000e+03) (47, 2.13789725303649902344e+00) (48, -3.52972412109375000000e+01) (49, 9.49362976074218750000e+02) (50, 1.50000000000000000000e+03) (51, 1.49991748046875000000e+03) (52, 1.40744650363922119141e+00) (53, 2.13632965087890625000e+00) (54, 3.39943814277648925781e+00) (55, 1.39371871948242187500e+00) (56, 9.10016119480133056641e-01) (57, -1.50000000000000000000e+03) (58, 1.59371244907379150391e+00) (59, 1.80108337402343750000e+01) (60, 1.21761536598205566406e+00) (61, 4.06972991943359375000e+02) (62, 1.92817699909210205078e+00) (63, 8.65816116333007812500e-01) (64, 1.53702116012573242188e+00) (65, 7.85522401332855224609e-01) (66, -1.07469032287597656250e+02) (67, 1.43269378662109375000e+02) (68, -1.03683483886718750000e+03) (69, 2.07257962226867675781e+00) (70, 1.23558974266052246094e+00) (71, 1.21463322639465332031e+00) (72, 5.96432864665985107422e-01) (73, 7.01075134277343750000e+01) (74, 1.24576330184936523438e+00) (75, 1.86090695858001708984e+00) (76, 3.70973658561706542969e+00) (77, 1.16080057621002197266e+00) (78, 5.11959442138671875000e+02) (79, 1.49741041660308837891e+00) (80, 1.36535596847534179688e+00) (81, 2.06652313470840454102e-01) (82, 1.64509332180023193359e+00) (83, 1.56027019023895263672e+00) (84, 1.49984802246093750000e+03) (85, 1.24202549457550048828e+00) (86, 1.26791644096374511719e+00) (87, 1.91068506240844726562e+00) (88, -4.36214208602905273438e+00) (89, 1.41375041007995605469e+00) (90, 6.05046510696411132812e-01) (91, 2.45154485106468200684e-01) (92, 2.06961011886596679688e+00) (93, 6.87596082687377929688e-01) (94, 9.58517968654632568359e-01) (95, 1.93408167362213134766e+00) (96, 2.16134190559387207031e+00) (97, 1.87056005001068115234e+00) (98, 2.13718199729919433594e+00) (99, 2.13284492492675781250e+00) (100, 1.21171784400939941406e+00) (101, 1.63314270973205566406e+00) (102, 2.92581390380859375000e+02) (103, -8.37570419311523437500e+01) (104, 6.13935589790344238281e-02) (105, -1.29728770256042480469e+00) (106, 6.89015626907348632812e-01) (107, 4.67165231704711914062e+00) (108, 1.05114412307739257812e+00) (109, -2.58399415016174316406e+00) (110, 1.35673081874847412109e+00) (111, 9.75260913372039794922e-01) (112, 4.06549501419067382812e+00) (113, 9.83639121055603027344e-01) (114, -6.68794393539428710938e-01) (115, 2.50296998023986816406e+00) (116, 4.20747071504592895508e-01) (117, -1.57169148325920104980e-01) (118, 8.21501433849334716797e-01) (119, 4.73896217346191406250e+00) (120, 2.78291344642639160156e-01) (121, 2.44425222277641296387e-01) (122, 2.19186186790466308594e+00) (123, 4.11206454038619995117e-01) (124, 1.81544899940490722656e-01) (125, -4.73233491182327270508e-01) (126, 5.49517214298248291016e-01) (127, -2.68175506591796875000e+00) (128, 1.63232862949371337891e+00) (129, 7.24724769592285156250e-01) (130, 2.73307785391807556152e-02) 
