FANN_FLO_2.1
num_layers=3
learning_rate=0.700000
connection_rate=1.000000
network_type=0
learning_momentum=0.000000
training_algorithm=2
train_error_function=1
train_stop_function=0
cascade_output_change_fraction=0.010000
quickprop_decay=-0.000100
quickprop_mu=1.750000
rprop_increase_factor=1.200000
rprop_decrease_factor=0.500000
rprop_delta_min=0.000000
rprop_delta_max=50.000000
rprop_delta_zero=0.100000
cascade_output_stagnation_epochs=12
cascade_candidate_change_fraction=0.010000
cascade_candidate_stagnation_epochs=12
cascade_max_out_epochs=150
cascade_max_cand_epochs=150
cascade_num_candidate_groups=2
bit_fail_limit=3.49999994039535522461e-01
cascade_candidate_limit=1.00000000000000000000e+03
cascade_weight_multiplier=4.00000005960464477539e-01
cascade_activation_functions_count=10
cascade_activation_functions=3 5 7 8 10 11 14 15 16 17 
cascade_activation_steepnesses_count=4
cascade_activation_steepnesses=2.50000000000000000000e-01 5.00000000000000000000e-01 7.50000000000000000000e-01 1.00000000000000000000e+00 
layer_sizes=105 26 2 
scale_included=0
neurons (num_inputs, activation_function, activation_steepness)=(0, 0, 0.00000000000000000000e+00) (0, 0, 0.00000000000000000000e+00) (0, 0, 0.00000000000000000000e+00) (0, 0, 0.00000000000000000000e+00) (0, 0, 0.00000000000000000000e+00) (0, 0, 0.00000000000000000000e+00) (0, 0, 0.00000000000000000000e+00) (0, 0, 0.00000000000000000000e+00) (0, 0, 0.00000000000000000000e+00) (0, 0, 0.00000000000000000000e+00) (0, 0, 0.00000000000000000000e+00) (0, 0, 0.00000000000000000000e+00) (0, 0, 0.00000000000000000000e+00) (0, 0, 0.00000000000000000000e+00) (0, 0, 0.00000000000000000000e+00) (0, 0, 0.00000000000000000000e+00) (0, 0, 0.00000000000000000000e+00) (0, 0, 0.00000000000000000000e+00) (0, 0, 0.00000000000000000000e+00) (0, 0, 0.00000000000000000000e+00) (0, 0, 0.00000000000000000000e+00) (0, 0, 0.00000000000000000000e+00) (0, 0, 0.00000000000000000000e+00) (0, 0, 0.00000000000000000000e+00) (0, 0, 0.00000000000000000000e+00) (0, 0, 0.00000000000000000000e+00) (0, 0, 0.00000000000000000000e+00) (0, 0, 0.00000000000000000000e+00) (0, 0, 0.00000000000000000000e+00) (0, 0, 0.00000000000000000000e+00) (0, 0, 0.00000000000000000000e+00) (0, 0, 0.00000000000000000000e+00) (0, 0, 0.00000000000000000000e+00) (0, 0, 0.00000000000000000000e+00) (0, 0, 0.00000000000000000000e+00) (0, 0, 0.00000000000000000000e+00) (0, 0, 0.00000000000000000000e+00) (0, 0, 0.00000000000000000000e+00) (0, 0, 0.00000000000000000000e+00) (0, 0, 0.00000000000000000000e+00) (0, 0, 0.00000000000000000000e+00) (0, 0, 0.00000000000000000000e+00) (0, 0, 0.00000000000000000000e+00) (0, 0, 0.00000000000000000000e+00) (0, 0, 0.00000000000000000000e+00) (0, 0, 0.00000000000000000000e+00) (0, 0, 0.00000000000000000000e+00) (0, 0, 0.00000000000000000000e+00) (0, 0, 0.00000000000000000000e+00) (0, 0, 0.00000000000000000000e+00) (0, 0, 0.00000000000000000000e+00) (0, 0, 0.00000000000000000000e+00) (0, 0, 0.00000000000000000000e+00) (0, 0, 0.00000000000000000000e+00) (0, 0, 0.00000000000000000000e+00) (0, 0, 0.00000000000000000000e+00) (0, 0, 0.00000000000000000000e+00) (0, 0, 0.00000000000000000000e+00) (0, 0, 0.00000000000000000000e+00) (0, 0, 0.00000000000000000000e+00) (0, 0, 0.00000000000000000000e+00) (0, 0, 0.00000000000000000000e+00) (0, 0, 0.00000000000000000000e+00) (0, 0, 0.00000000000000000000e+00) (0, 0, 0.00000000000000000000e+00) (0, 0, 0.00000000000000000000e+00) (0, 0, 0.00000000000000000000e+00) (0, 0, 0.00000000000000000000e+00) (0, 0, 0.00000000000000000000e+00) (0, 0, 0.00000000000000000000e+00) (0, 0, 0.00000000000000000000e+00) (0, 0, 0.00000000000000000000e+00) (0, 0, 0.00000000000000000000e+00) (0, 0, 0.00000000000000000000e+00) (0, 0, 0.00000000000000000000e+00) (0, 0, 0.00000000000000000000e+00) (0, 0, 0.00000000000000000000e+00) (0, 0, 0.00000000000000000000e+00) (0, 0, 0.00000000000000000000e+00) (0, 0, 0.00000000000000000000e+00) (0, 0, 0.00000000000000000000e+00) (0, 0, 0.00000000000000000000e+00) (0, 0, 0.00000000000000000000e+00) (0, 0, 0.00000000000000000000e+00) (0, 0, 0.00000000000000000000e+00) (0, 0, 0.00000000000000000000e+00) (0, 0, 0.00000000000000000000e+00) (0, 0, 0.00000000000000000000e+00) (0, 0, 0.00000000000000000000e+00) (0, 0, 0.00000000000000000000e+00) (0, 0, 0.00000000000000000000e+00) (0, 0, 0.00000000000000000000e+00) (0, 0, 0.00000000000000000000e+00) (0, 0, 0.00000000000000000000e+00) (0, 0, 0.00000000000000000000e+00) (0, 0, 0.00000000000000000000e+00) (0, 0, 0.00000000000000000000e+00) (0, 0, 0.00000000000000000000e+00) (0, 0, 0.00000000000000000000e+00) (0, 0, 0.00000000000000000000e+00) (0, 0, 0.00000000000000000000e+00) (0, 0, 0.00000000000000000000e+00) (0, 0, 0.00000000000000000000e+00) (0, 0, 0.00000000000000000000e+00) (0, 0, 0.00000000000000000000e+00) (105, 5, 5.00000000000000000000e-01) (105, 5, 5.00000000000000000000e-01) (105, 5, 5.00000000000000000000e-01) (105, 5, 5.00000000000000000000e-01) (105, 5, 5.00000000000000000000e-01) (105, 5, 5.00000000000000000000e-01) (105, 5, 5.00000000000000000000e-01) (105, 5, 5.00000000000000000000e-01) (105, 5, 5.00000000000000000000e-01) (105, 5, 5.00000000000000000000e-01) (105, 5, 5.00000000000000000000e-01) (105, 5, 5.00000000000000000000e-01) (105, 5, 5.00000000000000000000e-01) (105, 5, 5.00000000000000000000e-01) (105, 5, 5.00000000000000000000e-01) (105, 5, 5.00000000000000000000e-01) (105, 5, 5.00000000000000000000e-01) (105, 5, 5.00000000000000000000e-01) (105, 5, 5.00000000000000000000e-01) (105, 5, 5.00000000000000000000e-01) (105, 5, 5.00000000000000000000e-01) (105, 5, 5.00000000000000000000e-01) (105, 5, 5.00000000000000000000e-01) (105, 5, 5.00000000000000000000e-01) (105, 5, 5.00000000000000000000e-01) (0, 5, 0.00000000000000000000e+00) (26, 5, 5.00000000000000000000e-01) (0, 5, 0.00000000000000000000e+00) 
connections (connected_to_neuron, weight)=(0, -1.50000000000000000000e+03) (1, -1.50000000000000000000e+03) (2, -1.50000000000000000000e+03) (3, 4.09002304077148437500e-01) (4, -6.08524627685546875000e+01) (5, -1.50000000000000000000e+03) (6, -1.50000000000000000000e+03) (7, -1.42557582855224609375e+01) (8, -1.50000000000000000000e+03) (9, -1.50000000000000000000e+03) (10, -1.28858959674835205078e+00) (11, -9.83267395019531250000e+02) (12, -1.18957996368408203125e+00) (13, -1.50000000000000000000e+03) (14, -1.22523415088653564453e+00) (15, -2.46411943435668945312e+00) (16, -1.50000000000000000000e+03) (17, -7.58990764617919921875e-01) (18, -1.50000000000000000000e+03) (19, -1.56776356697082519531e+00) (20, -1.50000000000000000000e+03) (21, -1.50000000000000000000e+03) (22, -1.50000000000000000000e+03) (23, -1.50000000000000000000e+03) (24, -1.50000000000000000000e+03) (25, -1.50000000000000000000e+03) (26, -1.50000000000000000000e+03) (27, -5.91457307338714599609e-01) (28, -1.49962255859375000000e+03) (29, -1.49961962890625000000e+03) (30, -2.45820939540863037109e-01) (31, 3.30479800701141357422e-01) (32, 8.56028735637664794922e-01) (33, 2.37143564224243164062e+00) (34, 1.43249047851562500000e+03) (35, 1.50000000000000000000e+03) (36, 1.94543731212615966797e+00) (37, 1.50000000000000000000e+03) (38, 3.04007141113281250000e+02) (39, 1.62791466712951660156e+00) (40, 1.19304931163787841797e+00) (41, -1.49961816406250000000e+03) (42, -2.31503307819366455078e-01) (43, 2.52737283706665039062e+00) (44, -1.47534045410156250000e+03) (45, -1.70717024803161621094e+00) (46, -3.68334352970123291016e-02) (47, 1.50000000000000000000e+03) (48, -1.49962255859375000000e+03) (49, 6.94089233875274658203e-01) (50, -1.30453050136566162109e+00) (51, 2.89845436811447143555e-01) (52, -3.36729973554611206055e-01) (53, -1.49962304687500000000e+03) (54, -1.42102905273437500000e+03) (55, 1.50000000000000000000e+03) (56, -2.74264127016067504883e-01) (57, 1.50000000000000000000e+03) (58, 1.17589235305786132812e+00) (59, 1.65223068237304687500e+02) (60, -1.49746386718750000000e+03) (61, -1.49961608886718750000e+03) (62, -1.07040441036224365234e+00) (63, -1.50000000000000000000e+03) (64, -1.50000000000000000000e+03) (65, -8.31687867641448974609e-01) (66, -5.42187839746475219727e-02) (67, 1.50000000000000000000e+03) (68, -1.49916613769531250000e+03) (69, -1.50000000000000000000e+03) (70, -1.50000000000000000000e+03) (71, 5.19523285329341888428e-02) (72, -1.50000000000000000000e+03) (73, 1.64099121093750000000e+00) (74, -1.50000000000000000000e+03) (75, 4.23880159854888916016e-01) (76, -1.49960681152343750000e+03) (77, -8.68277587890625000000e+02) (78, -1.50000000000000000000e+03) (79, -2.21925258636474609375e+00) (80, -1.50000000000000000000e+03) (81, -2.04619026184082031250e+00) (82, -1.14017605781555175781e+00) (83, -1.50000000000000000000e+03) (84, -1.50000000000000000000e+03) (85, -1.50000000000000000000e+03) (86, -4.74751678466796875000e+02) (87, -4.82344061136245727539e-01) (88, -1.50000000000000000000e+03) (89, -1.49980871582031250000e+03) (90, -1.50000000000000000000e+03) (91, -5.73545396327972412109e-01) (92, -9.98310208320617675781e-01) (93, -3.70474319458007812500e+01) (94, -9.33886766433715820312e-01) (95, -3.01662921905517578125e-01) (96, -1.06987869739532470703e+00) (97, 9.27342057228088378906e-01) (98, -9.68018352985382080078e-01) (99, -1.28406083583831787109e+00) (100, -1.80578517913818359375e+00) (101, -9.72324252128601074219e-01) (102, -1.50000000000000000000e+03) (103, 1.50000000000000000000e+03) (104, 2.72575592994689941406e+00) (0, 5.68295001983642578125e-01) (1, 1.80696034431457519531e+00) (2, 1.92301046848297119141e+00) (3, 7.25103902816772460938e+00) (4, -3.06154775619506835938e+00) (5, -1.02554683685302734375e+01) (6, 3.69997906684875488281e+00) (7, -5.11014461517333984375e+00) (8, 1.00569877624511718750e+01) (9, -3.44243025779724121094e+00) (10, -8.29302024841308593750e+00) (11, 6.79024267196655273438e+00) (12, 9.73570048809051513672e-01) (13, -4.63331365585327148438e+00) (14, -3.04102212190628051758e-01) (15, -2.96410173177719116211e-01) (16, 1.54712810516357421875e+01) (17, 7.87689685821533203125e+00) (18, -1.35599875450134277344e+00) (19, -7.96709179878234863281e-01) (20, -2.32656717300415039062e+00) (21, 9.48733139038085937500e+00) (22, -5.58093881607055664062e+00) (23, -5.16883182525634765625e+00) (24, 1.33906984329223632812e+00) (25, 1.16313905715942382812e+01) (26, 7.58331871032714843750e+00) (27, 9.57833480834960937500e+00) (28, -1.36115188598632812500e+01) (29, 1.12001609802246093750e+00) (30, 1.09759950637817382812e+00) (31, 7.61465263366699218750e+00) (32, 5.91024875640869140625e+00) (33, -8.48872125148773193359e-01) (34, -4.87897992134094238281e-02) (35, 3.23869538307189941406e+00) (36, -4.42873859405517578125e+00) (37, 7.85857260227203369141e-01) (38, 1.82959187030792236328e+00) (39, 4.63731956481933593750e+00) (40, 4.28223705291748046875e+00) (41, -3.84183168411254882812e+00) (42, 1.93765556812286376953e+00) (43, -2.60937619209289550781e+00) (44, -3.40244084596633911133e-01) (45, -2.68244075775146484375e+00) (46, -3.20029926300048828125e+00) (47, -9.22973155975341796875e+00) (48, 4.38412338495254516602e-01) (49, 1.67552602291107177734e+00) (50, -1.29020893573760986328e+00) (51, -3.22434735298156738281e+00) (52, -2.37123966217041015625e+00) (53, 2.66380858421325683594e+00) (54, -5.38049578666687011719e-01) (55, 1.31402349472045898438e+00) (56, 2.91484355926513671875e+00) (57, 1.43893277645111083984e+00) (58, 2.56222295761108398438e+00) (59, 4.82273548841476440430e-01) (60, 1.07196629047393798828e+00) (61, -7.87216186523437500000e-01) (62, -7.45854020118713378906e-01) (63, -1.50900828838348388672e+00) (64, -3.02187943458557128906e+00) (65, -2.45787709951400756836e-01) (66, -3.95232772827148437500e+00) (67, -5.65214037895202636719e-01) (68, 1.39844873920083045959e-02) (69, -8.19904744625091552734e-01) (70, 2.56028223037719726562e+00) (71, -5.46880125999450683594e-01) (72, -2.77922511100769042969e+00) (73, 8.20409715175628662109e-01) (74, 1.32084465026855468750e+00) (75, 4.06355524063110351562e+00) (76, 1.32691669464111328125e+00) (77, -1.14420853555202484131e-01) (78, -1.39993697404861450195e-01) (79, -1.23292393982410430908e-01) (80, -4.06838208436965942383e-01) (81, 1.06376194953918457031e+00) (82, -1.41856983304023742676e-01) (83, -8.56975972652435302734e-01) (84, -1.03279674053192138672e+00) (85, -7.06715822219848632812e-01) (86, -1.60372093319892883301e-01) (87, 2.60651797056198120117e-01) (88, -1.53119349479675292969e+00) (89, -3.19536328315734863281e-01) (90, -6.75586581230163574219e-01) (91, -3.08417975902557373047e-01) (92, 1.08509826660156250000e+00) (93, -1.00751310586929321289e-01) (94, 3.31938117742538452148e-01) (95, 3.45293492078781127930e-01) (96, -7.76413902640342712402e-02) (97, 3.51879373192787170410e-02) (98, -9.51946526765823364258e-02) (99, 2.85884410142898559570e-01) (100, -1.74984466284513473511e-02) (101, 3.53945791721343994141e-02) (102, 4.58584356307983398438e+00) (103, 2.51155233383178710938e+00) (104, 2.02158379554748535156e+00) (0, -6.42250680923461914062e+00) (1, -2.83569574356079101562e+00) (2, 4.04643177986145019531e-01) (3, 8.39370131492614746094e-01) (4, -6.81360483169555664062e-01) (5, -2.29852747917175292969e+00) (6, 5.82943260669708251953e-01) (7, 7.13945388793945312500e+00) (8, -5.89711523056030273438e+00) (9, -1.10179483890533447266e+00) (10, 1.05745112895965576172e+00) (11, -2.25252819061279296875e+00) (12, -3.25307416915893554688e+00) (13, 4.58105611801147460938e+00) (14, 3.04804277420043945312e+00) (15, -5.42725181579589843750e+00) (16, 2.93990243226289749146e-02) (17, 1.25429630279541015625e-01) (18, 3.85064387321472167969e+00) (19, -2.04142212867736816406e-01) (20, 6.28616452217102050781e-01) (21, -1.88736796379089355469e+00) (22, 8.96764025092124938965e-02) (23, 5.81251755356788635254e-02) (24, -1.71080008149147033691e-01) (25, 2.95135092735290527344e+00) (26, 1.99166977405548095703e+00) (27, -5.42810320854187011719e-01) (28, 1.20066201686859130859e+00) (29, -6.43279731273651123047e-01) (30, -6.96936130523681640625e-01) (31, 1.17599809169769287109e+00) (32, -5.59855878353118896484e-01) (33, -4.04933243989944458008e-01) (34, -5.95726013183593750000e-01) (35, -2.98233181238174438477e-01) (36, -4.85978841781616210938e-01) (37, -3.42888712882995605469e-01) (38, -4.43460583686828613281e-01) (39, 1.92752671241760253906e+00) (40, 1.14893329143524169922e+00) (41, 3.93910288810729980469e-01) (42, -5.75549364089965820312e-01) (43, 7.92459249496459960938e-01) (44, -5.58978915214538574219e-01) (45, 1.77837193012237548828e+00) (46, 3.03994894027709960938e-01) (47, 4.32156276702880859375e+00) (48, 1.16993021965026855469e+00) (49, 1.80540931224822998047e+00) (50, -6.99257731437683105469e-01) (51, 6.62586987018585205078e-01) (52, -6.98922038078308105469e-01) (53, 1.41057300567626953125e+00) (54, -9.97524678707122802734e-01) (55, -2.16815066337585449219e+00) (56, -9.50503885746002197266e-01) (57, -9.42942917346954345703e-01) (58, -4.42725801467895507812e+00) (59, -5.64759016036987304688e-01) (60, -8.34988951683044433594e-01) (61, -1.02861344814300537109e+00) (62, 7.24255859851837158203e-01) (63, -6.14163279533386230469e-01) (64, 9.57094490528106689453e-01) (65, -7.75330185890197753906e-01) (66, -2.94749528169631958008e-01) (67, -2.28957459330558776855e-01) (68, -8.30541431903839111328e-01) (69, -3.77293914556503295898e-01) (70, 3.43135178089141845703e-01) (71, -7.80970156192779541016e-01) (72, -4.63965758681297302246e-02) (73, -8.08765828609466552734e-01) (74, 1.81934344768524169922e+00) (75, -2.11723312735557556152e-01) (76, 1.72042012214660644531e+00) (77, 2.38113254308700561523e-02) (78, -3.70332896709442138672e-01) (79, -3.14361512660980224609e-01) (80, 1.68901801109313964844e+00) (81, -8.34080159664154052734e-01) (82, -8.53020548820495605469e-01) (83, 1.41317760944366455078e+00) (84, 8.32663595676422119141e-01) (85, 1.77525949478149414062e+00) (86, -1.24762825667858123779e-01) (87, -6.43199920654296875000e-01) (88, 8.22498857975006103516e-01) (89, 6.64319276809692382812e-01) (90, 7.08249032497406005859e-01) (91, -1.01223266124725341797e+00) (92, -1.05769932270050048828e+00) (93, -6.38762354850769042969e-01) (94, -7.58522093296051025391e-01) (95, -7.29606866836547851562e-01) (96, -6.27765119075775146484e-01) (97, 1.02811837196350097656e+00) (98, 9.54444646835327148438e-01) (99, -9.19596731662750244141e-01) (100, -7.01769471168518066406e-01) (101, -8.60342979431152343750e-01) (102, 8.30446124076843261719e-01) (103, 2.25668430328369140625e+00) (104, 2.65634131431579589844e+00) (0, -1.05318641662597656250e+01) (1, -7.30108320713043212891e-01) (2, -1.29167532920837402344e+00) (3, 3.06929612159729003906e+00) (4, -5.46034574508666992188e-01) (5, -8.41465950012207031250e-01) (6, -5.43927371501922607422e-01) (7, -8.09162735939025878906e-01) (8, 1.73645865917205810547e+00) (9, -6.43902659416198730469e-01) (10, -5.64064204692840576172e-01) (11, -6.56960129737854003906e-01) (12, -4.84850376844406127930e-01) (13, -1.02600336074829101562e+00) (14, -4.96375024318695068359e-01) (15, -6.81078672409057617188e-01) (16, -1.09434163570404052734e+00) (17, -6.14718616008758544922e-01) (18, -1.15914046764373779297e+00) (19, -5.95274567604064941406e-01) (20, -1.10477113723754882812e+00) (21, -9.50905263423919677734e-01) (22, 1.34627568721771240234e+00) (23, -1.02581238746643066406e+00) (24, -1.02974951267242431641e+00) (25, -9.73913133144378662109e-01) (26, -6.08986675739288330078e-01) (27, -1.06599891185760498047e+00) (28, -2.77473837137222290039e-01) (29, -2.11499810218811035156e-01) (30, 6.18777930736541748047e-01) (31, -2.89497733116149902344e-01) (32, 6.47468626499176025391e-01) (33, 7.01159238815307617188e-01) (34, 3.30616211891174316406e+00) (35, 1.40568777918815612793e-01) (36, 1.20250189304351806641e+00) (37, 1.20804691314697265625e+00) (38, -4.87155050039291381836e-01) (39, 1.03501307964324951172e+00) (40, 1.33154380321502685547e+00) (41, 6.78886771202087402344e-01) (42, 2.41888570785522460938e+00) (43, 1.98489117622375488281e+00) (44, -1.18493664264678955078e+00) (45, -9.49932277202606201172e-01) (46, 7.91407394409179687500e+00) (47, -7.74482905864715576172e-01) (48, -1.12139034271240234375e+00) (49, 1.82847642898559570312e+00) (50, 1.75702738761901855469e+00) (51, -6.43830478191375732422e-01) (52, -3.97545732557773590088e-02) (53, -7.81396329402923583984e-01) (54, 2.29436564445495605469e+00) (55, -3.66009116172790527344e+00) (56, 2.64360189437866210938e+00) (57, 2.95043015480041503906e+00) (58, -3.19989800453186035156e+00) (59, 3.65408420562744140625e+00) (60, 1.60252070426940917969e+00) (61, -2.29322624206542968750e+00) (62, -5.93653142452239990234e-01) (63, -8.87363016605377197266e-01) (64, 2.54693776369094848633e-01) (65, -4.15196269750595092773e-02) (66, 4.14479351043701171875e+00) (67, 1.49225962162017822266e+00) (68, -1.93859487771987915039e-01) (69, 3.03056049346923828125e+00) (70, -2.41988107562065124512e-01) (71, 1.69012987613677978516e+00) (72, -3.44300389289855957031e-01) (73, -2.03816747665405273438e+00) (74, -3.89603114128112792969e+00) (75, 1.65192639827728271484e+00) (76, -4.69164180755615234375e+00) (77, -1.49478912353515625000e-01) (78, -7.24289953708648681641e-01) (79, -3.60315251350402832031e+00) (80, 3.76489400863647460938e+00) (81, 4.29787307977676391602e-01) (82, -1.12220489978790283203e+00) (83, 1.26407079696655273438e+01) (84, 5.99104070663452148438e+00) (85, -3.02680182456970214844e+00) (86, -2.92505532503128051758e-01) (87, -9.18292477726936340332e-02) (88, 4.94262123107910156250e+00) (89, -6.56018376350402832031e-01) (90, 4.36938047409057617188e+00) (91, -1.37913537025451660156e+00) (92, 3.01035332679748535156e+00) (93, 1.00069856643676757812e+00) (94, -1.24490953981876373291e-01) (95, 4.72052782773971557617e-01) (96, -6.22148156166076660156e-01) (97, -2.40911817550659179688e+00) (98, 1.51779925823211669922e+00) (99, -2.48549151420593261719e+00) (100, -1.71197205781936645508e-01) (101, -6.77752196788787841797e-01) (102, 4.00458201766014099121e-02) (103, 1.96975123882293701172e+00) (104, 1.86750507354736328125e+00) (0, 1.54965019226074218750e+00) (1, -1.07961034774780273438e+00) (2, -4.07950878143310546875e+00) (3, 1.01796531677246093750e+00) (4, -9.54531908035278320312e-01) (5, 2.94319462776184082031e+00) (6, -1.53769421577453613281e+00) (7, -1.33715844154357910156e+00) (8, 1.02543361485004425049e-01) (9, -6.56275928020477294922e-01) (10, 6.12163972854614257812e+00) (11, 6.71131908893585205078e-01) (12, -4.36379957199096679688e+00) (13, 1.15755236148834228516e+00) (14, 4.56310606002807617188e+00) (15, -4.70301240682601928711e-01) (16, 1.74956545233726501465e-01) (17, -5.14358854293823242188e+00) (18, -8.41173267364501953125e+00) (19, 6.27378761768341064453e-01) (20, 3.99705004692077636719e+00) (21, 8.50440025329589843750e+00) (22, -1.77560731768608093262e-01) (23, -1.57658946514129638672e+00) (24, -2.97168588638305664062e+00) (25, 2.23384141921997070312e+00) (26, 5.83142518997192382812e+00) (27, 3.44103622436523437500e+00) (28, -4.69118326902389526367e-01) (29, 9.77482914924621582031e-01) (30, 1.08507001399993896484e+00) (31, 2.54950612783432006836e-01) (32, 1.26147699356079101562e+00) (33, -3.55228757858276367188e+00) (34, -1.46629834175109863281e+00) (35, -1.84522426128387451172e+00) (36, 2.72065258026123046875e+00) (37, 1.29364991188049316406e+00) (38, -3.09702873229980468750e+00) (39, 1.65563535690307617188e+00) (40, 1.67564606666564941406e+00) (41, 1.09394478797912597656e+00) (42, 2.21589994430541992188e+00) (43, -5.83548545837402343750e+00) (44, 2.38895273208618164062e+00) (45, -4.12587136030197143555e-01) (46, 1.67817187309265136719e+00) (47, -1.19541482925415039062e+01) (48, -1.77243208885192871094e+00) (49, 3.20993185043334960938e-01) (50, -1.62868428230285644531e+00) (51, -2.61246180534362792969e+00) (52, -9.73228693008422851562e-01) (53, 3.82317805290222167969e+00) (54, 4.55289512872695922852e-01) (55, -1.14266179502010345459e-01) (56, 1.02504873275756835938e+00) (57, 1.88698458671569824219e+00) (58, 9.53656375408172607422e-01) (59, 2.51008653640747070312e+00) (60, -5.95098912715911865234e-01) (61, -1.98551225662231445312e+00) (62, 2.83119463920593261719e+00) (63, 1.65804052352905273438e+00) (64, -9.49208140373229980469e-01) (65, -3.89140456914901733398e-01) (66, 8.54380726814270019531e-01) (67, -2.42005750536918640137e-01) (68, -7.69984781742095947266e-01) (69, -4.36642795801162719727e-01) (70, -6.20297491550445556641e-01) (71, 1.44775283336639404297e+00) (72, -5.03668069839477539062e+00) (73, 5.39082169532775878906e-01) (74, 5.21401643753051757812e-01) (75, 1.06045496463775634766e+00) (76, 3.35320067405700683594e+00) (77, -2.09288239479064941406e-01) (78, -1.14099097251892089844e+00) (79, 1.48994493484497070312e+00) (80, -3.41478753089904785156e+00) (81, 1.34436845779418945312e+00) (82, 1.50954914093017578125e+00) (83, 2.21786797046661376953e-01) (84, 1.43648713827133178711e-01) (85, -4.98134419322013854980e-02) (86, 1.56227445602416992188e+00) (87, 5.77056169509887695312e-01) (88, 4.79090595245361328125e+00) (89, -1.95501297712326049805e-01) (90, 7.84421801567077636719e-01) (91, 1.45110583305358886719e+00) (92, -3.91581982374191284180e-01) (93, -6.71892464160919189453e-01) (94, 1.42644989490509033203e+00) (95, -2.32612922787666320801e-01) (96, 3.01491111516952514648e-01) (97, -3.45145523548126220703e-01) (98, -2.66264557838439941406e-01) (99, 1.15463972091674804688e+00) (100, -7.26859748363494873047e-01) (101, -5.27740955352783203125e-01) (102, 2.59312725067138671875e+00) (103, 3.01026344299316406250e-01) (104, 2.10997271537780761719e+00) (0, 1.93535652160644531250e+01) (1, -1.37925195693969726562e+01) (2, 2.74832487106323242188e-01) (3, 1.82433242797851562500e+01) (4, -2.75979137420654296875e+00) (5, 3.50294570922851562500e+01) (6, 1.23276262283325195312e+01) (7, -1.92820966243743896484e+00) (8, 2.19553508758544921875e+01) (9, 2.42142200469970703125e+00) (10, -1.80292415618896484375e+00) (11, -1.42898387908935546875e+01) (12, -2.83147263526916503906e+00) (13, 3.14483642578125000000e+00) (14, 1.12958264350891113281e+00) (15, 1.20344316959381103516e+00) (16, 1.15213882923126220703e+00) (17, 5.67493796348571777344e-01) (18, 8.30151844024658203125e+00) (19, -5.83880424499511718750e+00) (20, 6.65626466274261474609e-01) (21, 8.44950079917907714844e-02) (22, -5.27436435222625732422e-01) (23, -3.25885033607482910156e+00) (24, -1.62718856334686279297e+00) (25, 6.03317201137542724609e-01) (26, 1.94027459621429443359e+00) (27, -1.02193450927734375000e+00) (28, -1.25860118865966796875e+00) (29, 1.15427684783935546875e+00) (30, 1.37029156088829040527e-01) (31, 8.39094042778015136719e-01) (32, 2.52411037683486938477e-01) (33, -5.30644416809082031250e-01) (34, -2.63860821723937988281e+00) (35, -1.84997570514678955078e+00) (36, 3.78248319029808044434e-02) (37, 5.17286002635955810547e-01) (38, 9.26583707332611083984e-01) (39, 1.55949306488037109375e+00) (40, 2.72663021087646484375e+00) (41, -2.95178651809692382812e+00) (42, 1.62170398235321044922e+00) (43, 1.04532194137573242188e+00) (44, -3.19893211126327514648e-01) (45, 3.58608794212341308594e+00) (46, -2.04071688652038574219e+00) (47, 2.32125968933105468750e+01) (48, 4.01331806182861328125e+00) (49, -8.76972317695617675781e-01) (50, -1.35867238044738769531e-01) (51, -9.66601550579071044922e-01) (52, -8.01825523376464843750e-01) (53, -6.30704402923583984375e+00) (54, 4.52266007661819458008e-01) (55, -1.51498389244079589844e+00) (56, -1.06949500739574432373e-01) (57, 1.62425756454467773438e+00) (58, 1.81579685211181640625e+00) (59, -5.65329194068908691406e-01) (60, -2.40538001060485839844e+00) (61, 6.03282928466796875000e-01) (62, 1.82179903984069824219e+00) (63, -4.35594230890274047852e-01) (64, 1.14518058300018310547e+00) (65, 1.85494139790534973145e-01) (66, 5.40262877941131591797e-01) (67, 5.39015579223632812500e+00) (68, -3.12064647674560546875e-01) (69, -3.45057666301727294922e-01) (70, -9.64505612850189208984e-01) (71, 2.38133240491151809692e-02) (72, 2.08755746483802795410e-01) (73, 1.73205256462097167969e+00) (74, -5.67279867827892303467e-02) (75, 4.84525769948959350586e-01) (76, -5.15315711498260498047e-01) (77, -2.78160333633422851562e-01) (78, -2.81188905239105224609e-01) (79, -3.94391506910324096680e-01) (80, -3.92732691764831542969e+00) (81, 2.53582537174224853516e-01) (82, -1.40354111790657043457e-01) (83, -2.77428684234619140625e+01) (84, 4.10459786653518676758e-01) (85, -3.52816641330718994141e-01) (86, -3.14234852790832519531e-01) (87, 3.23538750410079956055e-01) (88, -2.06284180283546447754e-01) (89, 3.15937310457229614258e-01) (90, -2.98540651798248291016e-01) (91, 4.70543235540390014648e-01) (92, -2.74868071079254150391e-01) (93, 2.60323494672775268555e-01) (94, -4.06447440385818481445e-01) (95, 3.84471923112869262695e-01) (96, -3.38544070720672607422e-01) (97, 1.10781085491180419922e+00) (98, 6.96161687374114990234e-02) (99, 4.75848048925399780273e-01) (100, -3.84717673063278198242e-01) (101, 2.72591024637222290039e-01) (102, 1.50874376296997070312e+00) (103, 1.06012010574340820312e+00) (104, 2.15477347373962402344e+00) (0, 1.31211555004119873047e+00) (1, 6.45833849906921386719e-01) (2, 3.32294374704360961914e-01) (3, -1.87125909328460693359e+00) (4, 9.47708845138549804688e-01) (5, -7.93876469135284423828e-01) (6, 6.43959879875183105469e-01) (7, 1.32422959804534912109e+00) (8, -3.21816611289978027344e+00) (9, 1.48374927043914794922e+00) (10, 1.25704005360603332520e-01) (11, 3.29787522554397583008e-01) (12, -8.25987696647644042969e-01) (13, 2.25540828704833984375e+00) (14, -1.06273412704467773438e+00) (15, 2.34146428108215332031e+00) (16, 1.34830152988433837891e+00) (17, -9.31442320346832275391e-01) (18, 7.26682960987091064453e-01) (19, -9.22850787639617919922e-01) (20, 2.65509009361267089844e-01) (21, -4.45027291774749755859e-01) (22, -2.04563736915588378906e+00) (23, -4.50818508863449096680e-01) (24, 4.06937265396118164062e+00) (25, 9.31186079978942871094e-02) (26, 8.34275066852569580078e-01) (27, 1.23498603701591491699e-01) (28, -3.21074068546295166016e-01) (29, 1.53208208084106445312e+00) (30, 9.63271498680114746094e-01) (31, -3.34699958562850952148e-01) (32, -3.92383426427841186523e-01) (33, 7.61303365230560302734e-01) (34, -1.46485495567321777344e+00) (35, 1.34300816059112548828e+00) (36, 2.47362661361694335938e+00) (37, -1.70121014118194580078e+00) (38, -5.18487513065338134766e-01) (39, -4.50427711009979248047e-01) (40, 3.77063125371932983398e-01) (41, -8.88770759105682373047e-01) (42, -7.80692160129547119141e-01) (43, -1.84113776683807373047e+00) (44, -1.09605737030506134033e-01) (45, -6.83821797370910644531e-01) (46, -1.97721374034881591797e+00) (47, -5.45121788978576660156e-01) (48, 5.18779993057250976562e+00) (49, 1.53796291351318359375e+00) (50, -1.39572238922119140625e+00) (51, -9.33175623416900634766e-01) (52, -9.54978823661804199219e-01) (53, 4.77144628763198852539e-01) (54, -1.00576269626617431641e+00) (55, -1.20499777793884277344e+00) (56, -2.45691820979118347168e-01) (57, 1.43213307857513427734e+00) (58, -8.64501833915710449219e-01) (59, -9.51747357845306396484e-01) (60, -7.59819209575653076172e-01) (61, -1.27730238437652587891e+00) (62, 7.24925458431243896484e-01) (63, -7.77125120162963867188e-01) (64, 1.57221484184265136719e+00) (65, 1.05417239665985107422e+00) (66, 1.36912119388580322266e+00) (67, 1.26176789402961730957e-01) (68, 1.38337075710296630859e+00) (69, 8.83154988288879394531e-01) (70, 2.72338360548019409180e-01) (71, -8.24636459350585937500e-01) (72, 3.15698564052581787109e-01) (73, -9.27638947963714599609e-01) (74, 1.23696994781494140625e+00) (75, 5.40949165821075439453e-01) (76, 3.65800231695175170898e-01) (77, 1.42988193035125732422e+00) (78, 7.71384060382843017578e-01) (79, 3.61914724111557006836e-01) (80, 1.56752181053161621094e+00) (81, -7.96224772930145263672e-01) (82, 3.27414065599441528320e-01) (83, -4.64951395988464355469e-01) (84, -9.41726386547088623047e-01) (85, -8.92146706581115722656e-01) (86, -8.36663782596588134766e-01) (87, -4.62490230798721313477e-01) (88, 1.30768823623657226562e+00) (89, 7.18701928853988647461e-02) (90, -1.24910958111286163330e-01) (91, 3.64236161112785339355e-02) (92, -1.01771402359008789062e+00) (93, 1.54490959644317626953e+00) (94, -7.40040361881256103516e-01) (95, -1.50139820575714111328e+00) (96, 2.73889809846878051758e-01) (97, -8.44323277473449707031e-01) (98, -9.39451277256011962891e-01) (99, -2.28499382734298706055e-01) (100, -8.16720426082611083984e-01) (101, -5.33608615398406982422e-01) (102, -3.08990693092346191406e+00) (103, 6.55043506622314453125e+00) (104, 2.82270932197570800781e+00) (0, -3.61597001552581787109e-01) (1, 7.40575313568115234375e-01) (2, -1.34916499257087707520e-01) (3, 7.32770979404449462891e-01) (4, 1.16528534889221191406e+00) (5, 2.26880526542663574219e+00) (6, 6.45118176937103271484e-01) (7, -5.12905895709991455078e-01) (8, -2.83431380987167358398e-01) (9, -5.73644220829010009766e-01) (10, -1.06908392906188964844e+00) (11, -5.56679964065551757812e-01) (12, -1.03000831604003906250e+00) (13, -1.69486999511718750000e-01) (14, -1.06526291370391845703e+00) (15, 1.15899324417114257812e+00) (16, 1.18118679523468017578e+00) (17, -5.20776629447937011719e-01) (18, 3.57913047075271606445e-01) (19, -1.59840270876884460449e-01) (20, 1.30191826820373535156e+00) (21, 4.78976249694824218750e-01) (22, 4.21894967555999755859e-01) (23, 1.31019222736358642578e+00) (24, 3.95349800586700439453e-01) (25, -1.50191470980644226074e-01) (26, 1.30573344230651855469e+00) (27, 2.01881751418113708496e-01) (28, -1.16825304925441741943e-01) (29, 4.54621434211730957031e-01) (30, 2.00077056884765625000e-01) (31, -3.95911991596221923828e-01) (32, 6.42485499382019042969e-01) (33, -3.79569619894027709961e-01) (34, 4.32347744703292846680e-01) (35, 1.67407119274139404297e+00) (36, 4.39847052097320556641e-01) (37, -1.98231160640716552734e-01) (38, 4.87058818340301513672e-01) (39, 3.95718097686767578125e-01) (40, 2.67844200134277343750e-01) (41, 2.04376220703125000000e-01) (42, -7.42327392101287841797e-01) (43, -7.95555889606475830078e-01) (44, -5.35466969013214111328e-01) (45, 4.78695571422576904297e-01) (46, 3.10946166515350341797e-01) (47, -8.42241764068603515625e-01) (48, 2.25927472114562988281e-01) (49, 6.12969219684600830078e-01) (50, -5.99000871181488037109e-01) (51, -1.43743813037872314453e-01) (52, -8.19571614265441894531e-01) (53, 9.44859087467193603516e-01) (54, -1.43049740791320800781e+00) (55, 8.94277215003967285156e-01) (56, 6.19323074817657470703e-01) (57, 3.24028193950653076172e-01) (58, -1.01105630397796630859e+00) (59, 3.75385820865631103516e-01) (60, 1.01204574108123779297e+00) (61, -4.04139637947082519531e-01) (62, 6.57465457916259765625e-01) (63, 3.84426534175872802734e-01) (64, 5.10861992835998535156e-01) (65, 3.11964929103851318359e-01) (66, -1.23229765892028808594e+00) (67, 1.33418753743171691895e-01) (68, -1.61237463355064392090e-01) (69, 6.66743814945220947266e-01) (70, 2.76211917400360107422e-01) (71, -1.14493823051452636719e+00) (72, -3.67092698812484741211e-01) (73, -6.55665993690490722656e-01) (74, 9.08218100666999816895e-02) (75, 5.63336670398712158203e-01) (76, 2.90774732828140258789e-01) (77, -5.51865547895431518555e-02) (78, -1.07914972305297851562e+00) (79, -9.58103716373443603516e-01) (80, 1.91344213485717773438e+00) (81, -2.80060749500989913940e-02) (82, -8.81140232086181640625e-01) (83, 3.26991677284240722656e+00) (84, -9.90558028221130371094e-01) (85, -1.71981975436210632324e-01) (86, 3.44543039798736572266e-01) (87, -9.73303258419036865234e-01) (88, 2.02342176437377929688e+00) (89, 5.06436675786972045898e-02) (90, 1.09864068031311035156e+00) (91, -6.06393218040466308594e-01) (92, 1.78137433528900146484e+00) (93, -5.54750084877014160156e-01) (94, -9.17668342590332031250e-02) (95, -1.19325745105743408203e+00) (96, -8.23444485664367675781e-01) (97, -1.09881317615509033203e+00) (98, 2.86126881837844848633e-02) (99, -9.32802796363830566406e-01) (100, 3.11571896076202392578e-01) (101, -9.80944335460662841797e-01) (102, -1.55476987361907958984e+00) (103, 3.68332505226135253906e+00) (104, 2.49216341972351074219e+00) (0, -7.17944204807281494141e-01) (1, -5.16272888183593750000e+02) (2, 9.88536254882812500000e+02) (3, 1.72713220119476318359e-01) (4, -1.59098446369171142578e+00) (5, 8.73653335571289062500e+01) (6, -3.52786874771118164062e+00) (7, 1.94779360294342041016e+00) (8, -3.14500751495361328125e+01) (9, 1.94916200637817382812e+00) (10, 2.15507626533508300781e-01) (11, -2.66349945068359375000e+01) (12, -1.19956755638122558594e+00) (13, 1.59238767623901367188e+00) (14, -3.82503598928451538086e-01) (15, -2.65847587585449218750e+00) (16, 1.95484173297882080078e+00) (17, -1.32393527030944824219e+00) (18, 5.65868663787841796875e+00) (19, -2.19337031245231628418e-01) (20, 3.87055969238281250000e+00) (21, -4.33427751064300537109e-01) (22, -9.24451947212219238281e-01) (23, 9.30961608886718750000e-01) (24, 1.97610914707183837891e+00) (25, 1.88855397701263427734e+00) (26, 1.55658245086669921875e-01) (27, 1.94576108455657958984e+00) (28, 2.35544204711914062500e+00) (29, 2.02135491371154785156e+00) (30, -1.01618021726608276367e-01) (31, -1.69955760240554809570e-01) (32, -3.37497055530548095703e-01) (33, -3.60889768600463867188e+00) (34, -2.18948817253112792969e+00) (35, -2.82243669033050537109e-01) (36, -7.08934366703033447266e-01) (37, -1.42386436462402343750e+00) (38, -2.26794332265853881836e-01) (39, 9.83924865722656250000e-02) (40, 2.17948651313781738281e+00) (41, 1.39155740737915039062e+01) (42, -6.37542009353637695312e-01) (43, 9.78383898735046386719e-01) (44, -3.14117938280105590820e-01) (45, -2.49613094329833984375e+00) (46, 9.15062546730041503906e-01) (47, 8.55421081542968750000e+02) (48, -4.96614038944244384766e-01) (49, 1.87662851810455322266e+00) (50, 2.99049437046051025391e-01) (51, -1.12341749668121337891e+00) (52, -4.62997913360595703125e+00) (53, -1.02204096317291259766e+00) (54, -6.11768484115600585938e-01) (55, 1.71692276000976562500e+00) (56, -5.27344346046447753906e-01) (57, 2.33127903938293457031e+00) (58, 4.62679195404052734375e+00) (59, -4.93598133325576782227e-01) (60, 3.50824785232543945312e+00) (61, -9.62419092655181884766e-01) (62, -1.08411741256713867188e+00) (63, -1.12676072120666503906e+00) (64, -4.16945457458496093750e+00) (65, -1.03812313079833984375e+00) (66, -1.07021503448486328125e+01) (67, -3.78190183639526367188e+00) (68, -3.65589570999145507812e+00) (69, 5.92353963851928710938e+00) (70, -5.05854249000549316406e-01) (71, -1.14952170848846435547e+00) (72, -1.14943087100982666016e+00) (73, -3.44236183166503906250e+00) (74, -4.46905940771102905273e-01) (75, -4.74412202835083007812e+00) (76, -2.44172841310501098633e-01) (77, -3.65225106477737426758e-01) (78, 1.33352708816528320312e+01) (79, -7.99301922321319580078e-01) (80, -6.02283264160156250000e+02) (81, 5.50848770141601562500e+00) (82, -1.01815915107727050781e+00) (83, -7.08065917968750000000e+02) (84, -5.94682633876800537109e-01) (85, -1.30410587787628173828e+00) (86, -4.66749995946884155273e-01) (87, -1.00902855396270751953e+00) (88, 8.11337292194366455078e-01) (89, -7.50223278999328613281e-01) (90, 1.68641269207000732422e+00) (91, -8.10035109519958496094e-01) (92, -1.11484396457672119141e+00) (93, -1.06792807579040527344e+00) (94, -1.03769719600677490234e+00) (95, -1.70696556568145751953e+00) (96, -1.05279767513275146484e+00) (97, -1.17029106616973876953e+00) (98, -1.05731868743896484375e+00) (99, -1.89379382133483886719e+00) (100, -4.32268947362899780273e-01) (101, -5.19235968589782714844e-01) (102, 1.52586770057678222656e+00) (103, 9.52902495861053466797e-01) (104, 2.96636724472045898438e+00) (0, -6.52562189102172851562e+00) (1, -9.18396115303039550781e-01) (2, 1.13493776321411132812e+00) (3, 2.58974456787109375000e+00) (4, 9.29831445217132568359e-01) (5, -1.56355524063110351562e+00) (6, 3.44128608703613281250e+00) (7, -6.98166251182556152344e-01) (8, -2.38447499275207519531e+00) (9, 1.01267564296722412109e+00) (10, -3.84546339511871337891e-01) (11, 7.19637334346771240234e-01) (12, 5.42527697980403900146e-02) (13, -3.94146680831909179688e+00) (14, -7.07939267158508300781e-01) (15, 6.01886138319969177246e-02) (16, -3.82859200239181518555e-01) (17, -7.41119861602783203125e-01) (18, -1.23700237274169921875e+00) (19, 8.47415998578071594238e-02) (20, -1.60103416442871093750e+00) (21, -2.45842933654785156250e+00) (22, 7.18506932258605957031e-01) (23, 5.05588829517364501953e-01) (24, 1.97711837291717529297e+00) (25, -4.17244482040405273438e+00) (26, -1.94671607017517089844e+00) (27, 1.01514530181884765625e+00) (28, -9.93576467037200927734e-01) (29, -4.70932692289352416992e-01) (30, 1.99960315227508544922e+00) (31, -1.79009056091308593750e+00) (32, -4.10741001367568969727e-01) (33, 2.74634151719510555267e-03) (34, 5.81132555007934570312e+00) (35, 2.52650469541549682617e-01) (36, 1.77957877516746520996e-01) (37, -7.41382181644439697266e-01) (38, 4.05805021524429321289e-01) (39, -6.14055871963500976562e-01) (40, 4.29377466440200805664e-01) (41, 4.36504077911376953125e+00) (42, 2.27824285626411437988e-01) (43, 4.47727441787719726562e+00) (44, -2.60852277278900146484e-01) (45, 6.07746696472167968750e+00) (46, -3.53835320472717285156e+00) (47, -8.49218070507049560547e-01) (48, -2.39483690261840820312e+00) (49, -1.31677973270416259766e+00) (50, -2.12643694877624511719e+00) (51, 1.81761074066162109375e+00) (52, 2.57423233985900878906e+00) (53, -8.10365259647369384766e-01) (54, 2.99677920341491699219e+00) (55, 2.26908779144287109375e+00) (56, 2.20934772491455078125e+00) (57, -3.91382193565368652344e+00) (58, 1.40996813774108886719e+00) (59, 9.56863343715667724609e-01) (60, -3.38237971067428588867e-01) (61, 9.51810255646705627441e-02) (62, 1.34105217456817626953e+00) (63, 6.59469187259674072266e-01) (64, 1.42677760124206542969e+00) (65, 1.41895890235900878906e+00) (66, 1.18953716754913330078e+00) (67, -1.50589495897293090820e-01) (68, 6.56364679336547851562e+00) (69, 1.81976612657308578491e-02) (70, 2.02520537376403808594e+00) (71, -6.11371874809265136719e-01) (72, 2.97740674018859863281e+00) (73, 3.84145474433898925781e+00) (74, -4.94314134120941162109e-01) (75, -5.02179813385009765625e+00) (76, 1.77755749225616455078e+00) (77, 6.16892218589782714844e-01) (78, 1.81028664112091064453e+00) (79, -1.15783519744873046875e+01) (80, 5.80761432647705078125e+00) (81, 2.50805306434631347656e+00) (82, -2.42955780029296875000e+00) (83, -3.03414374589920043945e-01) (84, -2.25014615058898925781e+00) (85, 6.95719957351684570312e+00) (86, 2.75074213743209838867e-01) (87, -3.84550690650939941406e-01) (88, -2.81745791435241699219e+00) (89, -1.40636277198791503906e+00) (90, -2.72501736879348754883e-01) (91, -9.80164706707000732422e-02) (92, 1.27077018842101097107e-02) (93, -1.33256173133850097656e+00) (94, 8.07727575302124023438e-01) (95, -8.56204092502593994141e-01) (96, 7.99534976482391357422e-01) (97, -1.52689909934997558594e+00) (98, 3.92815917730331420898e-01) (99, 1.47597646713256835938e+00) (100, -1.22710786759853363037e-01) (101, -1.79958140850067138672e+00) (102, 2.10391715168952941895e-01) (103, 1.73344099521636962891e+00) (104, 1.15747559070587158203e+00) (0, 1.01946693420410156250e+02) (1, 1.22562118530273437500e+02) (2, -6.32932678222656250000e+02) (3, -7.22564995288848876953e-01) (4, 3.10846958160400390625e+01) (5, 3.05073394775390625000e+02) (6, 1.12603008747100830078e-01) (7, 2.05503630638122558594e+00) (8, 6.60554199218750000000e+01) (9, 1.25362843275070190430e-01) (10, -9.79571163654327392578e-01) (11, 1.48403179645538330078e+00) (12, -2.95372247695922851562e-01) (13, 1.52553768157958984375e+01) (14, -1.18376888334751129150e-01) (15, 3.59033536911010742188e+00) (16, 1.46874618530273437500e+00) (17, 2.13840794563293457031e+00) (18, 1.93224537372589111328e+00) (19, 2.19461679458618164062e+00) (20, 1.02274351119995117188e+01) (21, 3.74059557914733886719e-01) (22, -2.44836181402206420898e-01) (23, 2.20363593101501464844e+00) (24, 2.22117424011230468750e+00) (25, 2.57772541046142578125e+00) (26, 6.49998474121093750000e+00) (27, 2.01366305351257324219e+00) (28, 2.01752638816833496094e+00) (29, 1.29370784759521484375e+00) (30, 4.97580349445343017578e-01) (31, 2.70622467994689941406e+00) (32, -4.66961979866027832031e-01) (33, -2.02316910028457641602e-01) (34, -1.26993811130523681641e+00) (35, -2.17775797843933105469e+00) (36, -6.79530477523803710938e+00) (37, -3.46705126762390136719e+00) (38, 7.39323973655700683594e-01) (39, -1.00154304504394531250e+00) (40, -5.39397954940795898438e-01) (41, -8.04736614227294921875e-01) (42, -2.67199009656906127930e-01) (43, 6.59474790096282958984e-01) (44, 1.82660281658172607422e+00) (45, 2.39202070236206054688e+00) (46, 1.06394755840301513672e+00) (47, -1.96438537597656250000e+02) (48, -5.61726868152618408203e-01) (49, 2.44962483644485473633e-01) (50, 1.62855945527553558350e-02) (51, -2.31823548674583435059e-01) (52, 2.57535159587860107422e-01) (53, 4.84671497344970703125e+00) (54, 6.85398340225219726562e-01) (55, 2.45245676487684249878e-02) (56, 1.89762759208679199219e+00) (57, -1.02904713153839111328e+00) (58, 4.66675400733947753906e-01) (59, 1.14571285247802734375e+01) (60, 2.46636093139648437500e+02) (61, -1.96651148796081542969e+00) (62, 1.30858325958251953125e+00) (63, 8.84284400939941406250e+00) (64, 1.38433980941772460938e+00) (65, 6.59765601158142089844e-01) (66, -1.39329046010971069336e-01) (67, -1.83259701728820800781e+00) (68, 5.99813461303710937500e-01) (69, 1.51468694210052490234e+00) (70, 2.08826231956481933594e+00) (71, -1.44594777375459671021e-02) (72, 7.70711421966552734375e-01) (73, -2.94487655162811279297e-01) (74, 5.86484789848327636719e-01) (75, 5.22768795490264892578e-01) (76, 1.61268270015716552734e+00) (77, 5.94847142696380615234e-01) (78, 1.07768380641937255859e+00) (79, 8.27438473701477050781e-01) (80, 7.10013656616210937500e+01) (81, 1.80305469036102294922e+00) (82, 4.26588535308837890625e-01) (83, 4.79625015258789062500e+01) (84, 7.85982608795166015625e-01) (85, 7.08050918579101562500e+00) (86, 6.09325647354125976562e-01) (87, -1.58720210194587707520e-01) (88, 6.54493951797485351562e+00) (89, 1.17059743404388427734e+00) (90, 6.30647301673889160156e-01) (91, 1.04667484760284423828e+00) (92, 1.07940018177032470703e+00) (93, 1.55547571182250976562e+00) (94, 6.70676589012145996094e-01) (95, 7.58366346359252929688e-01) (96, -1.33610025048255920410e-01) (97, -8.97511690855026245117e-02) (98, 5.92750012874603271484e-01) (99, -1.51073381304740905762e-01) (100, 7.83603906631469726562e-01) (101, 3.75262767076492309570e-01) (102, 1.50000000000000000000e+03) (103, -1.50000000000000000000e+03) (104, 2.02757573127746582031e+00) (0, -1.79417877197265625000e+01) (1, -2.89070404052734375000e+02) (2, 4.06718627929687500000e+02) (3, 6.99546813964843750000e-01) (4, -2.17903244018554687500e+02) (5, -8.49890899658203125000e+00) (6, -2.92502427101135253906e+00) (7, -6.44447326660156250000e-01) (8, -7.46999816894531250000e+01) (9, -2.25106024742126464844e+00) (10, 6.41179740428924560547e-01) (11, -1.80912818908691406250e+01) (12, -5.62205240130424499512e-02) (13, 1.01255536079406738281e-01) (14, -1.31012654304504394531e+00) (15, -4.20602941513061523438e+00) (16, -6.40639543533325195312e-01) (17, -7.63578534126281738281e-01) (18, -7.55664288997650146484e-01) (19, -2.46862745285034179688e+00) (20, 1.07996177673339843750e+00) (21, -7.05934226512908935547e-01) (22, 5.57429790496826171875e-01) (23, 1.72022998332977294922e+00) (24, -1.15809106826782226562e+00) (25, -1.06063926219940185547e+00) (26, 1.74767032265663146973e-01) (27, -6.69669806957244873047e-01) (28, -6.77053511142730712891e-01) (29, -3.52714002132415771484e-01) (30, 2.03465533256530761719e+00) (31, 1.20643913745880126953e+00) (32, 2.04318046569824218750e+00) (33, 1.95476222038269042969e+00) (34, -1.32877504825592041016e+00) (35, 2.42476534843444824219e+00) (36, 1.55323553085327148438e+00) (37, 7.41847896575927734375e+00) (38, -2.10842800140380859375e+00) (39, 1.17182564735412597656e+00) (40, -3.92002671957015991211e-01) (41, 5.68859910964965820312e+00) (42, 6.31754174828529357910e-02) (43, 2.35266470909118652344e+00) (44, -5.63690245151519775391e-01) (45, -4.31838083267211914062e+00) (46, 7.11870253086090087891e-01) (47, 8.52247009277343750000e+02) (48, 1.22573590278625488281e+00) (49, -2.13786005973815917969e+00) (50, -1.80060279369354248047e+00) (51, -5.02066731452941894531e-01) (52, -1.08894431591033935547e+00) (53, -1.05830574035644531250e+00) (54, -2.09655240178108215332e-01) (55, -2.63514399528503417969e+00) (56, -5.65982758998870849609e-01) (57, -9.37569141387939453125e-01) (58, 6.08583152294158935547e-01) (59, 1.40412893295288085938e+01) (60, -3.66497344970703125000e+01) (61, -3.62117338180541992188e+00) (62, 1.08144812285900115967e-01) (63, -4.40989208221435546875e+00) (64, 3.96332219243049621582e-02) (65, -6.69835925102233886719e-01) (66, -1.43840134143829345703e-01) (67, -1.16858541965484619141e+00) (68, -2.62870192527770996094e+00) (69, -2.47948765754699707031e+00) (70, -8.45219552516937255859e-01) (71, -4.61907207965850830078e-01) (72, -7.46426463127136230469e-01) (73, 1.78413617610931396484e+00) (74, -6.70065820217132568359e-01) (75, -1.10048449039459228516e+00) (76, -3.83748710155487060547e-01) (77, -4.95990008115768432617e-01) (78, 1.02138173580169677734e+00) (79, -1.34122490882873535156e+00) (80, -3.27400390625000000000e+02) (81, 2.16471016407012939453e-01) (82, 1.10162878036499023438e+00) (83, -3.81682281494140625000e+02) (84, 3.29154789447784423828e-01) (85, -3.92415618896484375000e+00) (86, -8.28070759773254394531e-01) (87, -1.31212949752807617188e-01) (88, -8.70008754730224609375e+00) (89, 9.24675539135932922363e-02) (90, -1.35824632644653320312e+00) (91, -2.01187944412231445312e+00) (92, -1.07053112983703613281e+00) (93, -5.47662138938903808594e-01) (94, -9.07078504562377929688e-01) (95, -2.73010879755020141602e-01) (96, -6.16104185581207275391e-01) (97, 1.52725505828857421875e+00) (98, -8.03801715373992919922e-01) (99, -1.59477606415748596191e-01) (100, -9.32668864727020263672e-01) (101, -9.42130684852600097656e-01) (102, 6.73442029953002929688e+00) (103, -1.78123199939727783203e+00) (104, 2.65109205245971679688e+00) (0, -1.98874008655548095703e+00) (1, -4.27654296159744262695e-01) (2, -8.78756642341613769531e-01) (3, 2.22358036041259765625e+00) (4, 3.44346374273300170898e-01) (5, -1.08321450650691986084e-01) (6, 4.73002761602401733398e-01) (7, -5.27089238166809082031e-01) (8, -1.66489064693450927734e+00) (9, -4.34428244829177856445e-01) (10, -1.02082483470439910889e-01) (11, 3.05759552866220474243e-02) (12, 3.98766130208969116211e-01) (13, -1.98044776916503906250e+00) (14, 8.39958727359771728516e-01) (15, -3.76825720071792602539e-01) (16, -3.36872696876525878906e-01) (17, -1.76047533750534057617e-01) (18, -4.90650027990341186523e-01) (19, -8.11698138713836669922e-01) (20, 1.33487975597381591797e+00) (21, 3.96971553564071655273e-01) (22, -4.54492211341857910156e-01) (23, 4.65158015489578247070e-01) (24, 2.99698621034622192383e-01) (25, 1.59644410014152526855e-01) (26, -8.40578019618988037109e-01) (27, 8.27048361301422119141e-01) (28, 3.80092591047286987305e-01) (29, -4.29434478282928466797e-01) (30, -2.86415040493011474609e-01) (31, 1.73229587078094482422e+00) (32, 3.42226892709732055664e-01) (33, 1.23133420944213867188e+00) (34, 1.16830754280090332031e+00) (35, 2.47465753555297851562e+00) (36, 2.46397495269775390625e+00) (37, 2.42588210105895996094e+00) (38, 1.71141788363456726074e-01) (39, 2.71600770950317382812e+00) (40, -3.68953466415405273438e-01) (41, -1.00521790981292724609e+00) (42, 1.28290140628814697266e+00) (43, 2.72802948951721191406e+00) (44, 2.25344777107238769531e+00) (45, 2.02234193682670593262e-01) (46, -7.28545010089874267578e-01) (47, -3.90356510877609252930e-01) (48, -3.33674341440200805664e-01) (49, 5.80475449562072753906e-01) (50, 1.54283821582794189453e+00) (51, -1.88589823246002197266e+00) (52, 1.42018306255340576172e+00) (53, -1.34301757812500000000e+00) (54, -1.79782435297966003418e-01) (55, -1.47100651264190673828e+00) (56, 2.55748242139816284180e-01) (57, -2.61479496955871582031e-01) (58, -1.16576838493347167969e+00) (59, 1.31984949111938476562e+00) (60, 1.44018423557281494141e+00) (61, -2.80075788497924804688e-01) (62, 4.15342599153518676758e-01) (63, -1.17591547966003417969e+00) (64, 1.33654817938804626465e-01) (65, 1.32043087482452392578e+00) (66, -1.83246784210205078125e+01) (67, -6.67730420827865600586e-02) (68, 3.85082960128784179688e+00) (69, 1.61267483234405517578e+00) (70, -1.66495621204376220703e-01) (71, -4.23085868358612060547e-01) (72, 2.02625131607055664062e+00) (73, -5.79050445556640625000e+00) (74, -3.38869035243988037109e-01) (75, 2.27647900581359863281e+00) (76, 1.23632037639617919922e+00) (77, 3.58311504125595092773e-01) (78, -1.92470932006835937500e+00) (79, -1.74983906745910644531e+00) (80, 4.07519817352294921875e+00) (81, -1.74623346328735351562e+00) (82, -1.77469328045845031738e-01) (83, 6.64081871509552001953e-01) (84, -1.63715052604675292969e+00) (85, -5.30014610290527343750e+00) (86, -3.48843783140182495117e-01) (87, -3.88524591922760009766e-01) (88, 3.69405359029769897461e-01) (89, 4.34315347671508789062e+00) (90, 8.15133273601531982422e-01) (91, -2.78819012641906738281e+00) (92, 2.07405495643615722656e+00) (93, -6.04110434651374816895e-02) (94, -3.17897677421569824219e-01) (95, -3.09073615074157714844e+00) (96, -3.18359225988388061523e-01) (97, -2.19922733306884765625e+00) (98, 1.96781814098358154297e-01) (99, -9.66233611106872558594e-01) (100, -3.38895410299301147461e-01) (101, 3.10888648033142089844e+00) (102, 1.05197846889495849609e+00) (103, 7.40658521652221679688e-01) (104, 2.18433547019958496094e+00) (0, -2.21942642211914062500e+02) (1, -9.73547744750976562500e+00) (2, -3.69641095399856567383e-01) (3, 2.28325152397155761719e+00) (4, 1.27542924880981445312e+00) (5, -4.08337306976318359375e+00) (6, 2.35626316070556640625e+00) (7, 5.44559061527252197266e-01) (8, -4.71814346313476562500e+00) (9, 5.13928472995758056641e-01) (10, 3.81764650344848632812e+00) (11, 1.34860610961914062500e+00) (12, 2.27912139892578125000e+00) (13, 3.27317695617675781250e+01) (14, 1.56124114990234375000e+00) (15, 5.69012105464935302734e-01) (16, -5.64493462443351745605e-02) (17, 1.62922251224517822266e+00) (18, -1.02922677993774414062e+00) (19, 4.28033173084259033203e-01) (20, 7.66987502574920654297e-01) (21, 2.38112525939941406250e+01) (22, 2.30163145065307617188e+00) (23, 1.70463001728057861328e+00) (24, -3.71816024780273437500e+01) (25, -5.49578437805175781250e+01) (26, 1.08441054821014404297e+00) (27, 8.35284531116485595703e-01) (28, -1.18651323318481445312e+01) (29, 1.21349416673183441162e-01) (30, 2.08695578575134277344e+00) (31, 9.77653384208679199219e-01) (32, 1.74804651737213134766e+00) (33, 1.84885776042938232422e+00) (34, -7.31562652587890625000e+01) (35, 3.37668518066406250000e+02) (36, 2.33131361007690429688e+00) (37, 3.86745223999023437500e+01) (38, 1.50773692131042480469e+00) (39, 1.66616642475128173828e+00) (40, 5.62872428894042968750e+01) (41, 4.54418792724609375000e+01) (42, 1.67125487327575683594e+00) (43, 1.29582605361938476562e+01) (44, 3.34938697814941406250e+01) (45, 5.26060342788696289062e+00) (46, 3.97730159759521484375e+00) (47, 1.57616989135742187500e+02) (48, 6.49177017211914062500e+01) (49, 9.97629702091217041016e-01) (50, 2.06391787528991699219e+00) (51, 3.29361271858215332031e+00) (52, 1.31710040569305419922e+00) (53, -1.80695610046386718750e+01) (54, 1.53102523803710937500e+02) (55, -4.08545417785644531250e+01) (56, 1.91585099697113037109e+00) (57, 1.17432708740234375000e+01) (58, 2.04010269165039062500e+02) (59, -2.71086978912353515625e+00) (60, 1.14794552326202392578e+00) (61, 9.01665115356445312500e+00) (62, 2.12663078308105468750e+00) (63, 1.42183884978294372559e-01) (64, 5.20278930664062500000e-01) (65, 1.43037760257720947266e+00) (66, 4.29490470886230468750e+00) (67, 9.45719420909881591797e-01) (68, 1.07431435585021972656e+00) (69, 8.76209437847137451172e-01) (70, 1.32566142082214355469e+00) (71, 3.37752151489257812500e+00) (72, 1.58820402622222900391e+00) (73, 2.25454788208007812500e+01) (74, 8.29149246215820312500e-01) (75, 1.61332237720489501953e+00) (76, 1.32933616638183593750e+00) (77, 2.21274614334106445312e+00) (78, 2.07496619224548339844e+00) (79, 2.05593848228454589844e+00) (80, -2.04860115051269531250e+01) (81, 1.87885057926177978516e+00) (82, 2.17326068878173828125e+00) (83, -1.24814677238464355469e+00) (84, 2.08619952201843261719e+00) (85, -1.79840743541717529297e-01) (86, 1.79840016365051269531e+00) (87, 2.17961287498474121094e+00) (88, -2.35292959213256835938e+00) (89, 1.59332430362701416016e+00) (90, 1.12544107437133789062e+00) (91, 1.72049427032470703125e+00) (92, 1.50225567817687988281e+00) (93, 1.17744648456573486328e+00) (94, 1.55316638946533203125e+00) (95, 2.20405745506286621094e+00) (96, 2.37594890594482421875e+00) (97, 2.38117289543151855469e+00) (98, 1.04408645629882812500e+00) (99, 2.34393525123596191406e+00) (100, 1.18307185173034667969e+00) (101, 2.79796409606933593750e+00) (102, -5.44972038269042968750e+01) (103, 8.89097595214843750000e+01) (104, 4.30853843688964843750e-01) (0, -1.25389699935913085938e+01) (1, 2.30042160034179687500e+02) (2, -1.27297210693359375000e+02) (3, 1.73824891448020935059e-01) (4, 3.25301337242126464844e+00) (5, -1.01201141357421875000e+02) (6, 4.89091148376464843750e+01) (7, -6.26898193359375000000e+00) (8, 4.32542915344238281250e+01) (9, 1.77220869064331054688e+00) (10, 1.55673956871032714844e+00) (11, 8.19406223297119140625e+00) (12, 1.56748700141906738281e+00) (13, -2.57013607025146484375e+01) (14, -5.34220170974731445312e+00) (15, -7.03771305084228515625e+00) (16, -9.95583415031433105469e-01) (17, 1.49239563941955566406e+00) (18, 5.93430876731872558594e-01) (19, 2.17050027847290039062e+00) (20, -1.45171749591827392578e+00) (21, 1.48707187175750732422e+00) (22, 1.92049427032470703125e+01) (23, 6.04395210742950439453e-01) (24, -2.95628881454467773438e+00) (25, -3.03020811080932617188e+00) (26, 6.80059671401977539062e-01) (27, -5.87906420230865478516e-01) (28, -9.69232082366943359375e+00) (29, -7.80175387859344482422e-01) (30, -2.12875509262084960938e+00) (31, -5.63470005989074707031e-01) (32, 1.14686954021453857422e+00) (33, 9.14004743099212646484e-01) (34, -6.89994096755981445312e-01) (35, 3.27714115381240844727e-01) (36, 4.12532281875610351562e+00) (37, 7.60888910293579101562e+00) (38, 3.80150365829467773438e+00) (39, 2.35964512825012207031e+00) (40, 2.19498944282531738281e+00) (41, -5.97242116928100585938e-01) (42, 1.71451902389526367188e+00) (43, 1.51007175445556640625e+00) (44, -1.39862751960754394531e+00) (45, 1.53748583793640136719e+00) (46, 2.53446245193481445312e+00) (47, -1.33073547363281250000e+02) (48, -3.53078174591064453125e+00) (49, 1.71612656116485595703e+00) (50, 2.03986787796020507812e+00) (51, 2.18410253524780273438e+00) (52, 1.63776779174804687500e+00) (53, -3.24858605861663818359e-01) (54, -3.26813817024230957031e-01) (55, -7.75770246982574462891e-01) (56, -2.07918640226125717163e-02) (57, 1.32217869162559509277e-01) (58, 2.15932965278625488281e+00) (59, -1.57440912723541259766e+00) (60, 7.18651485443115234375e+00) (61, 1.52925550937652587891e+00) (62, -9.82896089553833007812e-02) (63, 6.86141550540924072266e-01) (64, -2.29952478408813476562e+00) (65, 1.74785959720611572266e+00) (66, 1.49447596073150634766e+00) (67, -2.98978835344314575195e-01) (68, 1.51525461673736572266e+00) (69, -8.35137653350830078125e+00) (70, -6.69210627675056457520e-02) (71, 1.60704886913299560547e+00) (72, 3.54153543710708618164e-01) (73, 2.94209289550781250000e+00) (74, -6.80651739239692687988e-02) (75, 1.66148793697357177734e+00) (76, -4.58264780044555664062e+00) (77, 1.29061117768287658691e-01) (78, -6.18682280182838439941e-02) (79, -8.40694736689329147339e-03) (80, 2.50732173919677734375e+01) (81, 1.55077350139617919922e+00) (82, 1.57269132137298583984e+00) (83, 1.33803329467773437500e+02) (84, 5.27587890625000000000e-01) (85, 3.67394685745239257812e-01) (86, 2.39519938826560974121e-01) (87, 1.63417720794677734375e+00) (88, 3.08949917554855346680e-01) (89, 2.62219023704528808594e+00) (90, -1.77875947952270507812e+00) (91, 2.29648995399475097656e+00) (92, -2.34135627746582031250e+00) (93, 1.60473570227622985840e-01) (94, 1.98251903057098388672e+00) (95, 7.92795658111572265625e-01) (96, 1.63188910484313964844e+00) (97, 1.05609369277954101562e+00) (98, 2.27557823061943054199e-01) (99, 2.59909677505493164062e+00) (100, 2.91961342096328735352e-01) (101, -1.00327157974243164062e+00) (102, 7.59826838970184326172e-01) (103, 1.28906905651092529297e+00) (104, 1.78933560848236083984e-01) (0, 1.50000000000000000000e+03) (1, 1.50000000000000000000e+03) (2, 1.50000000000000000000e+03) (3, 2.07278466224670410156e+00) (4, 4.36949062347412109375e+00) (5, 1.50000000000000000000e+03) (6, 2.43587565422058105469e+00) (7, 3.88266906738281250000e+01) (8, 1.50000000000000000000e+03) (9, 4.72090148925781250000e+00) (10, 3.72544765472412109375e+00) (11, 1.10737373352050781250e+02) (12, 2.23966026306152343750e+00) (13, 4.63872032165527343750e+01) (14, 2.76889657974243164062e+00) (15, 3.58702039718627929688e+00) (16, 2.74884104728698730469e+00) (17, 2.30460190773010253906e+00) (18, 5.33153343200683593750e+00) (19, 1.47827053070068359375e+01) (20, 2.37039585113525390625e+01) (21, 1.78310859203338623047e+00) (22, -1.06143064498901367188e+01) (23, 7.46739268302917480469e-01) (24, 1.62488784790039062500e+01) (25, 6.30402135848999023438e+00) (26, 3.30292654037475585938e+00) (27, 1.35455429553985595703e+00) (28, 1.28343451023101806641e+00) (29, -7.35722005367279052734e-01) (30, 1.64749875664710998535e-01) (31, -1.55655397102236747742e-02) (32, -4.77114200592041015625e+00) (33, -1.15025198459625244141e+00) (34, -1.08703827857971191406e+00) (35, -1.78616516113281250000e+02) (36, -1.58073644638061523438e+01) (37, -2.27515625000000000000e+02) (38, -6.45200490951538085938e+00) (39, -6.07879161834716796875e-01) (40, -7.10600137710571289062e-01) (41, -4.65644806623458862305e-01) (42, -3.75342778861522674561e-02) (43, -7.89675617218017578125e+00) (44, 1.13144052028656005859e+00) (45, 4.59825336933135986328e-01) (46, -2.19395422935485839844e+00) (47, -1.22303779602050781250e+02) (48, 9.07310128211975097656e-01) (49, 4.17617857456207275391e-02) (50, 9.76753890514373779297e-01) (51, 4.29908573627471923828e-01) (52, 6.63269996643066406250e-01) (53, 2.04099678993225097656e+00) (54, 4.38315093517303466797e-01) (55, 1.30548790097236633301e-01) (56, 7.85689830780029296875e-01) (57, -9.26028633117675781250e+00) (58, -1.61418652534484863281e+00) (59, 1.88155758380889892578e+00) (60, 3.82628536224365234375e+00) (61, -7.35281324386596679688e+00) (62, 1.24118280410766601562e+00) (63, 3.11049151420593261719e+00) (64, 1.78772127628326416016e+00) (65, 1.63289868831634521484e+00) (66, 4.34990465641021728516e-01) (67, -1.54080832004547119141e+00) (68, 2.22080755233764648438e+00) (69, 3.02977108955383300781e+00) (70, 2.12326455116271972656e+00) (71, -5.06368875503540039062e-02) (72, 1.68558263778686523438e+00) (73, -9.51816737651824951172e-02) (74, 2.08051443099975585938e+00) (75, 1.40366709232330322266e+00) (76, 2.07694172859191894531e+00) (77, 1.56299412250518798828e+00) (78, 1.96750259399414062500e+00) (79, 2.16125106811523437500e+00) (80, 1.16479415893554687500e+02) (81, 2.29926443099975585938e+00) (82, 1.19591951370239257812e+00) (83, 1.03176336288452148438e+01) (84, 1.37459015846252441406e+00) (85, 4.35713100433349609375e+00) (86, 1.72412085533142089844e+00) (87, 6.94064974784851074219e-01) (88, 4.97064065933227539062e+00) (89, 1.37240350246429443359e+00) (90, 1.58254182338714599609e+00) (91, 1.36553215980529785156e+00) (92, 1.62532758712768554688e+00) (93, 1.97662866115570068359e+00) (94, 1.69317317008972167969e+00) (95, 1.57786345481872558594e+00) (96, 7.76709139347076416016e-01) (97, 9.48922216892242431641e-01) (98, 1.75602638721466064453e+00) (99, 8.35056662559509277344e-01) (100, 1.94711911678314208984e+00) (101, 1.03737127780914306641e+00) (102, 1.50000000000000000000e+03) (103, -1.50000000000000000000e+03) (104, 2.70272821187973022461e-01) (0, 3.98092956542968750000e+01) (1, 1.43375335693359375000e+02) (2, 1.78818359375000000000e+02) (3, 4.84213620424270629883e-01) (4, 1.72691741943359375000e+02) (5, -2.29952819824218750000e+02) (6, -2.45506334304809570312e+00) (7, -2.57568621635437011719e+00) (8, 5.93757019042968750000e+01) (9, 1.44836807250976562500e+00) (10, 4.71577835083007812500e+00) (11, 7.06941413879394531250e+00) (12, 1.09671700000762939453e+00) (13, 3.15623035430908203125e+01) (14, 1.64677333831787109375e+00) (15, 9.00378513336181640625e+00) (16, -4.82230138778686523438e+00) (17, 2.51435565948486328125e+00) (18, 7.04159200191497802734e-01) (19, 8.46784934401512145996e-02) (20, -7.67137765884399414062e-01) (21, 1.30339896678924560547e+00) (22, 2.47432455420494079590e-01) (23, 2.15994521975517272949e-01) (24, -5.17207503318786621094e-01) (25, -1.64243781566619873047e+00) (26, -3.83592987060546875000e+00) (27, -2.09996089339256286621e-01) (28, 9.20752286911010742188e-02) (29, -5.94078674912452697754e-02) (30, 2.50831156969070434570e-01) (31, 1.13901114463806152344e+00) (32, 8.45258414745330810547e-01) (33, 6.46896183490753173828e-01) (34, 2.56168723106384277344e+00) (35, 4.32216835021972656250e+00) (36, 3.20143461227416992188e+00) (37, 8.58097648620605468750e+00) (38, 8.51871967315673828125e+00) (39, 1.65073609352111816406e+00) (40, 2.33728542923927307129e-01) (41, -7.18581318855285644531e-01) (42, -1.12202227115631103516e-01) (43, 4.08106946945190429688e+00) (44, 4.59862560033798217773e-01) (45, 7.54222989082336425781e-01) (46, 2.88802552223205566406e+00) (47, -6.11189193725585937500e+01) (48, -1.08248651027679443359e+00) (49, -5.08260309696197509766e-01) (50, -2.13766664266586303711e-01) (51, 5.04061758518218994141e-01) (52, -2.49385476112365722656e-01) (53, -4.37450885772705078125e+00) (54, -4.37150299549102783203e-01) (55, -4.31693404912948608398e-01) (56, 2.40014001727104187012e-01) (57, 2.78437495231628417969e+00) (58, 2.02685475349426269531e+00) (59, 1.28401136398315429688e+00) (60, 1.66609161376953125000e+02) (61, 3.57520890235900878906e+00) (62, 3.00997638702392578125e+00) (63, 8.33854293823242187500e+00) (64, -9.75852775573730468750e+00) (65, -2.51264870166778564453e-01) (66, 1.34825015068054199219e+00) (67, 8.46385192871093750000e+00) (68, 1.01757180690765380859e+00) (69, 7.69877359271049499512e-02) (70, -6.38817214965820312500e+00) (71, 1.25362420082092285156e+00) (72, 7.04984128475189208984e-01) (73, 2.79935169219970703125e+00) (74, -1.96048915386199951172e-01) (75, 1.62819457054138183594e+00) (76, 4.91451084613800048828e-01) (77, -1.54663652181625366211e-01) (78, -1.07475318014621734619e-01) (79, -2.03526452183723449707e-01) (80, -3.13776000976562500000e+02) (81, 2.58608460426330566406e+00) (82, -8.80408957600593566895e-02) (83, 8.97620468139648437500e+01) (84, 4.86819446086883544922e-02) (85, 5.62190294265747070312e-01) (86, -1.57360658049583435059e-01) (87, -1.09618969261646270752e-01) (88, 6.42584133148193359375e+00) (89, 1.13710248470306396484e+00) (90, 1.16501733660697937012e-01) (91, 1.51511943340301513672e+00) (92, -1.42650991678237915039e-01) (93, -1.18834719061851501465e-01) (94, 2.08618834614753723145e-01) (95, 3.93493151664733886719e+00) (96, 1.45005052909255027771e-02) (97, 2.54650664329528808594e+00) (98, 6.20385706424713134766e-01) (99, 9.12862002849578857422e-01) (100, 2.52518981695175170898e-01) (101, 4.39129382371902465820e-01) (102, -4.25899863243103027344e-01) (103, 3.11073541641235351562e+00) (104, 2.07883191108703613281e+00) (0, -4.21994924545288085938e+00) (1, -5.06614780426025390625e+00) (2, -9.08520984649658203125e+00) (3, 7.59593296051025390625e+00) (4, 3.67463439702987670898e-01) (5, -8.03618335723876953125e+00) (6, 6.19392275810241699219e-01) (7, 5.77424168586730957031e-01) (8, 1.08430288732051849365e-01) (9, -2.15859341621398925781e+00) (10, 3.78875136375427246094e+00) (11, -3.71976828575134277344e+00) (12, 1.07492387294769287109e-01) (13, 1.27275860309600830078e+00) (14, 6.36259841918945312500e+00) (15, 1.16061222553253173828e+00) (16, -1.03744792938232421875e+00) (17, 8.97506713867187500000e-01) (18, -2.89391684532165527344e+00) (19, 1.51275312900543212891e+00) (20, 2.01440601348876953125e+01) (21, 2.91124296188354492188e+00) (22, 1.14753031730651855469e+00) (23, 6.86171293258666992188e+00) (24, -1.21960411071777343750e+01) (25, -4.87567710876464843750e+00) (26, 3.00538778305053710938e+00) (27, -1.90782046318054199219e+00) (28, -1.34691405296325683594e+00) (29, 4.04759645462036132812e+00) (30, 2.32208776473999023438e+00) (31, -6.70802891254425048828e-02) (32, -1.91911172866821289062e+00) (33, -4.16337347030639648438e+00) (34, -8.22065544128417968750e+00) (35, 5.29142618179321289062e+00) (36, -7.06880152225494384766e-01) (37, 7.16937124729156494141e-01) (38, 5.33709526062011718750e+00) (39, 3.39699721336364746094e+00) (40, -3.59696120023727416992e-01) (41, -1.50409734249114990234e+00) (42, -2.25155696272850036621e-01) (43, -4.10490703582763671875e+00) (44, 2.24668645858764648438e+00) (45, -5.05286502838134765625e+00) (46, 4.00764465332031250000e+00) (47, -5.08803188800811767578e-01) (48, 5.30488491058349609375e+00) (49, 1.19283211231231689453e+00) (50, -2.36270880699157714844e+00) (51, 1.83288538455963134766e+00) (52, 2.18384408950805664062e+00) (53, 1.67821776866912841797e+00) (54, -7.44403600692749023438e-01) (55, 4.89599943161010742188e+00) (56, 1.15750813484191894531e+00) (57, -2.18742609024047851562e+00) (58, -1.19487881660461425781e+00) (59, 3.23875617980957031250e+00) (60, 1.66930854320526123047e+00) (61, 2.23955273628234863281e+00) (62, 3.02490162849426269531e+00) (63, 1.30991256237030029297e+00) (64, -4.81618076562881469727e-01) (65, -3.54628682136535644531e-01) (66, -1.24192047119140625000e+00) (67, 9.80485737323760986328e-01) (68, 2.01701807975769042969e+00) (69, 1.43539023399353027344e+00) (70, -1.67143747210502624512e-01) (71, 2.20396637916564941406e+00) (72, -2.05181908607482910156e+00) (73, 3.15249061584472656250e+00) (74, -5.65411508083343505859e-01) (75, -3.44490915536880493164e-01) (76, -5.68125057220458984375e+00) (77, -2.44214224815368652344e+00) (78, -1.07164192199707031250e+00) (79, 2.21731328964233398438e+00) (80, -1.15355169773101806641e+00) (81, -2.64406591653823852539e-01) (82, 1.36632299423217773438e+00) (83, 1.22799181938171386719e+00) (84, -1.17790687084197998047e+00) (85, -3.34254384040832519531e-01) (86, 1.29593598842620849609e+00) (87, -3.08449953794479370117e-01) (88, -1.29776155948638916016e+00) (89, -1.12443387508392333984e+00) (90, -2.33314442634582519531e+00) (91, 2.56245970726013183594e-01) (92, 1.99489557743072509766e+00) (93, 1.36955618858337402344e+00) (94, 1.37437117099761962891e+00) (95, -5.03019869327545166016e-01) (96, 2.15362000465393066406e+00) (97, 2.85783499479293823242e-01) (98, 1.32604527473449707031e+00) (99, 3.53256314992904663086e-01) (100, -6.31212651729583740234e-01) (101, 8.31134736537933349609e-01) (102, -3.53942322731018066406e+00) (103, 8.44279956817626953125e+00) (104, 2.13734960556030273438e+00) (0, -1.62736785411834716797e+00) (1, -1.57546699047088623047e-01) (2, -8.71658563613891601562e-01) (3, 9.38008427619934082031e-01) (4, -8.60033750534057617188e-01) (5, 3.48641425371170043945e-01) (6, 9.83435928821563720703e-01) (7, 1.22531795501708984375e+00) (8, -3.29415202140808105469e-01) (9, -3.20419639348983764648e-01) (10, -1.04229426383972167969e+00) (11, -1.02001786231994628906e+00) (12, -2.05814465880393981934e-01) (13, 7.89171084761619567871e-02) (14, -9.84893143177032470703e-01) (15, -2.55998134613037109375e-01) (16, 7.52503424882888793945e-02) (17, -4.04010564088821411133e-01) (18, 3.92912253737449645996e-02) (19, -4.57106351852416992188e-01) (20, -4.59768623113632202148e-01) (21, 2.04828596115112304688e+00) (22, 1.91368103027343750000e+00) (23, 1.76252985000610351562e+00) (24, -4.40101712942123413086e-01) (25, -5.27506887912750244141e-01) (26, -8.92804801464080810547e-01) (27, -4.78820681571960449219e-01) (28, -3.54813456535339355469e-01) (29, -5.05714535713195800781e-01) (30, 1.75507560372352600098e-01) (31, -5.39756178855895996094e-01) (32, 7.04586327075958251953e-01) (33, -3.94631683826446533203e-01) (34, 2.71194159984588623047e-01) (35, 1.16580593585968017578e+00) (36, 6.47294446825981140137e-02) (37, -3.59288543462753295898e-01) (38, -5.76919496059417724609e-01) (39, -4.99837279319763183594e-01) (40, -4.34807568788528442383e-01) (41, 8.18565905094146728516e-01) (42, -8.38926732540130615234e-01) (43, -4.52565282583236694336e-01) (44, 1.70237272977828979492e-01) (45, -4.47792142629623413086e-01) (46, 9.27374809980392456055e-02) (47, 2.45379343628883361816e-01) (48, -3.63514930009841918945e-01) (49, -3.85502487421035766602e-01) (50, -4.89468872547149658203e-01) (51, 1.55975803732872009277e-01) (52, -1.08166050910949707031e+00) (53, -4.60825443267822265625e-01) (54, 6.03046715259552001953e-01) (55, 2.48773527145385742188e+00) (56, -2.12177187204360961914e-01) (57, 1.23220515251159667969e+00) (58, -1.01588284969329833984e+00) (59, -3.34829062223434448242e-01) (60, 7.47626125812530517578e-01) (61, 3.60812097787857055664e-01) (62, 1.51414918899536132812e+00) (63, -1.03898036479949951172e+00) (64, 1.69636398553848266602e-01) (65, -9.07266080379486083984e-01) (66, 3.01216411590576171875e+00) (67, -1.46176552772521972656e+00) (68, -2.09252500534057617188e+00) (69, -1.15788233280181884766e+00) (70, -4.41026598215103149414e-01) (71, -8.82913291454315185547e-01) (72, -9.08703863620758056641e-01) (73, -1.94174289703369140625e+00) (74, -8.17806363105773925781e-01) (75, 9.87701535224914550781e-01) (76, 3.14098286628723144531e+00) (77, -9.69383418560028076172e-01) (78, -7.79650747776031494141e-01) (79, 3.20364618301391601562e+00) (80, -1.91232874989509582520e-01) (81, -4.50714886188507080078e-01) (82, 1.46733129024505615234e+00) (83, 6.11979424953460693359e-01) (84, -2.95622110366821289062e+00) (85, -6.43201828002929687500e-01) (86, -9.67616856098175048828e-01) (87, 8.04892420768737792969e-01) (88, 9.48366105556488037109e-01) (89, 5.58885693550109863281e-01) (90, -4.99077439308166503906e-01) (91, -1.34525120258331298828e+00) (92, 1.59171617031097412109e+00) (93, 2.42899107933044433594e+00) (94, -1.01260888576507568359e+00) (95, 1.07259261608123779297e+00) (96, 9.08307850360870361328e-01) (97, 9.22029733657836914062e-01) (98, -3.13045769929885864258e-01) (99, -1.32419919967651367188e+00) (100, -9.48664963245391845703e-01) (101, 1.89231443405151367188e+00) (102, 1.57699584960937500000e+00) (103, 2.87928044795989990234e-01) (104, 2.82713580131530761719e+00) (0, -4.02974792480468750000e+02) (1, -2.40331897735595703125e+01) (2, 7.91021436452865600586e-02) (3, 1.59044289588928222656e+00) (4, 6.89765393733978271484e-01) (5, 1.35025417804718017578e+00) (6, 8.97024333477020263672e-01) (7, -5.44854283332824707031e-01) (8, -1.50369739532470703125e+00) (9, 4.69084203243255615234e-01) (10, 1.61155021190643310547e+00) (11, -1.97687447071075439453e-01) (12, 1.80198383331298828125e+00) (13, -2.38848590850830078125e+00) (14, 1.33702874183654785156e-01) (15, 1.03603553771972656250e+00) (16, -4.43547189235687255859e-01) (17, 6.36578440666198730469e-01) (18, -5.67979931831359863281e-01) (19, 1.06901898980140686035e-01) (20, -1.35359716415405273438e+01) (21, 4.53593397140502929688e+00) (22, 3.59499883651733398438e+00) (23, 1.12126767635345458984e+00) (24, -7.66807079315185546875e+00) (25, -1.91125030517578125000e+01) (26, -3.69123190641403198242e-01) (27, -5.18569350242614746094e-01) (28, -8.86627483367919921875e+00) (29, 1.86566695570945739746e-01) (30, 1.65822815895080566406e+00) (31, 1.21574974060058593750e+00) (32, 2.57239589691162109375e+01) (33, 1.65204012393951416016e+00) (34, -2.05850028991699218750e+01) (35, 7.89803743362426757812e+00) (36, 2.15346646308898925781e+00) (37, 1.06173629760742187500e+01) (38, 1.43622732162475585938e+00) (39, 1.63849890232086181641e+00) (40, 1.83569030761718750000e+01) (41, 3.44027061462402343750e+01) (42, 1.60538065433502197266e+00) (43, 1.10135812759399414062e+01) (44, 2.68475189208984375000e+01) (45, 8.36166286468505859375e+00) (46, 1.35621231079101562500e+02) (47, 7.21926116943359375000e+01) (48, 1.20648643493652343750e+02) (49, 9.50206875801086425781e-01) (50, 1.55655539035797119141e+00) (51, 3.11632862091064453125e+01) (52, 3.53514337539672851562e+00) (53, -2.51643733978271484375e+01) (54, 6.06047515869140625000e+01) (55, -4.39819860458374023438e+00) (56, 1.20007300376892089844e+00) (57, 1.50000000000000000000e+03) (58, 3.36786308288574218750e+01) (59, 1.07240661978721618652e-01) (60, 1.44660043716430664062e+00) (61, 2.50678462982177734375e+01) (62, 2.55722117424011230469e+00) (63, 1.66844451427459716797e+00) (64, 6.86293959617614746094e-01) (65, 1.87089908123016357422e+00) (66, 3.17994737625122070312e+00) (67, 3.85948547363281250000e+02) (68, 1.47400200366973876953e+00) (69, 5.35618185997009277344e-01) (70, 6.28166258335113525391e-01) (71, 2.81464576721191406250e+00) (72, 1.90294253826141357422e+00) (73, 4.49007892608642578125e+00) (74, -8.21420133113861083984e-01) (75, 1.48144876956939697266e+00) (76, 1.04484975337982177734e+00) (77, 1.82035529613494873047e+00) (78, 2.71015024185180664062e+00) (79, 2.41033077239990234375e+00) (80, -4.34528779983520507812e+00) (81, 1.82014298439025878906e+00) (82, 6.79102420806884765625e+00) (83, -6.44650459289550781250e+00) (84, 1.95539176464080810547e+00) (85, 1.07208780944347381592e-01) (86, 9.18128550052642822266e-01) (87, 2.93515920639038085938e+00) (88, -2.41408872604370117188e+00) (89, 2.06959438323974609375e+00) (90, 7.30367958545684814453e-01) (91, 2.11301469802856445312e+00) (92, 1.81589639186859130859e+00) (93, 1.70608353614807128906e+00) (94, 1.77634859085083007812e+00) (95, 2.66197896003723144531e+00) (96, 2.76802778244018554688e+00) (97, 2.72730207443237304688e+00) (98, 9.67230558395385742188e-01) (99, 2.58251905441284179688e+00) (100, 1.67570948600769042969e+00) (101, 2.68357348442077636719e+00) (102, -1.57331399917602539062e+01) (103, 2.42324256896972656250e+01) (104, -1.05300121009349822998e-01) (0, -2.40571880340576171875e+01) (1, -5.84463167190551757812e+00) (2, -5.16029777526855468750e+01) (3, 1.35365998744964599609e+00) (4, -4.57318365573883056641e-01) (5, -2.23574218750000000000e+01) (6, 2.36034703254699707031e+00) (7, -2.99904584884643554688e-01) (8, -4.13755607604980468750e+00) (9, -1.97179123759269714355e-01) (10, 1.63441792130470275879e-01) (11, -1.85360163450241088867e-01) (12, 1.31739723682403564453e+00) (13, -1.68451535701751708984e+00) (14, 5.91896235942840576172e-01) (15, 4.17886376380920410156e-01) (16, -2.12229490280151367188e+00) (17, 1.09783983230590820312e+00) (18, 2.23352340981364250183e-03) (19, -4.88883703947067260742e-01) (20, -7.45574951171875000000e-01) (21, 6.24905288219451904297e-01) (22, 1.80562233924865722656e+00) (23, -6.16116642951965332031e-01) (24, -6.33373222351074218750e+01) (25, -1.79481449127197265625e+01) (26, -9.34751033782958984375e+00) (27, -3.12241107225418090820e-01) (28, -2.37952537536621093750e+01) (29, 6.59729540348052978516e-01) (30, 1.70790362358093261719e+00) (31, 9.76216375827789306641e-01) (32, -7.80023932456970214844e-01) (33, 2.11039614677429199219e+00) (34, 1.32615864276885986328e+00) (35, 4.02399864196777343750e+01) (36, 4.34021377563476562500e+00) (37, 8.01285629272460937500e+01) (38, 1.83261144161224365234e+00) (39, 1.26152133941650390625e+00) (40, 4.11945676803588867188e+00) (41, -1.16916952133178710938e+01) (42, 1.40509212017059326172e+00) (43, 3.55530667304992675781e+00) (44, 3.26924316406250000000e+02) (45, 2.62917175292968750000e+02) (46, 1.64521729946136474609e+00) (47, 3.58816284179687500000e+02) (48, -5.12390441894531250000e+01) (49, 9.05515015125274658203e-01) (50, 1.26145350933074951172e+00) (51, 1.55083882808685302734e+00) (52, 1.73720443248748779297e+00) (53, -2.06578588485717773438e+00) (54, 9.48832931518554687500e+01) (55, -8.93012428283691406250e+00) (56, 1.19432711601257324219e+00) (57, -1.65935143828392028809e-01) (58, 4.48072624206542968750e+00) (59, 2.35559654235839843750e+00) (60, 5.34372329711914062500e-01) (61, 1.37152109146118164062e+01) (62, 2.04324245452880859375e+00) (63, 1.09536921977996826172e+00) (64, 8.06054770946502685547e-01) (65, 1.39033508300781250000e+00) (66, 2.21095824241638183594e+00) (67, 2.45170998573303222656e+00) (68, 5.31447410583496093750e-01) (69, -4.31303456425666809082e-02) (70, 5.46638906002044677734e-01) (71, 1.44756317138671875000e+00) (72, 1.73714280128479003906e+00) (73, 3.15077447891235351562e+00) (74, 1.29065012931823730469e+00) (75, 1.44808566570281982422e+00) (76, 5.01639723777770996094e-01) (77, 1.23065304756164550781e+00) (78, -2.33705222606658935547e-01) (79, 1.38862013816833496094e+00) (80, -2.85375475883483886719e+00) (81, 1.31390273571014404297e+00) (82, 2.31979393959045410156e+00) (83, -7.06414890289306640625e+00) (84, 1.26373052597045898438e+00) (85, -3.29355895519256591797e-01) (86, 1.34053993225097656250e+00) (87, 2.10027122497558593750e+00) (88, -3.14139127731323242188e+00) (89, 1.29491031169891357422e+00) (90, 4.65945750474929809570e-01) (91, 4.37723129987716674805e-01) (92, 1.18086957931518554688e+00) (93, 1.20195424556732177734e+00) (94, 1.38287401199340820312e+00) (95, 1.96156644821166992188e+00) (96, 2.21961951255798339844e+00) (97, 2.21917295455932617188e+00) (98, 1.70776820182800292969e+00) (99, 2.21866559982299804688e+00) (100, 1.12566983699798583984e+00) (101, 1.44416904449462890625e+00) (102, -3.23047821044921875000e+02) (103, 4.68819793701171875000e+02) (104, 4.16693449020385742188e-01) (0, -1.50000000000000000000e+03) (1, -1.50000000000000000000e+03) (2, -1.50000000000000000000e+03) (3, 5.47478139400482177734e-01) (4, -3.93199014663696289062e+00) (5, -1.50000000000000000000e+03) (6, -1.50000000000000000000e+03) (7, -1.35086107254028320312e+01) (8, -1.50000000000000000000e+03) (9, -1.50000000000000000000e+03) (10, -1.27073192596435546875e+00) (11, -9.83210205078125000000e+02) (12, -1.07786345481872558594e+00) (13, -1.50000000000000000000e+03) (14, -1.17067492008209228516e+00) (15, -1.56063318252563476562e+00) (16, -1.50000000000000000000e+03) (17, -9.37371253967285156250e-01) (18, -1.50000000000000000000e+03) (19, -1.47292280197143554688e+00) (20, -1.50000000000000000000e+03) (21, -1.50000000000000000000e+03) (22, -1.50000000000000000000e+03) (23, -1.50000000000000000000e+03) (24, -1.50000000000000000000e+03) (25, -1.50000000000000000000e+03) (26, -1.50000000000000000000e+03) (27, -7.03506827354431152344e-01) (28, -1.49962255859375000000e+03) (29, -1.49961962890625000000e+03) (30, -3.87190163135528564453e-01) (31, 1.60668268799781799316e-01) (32, 6.99083149433135986328e-01) (33, 1.94433856010437011719e+00) (34, -4.63947944641113281250e+01) (35, 1.50000000000000000000e+03) (36, 1.70088326930999755859e+00) (37, 1.50000000000000000000e+03) (38, 3.04675140380859375000e+02) (39, 1.59939956665039062500e+00) (40, 3.46534281969070434570e-01) (41, -1.49961816406250000000e+03) (42, -3.25693607330322265625e-01) (43, 1.05297887325286865234e+00) (44, -1.47534045410156250000e+03) (45, -3.87628149986267089844e+00) (46, -6.50123357772827148438e-01) (47, 1.50000000000000000000e+03) (48, -1.49962255859375000000e+03) (49, 1.04839479923248291016e+00) (50, -6.16482079029083251953e-01) (51, 1.65620386600494384766e-01) (52, -2.98236131668090820312e-01) (53, -1.49962304687500000000e+03) (54, -1.42117529296875000000e+03) (55, 1.50000000000000000000e+03) (56, -1.10333815217018127441e-01) (57, 1.50000000000000000000e+03) (58, 1.16728520393371582031e+00) (59, 1.65223068237304687500e+02) (60, -3.00240936279296875000e+02) (61, -1.49961608886718750000e+03) (62, -1.18433082103729248047e+00) (63, -1.50000000000000000000e+03) (64, -1.50000000000000000000e+03) (65, -8.70534896850585937500e-01) (66, 8.70212972164154052734e-01) (67, 1.50000000000000000000e+03) (68, -1.49916613769531250000e+03) (69, -1.50000000000000000000e+03) (70, -1.50000000000000000000e+03) (71, 1.25355452299118041992e-01) (72, -1.50000000000000000000e+03) (73, 1.67437589168548583984e+00) (74, -1.50000000000000000000e+03) (75, 3.38006317615509033203e-01) (76, -1.49960681152343750000e+03) (77, -8.68402587890625000000e+02) (78, -1.50000000000000000000e+03) (79, -2.94414687156677246094e+00) (80, -1.50000000000000000000e+03) (81, -4.08037662506103515625e-01) (82, -1.11943185329437255859e+00) (83, -1.50000000000000000000e+03) (84, -1.50000000000000000000e+03) (85, -1.50000000000000000000e+03) (86, -4.74758605957031250000e+02) (87, -6.61756873130798339844e-01) (88, -1.50000000000000000000e+03) (89, -1.49980871582031250000e+03) (90, -1.50000000000000000000e+03) (91, 6.59395083785057067871e-02) (92, -1.31338083744049072266e+00) (93, -3.70294952392578125000e+01) (94, -7.37585663795471191406e-01) (95, 3.97078424692153930664e-01) (96, -1.05015158653259277344e+00) (97, 1.18796181678771972656e+00) (98, -7.33492732048034667969e-01) (99, -1.16871988773345947266e+00) (100, -2.62176537513732910156e+00) (101, -9.83143568038940429688e-01) (102, -1.50000000000000000000e+03) (103, 1.50000000000000000000e+03) (104, 2.80981302261352539062e+00) (0, -9.75964660644531250000e+01) (1, 3.23649559020996093750e+01) (2, -1.50000000000000000000e+03) (3, 1.83812105655670166016e+00) (4, 5.56008529663085937500e+01) (5, -1.38241790771484375000e+02) (6, 2.31636786460876464844e+00) (7, 4.75679904222488403320e-01) (8, -2.71160858154296875000e+02) (9, 5.37765443325042724609e-01) (10, 1.33665096759796142578e+00) (11, 1.50860319137573242188e+01) (12, 1.44510018825531005859e+00) (13, -4.44145590066909790039e-01) (14, 1.23863017559051513672e+00) (15, 1.23282539844512939453e+00) (16, -1.92752110958099365234e+00) (17, 1.29003512859344482422e+00) (18, -2.19000797271728515625e+01) (19, 1.48560404777526855469e+00) (20, -5.27476882934570312500e+01) (21, 4.33757692575454711914e-01) (22, 1.62520771026611328125e+01) (23, 1.95617720484733581543e-01) (24, -4.12768173217773437500e+00) (25, -3.99756530761718750000e+02) (26, -3.95136380195617675781e+00) (27, 1.02487659454345703125e+00) (28, -5.54560623168945312500e+01) (29, -2.90462598204612731934e-02) (30, 3.89997273683547973633e-01) (31, 9.85948383808135986328e-01) (32, 1.72074317932128906250e+00) (33, 4.91109609603881835938e+00) (34, 3.73456649780273437500e+01) (35, 1.24643212890625000000e+03) (36, 2.55598378181457519531e+00) (37, 1.49198400878906250000e+03) (38, 9.84404968261718750000e+02) (39, 1.80467188358306884766e+00) (40, 7.85822296142578125000e+00) (41, -1.96826159954071044922e+00) (42, 2.14327406883239746094e+00) (43, 1.33238430023193359375e+01) (44, -1.59673929214477539062e+01) (45, 5.87245988845825195312e+00) (46, 1.60339164733886718750e+01) (47, 1.50000000000000000000e+03) (48, -4.70503807067871093750e+00) (49, 8.95970165729522705078e-01) (50, 8.82861673831939697266e-01) (51, 2.29423928260803222656e+00) (52, 9.82002675533294677734e-01) (53, -4.71473846435546875000e+02) (54, 5.68230485916137695312e+00) (55, -1.19578695297241210938e+01) (56, 2.27266502380371093750e+00) (57, 1.07486915588378906250e+01) (58, 6.88495101928710937500e+01) (59, -2.44822101593017578125e+01) (60, 7.35136795043945312500e+01) (61, 7.87201023101806640625e+00) (62, 2.31150197982788085938e+00) (63, 3.56864285469055175781e+00) (64, 8.79540383815765380859e-01) (65, 1.50144088268280029297e+00) (66, 3.91931724548339843750e+00) (67, 4.05126914978027343750e+01) (68, 1.18624138832092285156e+00) (69, -9.89248156547546386719e-02) (70, 1.13897383213043212891e+00) (71, 2.30693697929382324219e+00) (72, 2.06751179695129394531e+00) (73, 4.21772623062133789062e+00) (74, 1.07401120662689208984e+00) (75, 1.20343530178070068359e+00) (76, 1.92333745956420898438e+00) (77, 1.18147659301757812500e+00) (78, 1.33171522617340087891e+00) (79, 1.31079316139221191406e+00) (80, -1.72391204833984375000e+01) (81, 2.98902010917663574219e+00) (82, 2.22279810905456542969e+00) (83, 1.46085910797119140625e+01) (84, 2.00332379341125488281e+00) (85, 9.70381259918212890625e+00) (86, 1.28448545932769775391e+00) (87, 2.22269392013549804688e+00) (88, 2.15448265075683593750e+01) (89, 2.98541355133056640625e+00) (90, 8.60821902751922607422e-01) (91, 3.00585484504699707031e+00) (92, 1.97559952735900878906e+00) (93, 1.84530150890350341797e+00) (94, 1.37480664253234863281e+00) (95, 3.67292547225952148438e+00) (96, 2.18313407897949218750e+00) (97, 2.35393857955932617188e+00) (98, 1.33500707149505615234e+00) (99, 2.30277419090270996094e+00) (100, 1.32630777359008789062e+00) (101, 2.10957932472229003906e+00) (102, -8.68913024902343750000e+02) (103, 1.23971691894531250000e+03) (104, 6.47958397865295410156e-01) (0, 8.19816398620605468750e+00) (1, -7.34682178497314453125e+00) (2, -5.54757595062255859375e-01) (3, 1.64752423763275146484e+00) (4, -1.11022686958312988281e+00) (5, -1.98137226104736328125e+01) (6, 9.19775187969207763672e-01) (7, 1.64896607398986816406e+00) (8, 9.59436953067779541016e-01) (9, -6.76893413066864013672e-01) (10, 1.96325969696044921875e+00) (11, 8.61629068851470947266e-01) (12, -1.94521591067314147949e-01) (13, -4.93925333023071289062e+00) (14, -7.64082372188568115234e-01) (15, -4.35298413038253784180e-01) (16, -1.48894941806793212891e+00) (17, -2.21590086817741394043e-01) (18, -2.10203155875205993652e-01) (19, -1.02797985076904296875e+00) (20, -8.37952792644500732422e-01) (21, 1.57223625183105468750e+01) (22, 1.12523138523101806641e+00) (23, 3.94706994295120239258e-01) (24, -3.41569089889526367188e+00) (25, -1.88066139817237854004e-01) (26, -2.76379537582397460938e+00) (27, -9.09246802330017089844e-01) (28, -7.50821679830551147461e-02) (29, 2.08071723580360412598e-01) (30, -9.82344269752502441406e-01) (31, 7.12306916713714599609e-01) (32, 5.27744472026824951172e-01) (33, 2.49108648300170898438e+00) (34, -1.28632545471191406250e-01) (35, 2.68677449226379394531e+00) (36, 4.04439830780029296875e+00) (37, 6.18768119812011718750e+00) (38, 1.39453136920928955078e+00) (39, 1.97679126262664794922e+00) (40, 1.00239992141723632812e+00) (41, 1.19796562194824218750e+00) (42, 7.07386434078216552734e-01) (43, 4.80230712890625000000e+00) (44, 2.09116601943969726562e+00) (45, 1.47795665264129638672e+00) (46, 6.34229257702827453613e-02) (47, -1.85661811828613281250e+01) (48, -7.35311794281005859375e+00) (49, -1.22826389968395233154e-01) (50, -7.19762325286865234375e+00) (51, 1.34559381008148193359e+00) (52, -6.01581811904907226562e-01) (53, -1.56693542003631591797e+00) (54, 4.70363187789916992188e+00) (55, -1.06886982917785644531e+00) (56, 1.05462539196014404297e+00) (57, 1.38378471136093139648e-01) (58, 1.25208711624145507812e+00) (59, -1.19870519638061523438e+00) (60, -1.63440585136413574219e-01) (61, 2.09422826766967773438e+00) (62, 7.96106219291687011719e-01) (63, -7.11285471916198730469e-01) (64, -3.59379267692565917969e+00) (65, 7.42716431617736816406e-01) (66, 1.40840613842010498047e+00) (67, 9.46810189634561538696e-03) (68, -7.92877078056335449219e-01) (69, -8.05713832378387451172e-01) (70, -8.79434168338775634766e-01) (71, 7.50158369541168212891e-01) (72, -6.32674217224121093750e-01) (73, 2.88617682456970214844e+00) (74, -9.60109114646911621094e-01) (75, -7.04762935638427734375e-01) (76, -2.36217558383941650391e-01) (77, -8.24722945690155029297e-01) (78, -1.53644895553588867188e+00) (79, -1.03109157085418701172e+00) (80, -3.26630949974060058594e+00) (81, -1.42073225975036621094e+00) (82, 1.34867420420050621033e-02) (83, -2.81602287292480468750e+00) (84, -1.51082575321197509766e-01) (85, -1.02355945110321044922e+00) (86, -8.50613653659820556641e-01) (87, -4.89204555749893188477e-01) (88, -1.78571772575378417969e+00) (89, -6.53140068054199218750e-01) (90, -8.95107507705688476562e-01) (91, -7.22359955310821533203e-01) (92, -8.67849111557006835938e-01) (93, -2.71527290344238281250e-01) (94, -8.74997735023498535156e-01) (95, -1.91544219851493835449e-01) (96, -4.23593908548355102539e-01) (97, 1.01369574666023254395e-01) (98, -8.69260907173156738281e-01) (99, 4.62489649653434753418e-02) (100, -9.71478283405303955078e-01) (101, 2.54772424697875976562e-01) (102, 1.28031039237976074219e+00) (103, 1.25101304054260253906e+00) (104, 2.62230038642883300781e+00) (0, -1.50000000000000000000e+03) (1, 1.49943725585937500000e+03) (2, 2.37186996459960937500e+02) (3, 1.37186515331268310547e+00) (4, 5.19447803497314453125e+00) (5, 1.49943725585937500000e+03) (6, -1.50000000000000000000e+03) (7, 2.06308975219726562500e+02) (8, -1.50000000000000000000e+03) (9, 4.61381340026855468750e+00) (10, 1.92970526218414306641e+00) (11, 9.40223617553710937500e+01) (12, 6.23842060565948486328e-01) (13, 1.49943725585937500000e+03) (14, 1.44883012771606445312e+00) (15, 3.00617504119873046875e+00) (16, 1.49943725585937500000e+03) (17, 1.71079957485198974609e+00) (18, 1.49943725585937500000e+03) (19, 8.02014541625976562500e+00) (20, 1.49943725585937500000e+03) (21, 1.49943725585937500000e+03) (22, 1.49943725585937500000e+03) (23, 1.49943725585937500000e+03) (24, 1.49943725585937500000e+03) (25, 1.49943725585937500000e+03) (26, 2.02476024627685546875e+00) (27, 9.88105833530426025391e-01) (28, 1.50000000000000000000e+03) (29, 1.50000000000000000000e+03) (30, 3.13994795083999633789e-01) (31, 1.06957507133483886719e+00) (32, 7.83272325992584228516e-01) (33, -3.07566094398498535156e+00) (34, 9.43446578979492187500e+01) (35, 1.50000000000000000000e+03) (36, -5.90118217468261718750e+00) (37, -2.01206558227539062500e+02) (38, -1.17475140094757080078e+00) (39, 4.70096409320831298828e-01) (40, -1.29025921225547790527e-01) (41, 1.50000000000000000000e+03) (42, 1.00722503662109375000e+00) (43, -1.77767829895019531250e+01) (44, 1.50000000000000000000e+03) (45, 1.91307461261749267578e+00) (46, 2.59611582756042480469e+00) (47, 1.50000000000000000000e+03) (48, 1.50000000000000000000e+03) (49, 1.14493930339813232422e+00) (50, 4.82897430658340454102e-01) (51, 1.10919725894927978516e+00) (52, 1.06856632232666015625e+00) (53, 1.50000000000000000000e+03) (54, 1.08716475963592529297e+00) (55, 1.50000000000000000000e+03) (56, 1.91396689414978027344e+00) (57, 1.50000000000000000000e+03) (58, 1.18546760082244873047e+00) (59, 1.50000000000000000000e+03) (60, 1.13109083175659179688e+01) (61, 1.50000000000000000000e+03) (62, 1.52801597118377685547e+00) (63, 4.17769670486450195312e+00) (64, 1.49943725585937500000e+03) (65, 1.17602097988128662109e+00) (66, 5.63226163387298583984e-01) (67, 1.50000000000000000000e+03) (68, 1.03633379936218261719e+00) (69, 1.49943725585937500000e+03) (70, 1.53776061534881591797e+00) (71, 1.27791047096252441406e+00) (72, 1.25928938388824462891e+00) (73, 5.62557756900787353516e-01) (74, 1.25837159156799316406e+00) (75, 1.28964996337890625000e+00) (76, 2.40230941772460937500e+00) (77, 1.16334021091461181641e+00) (78, 1.49943725585937500000e+03) (79, 1.43002891540527343750e+00) (80, 4.47911224365234375000e+02) (81, 9.95641422271728515625e+00) (82, 3.81777256727218627930e-01) (83, 1.94313144683837890625e+01) (84, 1.49943725585937500000e+03) (85, 2.15768814086914062500e+02) (86, 1.34647119045257568359e+00) (87, 5.34477174282073974609e-01) (88, 1.49943725585937500000e+03) (89, 1.49981848144531250000e+03) (90, -1.50000000000000000000e+03) (91, 7.57300555706024169922e-01) (92, 2.05886721611022949219e+00) (93, 4.43990617990493774414e-01) (94, 1.31135392189025878906e+00) (95, 1.44104051589965820312e+00) (96, 5.29403626918792724609e-01) (97, -3.09347361326217651367e-02) (98, 1.13318252563476562500e+00) (99, 4.77334648370742797852e-01) (100, 1.43198251724243164062e+00) (101, 7.73714125156402587891e-01) (102, 1.49943725585937500000e+03) (103, -1.49943725585937500000e+03) (104, 7.15154230594635009766e-01) (105, 2.01655125617980957031e+00) (106, 2.20103049278259277344e+00) (107, -2.21353840827941894531e+00) (108, 3.67812108993530273438e+00) (109, 3.15317964553833007812e+00) (110, 1.39791882038116455078e+00) (111, 4.24142122268676757812e+00) (112, -3.36984181404113769531e+00) (113, -2.39414125680923461914e-01) (114, 3.69921779632568359375e+00) (115, -8.83921027183532714844e-01) (116, 3.52023482322692871094e-01) (117, 1.82886600494384765625e+00) (118, 1.77638447284698486328e+00) (119, 3.10557246208190917969e-01) (120, -5.50905883312225341797e-01) (121, 3.64541590213775634766e-01) (122, 3.18940806388854980469e+00) (123, 4.97937583923339843750e+00) (124, 3.04540526121854782104e-02) (125, 8.19605141878128051758e-02) (126, 2.30745673179626464844e+00) (127, 5.33848941326141357422e-01) (128, 3.42984199523925781250e+00) (129, 8.29726934432983398438e-01) (130, 1.88686645030975341797e+00) 
