FANN_FLO_2.1
num_layers=3
learning_rate=0.700000
connection_rate=1.000000
network_type=0
learning_momentum=0.000000
training_algorithm=2
train_error_function=1
train_stop_function=0
cascade_output_change_fraction=0.010000
quickprop_decay=-0.000100
quickprop_mu=1.750000
rprop_increase_factor=1.200000
rprop_decrease_factor=0.500000
rprop_delta_min=0.000000
rprop_delta_max=50.000000
rprop_delta_zero=0.100000
cascade_output_stagnation_epochs=12
cascade_candidate_change_fraction=0.010000
cascade_candidate_stagnation_epochs=12
cascade_max_out_epochs=150
cascade_max_cand_epochs=150
cascade_num_candidate_groups=2
bit_fail_limit=3.49999994039535522461e-01
cascade_candidate_limit=1.00000000000000000000e+03
cascade_weight_multiplier=4.00000005960464477539e-01
cascade_activation_functions_count=10
cascade_activation_functions=3 5 7 8 10 11 14 15 16 17 
cascade_activation_steepnesses_count=4
cascade_activation_steepnesses=2.50000000000000000000e-01 5.00000000000000000000e-01 7.50000000000000000000e-01 1.00000000000000000000e+00 
layer_sizes=105 26 2 
scale_included=0
neurons (num_inputs, activation_function, activation_steepness)=(0, 0, 0.00000000000000000000e+00) (0, 0, 0.00000000000000000000e+00) (0, 0, 0.00000000000000000000e+00) (0, 0, 0.00000000000000000000e+00) (0, 0, 0.00000000000000000000e+00) (0, 0, 0.00000000000000000000e+00) (0, 0, 0.00000000000000000000e+00) (0, 0, 0.00000000000000000000e+00) (0, 0, 0.00000000000000000000e+00) (0, 0, 0.00000000000000000000e+00) (0, 0, 0.00000000000000000000e+00) (0, 0, 0.00000000000000000000e+00) (0, 0, 0.00000000000000000000e+00) (0, 0, 0.00000000000000000000e+00) (0, 0, 0.00000000000000000000e+00) (0, 0, 0.00000000000000000000e+00) (0, 0, 0.00000000000000000000e+00) (0, 0, 0.00000000000000000000e+00) (0, 0, 0.00000000000000000000e+00) (0, 0, 0.00000000000000000000e+00) (0, 0, 0.00000000000000000000e+00) (0, 0, 0.00000000000000000000e+00) (0, 0, 0.00000000000000000000e+00) (0, 0, 0.00000000000000000000e+00) (0, 0, 0.00000000000000000000e+00) (0, 0, 0.00000000000000000000e+00) (0, 0, 0.00000000000000000000e+00) (0, 0, 0.00000000000000000000e+00) (0, 0, 0.00000000000000000000e+00) (0, 0, 0.00000000000000000000e+00) (0, 0, 0.00000000000000000000e+00) (0, 0, 0.00000000000000000000e+00) (0, 0, 0.00000000000000000000e+00) (0, 0, 0.00000000000000000000e+00) (0, 0, 0.00000000000000000000e+00) (0, 0, 0.00000000000000000000e+00) (0, 0, 0.00000000000000000000e+00) (0, 0, 0.00000000000000000000e+00) (0, 0, 0.00000000000000000000e+00) (0, 0, 0.00000000000000000000e+00) (0, 0, 0.00000000000000000000e+00) (0, 0, 0.00000000000000000000e+00) (0, 0, 0.00000000000000000000e+00) (0, 0, 0.00000000000000000000e+00) (0, 0, 0.00000000000000000000e+00) (0, 0, 0.00000000000000000000e+00) (0, 0, 0.00000000000000000000e+00) (0, 0, 0.00000000000000000000e+00) (0, 0, 0.00000000000000000000e+00) (0, 0, 0.00000000000000000000e+00) (0, 0, 0.00000000000000000000e+00) (0, 0, 0.00000000000000000000e+00) (0, 0, 0.00000000000000000000e+00) (0, 0, 0.00000000000000000000e+00) (0, 0, 0.00000000000000000000e+00) (0, 0, 0.00000000000000000000e+00) (0, 0, 0.00000000000000000000e+00) (0, 0, 0.00000000000000000000e+00) (0, 0, 0.00000000000000000000e+00) (0, 0, 0.00000000000000000000e+00) (0, 0, 0.00000000000000000000e+00) (0, 0, 0.00000000000000000000e+00) (0, 0, 0.00000000000000000000e+00) (0, 0, 0.00000000000000000000e+00) (0, 0, 0.00000000000000000000e+00) (0, 0, 0.00000000000000000000e+00) (0, 0, 0.00000000000000000000e+00) (0, 0, 0.00000000000000000000e+00) (0, 0, 0.00000000000000000000e+00) (0, 0, 0.00000000000000000000e+00) (0, 0, 0.00000000000000000000e+00) (0, 0, 0.00000000000000000000e+00) (0, 0, 0.00000000000000000000e+00) (0, 0, 0.00000000000000000000e+00) (0, 0, 0.00000000000000000000e+00) (0, 0, 0.00000000000000000000e+00) (0, 0, 0.00000000000000000000e+00) (0, 0, 0.00000000000000000000e+00) (0, 0, 0.00000000000000000000e+00) (0, 0, 0.00000000000000000000e+00) (0, 0, 0.00000000000000000000e+00) (0, 0, 0.00000000000000000000e+00) (0, 0, 0.00000000000000000000e+00) (0, 0, 0.00000000000000000000e+00) (0, 0, 0.00000000000000000000e+00) (0, 0, 0.00000000000000000000e+00) (0, 0, 0.00000000000000000000e+00) (0, 0, 0.00000000000000000000e+00) (0, 0, 0.00000000000000000000e+00) (0, 0, 0.00000000000000000000e+00) (0, 0, 0.00000000000000000000e+00) (0, 0, 0.00000000000000000000e+00) (0, 0, 0.00000000000000000000e+00) (0, 0, 0.00000000000000000000e+00) (0, 0, 0.00000000000000000000e+00) (0, 0, 0.00000000000000000000e+00) (0, 0, 0.00000000000000000000e+00) (0, 0, 0.00000000000000000000e+00) (0, 0, 0.00000000000000000000e+00) (0, 0, 0.00000000000000000000e+00) (0, 0, 0.00000000000000000000e+00) (0, 0, 0.00000000000000000000e+00) (0, 0, 0.00000000000000000000e+00) (0, 0, 0.00000000000000000000e+00) (0, 0, 0.00000000000000000000e+00) (105, 5, 5.00000000000000000000e-01) (105, 5, 5.00000000000000000000e-01) (105, 5, 5.00000000000000000000e-01) (105, 5, 5.00000000000000000000e-01) (105, 5, 5.00000000000000000000e-01) (105, 5, 5.00000000000000000000e-01) (105, 5, 5.00000000000000000000e-01) (105, 5, 5.00000000000000000000e-01) (105, 5, 5.00000000000000000000e-01) (105, 5, 5.00000000000000000000e-01) (105, 5, 5.00000000000000000000e-01) (105, 5, 5.00000000000000000000e-01) (105, 5, 5.00000000000000000000e-01) (105, 5, 5.00000000000000000000e-01) (105, 5, 5.00000000000000000000e-01) (105, 5, 5.00000000000000000000e-01) (105, 5, 5.00000000000000000000e-01) (105, 5, 5.00000000000000000000e-01) (105, 5, 5.00000000000000000000e-01) (105, 5, 5.00000000000000000000e-01) (105, 5, 5.00000000000000000000e-01) (105, 5, 5.00000000000000000000e-01) (105, 5, 5.00000000000000000000e-01) (105, 5, 5.00000000000000000000e-01) (105, 5, 5.00000000000000000000e-01) (0, 5, 0.00000000000000000000e+00) (26, 5, 5.00000000000000000000e-01) (0, 5, 0.00000000000000000000e+00) 
connections (connected_to_neuron, weight)=(0, 1.84347093105316162109e-01) (1, -5.52215635776519775391e-01) (2, -8.04340183734893798828e-01) (3, -1.01937413215637207031e+00) (4, -7.65514254570007324219e-01) (5, -1.07890777289867401123e-02) (6, 6.74592733383178710938e-01) (7, -6.40581071376800537109e-01) (8, 7.73698508739471435547e-01) (9, -7.47427463531494140625e-01) (10, -8.50011169910430908203e-01) (11, 1.56968963146209716797e+00) (12, 6.36570096015930175781e-01) (13, -5.45524716377258300781e-01) (14, -1.14843666553497314453e-01) (15, -1.19163908064365386963e-01) (16, 6.67611122131347656250e-01) (17, 6.34763956069946289062e-01) (18, -1.73261255025863647461e-01) (19, 2.69896000623703002930e-01) (20, 5.31803607940673828125e-01) (21, 1.19398403167724609375e+00) (22, 1.60322934389114379883e-01) (23, 1.53138665482401847839e-02) (24, 1.93850803375244140625e+00) (25, 4.36478555202484130859e-01) (26, -1.52355119585990905762e-01) (27, -1.08819425106048583984e-01) (28, 1.10588274896144866943e-01) (29, -5.01680552959442138672e-01) (30, -4.89239245653152465820e-01) (31, 1.33655297756195068359e+00) (32, -6.59126937389373779297e-02) (33, 9.72020346671342849731e-03) (34, 3.16509068012237548828e-01) (35, -7.13683009147644042969e-01) (36, -3.20416241884231567383e-02) (37, -3.24421584606170654297e-01) (38, 4.76531088352203369141e-01) (39, 5.18086493015289306641e-01) (40, -6.57934188842773437500e-01) (41, 9.11164522171020507812e-01) (42, 7.95517921447753906250e-01) (43, -9.27137657999992370605e-02) (44, 6.31707251071929931641e-01) (45, 6.86895728111267089844e-01) (46, 1.99690163135528564453e+00) (47, -1.96713343262672424316e-01) (48, -2.06887269020080566406e+00) (49, -8.67674708366394042969e-01) (50, 3.00575941801071166992e-01) (51, -7.76436626911163330078e-01) (52, -8.04540693759918212891e-01) (53, -7.91177511215209960938e-01) (54, -9.64767783880233764648e-02) (55, 8.78054380416870117188e-01) (56, 1.99965611100196838379e-02) (57, -9.10641491413116455078e-01) (58, -2.53098100423812866211e-01) (59, -7.23365321755409240723e-02) (60, -7.03518033027648925781e-01) (61, 1.08252263069152832031e+00) (62, -8.06799948215484619141e-01) (63, -8.11976790428161621094e-01) (64, -5.04256725311279296875e-01) (65, -8.56443703174591064453e-01) (66, -1.40846922993659973145e-01) (67, -2.02298715710639953613e-01) (68, 5.73169410228729248047e-01) (69, 1.68846338987350463867e-01) (70, -8.99564921855926513672e-01) (71, 5.38003206253051757812e-01) (72, -7.28548943996429443359e-01) (73, 9.12600398063659667969e-01) (74, -3.20674300193786621094e-01) (75, -2.60742707177996635437e-03) (76, -5.93906104564666748047e-01) (77, -7.62106657028198242188e-01) (78, 3.51864174008369445801e-02) (79, 1.33164870738983154297e+00) (80, -5.85523545742034912109e-01) (81, 6.57991111278533935547e-01) (82, 1.63023364543914794922e+00) (83, -1.05647635459899902344e+00) (84, 2.38755106925964355469e+00) (85, 9.08644616603851318359e-01) (86, -7.01255500316619873047e-01) (87, 7.17239499092102050781e-01) (88, -8.25539469718933105469e-01) (89, -6.05627417564392089844e-01) (90, -5.94339311122894287109e-01) (91, -5.03011524677276611328e-01) (92, 5.57885289192199707031e-01) (93, -7.59634912014007568359e-01) (94, -6.51586115360260009766e-01) (95, 1.52731263637542724609e+00) (96, 7.44367361068725585938e-01) (97, 7.51008510589599609375e-01) (98, 6.50316774845123291016e-01) (99, 1.35636651515960693359e+00) (100, -6.11008763313293457031e-01) (101, 5.96621811389923095703e-01) (102, -6.78478479385375976562e-01) (103, 2.71926188468933105469e+00) (104, 1.18245840072631835938e+00) (0, 2.47772097587585449219e+00) (1, 4.05179357528686523438e+00) (2, -3.30108189582824707031e+00) (3, -9.33539867401123046875e+00) (4, -3.48115563392639160156e+00) (5, -6.07513427734375000000e+00) (6, -1.74939024448394775391e+00) (7, -1.19848497211933135986e-01) (8, -5.90200710296630859375e+00) (9, 1.54517996311187744141e+00) (10, 5.71462810039520263672e-01) (11, 4.36595678329467773438e+00) (12, 8.80807161331176757812e-01) (13, -2.25400638580322265625e+00) (14, 7.92415559291839599609e-01) (15, 1.37374734878540039062e+00) (16, 1.16359722614288330078e+00) (17, -6.52626931667327880859e-01) (18, -8.20160925388336181641e-01) (19, 2.22606229782104492188e+00) (20, -8.58030557632446289062e-01) (21, -2.67967438697814941406e+00) (22, 3.63604974746704101562e+00) (23, 2.93333554267883300781e+00) (24, 8.55023682117462158203e-01) (25, -1.33284658193588256836e-01) (26, -7.29925751686096191406e-01) (27, 3.82266783714294433594e+00) (28, 1.03426873683929443359e+00) (29, 2.42711126804351806641e-01) (30, -5.22836744785308837891e-01) (31, -1.46840083599090576172e+00) (32, -7.53660053014755249023e-02) (33, -1.10257696360349655151e-03) (34, -6.82544410228729248047e-01) (35, 3.09003472328186035156e-01) (36, -9.14880216121673583984e-01) (37, 7.36653685569763183594e-01) (38, -2.93348524719476699829e-02) (39, -1.61610379815101623535e-01) (40, -7.74424910545349121094e-01) (41, 1.32177150249481201172e+00) (42, -8.31924438476562500000e-01) (43, -8.24340641498565673828e-01) (44, 9.67926561832427978516e-01) (45, 8.78090783953666687012e-02) (46, 3.25174093246459960938e+00) (47, -9.97299385070800781250e+00) (48, -2.54234170913696289062e+00) (49, 1.38373780250549316406e+00) (50, 3.67426825687289237976e-03) (51, 1.46489059925079345703e+00) (52, 3.46599251031875610352e-01) (53, 3.93628573417663574219e+00) (54, 2.05715322494506835938e+00) (55, 2.66214442253112792969e+00) (56, -1.39248180389404296875e+00) (57, 8.25250800698995590210e-03) (58, -7.16377019882202148438e-01) (59, 5.43448388576507568359e-01) (60, -5.49861311912536621094e-01) (61, -5.07759273052215576172e-01) (62, 1.48591077327728271484e+00) (63, -7.09427416324615478516e-01) (64, 1.48785496130585670471e-02) (65, -1.38253480195999145508e-01) (66, 3.18339228630065917969e-01) (67, 2.23341256380081176758e-01) (68, -2.01438367366790771484e-01) (69, 7.40664243698120117188e-01) (70, -7.69511640071868896484e-01) (71, 3.33137124776840209961e-01) (72, -2.08580762147903442383e-01) (73, 4.25491541624069213867e-01) (74, -1.75559151172637939453e+00) (75, -2.00332593917846679688e+00) (76, -7.92218267917633056641e-01) (77, -7.45732665061950683594e-01) (78, 1.32796144485473632812e+00) (79, -5.59885874390602111816e-02) (80, 7.33444809913635253906e-01) (81, -6.49479210376739501953e-01) (82, 8.88551771640777587891e-01) (83, -6.65911555290222167969e-01) (84, 8.33289444446563720703e-01) (85, 1.20606288313865661621e-01) (86, -6.92104220390319824219e-01) (87, -7.90491938591003417969e-01) (88, 6.07816576957702636719e-01) (89, 6.94492816925048828125e-01) (90, 5.13868451118469238281e-01) (91, 9.34248745441436767578e-01) (92, -8.80212843418121337891e-01) (93, -9.09810900688171386719e-01) (94, -6.34590744972229003906e-01) (95, 4.02731746435165405273e-01) (96, 4.14698809385299682617e-01) (97, 8.24298322200775146484e-01) (98, 1.40481615066528320312e+00) (99, 1.68306663632392883301e-01) (100, -6.34079873561859130859e-01) (101, -6.58232331275939941406e-01) (102, -1.04013681411743164062e+00) (103, 3.56450390815734863281e+00) (104, 2.42211318016052246094e+00) (0, 5.82145786285400390625e+00) (1, 3.76329708099365234375e+00) (2, -7.38243907690048217773e-02) (3, -1.06814503669738769531e+00) (4, -6.49754762649536132812e-01) (5, -4.61863708496093750000e+00) (6, 2.12058290839195251465e-01) (7, 2.98435854911804199219e+00) (8, 2.23390722274780273438e+00) (9, 1.09620928764343261719e+00) (10, -6.29808604717254638672e-01) (11, -7.80074372887611389160e-02) (12, -3.74167785048484802246e-02) (13, -1.90970849990844726562e+00) (14, 1.24640345573425292969e+00) (15, -5.11757358908653259277e-02) (16, 3.23328900337219238281e+00) (17, 9.69375967979431152344e-01) (18, 2.75342464447021484375e-01) (19, -7.28963375091552734375e-01) (20, -2.32072710990905761719e+00) (21, -5.22289276123046875000e-01) (22, -2.96009212732315063477e-01) (23, -1.98586142063140869141e+00) (24, 1.49564766883850097656e+00) (25, 2.42149424552917480469e+00) (26, -5.78010559082031250000e-01) (27, 8.14509987831115722656e-01) (28, 4.93523478507995605469e-01) (29, 7.80932843685150146484e-01) (30, -9.91234838962554931641e-01) (31, -2.10731640458106994629e-01) (32, -1.56616401672363281250e+00) (33, 4.67794954776763916016e-01) (34, -1.70070970058441162109e+00) (35, 9.06043872237205505371e-02) (36, 2.61158227920532226562e-01) (37, -3.38011234998703002930e-01) (38, 1.50474160909652709961e-01) (39, 1.56960952281951904297e+00) (40, 1.37478744983673095703e+00) (41, -4.23990637063980102539e-01) (42, 2.41833448410034179688e+00) (43, 1.45461809635162353516e+00) (44, 2.22599768638610839844e+00) (45, -3.26306641101837158203e-01) (46, -1.16791689395904541016e+00) (47, -1.04647266864776611328e+00) (48, -6.04978859424591064453e-01) (49, -5.89656770229339599609e-01) (50, 1.44045484066009521484e+00) (51, 6.10277689993381500244e-02) (52, 6.87716960906982421875e-01) (53, 1.45118653774261474609e-01) (54, -1.48943886160850524902e-01) (55, 8.14359128475189208984e-01) (56, 1.44870817661285400391e+00) (57, -5.46746909618377685547e-01) (58, -8.00112664699554443359e-01) (59, -5.62587141990661621094e-01) (60, 1.20587360858917236328e+00) (61, -5.95984220504760742188e-01) (62, -3.24426293373107910156e-01) (63, -1.32613733410835266113e-01) (64, 4.70816135406494140625e-01) (65, -5.53609073162078857422e-01) (66, 5.40152192115783691406e-02) (67, 2.42099955677986145020e-01) (68, -4.84797328710556030273e-01) (69, -5.46200096607208251953e-01) (70, 2.03203335404396057129e-01) (71, -6.47190034389495849609e-01) (72, 1.24577462673187255859e-01) (73, 5.91154754161834716797e-01) (74, 1.11147677898406982422e+00) (75, -3.62485557794570922852e-01) (76, 2.95781195163726806641e-01) (77, 7.73401632905006408691e-02) (78, -4.62974131107330322266e-01) (79, 1.01383268833160400391e+00) (80, -1.24049842357635498047e-01) (81, 2.45396837592124938965e-01) (82, 8.10892820358276367188e-01) (83, -6.32222652435302734375e-01) (84, -7.33207523822784423828e-01) (85, 2.27655053138732910156e-01) (86, 8.90013456344604492188e-01) (87, -6.19504213333129882812e-01) (88, 9.57853257656097412109e-01) (89, -8.62644731998443603516e-01) (90, -6.68447315692901611328e-01) (91, -6.52637183666229248047e-01) (92, -7.15147197246551513672e-01) (93, -7.29487478733062744141e-01) (94, -7.85042941570281982422e-01) (95, -1.14852774143218994141e+00) (96, 2.75439709424972534180e-01) (97, -5.08535325527191162109e-01) (98, 1.15339703857898712158e-01) (99, -7.53716051578521728516e-01) (100, -7.78840661048889160156e-01) (101, -6.90578758716583251953e-01) (102, -8.02798271179199218750e+00) (103, 1.35366201400756835938e+01) (104, 2.47947716712951660156e+00) (0, -2.30023121833801269531e+00) (1, -4.06192168593406677246e-02) (2, 1.44580766558647155762e-01) (3, 6.77891016006469726562e-01) (4, -1.23948097229003906250e-01) (5, -1.91123127937316894531e+00) (6, -1.00384795665740966797e+00) (7, 6.34266257286071777344e-01) (8, -1.08768552541732788086e-01) (9, -5.70131421089172363281e-01) (10, 1.94871711730957031250e+00) (11, -2.73034858703613281250e+00) (12, -6.43400549888610839844e-01) (13, -7.06098377704620361328e-01) (14, -1.93583968211896717548e-04) (15, -6.84403479099273681641e-01) (16, -6.94937646389007568359e-01) (17, -6.14262104034423828125e-01) (18, -1.16135692596435546875e+00) (19, 1.31903160363435745239e-02) (20, 1.39555096626281738281e+00) (21, -1.14648461341857910156e-01) (22, -1.14249415695667266846e-01) (23, -1.21319353580474853516e+00) (24, -2.35833317041397094727e-01) (25, -1.22822448611259460449e-01) (26, -6.62647426128387451172e-01) (27, -1.30231548100709915161e-02) (28, 2.13158321380615234375e+00) (29, 9.55508574843406677246e-02) (30, 1.15747463703155517578e+00) (31, -1.81067101657390594482e-02) (32, -1.17891855537891387939e-01) (33, 1.12886083126068115234e+00) (34, 1.18462992832064628601e-02) (35, -6.87539815902709960938e-01) (36, 2.45284736156463623047e-01) (37, 1.12115778028964996338e-01) (38, 7.33436107635498046875e-01) (39, -4.40271520614624023438e+00) (40, 1.13059175014495849609e+00) (41, 4.34256887435913085938e+00) (42, -7.18084871768951416016e-02) (43, -1.15242159366607666016e+00) (44, -9.15939033031463623047e-01) (45, -3.98928523063659667969e-01) (46, -3.66911590099334716797e-02) (47, 4.81759682297706604004e-02) (48, -6.79489135742187500000e-01) (49, 1.39991007745265960693e-02) (50, -2.27292865514755249023e-01) (51, 1.45697426795959472656e+00) (52, 2.09784924983978271484e-01) (53, 4.00379180908203125000e-01) (54, 5.36170154809951782227e-02) (55, -1.36870130896568298340e-01) (56, 1.08757102489471435547e+00) (57, -8.97539734840393066406e-01) (58, 5.10797858238220214844e-01) (59, -6.70195579528808593750e-01) (60, -7.67434597015380859375e-01) (61, -2.33633369207382202148e-01) (62, -7.36940026283264160156e-01) (63, -1.64156660437583923340e-01) (64, 1.21471333503723144531e+00) (65, -2.00161114335060119629e-01) (66, -2.65739232301712036133e-01) (67, -8.51063653826713562012e-02) (68, 1.40964400768280029297e+00) (69, -5.68574666976928710938e-01) (70, -5.89446842670440673828e-01) (71, 2.00613188743591308594e+00) (72, 7.69658803939819335938e-01) (73, 1.41540095210075378418e-01) (74, 1.10422611236572265625e+00) (75, -3.29096883535385131836e-01) (76, 9.08933281898498535156e-01) (77, -1.00896447896957397461e-01) (78, -7.44855225086212158203e-01) (79, 8.26293885707855224609e-01) (80, 1.70255988836288452148e-01) (81, 5.87971769273281097412e-02) (82, 1.41349673271179199219e+00) (83, -2.64689385890960693359e-01) (84, -7.86776423454284667969e-01) (85, -7.58151113986968994141e-01) (86, 5.50791203975677490234e-01) (87, 1.62251794338226318359e+00) (88, -6.71688437461853027344e-01) (89, -2.48167142271995544434e-02) (90, -5.71801006793975830078e-01) (91, -1.25839340686798095703e+00) (92, 7.81590044498443603516e-01) (93, 3.64198908209800720215e-02) (94, 6.80232524871826171875e-01) (95, 5.39431989192962646484e-01) (96, 1.59595441818237304688e+00) (97, -2.41856873035430908203e-02) (98, 1.38637506961822509766e+00) (99, -4.87656518816947937012e-02) (100, -7.51481950283050537109e-01) (101, -5.73736011981964111328e-01) (102, 4.22503185272216796875e+00) (103, -1.55940854549407958984e+00) (104, 1.22362697124481201172e+00) (0, 5.63113708496093750000e+01) (1, -1.66911512613296508789e-01) (2, 4.87143456935882568359e-01) (3, 3.61447274684906005859e-01) (4, 4.60387229919433593750e-01) (5, 4.10628914833068847656e-01) (6, 7.53428339958190917969e-01) (7, 3.60285282135009765625e-01) (8, 4.90292906761169433594e-01) (9, 6.52136802673339843750e-01) (10, 4.85933184623718261719e-01) (11, 3.67601275444030761719e-01) (12, 6.39675796031951904297e-01) (13, 3.65813910961151123047e-01) (14, 6.89333021640777587891e-01) (15, 2.86365270614624023438e-01) (16, 4.70485210418701171875e-01) (17, 4.48463618755340576172e-01) (18, 4.45386409759521484375e-01) (19, 4.60831761360168457031e-01) (20, 4.18371260166168212891e-01) (21, 6.07426583766937255859e-01) (22, 3.36026698350906372070e-01) (23, 3.85488986968994140625e-01) (24, 3.35560709238052368164e-01) (25, 3.68845880031585693359e-01) (26, 3.33420872688293457031e-01) (27, 3.10636371374130249023e-01) (28, 5.97456037998199462891e-01) (29, 4.58332121372222900391e-01) (30, 4.19538736343383789062e-01) (31, 3.08551549911499023438e-01) (32, 4.61966514587402343750e-01) (33, 3.08000266551971435547e-01) (34, 1.95620131492614746094e+00) (35, 4.34926211833953857422e-01) (36, 4.67896401882171630859e-01) (37, 5.11819124221801757812e-01) (38, 6.19436442852020263672e-01) (39, 4.41022336483001708984e-01) (40, 6.04453742504119873047e-01) (41, 4.58398222923278808594e-01) (42, -1.28334581851959228516e-01) (43, 5.89318752288818359375e-01) (44, 4.95215296745300292969e-01) (45, 5.54380476474761962891e-01) (46, 2.76073008775711059570e-01) (47, 3.04921656847000122070e-01) (48, 4.15229499340057373047e-01) (49, 4.94427680969238281250e-01) (50, -3.15332591533660888672e-01) (51, 6.13030850887298583984e-01) (52, 5.06071805953979492188e-01) (53, 4.70314383506774902344e-01) (54, 4.45572078227996826172e-01) (55, -3.83512705564498901367e-01) (56, -1.84512615203857421875e-01) (57, 3.86452198028564453125e-01) (58, 3.97225081920623779297e-01) (59, 1.13157427310943603516e+00) (60, 3.12349826097488403320e-01) (61, 3.67689847946166992188e-01) (62, -1.56040176749229431152e-01) (63, 4.45557832717895507812e-01) (64, 1.03011000156402587891e+00) (65, 3.23757052421569824219e-01) (66, -3.80780816078186035156e-01) (67, 1.64902937412261962891e+00) (68, -1.57553419470787048340e-01) (69, 1.32147169113159179688e+01) (70, -9.73737090826034545898e-02) (71, 5.01942694187164306641e-01) (72, -2.61664927005767822266e-01) (73, 6.73340260982513427734e-02) (74, 5.11311888694763183594e-01) (75, -1.61020785570144653320e-01) (76, -1.78133770823478698730e-01) (77, 4.69645082950592041016e-01) (78, -2.84704983234405517578e-01) (79, 1.07153487205505371094e+00) (80, -1.33683785796165466309e-01) (81, 1.08891785144805908203e+00) (82, 1.10114896297454833984e+00) (83, 1.15958905220031738281e+00) (84, -3.58947545289993286133e-01) (85, -3.07852655649185180664e-01) (86, -2.72120863199234008789e-01) (87, -1.79602503776550292969e-02) (88, -1.99583992362022399902e-01) (89, 9.84285831451416015625e-01) (90, 1.14627754688262939453e+00) (91, 1.02643442153930664062e+00) (92, 1.32576084136962890625e+00) (93, 1.18746650218963623047e+00) (94, 2.58789747953414916992e-01) (95, 1.03013598918914794922e+00) (96, 7.79132470488548278809e-02) (97, 3.59473109245300292969e-01) (98, 1.18017125129699707031e+00) (99, 1.15159392356872558594e+00) (100, 3.55122804641723632812e-01) (101, 2.13831281661987304688e+00) (102, 1.34252166748046875000e+00) (103, 8.86586189270019531250e-01) (104, 1.23043143749237060547e+00) (0, -1.29006791114807128906e+00) (1, 4.68498420715332031250e+00) (2, -1.00393116474151611328e+00) (3, -4.54826974868774414062e+00) (4, 7.01116919517517089844e-01) (5, -6.64136648178100585938e-01) (6, -1.57910358905792236328e+00) (7, 2.40518403053283691406e+00) (8, -1.56079694628715515137e-01) (9, 7.79043257236480712891e-01) (10, 9.15538966655731201172e-01) (11, -2.30194711685180664062e+00) (12, 4.56837940216064453125e+00) (13, 3.39343458414077758789e-01) (14, 1.73771366477012634277e-01) (15, -9.80606019496917724609e-01) (16, -1.35357153415679931641e+00) (17, 2.60660719871520996094e+00) (18, -3.40145039558410644531e+00) (19, -1.12406647205352783203e+00) (20, -1.08771407604217529297e+00) (21, 2.33529791235923767090e-01) (22, 1.58192551136016845703e+00) (23, -2.44255828857421875000e+00) (24, -2.15070557594299316406e+00) (25, 7.99849510192871093750e+00) (26, -7.58045196533203125000e-01) (27, 5.10886788368225097656e-01) (28, 6.50707960128784179688e-01) (29, 3.04170012474060058594e+00) (30, -2.51533198356628417969e+00) (31, -2.14542365074157714844e+00) (32, -3.02991181612014770508e-01) (33, 7.19191610813140869141e-01) (34, 5.59890627861022949219e-01) (35, -1.29715788364410400391e+00) (36, 1.01245188713073730469e+00) (37, -1.19111132621765136719e+00) (38, -5.96034884452819824219e-01) (39, 2.98855394124984741211e-01) (40, -1.66415691375732421875e+00) (41, 1.91036164760589599609e+00) (42, -9.23216462135314941406e-01) (43, -2.46047544479370117188e+00) (44, -7.34696030616760253906e-01) (45, 9.63395088911056518555e-02) (46, 4.10248428583145141602e-01) (47, -1.61697983741760253906e+00) (48, -2.79640269279479980469e+00) (49, 2.50843119621276855469e+00) (50, 7.00876861810684204102e-02) (51, -2.01293706893920898438e+00) (52, -1.88822603225708007812e+00) (53, 1.60911428928375244141e+00) (54, -6.00486218929290771484e-01) (55, 1.12511670589447021484e+00) (56, 4.48851078748703002930e-01) (57, -1.03104770183563232422e-01) (58, 1.16670119762420654297e+00) (59, -7.81713008880615234375e-01) (60, 2.56667685508728027344e+00) (61, 1.73004579544067382812e+00) (62, -4.66217660903930664062e+00) (63, -7.61251091957092285156e-01) (64, -2.13034820556640625000e+00) (65, 1.13393354415893554688e+00) (66, -5.31012356281280517578e-01) (67, -1.26048982143402099609e+00) (68, 1.16935777664184570312e+00) (69, 7.34935104846954345703e-01) (70, -2.09746301174163818359e-01) (71, 3.04248285293579101562e+00) (72, 4.95159149169921875000e-01) (73, 2.36353397369384765625e+00) (74, 5.94589412212371826172e-01) (75, -2.18949484825134277344e+00) (76, 1.90485477447509765625e+00) (77, -2.16809779405593872070e-01) (78, -8.17318379878997802734e-01) (79, 1.06325775384902954102e-01) (80, -6.14416360855102539062e+00) (81, -8.47232937812805175781e-01) (82, 1.38691079616546630859e+00) (83, -1.33023715019226074219e+00) (84, -1.61692872643470764160e-01) (85, 1.64253723621368408203e+00) (86, 1.60542631149291992188e+00) (87, 6.29546761512756347656e-01) (88, 1.59446001052856445312e+00) (89, -1.37795519828796386719e+00) (90, -3.11766624450683593750e-01) (91, 1.37941503524780273438e+00) (92, -7.43705749511718750000e-01) (93, -3.15561056137084960938e-01) (94, -7.79622852802276611328e-01) (95, 2.88471555709838867188e+00) (96, -5.94314098358154296875e-01) (97, 1.79286405444145202637e-01) (98, 4.67701107263565063477e-01) (99, 1.46690070629119873047e+00) (100, 7.52462804317474365234e-01) (101, -2.05381870269775390625e+00) (102, 6.83359801769256591797e-01) (103, 1.46016466617584228516e+00) (104, 2.61424088478088378906e+00) (0, 7.55768001079559326172e-01) (1, -3.65191555023193359375e+00) (2, 1.54412999749183654785e-01) (3, 1.20358872413635253906e+00) (4, 4.11998063325881958008e-01) (5, -1.31816077232360839844e+00) (6, 5.18322348594665527344e-01) (7, 6.31222784519195556641e-01) (8, 7.92828845977783203125e+00) (9, 5.60963094234466552734e-01) (10, -1.20515270233154296875e+01) (11, -7.24879741668701171875e-01) (12, -2.12523609399795532227e-01) (13, 4.63640719652175903320e-01) (14, -5.26861250400543212891e-01) (15, 1.25835442543029785156e+00) (16, -6.46841898560523986816e-02) (17, 1.18902611732482910156e+00) (18, 1.86757981777191162109e+00) (19, -9.73322689533233642578e-02) (20, 2.05070996284484863281e+00) (21, 4.22168302536010742188e+00) (22, -3.17953467369079589844e+00) (23, -2.60550856590270996094e-01) (24, 1.04571256637573242188e+01) (25, 1.06568121910095214844e+00) (26, 1.36930072307586669922e+00) (27, 1.18945479393005371094e+00) (28, -1.20328962802886962891e+00) (29, 5.56494295597076416016e-01) (30, -2.39976358413696289062e+00) (31, 3.13578391075134277344e+00) (32, -1.04838025569915771484e+00) (33, -3.11202931404113769531e+00) (34, 3.22101381607353687286e-03) (35, 9.49747208505868911743e-03) (36, -3.78552317619323730469e-01) (37, -1.90692567825317382812e+00) (38, -8.57287421822547912598e-02) (39, -8.51646587252616882324e-02) (40, -1.13654375076293945312e+00) (41, -2.00171613693237304688e+00) (42, -2.97822445631027221680e-01) (43, -3.54792892932891845703e-01) (44, 9.91025984287261962891e-01) (45, 6.56226098537445068359e-01) (46, 3.96999931335449218750e+00) (47, 7.59274899959564208984e-01) (48, 1.48819017410278320312e+00) (49, 8.14702451229095458984e-01) (50, -1.46049797534942626953e+00) (51, 3.24739128351211547852e-01) (52, -1.06600701808929443359e+00) (53, 3.07485604286193847656e+00) (54, -6.59085988998413085938e-01) (55, 8.56931030750274658203e-01) (56, 2.94681608676910400391e-01) (57, 8.93521130084991455078e-01) (58, 5.30175089836120605469e-01) (59, 1.40988075733184814453e+00) (60, -3.26425731182098388672e-02) (61, 1.17232763767242431641e+00) (62, 5.59731781482696533203e-01) (63, -7.95654356479644775391e-02) (64, 8.00719857215881347656e-01) (65, -1.57671406865119934082e-01) (66, 5.84206998348236083984e-01) (67, 8.12064707279205322266e-01) (68, 1.26249372959136962891e+00) (69, -1.21039152145385742188e+01) (70, 4.65857774019241333008e-01) (71, 3.47573608160018920898e-01) (72, 5.82302749156951904297e-01) (73, 2.40410447120666503906e+00) (74, 5.33169865608215332031e-01) (75, 8.19517523050308227539e-02) (76, -2.74054825305938720703e-01) (77, 5.13785421848297119141e-01) (78, 6.95807874202728271484e-01) (79, 5.04247844219207763672e-01) (80, -5.13722479343414306641e-01) (81, -1.31794500350952148438e+00) (82, 7.32441723346710205078e-01) (83, 5.51040410995483398438e-01) (84, 5.43828129768371582031e-01) (85, 8.23077023029327392578e-01) (86, 5.97739398479461669922e-01) (87, 4.56623762845993041992e-01) (88, -1.31645071506500244141e+00) (89, 1.97953805327415466309e-01) (90, -8.92640836536884307861e-03) (91, 7.99174427986145019531e-01) (92, -3.30080389976501464844e-02) (93, 6.54114723205566406250e-01) (94, 4.26166683435440063477e-01) (95, 7.17576146125793457031e-01) (96, -4.02833521366119384766e-01) (97, -6.41877055168151855469e-02) (98, 2.02878808975219726562e+00) (99, 8.12338113784790039062e-01) (100, -1.56582698225975036621e-01) (101, 4.18378025293350219727e-01) (102, -7.01976001262664794922e-01) (103, 3.07979917526245117188e+00) (104, 2.08249592781066894531e+00) (0, 5.07120132446289062500e-01) (1, 1.44320487976074218750e+00) (2, 1.50953984260559082031e+00) (3, 1.26111710071563720703e+00) (4, -6.85883760452270507812e-01) (5, 1.20682382583618164062e+00) (6, 6.64916872978210449219e-01) (7, 9.33889508247375488281e-01) (8, -3.47092771530151367188e+00) (9, 7.90757179260253906250e-01) (10, 1.26915764808654785156e+00) (11, -8.74995291233062744141e-01) (12, 7.91233420372009277344e-01) (13, 1.02821016311645507812e+00) (14, -3.83617907762527465820e-01) (15, -1.39314800500869750977e-01) (16, -8.09463202953338623047e-01) (17, -7.90411829948425292969e-01) (18, -7.74387300014495849609e-01) (19, -2.09466926753520965576e-02) (20, 1.10469527542591094971e-01) (21, 1.00144875049591064453e+00) (22, -5.42082153260707855225e-02) (23, -7.56560564041137695312e-01) (24, 1.35729938745498657227e-01) (25, 1.54140996932983398438e+00) (26, -5.73787629604339599609e-01) (27, -9.51350182294845581055e-02) (28, 8.69537949562072753906e-01) (29, 8.90565872192382812500e-01) (30, -2.39053815603256225586e-02) (31, -5.89291810989379882812e-01) (32, 9.15544271469116210938e-01) (33, 1.23821914196014404297e-01) (34, 1.34783208370208740234e+00) (35, -1.24871663749217987061e-01) (36, -1.53127670288085937500e-01) (37, 1.47483825683593750000e+00) (38, -8.29271003603935241699e-02) (39, -6.55732035636901855469e-01) (40, -5.03661692142486572266e-01) (41, -3.03609609603881835938e+00) (42, -7.29758858680725097656e-01) (43, 3.10221970081329345703e-01) (44, 2.64153599739074707031e-01) (45, -5.78420400619506835938e-01) (46, -7.36238539218902587891e-01) (47, -3.64664459228515625000e+00) (48, -5.78899919986724853516e-01) (49, 7.70027795806527137756e-03) (50, -7.20630109310150146484e-01) (51, 5.09239770472049713135e-02) (52, 5.44234633445739746094e-01) (53, -7.53612101078033447266e-01) (54, 2.53953993320465087891e-01) (55, -1.21122419834136962891e+00) (56, -6.18395328521728515625e-01) (57, 8.96133422851562500000e-01) (58, 2.53817439079284667969e+00) (59, 1.05791580677032470703e+00) (60, -1.21397152543067932129e-01) (61, 2.79319196939468383789e-01) (62, -5.54051399230957031250e-01) (63, -9.67215776443481445312e-01) (64, -2.98561632633209228516e-01) (65, -8.21179449558258056641e-02) (66, -1.49932548403739929199e-01) (67, 1.47392261028289794922e+00) (68, -4.63949143886566162109e-01) (69, 5.22678136825561523438e-01) (70, 9.45625066757202148438e-01) (71, -2.49303951859474182129e-01) (72, -7.35708057880401611328e-01) (73, -9.30330216884613037109e-01) (74, 1.08806475996971130371e-01) (75, -8.37395489215850830078e-01) (76, 1.47382867336273193359e+00) (77, 1.96464538574218750000e-01) (78, 9.66519042849540710449e-02) (79, 7.98579156398773193359e-01) (80, -4.76475477218627929688e-01) (81, -3.95432561635971069336e-01) (82, -7.85439372062683105469e-01) (83, 2.35305190086364746094e+00) (84, -8.68055820465087890625e-01) (85, -8.58870029449462890625e-01) (86, -6.95675145834684371948e-04) (87, 1.26821088790893554688e+00) (88, -1.00643776357173919678e-01) (89, -7.10473775863647460938e-01) (90, -9.28940773010253906250e-01) (91, -2.39502459764480590820e-01) (92, 4.98602569103240966797e-01) (93, 9.88005101680755615234e-03) (94, -4.12707850337028503418e-02) (95, -7.58357346057891845703e-01) (96, 2.55732715129852294922e-01) (97, 3.71929705142974853516e-02) (98, 8.84281039237976074219e-01) (99, -8.66083443164825439453e-01) (100, 3.86658944189548492432e-02) (101, 2.25318014621734619141e-01) (102, 6.73902213573455810547e-01) (103, 1.38850164413452148438e+00) (104, 2.20235228538513183594e+00) (0, 1.71397066116333007812e+00) (1, 8.23397696018218994141e-01) (2, 3.82938057184219360352e-01) (3, 2.10183292627334594727e-01) (4, -1.22664704918861389160e-01) (5, 1.60825240612030029297e+00) (6, 5.43895542621612548828e-01) (7, 3.95166903734207153320e-01) (8, -2.68315458297729492188e+00) (9, -6.17346942424774169922e-01) (10, -5.85806131362915039062e-01) (11, 4.71972137689590454102e-01) (12, -3.30288380384445190430e-01) (13, 8.88399660587310791016e-01) (14, -1.20273530483245849609e+00) (15, -1.97688221931457519531e-01) (16, 1.80715954303741455078e+00) (17, -7.06554830074310302734e-01) (18, -8.57237040996551513672e-01) (19, 3.00291925668716430664e-02) (20, -8.11261415481567382812e-01) (21, -2.42523595690727233887e-01) (22, -1.07304430007934570312e+00) (23, 1.45666038990020751953e+00) (24, 8.36858844757080078125e+00) (25, -2.55125105381011962891e-01) (26, -6.66989147663116455078e-01) (27, 1.26452076435089111328e+00) (28, -4.08177465200424194336e-01) (29, -2.46938049793243408203e-01) (30, -2.70184546709060668945e-01) (31, -6.69996961951255798340e-02) (32, 1.10702134668827056885e-01) (33, -2.28955626487731933594e+00) (34, 4.15496492385864257812e+00) (35, 3.02109098993241786957e-03) (36, 5.99051117897033691406e-01) (37, -2.38205358386039733887e-01) (38, 7.93076157569885253906e-01) (39, -8.15987169742584228516e-01) (40, 5.64708769321441650391e-01) (41, 2.00622582435607910156e+00) (42, -1.32815092802047729492e-01) (43, -1.66707718372344970703e+00) (44, -1.18624687194824218750e+00) (45, 1.52116310596466064453e+00) (46, -1.45574080944061279297e+00) (47, 1.65261375904083251953e+00) (48, -1.02329759597778320312e+01) (49, -9.34347033500671386719e-01) (50, -1.89472007751464843750e+00) (51, -1.95188015699386596680e-01) (52, 3.53509157896041870117e-01) (53, 7.99862444400787353516e-01) (54, -1.59586258232593536377e-02) (55, -1.39858460426330566406e+00) (56, -1.79501205682754516602e-01) (57, -1.16515803337097167969e+00) (58, -1.90153002738952636719e+00) (59, 2.40060043334960937500e+00) (60, -2.71441251039505004883e-01) (61, -6.78500592708587646484e-01) (62, -2.76301324367523193359e-01) (63, 1.32479155063629150391e+00) (64, 1.84196317195892333984e+00) (65, -4.07714806497097015381e-02) (66, 3.45340847969055175781e+00) (67, -3.83599668741226196289e-01) (68, 1.45029788836836814880e-02) (69, 1.33718872070312500000e+00) (70, -1.14327621459960937500e+00) (71, -7.37285137176513671875e-01) (72, -7.70261108875274658203e-01) (73, 1.02312648296356201172e+00) (74, -2.38159066066145896912e-03) (75, -1.41545724868774414062e+00) (76, -4.42534446716308593750e-01) (77, -6.58773541450500488281e-01) (78, 8.64285409450531005859e-01) (79, -1.45626556873321533203e+00) (80, 6.82965993881225585938e-01) (81, -5.74138686060905456543e-02) (82, 1.54781270027160644531e+00) (83, 7.08699882030487060547e-01) (84, 3.86599719524383544922e-01) (85, 1.31112501025199890137e-01) (86, 7.00390756130218505859e-01) (87, -1.43626332283020019531e-01) (88, 8.37329566478729248047e-01) (89, -3.12209218740463256836e-01) (90, 8.44861328601837158203e-01) (91, 2.07119822502136230469e+00) (92, -8.92160773277282714844e-01) (93, 1.77714258432388305664e-01) (94, 1.04919373989105224609e+00) (95, -2.29589015245437622070e-01) (96, -6.42863094806671142578e-01) (97, -2.55176639556884765625e+00) (98, -5.60239791870117187500e-01) (99, 2.64171808958053588867e-02) (100, -8.16876143217086791992e-02) (101, -1.47733068466186523438e+00) (102, 6.07104420661926269531e-01) (103, 1.45776653289794921875e+00) (104, 2.25273036956787109375e+00) (0, -1.05109763145446777344e+00) (1, -3.30478608608245849609e-01) (2, 6.00162327289581298828e-01) (3, -2.58791357278823852539e-01) (4, -5.05767688155174255371e-02) (5, -2.25752562284469604492e-01) (6, 8.24286192655563354492e-02) (7, 2.91844476014375686646e-02) (8, 6.50695741176605224609e-01) (9, 8.38566869497299194336e-02) (10, -4.25893634557723999023e-01) (11, 1.27135038375854492188e+00) (12, 3.99865135550498962402e-02) (13, 1.09322130680084228516e+00) (14, -1.66468825191259384155e-02) (15, -3.45296502113342285156e-01) (16, -7.44376659393310546875e-01) (17, -6.54040992259979248047e-01) (18, -1.31769463419914245605e-01) (19, -2.14504852890968322754e-01) (20, -5.92482499778270721436e-02) (21, 1.56718766689300537109e+00) (22, -7.66283035278320312500e-01) (23, -9.28338408470153808594e-01) (24, -1.16287194192409515381e-01) (25, -4.88539725542068481445e-01) (26, -8.91275763511657714844e-01) (27, -2.69578456878662109375e-01) (28, 6.14413797855377197266e-01) (29, -6.30935370922088623047e-01) (30, -5.99616467952728271484e-01) (31, -6.80257856845855712891e-01) (32, -2.11471393704414367676e-01) (33, -7.76872456073760986328e-01) (34, -5.39856612682342529297e-01) (35, -6.62694334983825683594e-01) (36, -6.62241503596305847168e-02) (37, 1.46542918682098388672e+00) (38, 1.05072990059852600098e-01) (39, -3.40631529688835144043e-02) (40, 1.04486025869846343994e-01) (41, -9.35723334550857543945e-02) (42, 2.17253789305686950684e-01) (43, 9.61610898375511169434e-02) (44, -6.29326581954956054688e-01) (45, 6.42561540007591247559e-02) (46, -8.90536665916442871094e-01) (47, -1.01282024383544921875e+00) (48, -8.31447482109069824219e-01) (49, -7.73124277591705322266e-01) (50, -3.65475982427597045898e-01) (51, 9.37965750694274902344e-01) (52, -7.93486297130584716797e-01) (53, -4.99034225940704345703e-02) (54, 2.74409353733062744141e-01) (55, -1.60311505198478698730e-01) (56, -1.00685991346836090088e-01) (57, 1.35047245025634765625e+00) (58, 6.72040820121765136719e-01) (59, 4.09915775060653686523e-01) (60, 4.65686433017253875732e-03) (61, -6.75278723239898681641e-01) (62, -6.62254989147186279297e-01) (63, -1.44683495163917541504e-01) (64, 1.15882277488708496094e+00) (65, 5.36583643406629562378e-03) (66, -6.38438403606414794922e-01) (67, 2.40280342102050781250e+00) (68, -1.56244367361068725586e-01) (69, 5.30228972434997558594e-01) (70, 5.25640726089477539062e-01) (71, 6.17404103279113769531e-01) (72, -8.21092188358306884766e-01) (73, 9.77677628397941589355e-02) (74, -1.38049887027591466904e-03) (75, -3.05694341659545898438e-01) (76, 1.69960796833038330078e+00) (77, -7.36393332481384277344e-01) (78, -7.26783812046051025391e-01) (79, 1.34654450416564941406e+00) (80, -1.89293310046195983887e-01) (81, -2.12853693962097167969e+00) (82, -7.87788212299346923828e-01) (83, 1.64574992656707763672e+00) (84, -8.26339483261108398438e-01) (85, -4.59854975342750549316e-02) (86, -7.24310457706451416016e-01) (87, 8.69496583938598632812e-01) (88, -9.11832600831985473633e-02) (89, 1.39109694957733154297e+00) (90, 1.30073070526123046875e+00) (91, -6.56465470790863037109e-01) (92, 8.38410139083862304688e-01) (93, 1.60877251625061035156e+00) (94, -5.46369925141334533691e-02) (95, 5.63309669494628906250e-01) (96, 2.70457148551940917969e-01) (97, -8.10084104537963867188e-01) (98, 4.41792190074920654297e-01) (99, 1.27214992046356201172e+00) (100, -8.26459452509880065918e-02) (101, 8.39748859405517578125e-01) (102, 1.10520923137664794922e+00) (103, 8.29839468002319335938e-01) (104, 1.82959043979644775391e+00) (0, 3.73847246170043945312e-01) (1, 1.50287103652954101562e+00) (2, -7.21622526645660400391e-01) (3, 4.72229011356830596924e-02) (4, 4.23427633941173553467e-02) (5, 6.63221657276153564453e-01) (6, -6.25050485134124755859e-01) (7, 1.44111716747283935547e+00) (8, -6.00665509700775146484e-01) (9, -4.57745611667633056641e-01) (10, -7.05689489841461181641e-01) (11, 6.86969339847564697266e-01) (12, -4.03012007474899291992e-01) (13, 4.35413233935832977295e-02) (14, -3.94482791423797607422e-01) (15, -8.27849842607975006104e-03) (16, 4.83014341443777084351e-03) (17, -6.82906329631805419922e-01) (18, -6.35032236576080322266e-01) (19, -9.06384959816932678223e-02) (20, 6.42689764499664306641e-01) (21, 1.70478254556655883789e-01) (22, 5.18965460360050201416e-02) (23, -6.53622031211853027344e-01) (24, -1.65860638022422790527e-01) (25, -5.41958510875701904297e-01) (26, -7.97424376010894775391e-01) (27, 6.25253021717071533203e-01) (28, 6.07943952083587646484e-01) (29, -5.38524352014064788818e-02) (30, 5.19465327262878417969e-01) (31, -5.79050242900848388672e-01) (32, 5.51219761371612548828e-01) (33, 6.76058948040008544922e-01) (34, 4.47288185358047485352e-01) (35, 4.49206054210662841797e-01) (36, -2.20564827322959899902e-02) (37, 3.08432251214981079102e-01) (38, 1.45321214199066162109e+00) (39, -1.93930953741073608398e-01) (40, 1.95572320371866226196e-02) (41, 3.92073130607604980469e+00) (42, -4.72528785467147827148e-01) (43, 5.40628209710121154785e-02) (44, 6.98558986186981201172e-02) (45, -7.75233328342437744141e-01) (46, -8.93086016178131103516e-01) (47, -8.21840524673461914062e-01) (48, -5.14275312423706054688e-01) (49, -2.13550731539726257324e-01) (50, 4.81795907020568847656e-01) (51, 2.57172822952270507812e-01) (52, -6.12261474132537841797e-01) (53, 2.30473261326551437378e-02) (54, 1.42197597026824951172e+00) (55, 6.11161887645721435547e-01) (56, 1.31047163158655166626e-02) (57, -6.99834287166595458984e-01) (58, -2.31358259916305541992e-01) (59, 1.35367357730865478516e+00) (60, -7.90645003318786621094e-01) (61, -2.54520386457443237305e-01) (62, -6.47781014442443847656e-01) (63, -6.01632237434387207031e-01) (64, -4.58342283964157104492e-01) (65, -6.93180680274963378906e-01) (66, 9.31425333023071289062e-01) (67, -1.25085428357124328613e-01) (68, -2.02538177371025085449e-01) (69, -1.95486575365066528320e-01) (70, -1.10618218779563903809e-01) (71, -7.65288114547729492188e-01) (72, -6.96843504905700683594e-01) (73, -6.86214983463287353516e-01) (74, -1.29493668675422668457e-01) (75, 2.40314416587352752686e-02) (76, 1.94946482777595520020e-01) (77, -7.51485049724578857422e-01) (78, -6.69035196304321289062e-01) (79, -7.84690603613853454590e-02) (80, -3.14886629581451416016e-01) (81, 7.38784193992614746094e-01) (82, 4.81342971324920654297e-02) (83, 2.04631701111793518066e-01) (84, -8.50471735000610351562e-01) (85, -9.35469642281532287598e-02) (86, -5.96703588962554931641e-01) (87, 8.49525570869445800781e-01) (88, 9.31547358632087707520e-02) (89, -8.69956314563751220703e-01) (90, 6.24224066734313964844e-01) (91, 1.37225759029388427734e+00) (92, 1.73646599054336547852e-01) (93, 1.98776483535766601562e+00) (94, -7.09450006484985351562e-01) (95, 8.15066456794738769531e-01) (96, 1.06056189537048339844e+00) (97, -6.34490102529525756836e-02) (98, -7.27884948253631591797e-01) (99, -2.64822654426097869873e-02) (100, -8.37010681629180908203e-01) (101, 6.27558827400207519531e-02) (102, 1.05090379714965820312e+00) (103, 1.12934136390686035156e+00) (104, 2.50356388092041015625e+00) (0, -2.80091881752014160156e+00) (1, -5.58999919891357421875e+00) (2, 7.56905496120452880859e-01) (3, 2.70566439628601074219e+00) (4, 1.54188823699951171875e+00) (5, -1.11756551265716552734e+00) (6, 9.77576315402984619141e-01) (7, -7.35805892944335937500e+00) (8, 8.09576988220214843750e-01) (9, -1.62869477272033691406e+00) (10, -5.17027914524078369141e-01) (11, -6.12534880638122558594e-01) (12, 1.10115337371826171875e+00) (13, 3.07409644126892089844e+00) (14, 1.04943358898162841797e+00) (15, 6.10137641429901123047e-01) (16, 1.51133775711059570312e+00) (17, 9.58124101161956787109e-01) (18, 1.21987409889698028564e-01) (19, 8.88975083827972412109e-01) (20, 5.45644664764404296875e+00) (21, -1.58698403835296630859e+00) (22, 3.91848593950271606445e-01) (23, 8.11941206455230712891e-01) (24, 7.65780568122863769531e-01) (25, -1.56044125556945800781e-01) (26, 2.13159844279289245605e-01) (27, -3.98135662078857421875e+00) (28, 4.11254793405532836914e-01) (29, 1.08750867843627929688e+00) (30, 7.10941374301910400391e-01) (31, 8.99215698242187500000e-01) (32, 2.00771793723106384277e-01) (33, 9.42415297031402587891e-01) (34, -1.78999042510986328125e+00) (35, 2.28709623217582702637e-01) (36, -2.33760803937911987305e-01) (37, 9.15962398052215576172e-01) (38, 2.37266883254051208496e-01) (39, -4.31940346956253051758e-01) (40, -4.05001938343048095703e-01) (41, -2.64560967683792114258e-01) (42, 2.38865152001380920410e-01) (43, 9.50076162815093994141e-01) (44, 9.58516180515289306641e-01) (45, 2.69674271345138549805e-01) (46, -4.78153884410858154297e-01) (47, -7.57114112377166748047e-01) (48, -1.19778551161289215088e-01) (49, 1.44186720252037048340e-01) (50, -5.93680381774902343750e-01) (51, 3.06905806064605712891e-01) (52, 1.17204859852790832520e-01) (53, -8.72969627380371093750e-01) (54, 3.38150262832641601562e-01) (55, 9.56102013587951660156e-01) (56, 6.85841381549835205078e-01) (57, 3.11728835105895996094e-01) (58, -2.89585947990417480469e+00) (59, -3.06690263748168945312e+00) (60, 6.12507879734039306641e-01) (61, 9.58267271518707275391e-01) (62, 8.67580115795135498047e-01) (63, -5.56074857711791992188e-01) (64, 2.85080337524414062500e+00) (65, -6.78021252155303955078e-01) (66, 1.07207787036895751953e+00) (67, -1.21678388118743896484e+00) (68, -6.30809366703033447266e-01) (69, 9.68482077121734619141e-01) (70, 1.20091721415519714355e-01) (71, 1.13546945154666900635e-01) (72, 6.67321979999542236328e-01) (73, 1.42395198345184326172e+00) (74, -6.17930471897125244141e-01) (75, -1.66224277019500732422e+00) (76, -5.64841079711914062500e+00) (77, -5.76272130012512207031e-01) (78, 3.93907308578491210938e+00) (79, 3.30846619606018066406e+00) (80, 4.40170615911483764648e-01) (81, -4.58682680130004882812e+00) (82, -1.24748086929321289062e+00) (83, 8.22836875915527343750e-01) (84, -2.05859661102294921875e+00) (85, -1.48150658607482910156e+00) (86, -6.10973179340362548828e-01) (87, 1.34029626846313476562e+00) (88, -4.29144811630249023438e+00) (89, -2.64880466461181640625e+00) (90, -4.50180482864379882812e+00) (91, -1.93554389476776123047e+00) (92, 5.64600825309753417969e-01) (93, 1.21771430969238281250e+00) (94, -3.49476374685764312744e-02) (95, -1.00610947608947753906e+00) (96, -3.58676761388778686523e-01) (97, 4.52093505859375000000e+00) (98, 1.41539692878723144531e+00) (99, -6.74520313739776611328e-01) (100, 6.87248885631561279297e-01) (101, 5.10975904762744903564e-02) (102, 5.82258284091949462891e-01) (103, 1.75378310680389404297e+00) (104, 1.10038852691650390625e+00) (0, -2.42552566528320312500e+00) (1, -8.86425077915191650391e-01) (2, -1.23139858245849609375e+00) (3, -1.12648010253906250000e+00) (4, -5.93480050563812255859e-01) (5, 2.06974625587463378906e+00) (6, -8.08154225349426269531e-01) (7, 1.88692688941955566406e-01) (8, -2.59427833557128906250e+00) (9, 3.44167165458202362061e-02) (10, 2.61054229736328125000e+00) (11, -1.04510009288787841797e+00) (12, 3.56318855285644531250e+00) (13, -4.70413017272949218750e+00) (14, 1.97871160507202148438e+00) (15, 1.51393198966979980469e+00) (16, 1.18193790316581726074e-01) (17, 8.87334346771240234375e-02) (18, -9.37452912330627441406e-01) (19, 5.25467246770858764648e-02) (20, -2.75973588228225708008e-01) (21, -1.28708434104919433594e+00) (22, 6.60853207111358642578e-01) (23, 2.75270771980285644531e+00) (24, 4.50230896472930908203e-01) (25, -4.79603946208953857422e-01) (26, 1.15270650386810302734e+00) (27, -1.40148174762725830078e+00) (28, 4.12835001945495605469e-01) (29, 1.53646564483642578125e+01) (30, -8.25733566284179687500e+00) (31, 2.11364626884460449219e+00) (32, 5.64251470565795898438e+00) (33, 1.87059378623962402344e+00) (34, 4.40962171554565429688e+00) (35, -1.31644964218139648438e+00) (36, -5.42340815067291259766e-01) (37, 8.49860954284667968750e+00) (38, -1.62212669849395751953e+00) (39, 2.20507368445396423340e-01) (40, -1.46764731407165527344e+00) (41, 4.13402128219604492188e+00) (42, -1.26698344945907592773e-01) (43, -1.77854979038238525391e+00) (44, 2.10459560155868530273e-01) (45, 1.32849037647247314453e+00) (46, 4.69463258981704711914e-01) (47, -9.88783538341522216797e-01) (48, 1.06628656387329101562e+00) (49, 2.13775014877319335938e+00) (50, 7.65035450458526611328e-01) (51, 6.82394504547119140625e-01) (52, -2.49213695526123046875e+00) (53, -2.22739124298095703125e+00) (54, 3.38898324966430664062e+00) (55, 2.26965737342834472656e+00) (56, 4.56811249256134033203e-01) (57, 1.17170549929141998291e-01) (58, -9.16633307933807373047e-01) (59, 5.18096268177032470703e-01) (60, 1.31657943129539489746e-01) (61, 1.01363226771354675293e-01) (62, 3.03116798400878906250e-01) (63, 1.96892261505126953125e+00) (64, 1.33199834823608398438e+00) (65, -6.67851388454437255859e-01) (66, 2.33517074584960937500e+00) (67, 2.13905787467956542969e+00) (68, -3.07577729225158691406e-01) (69, 2.23043709993362426758e-02) (70, -3.93680453300476074219e-01) (71, -2.25226330757141113281e+00) (72, -7.76461601257324218750e-01) (73, -7.81757533550262451172e-01) (74, -6.72807812690734863281e-01) (75, -1.26677346229553222656e+00) (76, -9.25068020820617675781e-01) (77, -7.78734087944030761719e-01) (78, 1.37312304973602294922e+00) (79, -9.06571075320243835449e-02) (80, -1.89978629350662231445e-01) (81, 2.51675039529800415039e-01) (82, -6.29076808691024780273e-02) (83, 9.32454764842987060547e-01) (84, 7.45636165142059326172e-01) (85, 5.35669922828674316406e-01) (86, -5.29572367668151855469e-01) (87, -6.97958290576934814453e-01) (88, 1.07170388102531433105e-01) (89, 1.44196763634681701660e-01) (90, 8.61493945121765136719e-01) (91, 4.30927872657775878906e-02) (92, 4.54135924577713012695e-01) (93, 9.98255789279937744141e-01) (94, -6.43833220005035400391e-01) (95, 5.22299483418464660645e-02) (96, -8.61550748348236083984e-01) (97, -6.17937326431274414062e-01) (98, -5.08368536829948425293e-02) (99, 7.21801638603210449219e-01) (100, -5.66514253616333007812e-01) (101, -8.17702651023864746094e-01) (102, -1.92518043518066406250e+00) (103, 4.19127273559570312500e+00) (104, 2.44794201850891113281e+00) (0, -1.19932396337389945984e-02) (1, -2.98126161098480224609e-01) (2, -2.77437329292297363281e-01) (3, -9.84767973423004150391e-02) (4, -1.91483557224273681641e+00) (5, 3.88077688217163085938e+00) (6, -9.15562152862548828125e-01) (7, 1.83876955509185791016e+00) (8, 6.84485626220703125000e+00) (9, 2.67264747619628906250e+00) (10, 4.69152778387069702148e-01) (11, -1.85806763172149658203e+00) (12, -7.19070613384246826172e-01) (13, -2.54706597328186035156e+00) (14, -2.14668497443199157715e-01) (15, 7.80881106853485107422e-01) (16, -5.23841202259063720703e-01) (17, -3.96530652046203613281e+00) (18, -5.03047764301300048828e-01) (19, -4.49016749858856201172e-01) (20, 2.91007757186889648438e-01) (21, 2.15838313102722167969e+00) (22, -1.68192565441131591797e+00) (23, -7.21593761444091796875e+00) (24, 2.21036958694458007812e+00) (25, 1.60211253166198730469e+00) (26, -2.33433306217193603516e-01) (27, 2.59727716445922851562e+00) (28, -1.76658225059509277344e+00) (29, -5.15194118022918701172e-01) (30, 7.71327590942382812500e+00) (31, -6.12618494033813476562e+00) (32, -8.57026141602545976639e-04) (33, 4.43010002374649047852e-01) (34, 3.19706130027770996094e+00) (35, -4.84066677093505859375e+00) (36, -1.63206088542938232422e+00) (37, -1.33894109725952148438e+00) (38, 2.85613274574279785156e+00) (39, -1.71312105655670166016e+00) (40, 2.37203097343444824219e+00) (41, -2.01756381988525390625e+00) (42, -1.63059663772583007812e+00) (43, -9.76871073246002197266e-01) (44, 3.68529176712036132812e+00) (45, -1.10343813896179199219e+00) (46, 5.00643551349639892578e-01) (47, -3.88558578491210937500e+00) (48, -1.18322074413299560547e+00) (49, -5.43640851974487304688e-01) (50, 3.37813764810562133789e-01) (51, 5.49129545688629150391e-01) (52, 3.08031767606735229492e-01) (53, -1.05340409278869628906e+00) (54, -5.25642752647399902344e-01) (55, -1.97455203533172607422e+00) (56, -3.12440544366836547852e-01) (57, 5.38585126399993896484e-01) (58, 3.63512665033340454102e-01) (59, -6.70255959033966064453e-01) (60, -4.63351219892501831055e-01) (61, -8.11334073543548583984e-01) (62, 1.95503032207489013672e+00) (63, -7.90181875228881835938e-01) (64, -3.64425587654113769531e+00) (65, -8.04095029830932617188e-01) (66, 1.68481242656707763672e+00) (67, -7.10171014070510864258e-02) (68, -7.76245296001434326172e-01) (69, 1.66328728199005126953e+00) (70, 2.96921420097351074219e+00) (71, -2.28376045823097229004e-01) (72, 5.99073350429534912109e-01) (73, -7.40982294082641601562e-01) (74, 1.86225867271423339844e+00) (75, 1.45894396305084228516e+00) (76, 1.91253447532653808594e+00) (77, -8.06790828704833984375e-01) (78, 6.55000135302543640137e-02) (79, -1.25692725181579589844e-01) (80, 5.52831530570983886719e-01) (81, -6.86197042465209960938e-01) (82, -1.04616332054138183594e+00) (83, -2.64435801655054092407e-02) (84, -2.37638697028160095215e-01) (85, -4.32015627622604370117e-01) (86, -4.64300112798810005188e-03) (87, -6.69469356536865234375e-01) (88, 1.63034129142761230469e+00) (89, 1.26065087318420410156e+00) (90, 8.02382528781890869141e-01) (91, 6.10548257827758789062e-01) (92, -6.96696102619171142578e-01) (93, -2.22345337271690368652e-01) (94, -5.91852843761444091797e-01) (95, 2.19563618302345275879e-01) (96, -6.45817399024963378906e-01) (97, 6.26837849617004394531e-01) (98, 8.39987456798553466797e-01) (99, -6.44739627838134765625e-01) (100, 7.10709750652313232422e-01) (101, -1.40149354934692382812e+00) (102, 1.97317868471145629883e-01) (103, 1.79623079299926757812e+00) (104, 2.64347243309020996094e+00) (0, 1.30233311653137207031e+00) (1, 5.84388375282287597656e-02) (2, -7.71106123924255371094e-01) (3, 3.26033735275268554688e+00) (4, -1.36231338977813720703e+00) (5, 9.19479131698608398438e-01) (6, -5.28205931186676025391e-01) (7, 1.80431222915649414062e+00) (8, -5.84145188331604003906e-01) (9, -1.12233293056488037109e+00) (10, 3.53434395790100097656e+00) (11, 4.18930196762084960938e+00) (12, -6.50014653801918029785e-02) (13, 1.31946563720703125000e+00) (14, 1.92571330070495605469e+00) (15, -1.96789956092834472656e+00) (16, -3.50895375013351440430e-01) (17, 2.21654868125915527344e+00) (18, -3.05494964122772216797e-02) (19, 2.72041290998458862305e-01) (20, 5.30446004867553710938e+00) (21, 1.32971668243408203125e+00) (22, -1.08587760478258132935e-02) (23, -9.09152090549468994141e-01) (24, 9.90059137344360351562e-01) (25, 1.70285344123840332031e+00) (26, 2.54875493049621582031e+00) (27, 2.56765985488891601562e+00) (28, -5.76486492156982421875e+00) (29, 7.81036090850830078125e+00) (30, 3.30962681770324707031e+00) (31, 5.79458892345428466797e-01) (32, 1.23189330101013183594e+00) (33, -1.27470779418945312500e+00) (34, 2.06889700889587402344e+00) (35, 2.92387819290161132812e+00) (36, 7.47532546520233154297e-01) (37, -2.52417850494384765625e+00) (38, 9.72724914550781250000e-01) (39, 3.82347822189331054688e+00) (40, 1.51231765747070312500e+00) (41, -5.64902484416961669922e-01) (42, 1.89743991941213607788e-02) (43, -5.69576454162597656250e+00) (44, 1.44079792499542236328e+00) (45, -3.25096082687377929688e+00) (46, 1.49397885799407958984e+00) (47, -1.90903767943382263184e-01) (48, -9.68151092529296875000e-01) (49, 6.29939079284667968750e-01) (50, -9.24177110195159912109e-01) (51, -3.94835567474365234375e+00) (52, 4.64268147945404052734e-01) (53, -3.81769686937332153320e-01) (54, -2.35369011759757995605e-01) (55, 9.32068943977355957031e-01) (56, 6.43832981586456298828e-01) (57, -4.84651476144790649414e-01) (58, -9.05092179775238037109e-01) (59, 4.02075290679931640625e-01) (60, 9.80057597160339355469e-01) (61, 1.24937340617179870605e-01) (62, -1.14825212955474853516e+00) (63, 9.14375066757202148438e-01) (64, -2.19677969813346862793e-01) (65, -6.74914300441741943359e-01) (66, 4.32947993278503417969e-01) (67, -8.15965980291366577148e-02) (68, 9.87289920449256896973e-02) (69, -1.83377951383590698242e-01) (70, 1.11953544616699218750e+00) (71, 5.30858337879180908203e-01) (72, -2.67957305908203125000e+00) (73, -6.22078657150268554688e-01) (74, -4.03802037239074707031e-01) (75, -6.29873573780059814453e-01) (76, 3.72268408536911010742e-01) (77, 3.53458791971206665039e-01) (78, 8.45915436744689941406e-01) (79, 3.38752365112304687500e+00) (80, 7.87145256996154785156e-01) (81, 1.44032061100006103516e+00) (82, 7.06615924835205078125e-01) (83, 1.71534919738769531250e+00) (84, -9.70047950744628906250e-01) (85, -3.14052134752273559570e-01) (86, -6.66127145290374755859e-01) (87, 1.59601211547851562500e-01) (88, -1.13285577297210693359e+00) (89, -8.16672801971435546875e-01) (90, -8.44638586044311523438e-01) (91, -9.13669764995574951172e-01) (92, -5.30739724636077880859e-01) (93, -2.74224638938903808594e-01) (94, -1.95292711257934570312e-01) (95, -1.10496866703033447266e+00) (96, 4.42202031612396240234e-01) (97, -8.84663879871368408203e-01) (98, -7.76160478591918945312e-01) (99, -7.44420170783996582031e-01) (100, -2.23274633288383483887e-01) (101, -4.60059136152267456055e-01) (102, 1.69392096996307373047e+00) (103, 5.33470809459686279297e-01) (104, 2.70853662490844726562e+00) (0, -6.52613461017608642578e-01) (1, -1.70771390199661254883e-01) (2, -5.97593247890472412109e-01) (3, 4.82468873262405395508e-01) (4, -5.91057062149047851562e-01) (5, 5.50298511981964111328e-01) (6, -3.23141738772392272949e-02) (7, -3.49372029304504394531e-01) (8, -7.15695977210998535156e-01) (9, -7.35275506973266601562e-01) (10, -7.76024222373962402344e-01) (11, 1.53207421302795410156e-01) (12, -9.00313854217529296875e-01) (13, 1.89631298184394836426e-01) (14, -1.13159984350204467773e-01) (15, 1.79552838206291198730e-01) (16, 6.49603545665740966797e-01) (17, 1.56480669975280761719e-01) (18, 7.58716762065887451172e-01) (19, -7.57474482059478759766e-01) (20, 1.02865874767303466797e+00) (21, -8.02918195724487304688e-01) (22, -2.17835232615470886230e-01) (23, -5.34519135951995849609e-01) (24, -7.05896019935607910156e-01) (25, -1.00866131484508514404e-01) (26, 1.45389223098754882812e+00) (27, 3.67070641368627548218e-03) (28, -5.65505959093570709229e-03) (29, 1.48255795240402221680e-01) (30, 1.51244858279824256897e-02) (31, 1.36080300807952880859e+00) (32, -5.98501384258270263672e-01) (33, 1.19946353137493133545e-01) (34, -1.29603549838066101074e-01) (35, 1.72357392311096191406e+00) (36, 8.58210802078247070312e-01) (37, -7.18983590602874755859e-01) (38, 1.35569655895233154297e+00) (39, 2.16082632541656494141e-01) (40, -8.47469091415405273438e-01) (41, -1.00732910633087158203e+00) (42, -5.11577948927879333496e-02) (43, -8.90951693058013916016e-01) (44, -5.85078001022338867188e-01) (45, -5.25563478469848632812e-01) (46, 4.79992270469665527344e-01) (47, -5.94198286533355712891e-01) (48, 1.47568300366401672363e-01) (49, -5.82312643527984619141e-01) (50, 6.04576587677001953125e-01) (51, -6.58487915992736816406e-01) (52, -5.73413372039794921875e-01) (53, -5.66185235977172851562e-01) (54, -7.00381398200988769531e-01) (55, 1.48756754398345947266e+00) (56, -5.37376880645751953125e-01) (57, -7.33936071395874023438e-01) (58, 9.61385786533355712891e-01) (59, 3.57555836439132690430e-01) (60, -5.88816165924072265625e-01) (61, 6.01114332675933837891e-01) (62, -8.82527351379394531250e-01) (63, 6.46314084529876708984e-01) (64, -6.97395026683807373047e-01) (65, 5.59732377529144287109e-01) (66, -1.58516931533813476562e+00) (67, 5.30691266059875488281e-01) (68, -7.15377628803253173828e-02) (69, 1.04802560806274414062e+00) (70, -1.09567657113075256348e-01) (71, -7.71846771240234375000e-01) (72, 7.34149158000946044922e-01) (73, -4.02090340852737426758e-01) (74, 1.36382091045379638672e+00) (75, 2.43943229317665100098e-01) (76, -1.28753519058227539062e+00) (77, 4.90522295236587524414e-01) (78, -1.90874826908111572266e+00) (79, 4.63596725463867187500e+00) (80, -5.30051529407501220703e-01) (81, 3.55666399002075195312e-01) (82, -8.72835665941238403320e-02) (83, 3.08718174695968627930e-01) (84, 4.93937805294990539551e-02) (85, 1.67923629283905029297e-01) (86, -5.38842141628265380859e-01) (87, -6.95830643177032470703e-01) (88, 8.09198319911956787109e-01) (89, 1.74615764617919921875e+00) (90, 7.41511642932891845703e-01) (91, 7.16927945613861083984e-01) (92, -8.40404450893402099609e-01) (93, -8.56416106224060058594e-01) (94, 6.92405998706817626953e-01) (95, 9.71898902207612991333e-04) (96, -5.73347091674804687500e-01) (97, 1.37441396713256835938e+00) (98, 1.30256414413452148438e+00) (99, 5.54642155766487121582e-02) (100, 8.07831227779388427734e-01) (101, -9.37824904918670654297e-01) (102, 2.61125147342681884766e-01) (103, 2.04504632949829101562e+00) (104, 2.41366624832153320312e+00) (0, -8.63003492355346679688e-01) (1, 6.28725588321685791016e-01) (2, -6.30841016769409179688e-01) (3, 1.08529961109161376953e+00) (4, -7.25378632545471191406e-01) (5, 4.84762728214263916016e-01) (6, -6.36681020259857177734e-01) (7, -4.02309782803058624268e-02) (8, 9.79914128780364990234e-01) (9, 5.76542377471923828125e-01) (10, 5.81165492534637451172e-01) (11, -6.82684659957885742188e-01) (12, 6.95330500602722167969e-01) (13, -1.54800951480865478516e-01) (14, 1.18593275547027587891e+00) (15, -2.34873190522193908691e-01) (16, 3.10339212417602539062e-01) (17, -7.41041064262390136719e-01) (18, -7.57045269012451171875e-01) (19, 1.19335222244262695312e+00) (20, -6.73026382923126220703e-01) (21, -1.00296307355165481567e-02) (22, 1.12878091633319854736e-01) (23, -1.01275849342346191406e+00) (24, -6.28178596496582031250e-01) (25, 1.04972142726182937622e-02) (26, -6.76601409912109375000e-01) (27, -3.32646816968917846680e-02) (28, 7.67210841178894042969e-01) (29, -1.10783882439136505127e-01) (30, -5.27580454945564270020e-02) (31, -5.99380552768707275391e-01) (32, -5.53124845027923583984e-01) (33, 3.89379054307937622070e-01) (34, 8.66810262203216552734e-01) (35, -6.52525901794433593750e-01) (36, 7.06818282604217529297e-01) (37, 7.13751986622810363770e-02) (38, -9.57289934158325195312e-02) (39, -7.01847970485687255859e-01) (40, 4.87034022808074951172e-01) (41, -1.73902630805969238281e+00) (42, -6.10883831977844238281e-01) (43, 1.87587320804595947266e+00) (44, -1.91342696547508239746e-01) (45, -7.30049431324005126953e-01) (46, -9.07330811023712158203e-01) (47, -1.21637620031833648682e-01) (48, -4.93897378444671630859e-01) (49, 4.74238805472850799561e-02) (50, -1.02953627705574035645e-01) (51, 2.15543478727340698242e-01) (52, 2.02823400497436523438e+00) (53, -3.73371601104736328125e-01) (54, 2.75544786453247070312e+00) (55, -1.00521278381347656250e+00) (56, 1.83274006843566894531e+00) (57, -9.13164138793945312500e-01) (58, -4.34169709682464599609e-01) (59, 7.14920401573181152344e-01) (60, 8.31717103719711303711e-02) (61, 1.30693301558494567871e-01) (62, 3.76899689435958862305e-02) (63, -5.83486855030059814453e-01) (64, -5.68003535270690917969e-01) (65, 4.83448505401611328125e-02) (66, -3.46852362155914306641e-01) (67, -7.10918724536895751953e-01) (68, 1.02055692672729492188e+00) (69, -9.87151503562927246094e-01) (70, -6.47442579269409179688e-01) (71, -6.35317862033843994141e-01) (72, 3.81306558847427368164e-02) (73, 9.25394773483276367188e-01) (74, 1.07851982116699218750e+00) (75, -2.46696174144744873047e-01) (76, -7.54132866859436035156e-01) (77, 7.12614357471466064453e-02) (78, -8.46860229969024658203e-01) (79, 5.33668637275695800781e-01) (80, 2.04692673683166503906e+00) (81, -2.92223840951919555664e-01) (82, -6.50247484445571899414e-02) (83, -6.53774440288543701172e-02) (84, 7.48211622238159179688e-01) (85, -6.56075477600097656250e-02) (86, -4.82804998755455017090e-02) (87, 3.68417054414749145508e-02) (88, 2.14438259601593017578e-01) (89, -7.95064151287078857422e-01) (90, -8.04110944271087646484e-01) (91, -6.33100748062133789062e-01) (92, 1.48656994104385375977e-01) (93, -6.73927485942840576172e-01) (94, -9.17139649391174316406e-02) (95, -6.29330098628997802734e-01) (96, 2.60775834321975708008e-01) (97, -1.00951611995697021484e+00) (98, 6.00316608324646949768e-03) (99, -7.47147798538208007812e-02) (100, 9.70421582460403442383e-02) (101, -7.40812122821807861328e-02) (102, 1.76294875144958496094e+00) (103, 3.45571190118789672852e-01) (104, 1.85824394226074218750e+00) (0, 1.79532423615455627441e-01) (1, 2.81501803547143936157e-02) (2, -1.29115939140319824219e-01) (3, 1.53280162811279296875e+00) (4, -6.00285112857818603516e-01) (5, -1.57467770576477050781e+00) (6, 7.03275978565216064453e-01) (7, 2.25872445106506347656e+00) (8, 8.07867705821990966797e-01) (9, 1.61522781848907470703e+00) (10, 2.31499648094177246094e+00) (11, 1.78867891430854797363e-01) (12, 1.53609335422515869141e+00) (13, 3.13642472028732299805e-02) (14, 7.84076631069183349609e-01) (15, -3.23079323768615722656e+00) (16, -5.48605620861053466797e-02) (17, -7.41727352142333984375e-01) (18, -1.54509037733078002930e-01) (19, -8.50269079208374023438e-01) (20, 5.66120386123657226562e-01) (21, -8.09456765651702880859e-01) (22, -6.02632820606231689453e-01) (23, -1.10078024864196777344e+00) (24, -7.39869117736816406250e+00) (25, -1.38920485973358154297e-01) (26, 1.29687023162841796875e+00) (27, -9.68078613281250000000e-01) (28, -1.78462564945220947266e-01) (29, -1.43701374530792236328e-01) (30, -6.50413110852241516113e-02) (31, -1.23331165313720703125e+00) (32, -7.08936333656311035156e-01) (33, 1.40630528330802917480e-01) (34, -2.24677205085754394531e-01) (35, 1.30597904324531555176e-01) (36, 2.86491990089416503906e-01) (37, 1.26820039749145507812e+00) (38, 2.44764780998229980469e+00) (39, 1.53149375692009925842e-02) (40, -9.52180922031402587891e-01) (41, 1.38507053256034851074e-01) (42, -7.93345093727111816406e-01) (43, 3.78762006759643554688e+00) (44, -1.89578548073768615723e-01) (45, 5.14344811439514160156e-01) (46, -1.35795585811138153076e-02) (47, -7.08370745182037353516e-01) (48, -8.47872316837310791016e-01) (49, -6.17989778518676757812e-01) (50, 1.59541976451873779297e+00) (51, -1.50286667048931121826e-02) (52, 3.08806324005126953125e+00) (53, 1.15429830551147460938e+00) (54, 1.55920946598052978516e+00) (55, 2.99407124519348144531e-01) (56, 5.31635224819183349609e-01) (57, -3.78186404705047607422e-02) (58, 1.28787827491760253906e+00) (59, -6.75004601478576660156e-01) (60, -8.73551189899444580078e-01) (61, 1.02049030363559722900e-01) (62, -8.59812200069427490234e-01) (63, -6.19313299655914306641e-01) (64, -7.54717051982879638672e-01) (65, -7.80422687530517578125e-01) (66, -7.02907919883728027344e-01) (67, -2.34499573707580566406e-01) (68, 1.38934075832366943359e+00) (69, 8.97834971547126770020e-02) (70, -7.05120205879211425781e-01) (71, -1.87873497605323791504e-01) (72, 4.48194220662117004395e-02) (73, -5.66447138786315917969e-01) (74, 1.06160854920744895935e-02) (75, -8.84829461574554443359e-01) (76, 2.01510831713676452637e-01) (77, -1.46348297595977783203e-01) (78, 2.04253053665161132812e+00) (79, -6.20526015758514404297e-01) (80, 1.55243015289306640625e+00) (81, -6.98981523513793945312e-01) (82, 6.83048665523529052734e-02) (83, -7.92293250560760498047e-01) (84, 1.53200232982635498047e+00) (85, 1.45743954181671142578e+00) (86, -1.18514306843280792236e-01) (87, 2.32096780091524124146e-02) (88, -1.18074250221252441406e+00) (89, -5.23286223411560058594e-01) (90, -1.59486860036849975586e-01) (91, -9.89867568016052246094e-01) (92, 7.19706952571868896484e-01) (93, -8.38339567184448242188e-01) (94, 6.98589742183685302734e-01) (95, 7.90131270885467529297e-01) (96, -1.13017857074737548828e+00) (97, 6.39795958995819091797e-01) (98, 5.61722815036773681641e-01) (99, -6.90411925315856933594e-01) (100, 8.15159380435943603516e-01) (101, 1.32102751731872558594e+00) (102, 5.03594017028808593750e+00) (103, -1.75201630592346191406e+00) (104, 1.88791751861572265625e+00) (0, 2.98078250885009765625e+00) (1, 3.11884880065917968750e+00) (2, -8.87480285018682479858e-03) (3, -3.71287655830383300781e+00) (4, -4.57001805305480957031e-01) (5, 1.71425253152847290039e-01) (6, 1.77092516422271728516e+00) (7, 9.27401065826416015625e-01) (8, 2.46062493324279785156e+00) (9, -6.95256710052490234375e-01) (10, -9.63107585906982421875e+00) (11, -1.08935899734497070312e+01) (12, -6.32963061332702636719e-01) (13, -3.28311204910278320312e-01) (14, -3.73515903949737548828e-01) (15, -2.99364471435546875000e+00) (16, -2.22771692276000976562e+00) (17, -3.02167487144470214844e+00) (18, -6.19882404804229736328e-01) (19, 8.77151638269424438477e-02) (20, -9.30419683456420898438e-01) (21, 7.98996269702911376953e-01) (22, -1.28645384311676025391e+00) (23, -6.30635738372802734375e-01) (24, -3.66558074951171875000e-01) (25, -2.03184580802917480469e+00) (26, -6.94245934486389160156e-01) (27, 1.00237381458282470703e+00) (28, -4.99032688140869140625e+00) (29, -1.25479674339294433594e+00) (30, -6.46886110305786132812e-01) (31, 4.94117915630340576172e-01) (32, 8.27507019042968750000e-01) (33, 8.71851325035095214844e-01) (34, 1.57135689258575439453e+00) (35, -5.05117297172546386719e-01) (36, -2.08839848637580871582e-01) (37, -1.35097324848175048828e+00) (38, -8.82778525352478027344e-01) (39, -6.36834681034088134766e-01) (40, -1.34445869922637939453e+00) (41, -5.43202936649322509766e-01) (42, -2.15937066823244094849e-02) (43, 6.35214924812316894531e-01) (44, 1.18263411521911621094e+00) (45, 3.29252123832702636719e-01) (46, -1.35137617588043212891e+00) (47, 1.89527940750122070312e+00) (48, 3.67065501213073730469e+00) (49, -5.82607015967369079590e-02) (50, -7.19567298889160156250e-01) (51, 7.38809525966644287109e-01) (52, -6.45149469375610351562e-01) (53, 1.37503826618194580078e+00) (54, 8.77879381179809570312e-01) (55, -9.76208508014678955078e-01) (56, 2.77877449989318847656e-01) (57, 8.63154113292694091797e-01) (58, 1.03709614276885986328e+00) (59, -6.96500241756439208984e-01) (60, -4.57297116518020629883e-02) (61, -9.14783775806427001953e-02) (62, -9.60275530815124511719e-01) (63, 1.83582067489624023438e-01) (64, -5.38780748844146728516e-01) (65, 3.17630171775817871094e-02) (66, 8.72206449508666992188e-01) (67, -8.49422812461853027344e-02) (68, -9.97146666049957275391e-02) (69, 1.38970346450805664062e+01) (70, -7.48262405395507812500e-02) (71, -6.25998675823211669922e-01) (72, -5.73390007019042968750e-01) (73, -1.10505652427673339844e+00) (74, -6.53285503387451171875e-01) (75, -2.76231560856103897095e-02) (76, 3.06629180908203125000e-01) (77, -2.75362730026245117188e-01) (78, -7.26833105087280273438e-01) (79, -1.38400802388787269592e-02) (80, -2.77903169393539428711e-01) (81, -8.20095390081405639648e-02) (82, -5.75004756450653076172e-01) (83, 5.14269694685935974121e-02) (84, -3.25949162244796752930e-01) (85, -7.60771512985229492188e-01) (86, -3.35343360900878906250e-01) (87, -1.59814581274986267090e-01) (88, -4.83694016933441162109e-01) (89, -1.75612896680831909180e-01) (90, -2.61578023433685302734e-01) (91, 1.02152276039123535156e+00) (92, -1.58136054873466491699e-01) (93, 6.38629853725433349609e-01) (94, 6.87866732478141784668e-02) (95, -8.22289526462554931641e-01) (96, -4.94589239358901977539e-01) (97, -2.79184989631175994873e-02) (98, -5.72543919086456298828e-01) (99, -2.18718513846397399902e-01) (100, 4.46695908904075622559e-02) (101, 1.71465516090393066406e+00) (102, 7.15202093124389648438e+00) (103, -3.63341307640075683594e+00) (104, 1.81128048896789550781e+00) (0, -6.51018095016479492188e+00) (1, -2.30168160051107406616e-02) (2, -2.34797075390815734863e-01) (3, 5.43043911457061767578e-01) (4, -1.83993488550186157227e-01) (5, -6.74939528107643127441e-02) (6, -1.61369696259498596191e-01) (7, -1.82244181632995605469e-01) (8, -2.14233011007308959961e-01) (9, -1.96806371212005615234e-01) (10, -1.92687481641769409180e-01) (11, -1.16945639252662658691e-01) (12, -2.62404680252075195312e-01) (13, 6.00434303283691406250e-01) (14, -1.99104145169258117676e-01) (15, 9.72006618976593017578e-01) (16, -1.20595492422580718994e-01) (17, -2.61487960815429687500e-01) (18, 2.79060572385787963867e-01) (19, -1.25270947813987731934e-01) (20, -9.67117175459861755371e-02) (21, 8.60969901084899902344e-01) (22, -2.35283449292182922363e-01) (23, 1.69849348068237304688e+00) (24, -6.63769841194152832031e-02) (25, -9.38900768756866455078e-01) (26, -5.17121851444244384766e-02) (27, 5.10423302650451660156e-01) (28, -2.50927090644836425781e-01) (29, 2.39261658862233161926e-03) (30, -7.56381392478942871094e-01) (31, 4.75709050893783569336e-01) (32, -1.25051736831665039062e-01) (33, -3.48554253578186035156e-02) (34, 2.53435432910919189453e-01) (35, 7.16450903564691543579e-03) (36, 2.55369037389755249023e-01) (37, 9.51334834098815917969e-01) (38, 6.39125227928161621094e-01) (39, 5.52114129066467285156e-01) (40, 5.16784608364105224609e-01) (41, 2.94628590345382690430e-01) (42, -2.56290346384048461914e-01) (43, 1.48311957716941833496e-01) (44, 9.17499005794525146484e-01) (45, 1.26599228382110595703e+00) (46, -5.16421496868133544922e-01) (47, 7.12278902530670166016e-01) (48, 5.49255430698394775391e-01) (49, -9.89557206630706787109e-02) (50, -3.50698232650756835938e+00) (51, -2.03488305211067199707e-01) (52, -9.31597501039505004883e-02) (53, 7.49059736728668212891e-01) (54, 4.72110748291015625000e-01) (55, 1.33546695113182067871e-01) (56, 3.21085972245782613754e-04) (57, -2.02530765533447265625e+00) (58, 3.91034871339797973633e-01) (59, 2.52452397346496582031e+00) (60, 3.10209440067410469055e-03) (61, 2.76946395635604858398e-01) (62, -1.53648599982261657715e-01) (63, 2.97145498916506767273e-03) (64, 9.45298135280609130859e-01) (65, -2.04915739595890045166e-02) (66, 3.42668652534484863281e+00) (67, 1.17848321795463562012e-01) (68, 4.07681554555892944336e-01) (69, -8.24962806701660156250e+00) (70, -1.21484316885471343994e-01) (71, -5.08299991488456726074e-02) (72, -1.54746277257800102234e-02) (73, 6.34579956531524658203e-01) (74, -9.85964238643646240234e-02) (75, -5.55610418319702148438e-01) (76, -2.35960647463798522949e-01) (77, -1.93302541971206665039e-01) (78, 5.96135437488555908203e-01) (79, 4.09522724151611328125e+00) (80, 2.98498916625976562500e+00) (81, -2.31832325458526611328e-01) (82, 6.66934669017791748047e-01) (83, -1.16283953189849853516e+00) (84, 1.39819681644439697266e+00) (85, -2.68827533721923828125e+00) (86, 7.00151249766349792480e-02) (87, -3.22475247085094451904e-02) (88, 1.06960892677307128906e+00) (89, -2.64527368545532226562e+00) (90, 8.12864482402801513672e-01) (91, 1.01579904556274414062e+00) (92, 4.17092370986938476562e+00) (93, 5.31588256359100341797e-01) (94, -6.71676322817802429199e-02) (95, 1.11615312099456787109e+00) (96, -3.37152302265167236328e-01) (97, 1.17698073387145996094e+00) (98, 1.54736801981925964355e-01) (99, 6.11657798290252685547e-02) (100, -8.69586318731307983398e-02) (101, -3.53010028600692749023e-01) (102, 8.76073181629180908203e-01) (103, 1.25933110713958740234e+00) (104, 2.02020049095153808594e+00) (0, -5.01179456710815429688e+00) (1, 1.34071373939514160156e+00) (2, 6.81343495845794677734e-01) (3, -1.39334261417388916016e+00) (4, -4.55191731452941894531e-01) (5, 8.59444558620452880859e-01) (6, -6.83210968971252441406e-01) (7, 2.54894638061523437500e+00) (8, -9.25402045249938964844e-01) (9, -3.88726860284805297852e-01) (10, -3.43976092338562011719e+00) (11, -1.50665330886840820312e+00) (12, 1.00200697779655456543e-01) (13, -8.17300379276275634766e-01) (14, 1.90541791915893554688e+00) (15, 1.36923897266387939453e+00) (16, 2.55880093574523925781e+00) (17, 1.38296544551849365234e+00) (18, 5.96396863460540771484e-01) (19, -1.47217549383640289307e-02) (20, -6.45419168472290039062e+00) (21, 3.30144023895263671875e+00) (22, -9.85145950317382812500e+00) (23, -1.45025804638862609863e-01) (24, -9.27630519866943359375e+00) (25, 5.66466569900512695312e-01) (26, -7.13512778282165527344e-01) (27, -1.99202466011047363281e+00) (28, 2.28505444526672363281e+00) (29, -8.74514952301979064941e-02) (30, -2.77426695823669433594e+00) (31, 5.53700590133666992188e+00) (32, 5.71319961547851562500e+00) (33, -1.00507116317749023438e+00) (34, 3.54570698738098144531e+00) (35, -1.66929852962493896484e+00) (36, 1.88757464289665222168e-01) (37, 5.02323818206787109375e+00) (38, -1.41560721397399902344e+00) (39, 2.55887532234191894531e+00) (40, -5.55569553375244140625e+00) (41, 7.94933795928955078125e+00) (42, -6.19655191898345947266e-01) (43, 1.59531906247138977051e-01) (44, 6.07562541961669921875e-01) (45, 2.13005566596984863281e+00) (46, 2.74122738838195800781e+00) (47, -2.60461616516113281250e+00) (48, 6.39935111999511718750e+00) (49, -1.39454066753387451172e+00) (50, 3.29460883140563964844e+00) (51, -2.30789974331855773926e-01) (52, 1.54409098625183105469e+00) (53, 7.53291988372802734375e+00) (54, -8.05451154708862304688e-01) (55, 1.31675827503204345703e+00) (56, 1.60341575741767883301e-01) (57, 1.50239360332489013672e+00) (58, -3.53668898344039916992e-01) (59, -1.21452856063842773438e+00) (60, 1.58171653747558593750e-01) (61, -1.22873997688293457031e+00) (62, -2.45082068443298339844e+00) (63, 2.21906617283821105957e-01) (64, -1.00915873050689697266e+00) (65, 1.36492580175399780273e-01) (66, 8.23140144348144531250e-01) (67, 8.67129087448120117188e-01) (68, -5.49777925014495849609e-01) (69, 5.60553483664989471436e-02) (70, 1.66268670558929443359e+00) (71, -5.20724892616271972656e-01) (72, -3.87453675270080566406e+00) (73, -2.80152034759521484375e+00) (74, 1.52090597152709960938e+00) (75, 7.01982736587524414062e-01) (76, 2.71925508975982666016e-01) (77, -8.66392925381660461426e-02) (78, -3.24796773493289947510e-02) (79, -1.74585735797882080078e+00) (80, 1.76379358768463134766e+00) (81, 9.33565676212310791016e-01) (82, -6.43369972705841064453e-01) (83, 1.16970479488372802734e+00) (84, 2.09734272956848144531e+00) (85, 2.11786055564880371094e+00) (86, 1.42877066135406494141e+00) (87, 1.95281791687011718750e+00) (88, 6.35270535945892333984e-01) (89, -5.75596034526824951172e-01) (90, 8.28996598720550537109e-01) (91, -1.68599426746368408203e-01) (92, 1.03492021560668945312e+00) (93, 1.47742044925689697266e+00) (94, -5.32603323459625244141e-01) (95, 1.69173121452331542969e+00) (96, -1.70505166053771972656e+00) (97, 2.94677048921585083008e-01) (98, -4.47029829025268554688e-01) (99, -3.59487682580947875977e-01) (100, 9.33947265148162841797e-01) (101, -1.69595432281494140625e+00) (102, 2.04453706741333007812e+00) (103, 6.41821682453155517578e-01) (104, 2.51499199867248535156e+00) (0, 4.88951969146728515625e+00) (1, -3.65093588829040527344e+00) (2, -1.71553158760070800781e+00) (3, -3.75235128402709960938e+00) (4, 1.27154007554054260254e-01) (5, 1.91006278991699218750e+00) (6, 1.24111838638782501221e-01) (7, -2.55505514144897460938e+00) (8, -6.56020593643188476562e+00) (9, 2.48567819595336914062e+00) (10, 6.27777159214019775391e-01) (11, -2.12441921234130859375e+00) (12, 8.33383440971374511719e-01) (13, -1.69566929340362548828e-01) (14, -1.53080999851226806641e+00) (15, 1.02352833747863769531e+00) (16, 1.59505307674407958984e+00) (17, 1.54854226112365722656e+00) (18, 1.41620147228240966797e+00) (19, 1.11186355352401733398e-01) (20, 1.34388434886932373047e+00) (21, 3.12690830230712890625e+00) (22, -1.96120035648345947266e+00) (23, -1.20710980892181396484e+00) (24, -5.25674390792846679688e+00) (25, 2.26388621330261230469e+00) (26, 4.31525111198425292969e-01) (27, 1.36377716064453125000e+00) (28, -1.39207470417022705078e+00) (29, 1.26100242137908935547e+00) (30, -2.13430047035217285156e+00) (31, -8.55432808399200439453e-01) (32, 6.28174543380737304688e+00) (33, -9.50675487518310546875e-01) (34, -9.15254876017570495605e-02) (35, -5.88082075119018554688e-02) (36, -5.63513077795505523682e-02) (37, -1.47397494316101074219e+00) (38, 2.05709624290466308594e+00) (39, -1.82193070650100708008e-01) (40, -1.85455310344696044922e+00) (41, -4.91905093193054199219e-01) (42, -7.10202515125274658203e-01) (43, 9.92574393749237060547e-02) (44, 3.37664455175399780273e-01) (45, -7.40137457847595214844e-01) (46, 5.84243893623352050781e-01) (47, -6.50168284773826599121e-02) (48, -2.56505990028381347656e+00) (49, 2.16320610046386718750e+00) (50, -4.93602901697158813477e-02) (51, 5.73549121618270874023e-02) (52, -4.29000034928321838379e-02) (53, 2.22266435623168945312e+00) (54, 1.21242225170135498047e+00) (55, 1.92280423641204833984e+00) (56, 3.04435014724731445312e+00) (57, 1.55835843086242675781e+00) (58, -6.27948641777038574219e-01) (59, 1.46401748061180114746e-01) (60, 1.66612356901168823242e-01) (61, -6.96064472198486328125e-01) (62, 1.31112480163574218750e+00) (63, 6.93873465061187744141e-02) (64, 1.86224400997161865234e-01) (65, -6.00580155849456787109e-01) (66, 1.40420332551002502441e-01) (67, 1.57599866390228271484e+00) (68, 7.18500018119812011719e-01) (69, 8.46862494945526123047e-02) (70, 2.78766810894012451172e-01) (71, -1.09154760837554931641e+00) (72, -6.45031750202178955078e-01) (73, -1.98305666446685791016e-01) (74, -1.51968276500701904297e+00) (75, 7.80351400375366210938e-01) (76, -1.02286839485168457031e+00) (77, 7.22594678401947021484e-01) (78, 5.76986223459243774414e-02) (79, -9.82382416725158691406e-01) (80, -1.00515699386596679688e+00) (81, -6.56434059143066406250e-01) (82, -6.56722545623779296875e-01) (83, -2.36529752612113952637e-01) (84, -5.34761101007461547852e-02) (85, 1.38767987489700317383e-01) (86, 2.66995131969451904297e-02) (87, -7.27471113204956054688e-01) (88, -3.60193848609924316406e-02) (89, -2.10975438356399536133e-01) (90, 7.28187799453735351562e-01) (91, 6.14705756306648254395e-02) (92, -8.18308889865875244141e-01) (93, 7.16544568538665771484e-01) (94, -5.56156575679779052734e-01) (95, -5.08210778236389160156e-01) (96, -7.05857455730438232422e-01) (97, -7.01071798801422119141e-01) (98, -1.31247484683990478516e+00) (99, -6.12771511077880859375e-02) (100, -5.25190532207489013672e-01) (101, -8.14710080623626708984e-01) (102, -1.50692451000213623047e+00) (103, 3.68920373916625976562e+00) (104, 2.52187752723693847656e+00) (0, -2.30348372459411621094e+00) (1, -1.53305605053901672363e-01) (2, 7.66904175281524658203e-01) (3, -9.08594250679016113281e-01) (4, -7.81902074813842773438e-01) (5, -3.85912388563156127930e-01) (6, 7.41244614124298095703e-01) (7, 1.04205489158630371094e+00) (8, -1.68649151921272277832e-01) (9, 1.87419390678405761719e+00) (10, 1.34942770004272460938e+00) (11, 5.99282562732696533203e-01) (12, 1.44662511348724365234e+00) (13, 8.53503108024597167969e-01) (14, 1.01313032209873199463e-01) (15, -1.40442699193954467773e-01) (16, -9.60492417216300964355e-02) (17, 5.98530292510986328125e-01) (18, 5.16364797949790954590e-02) (19, -5.96468755975365638733e-03) (20, -1.09949696063995361328e+00) (21, 7.85745859146118164062e-01) (22, -8.17103981971740722656e-01) (23, -1.34861454367637634277e-01) (24, 3.35591554641723632812e-01) (25, 9.85556542873382568359e-01) (26, 6.99727594852447509766e-01) (27, 6.62481188774108886719e-01) (28, 2.16443032026290893555e-01) (29, -8.60590934753417968750e-01) (30, -8.43583166599273681641e-01) (31, -1.30730494856834411621e-01) (32, -2.30079278349876403809e-01) (33, -8.41837465763092041016e-01) (34, 1.32184803485870361328e+00) (35, -7.77599692344665527344e-01) (36, -1.52021767571568489075e-02) (37, -3.19683402776718139648e-02) (38, -7.63920962810516357422e-01) (39, -1.30022689700126647949e-01) (40, -5.97121179103851318359e-01) (41, -1.26804935932159423828e+00) (42, 1.08097560703754425049e-01) (43, -6.60908818244934082031e-01) (44, -1.01493549346923828125e+00) (45, 1.99187362194061279297e+00) (46, -8.86610686779022216797e-01) (47, -7.72697329521179199219e-01) (48, -7.91370451450347900391e-01) (49, -1.13402903079986572266e-01) (50, -1.32895100116729736328e+00) (51, 1.68344879150390625000e+00) (52, -5.66203370690345764160e-02) (53, 1.39313173294067382812e+00) (54, -6.51933550834655761719e-01) (55, -1.02105164527893066406e+00) (56, -7.48795747756958007812e-01) (57, -1.71442055702209472656e+00) (58, -6.82417988777160644531e-01) (59, 7.21672952175140380859e-01) (60, 6.20920844376087188721e-02) (61, 1.28783404827117919922e+00) (62, 7.24469304084777832031e-01) (63, -1.00942306220531463623e-01) (64, -1.15535533428192138672e+00) (65, -6.81053519248962402344e-01) (66, -1.06408011913299560547e+00) (67, -6.43042743206024169922e-01) (68, -6.08403533697128295898e-02) (69, -2.52297580242156982422e-01) (70, 1.91670686006546020508e-01) (71, 1.73321020603179931641e+00) (72, -5.46299591660499572754e-02) (73, -1.67243331670761108398e-01) (74, 1.00560295581817626953e+00) (75, -1.30338698625564575195e-01) (76, -2.91998535394668579102e-01) (77, 1.00221402943134307861e-01) (78, 9.45518314838409423828e-02) (79, 1.98151552677154541016e+00) (80, 9.94616746902465820312e-03) (81, -1.88210353255271911621e-01) (82, 2.09956943988800048828e-01) (83, 1.53847962617874145508e-01) (84, -2.38039512187242507935e-02) (85, -2.14453411102294921875e+00) (86, -4.92924958467483520508e-01) (87, 1.04449450969696044922e+00) (88, 7.98116266727447509766e-01) (89, 7.58506178855895996094e-01) (90, 2.93829500675201416016e-01) (91, 1.06684768199920654297e+00) (92, -2.91767567396163940430e-01) (93, -4.86094415187835693359e-01) (94, 1.38420999050140380859e+00) (95, 1.08556652069091796875e+00) (96, 1.53064239025115966797e+00) (97, -6.17892324924468994141e-01) (98, 1.45175635814666748047e+00) (99, -9.22231674194335937500e-01) (100, -3.74981462955474853516e-02) (101, 1.60190373659133911133e-01) (102, 6.65154755115509033203e-01) (103, 1.30067706108093261719e+00) (104, 4.52712267637252807617e-01) (0, -2.92963886260986328125e+00) (1, 2.91534852981567382812e+00) (2, -1.10813808441162109375e+00) (3, 1.42663848400115966797e+00) (4, -1.51602983474731445312e-01) (5, 1.76569736003875732422e+00) (6, -1.20977509021759033203e+00) (7, 2.25653553009033203125e+01) (8, -2.11014056205749511719e+00) (9, -2.52344787120819091797e-01) (10, -2.10478410124778747559e-01) (11, -1.19495706558227539062e+01) (12, -2.84917235374450683594e-01) (13, 2.43497610092163085938e+00) (14, -4.12778407335281372070e-01) (15, -1.66890406608581542969e+00) (16, 3.13940763473510742188e+00) (17, -3.78833323717117309570e-01) (18, 5.01102030277252197266e-01) (19, -1.43232345581054687500e-01) (20, 8.39016661047935485840e-02) (21, -6.63919091224670410156e-01) (22, 5.31415045261383056641e-01) (23, 6.46116510033607482910e-02) (24, 6.87120914459228515625e-01) (25, -2.28464221954345703125e+00) (26, -1.24767668545246124268e-01) (27, 6.25747203826904296875e-01) (28, -4.46445494890213012695e-01) (29, 5.29433679580688476562e+00) (30, 6.92165613174438476562e+00) (31, 5.15677332878112792969e-02) (32, 1.13318657875061035156e+00) (33, 3.74764889478683471680e-01) (34, 4.93371218442916870117e-01) (35, 1.23223125934600830078e+00) (36, 1.11861836910247802734e+00) (37, 3.11028629541397094727e-01) (38, -3.47648799419403076172e-01) (39, 3.69238764047622680664e-01) (40, -7.56166756153106689453e-01) (41, 3.16932231187820434570e-01) (42, -2.99718379974365234375e-01) (43, -2.63298690319061279297e-01) (44, 5.31789064407348632812e-01) (45, 5.19742012023925781250e-01) (46, -7.66805887222290039062e-01) (47, 7.14739501476287841797e-01) (48, -6.33689403533935546875e-01) (49, 1.66675582528114318848e-01) (50, -1.28028929233551025391e-01) (51, 9.42192316055297851562e-01) (52, 5.19610792398452758789e-02) (53, -1.48696851730346679688e+00) (54, -6.91612780094146728516e-01) (55, 7.46959149837493896484e-01) (56, 4.31537181138992309570e-01) (57, 2.05499768257141113281e+00) (58, 5.55501580238342285156e-01) (59, 1.48448598384857177734e+00) (60, 6.16779029369354248047e-01) (61, 5.90506315231323242188e-01) (62, 1.20858716964721679688e+00) (63, -2.00339511036872863770e-01) (64, -4.65412288904190063477e-02) (65, -2.89969682693481445312e-01) (66, -1.42694085836410522461e-01) (67, -4.28635925054550170898e-02) (68, -1.70860424637794494629e-01) (69, -1.21696643829345703125e+01) (70, -1.11703836917877197266e+00) (71, 5.72269797325134277344e-01) (72, 3.81069153547286987305e-01) (73, 6.48829042911529541016e-01) (74, -9.45761427283287048340e-02) (75, -2.09264063835144042969e+00) (76, 3.54971915483474731445e-01) (77, -1.54429435729980468750e-01) (78, 1.13374865055084228516e+00) (79, 7.06285715103149414062e-01) (80, 2.89453804492950439453e-01) (81, 9.48292091488838195801e-02) (82, 4.81736034154891967773e-01) (83, 7.13960677385330200195e-02) (84, 1.12170100212097167969e+00) (85, 3.26016336679458618164e-01) (86, 3.32749217748641967773e-01) (87, 2.78400003910064697266e-01) (88, 4.39535290002822875977e-01) (89, -9.54865217208862304688e-02) (90, 5.99150478839874267578e-01) (91, 8.03716480731964111328e-01) (92, 7.01883971691131591797e-01) (93, 7.68579781055450439453e-01) (94, -1.26893445849418640137e-01) (95, -1.72260459512472152710e-02) (96, 4.54823404550552368164e-01) (97, 4.03757780790328979492e-01) (98, 5.77354907989501953125e-01) (99, 5.82698762416839599609e-01) (100, 5.28046548366546630859e-01) (101, -2.34717801213264465332e-01) (102, -3.06274503469467163086e-01) (103, 2.23458218574523925781e+00) (104, 2.18385910987854003906e+00) (0, -1.59069180488586425781e+00) (1, -1.63128420710563659668e-01) (2, 6.70785784721374511719e-01) (3, 8.95800352096557617188e-01) (4, 1.10350871086120605469e+00) (5, 7.19953179359436035156e-01) (6, -1.93609610199928283691e-01) (7, -1.47145017981529235840e-01) (8, 6.39349555969238281250e+00) (9, -3.43352377414703369141e-01) (10, 3.03453922271728515625e+00) (11, -7.29600131511688232422e-01) (12, -2.35150992870330810547e-01) (13, -4.84115028381347656250e+00) (14, -5.15728056430816650391e-01) (15, 4.88854199647903442383e-01) (16, 6.22918939590454101562e+00) (17, 3.45028609037399291992e-01) (18, 5.22078126668930053711e-02) (19, 8.99988770484924316406e-01) (20, 5.62376976013183593750e-01) (21, 1.46903467178344726562e+00) (22, 9.44900810718536376953e-01) (23, 2.58732493966817855835e-02) (24, 8.74405682086944580078e-01) (25, 7.60287702083587646484e-01) (26, -7.98380598425865173340e-02) (27, -2.99645006656646728516e-01) (28, -6.38214290142059326172e-01) (29, 6.23337328433990478516e-01) (30, -6.83554857969284057617e-02) (31, -1.79503428936004638672e+00) (32, 7.74629712104797363281e-01) (33, -2.14045333862304687500e+00) (34, 3.30914944410324096680e-01) (35, 1.30205404758453369141e+00) (36, -1.45526540279388427734e+00) (37, -2.18495130538940429688e-01) (38, -1.75661027431488037109e-01) (39, -8.43995213508605957031e-02) (40, -1.12909233570098876953e+00) (41, 7.53928780555725097656e-01) (42, -1.05096578598022460938e-01) (43, 4.49512392282485961914e-01) (44, 1.07908117771148681641e+00) (45, 1.52843284606933593750e+00) (46, 4.70856142044067382812e+00) (47, 6.17425978183746337891e-01) (48, 1.03082919120788574219e+00) (49, -2.20794939994812011719e+00) (50, -2.20489501953125000000e-01) (51, 3.43565851449966430664e-01) (52, -5.07730722427368164062e-01) (53, -3.92396152019500732422e-01) (54, 2.62430012226104736328e-01) (55, 3.64154189825057983398e-01) (56, -1.69191211462020874023e-01) (57, 2.42539453506469726562e+00) (58, -1.66649079322814941406e+00) (59, -4.02803230285644531250e+00) (60, 4.33709651231765747070e-01) (61, 4.51587229967117309570e-01) (62, 4.16221827268600463867e-01) (63, 5.19473969936370849609e-01) (64, 7.04453945159912109375e-01) (65, 4.15091365575790405273e-01) (66, 1.22931075096130371094e+00) (67, 6.27950057387351989746e-02) (68, 3.53357267379760742188e+00) (69, -1.23240356445312500000e+01) (70, -9.07757952809333801270e-02) (71, 4.13080185651779174805e-01) (72, 1.78052917122840881348e-01) (73, 7.22968041896820068359e-01) (74, -2.05244034528732299805e-01) (75, 1.49862602353096008301e-01) (76, -9.69733774662017822266e-01) (77, -1.60319477319717407227e-01) (78, 5.47017753124237060547e-01) (79, -2.14891672134399414062e-01) (80, -3.67810130119323730469e-01) (81, -3.85863184928894042969e-01) (82, 6.12399637699127197266e-01) (83, 8.88649467378854751587e-03) (84, 3.99186104536056518555e-01) (85, -1.88471317291259765625e+00) (86, 2.41292402148246765137e-01) (87, 4.58129674196243286133e-01) (88, -5.15614867210388183594e-01) (89, -2.24946793168783187866e-02) (90, 1.37826636433601379395e-01) (91, 1.45711529254913330078e+00) (92, 5.41385352611541748047e-01) (93, 4.68877583742141723633e-01) (94, 4.69330757856369018555e-01) (95, 1.27585434913635253906e+00) (96, -2.04524531960487365723e-01) (97, 4.47839647531509399414e-01) (98, 3.98348420858383178711e-01) (99, 5.63165485858917236328e-01) (100, 4.49684053659439086914e-01) (101, 3.68015944957733154297e-01) (102, -1.50561857223510742188e+00) (103, 4.01084613800048828125e+00) (104, 1.50972032546997070312e+00) (105, 1.91109609603881835938e+00) (106, -2.25523900985717773438e+00) (107, 3.55450510978698730469e+00) (108, 1.89142525196075439453e+00) (109, 1.14771473407745361328e+00) (110, -2.93262767791748046875e+00) (111, -1.05411243438720703125e+00) (112, 1.86208558082580566406e+00) (113, -1.99854481220245361328e+00) (114, 7.99891114234924316406e-01) (115, 1.83131444454193115234e+00) (116, -2.17614674568176269531e+00) (117, -1.57178544998168945312e+00) (118, -2.21940302848815917969e+00) (119, 3.38503646850585937500e+00) (120, -2.47600364685058593750e+00) (121, 1.87751996517181396484e+00) (122, -2.10958552360534667969e+00) (123, 1.27800536155700683594e+00) (124, -9.86616194248199462891e-01) (125, -1.49218535423278808594e+00) (126, 2.50022268295288085938e+00) (127, 2.75948238372802734375e+00) (128, -9.50269043445587158203e-01) (129, -7.59138822555541992188e-01) (130, 7.88347303867340087891e-01) 
