FANN_FLO_2.1
num_layers=3
learning_rate=0.700000
connection_rate=1.000000
network_type=0
learning_momentum=0.000000
training_algorithm=2
train_error_function=1
train_stop_function=0
cascade_output_change_fraction=0.010000
quickprop_decay=-0.000100
quickprop_mu=1.750000
rprop_increase_factor=1.200000
rprop_decrease_factor=0.500000
rprop_delta_min=0.000000
rprop_delta_max=50.000000
rprop_delta_zero=0.100000
cascade_output_stagnation_epochs=12
cascade_candidate_change_fraction=0.010000
cascade_candidate_stagnation_epochs=12
cascade_max_out_epochs=150
cascade_max_cand_epochs=150
cascade_num_candidate_groups=2
bit_fail_limit=3.49999994039535522461e-01
cascade_candidate_limit=1.00000000000000000000e+03
cascade_weight_multiplier=4.00000005960464477539e-01
cascade_activation_functions_count=10
cascade_activation_functions=3 5 7 8 10 11 14 15 16 17 
cascade_activation_steepnesses_count=4
cascade_activation_steepnesses=2.50000000000000000000e-01 5.00000000000000000000e-01 7.50000000000000000000e-01 1.00000000000000000000e+00 
layer_sizes=105 26 2 
scale_included=0
neurons (num_inputs, activation_function, activation_steepness)=(0, 0, 0.00000000000000000000e+00) (0, 0, 0.00000000000000000000e+00) (0, 0, 0.00000000000000000000e+00) (0, 0, 0.00000000000000000000e+00) (0, 0, 0.00000000000000000000e+00) (0, 0, 0.00000000000000000000e+00) (0, 0, 0.00000000000000000000e+00) (0, 0, 0.00000000000000000000e+00) (0, 0, 0.00000000000000000000e+00) (0, 0, 0.00000000000000000000e+00) (0, 0, 0.00000000000000000000e+00) (0, 0, 0.00000000000000000000e+00) (0, 0, 0.00000000000000000000e+00) (0, 0, 0.00000000000000000000e+00) (0, 0, 0.00000000000000000000e+00) (0, 0, 0.00000000000000000000e+00) (0, 0, 0.00000000000000000000e+00) (0, 0, 0.00000000000000000000e+00) (0, 0, 0.00000000000000000000e+00) (0, 0, 0.00000000000000000000e+00) (0, 0, 0.00000000000000000000e+00) (0, 0, 0.00000000000000000000e+00) (0, 0, 0.00000000000000000000e+00) (0, 0, 0.00000000000000000000e+00) (0, 0, 0.00000000000000000000e+00) (0, 0, 0.00000000000000000000e+00) (0, 0, 0.00000000000000000000e+00) (0, 0, 0.00000000000000000000e+00) (0, 0, 0.00000000000000000000e+00) (0, 0, 0.00000000000000000000e+00) (0, 0, 0.00000000000000000000e+00) (0, 0, 0.00000000000000000000e+00) (0, 0, 0.00000000000000000000e+00) (0, 0, 0.00000000000000000000e+00) (0, 0, 0.00000000000000000000e+00) (0, 0, 0.00000000000000000000e+00) (0, 0, 0.00000000000000000000e+00) (0, 0, 0.00000000000000000000e+00) (0, 0, 0.00000000000000000000e+00) (0, 0, 0.00000000000000000000e+00) (0, 0, 0.00000000000000000000e+00) (0, 0, 0.00000000000000000000e+00) (0, 0, 0.00000000000000000000e+00) (0, 0, 0.00000000000000000000e+00) (0, 0, 0.00000000000000000000e+00) (0, 0, 0.00000000000000000000e+00) (0, 0, 0.00000000000000000000e+00) (0, 0, 0.00000000000000000000e+00) (0, 0, 0.00000000000000000000e+00) (0, 0, 0.00000000000000000000e+00) (0, 0, 0.00000000000000000000e+00) (0, 0, 0.00000000000000000000e+00) (0, 0, 0.00000000000000000000e+00) (0, 0, 0.00000000000000000000e+00) (0, 0, 0.00000000000000000000e+00) (0, 0, 0.00000000000000000000e+00) (0, 0, 0.00000000000000000000e+00) (0, 0, 0.00000000000000000000e+00) (0, 0, 0.00000000000000000000e+00) (0, 0, 0.00000000000000000000e+00) (0, 0, 0.00000000000000000000e+00) (0, 0, 0.00000000000000000000e+00) (0, 0, 0.00000000000000000000e+00) (0, 0, 0.00000000000000000000e+00) (0, 0, 0.00000000000000000000e+00) (0, 0, 0.00000000000000000000e+00) (0, 0, 0.00000000000000000000e+00) (0, 0, 0.00000000000000000000e+00) (0, 0, 0.00000000000000000000e+00) (0, 0, 0.00000000000000000000e+00) (0, 0, 0.00000000000000000000e+00) (0, 0, 0.00000000000000000000e+00) (0, 0, 0.00000000000000000000e+00) (0, 0, 0.00000000000000000000e+00) (0, 0, 0.00000000000000000000e+00) (0, 0, 0.00000000000000000000e+00) (0, 0, 0.00000000000000000000e+00) (0, 0, 0.00000000000000000000e+00) (0, 0, 0.00000000000000000000e+00) (0, 0, 0.00000000000000000000e+00) (0, 0, 0.00000000000000000000e+00) (0, 0, 0.00000000000000000000e+00) (0, 0, 0.00000000000000000000e+00) (0, 0, 0.00000000000000000000e+00) (0, 0, 0.00000000000000000000e+00) (0, 0, 0.00000000000000000000e+00) (0, 0, 0.00000000000000000000e+00) (0, 0, 0.00000000000000000000e+00) (0, 0, 0.00000000000000000000e+00) (0, 0, 0.00000000000000000000e+00) (0, 0, 0.00000000000000000000e+00) (0, 0, 0.00000000000000000000e+00) (0, 0, 0.00000000000000000000e+00) (0, 0, 0.00000000000000000000e+00) (0, 0, 0.00000000000000000000e+00) (0, 0, 0.00000000000000000000e+00) (0, 0, 0.00000000000000000000e+00) (0, 0, 0.00000000000000000000e+00) (0, 0, 0.00000000000000000000e+00) (0, 0, 0.00000000000000000000e+00) (0, 0, 0.00000000000000000000e+00) (0, 0, 0.00000000000000000000e+00) (0, 0, 0.00000000000000000000e+00) (0, 0, 0.00000000000000000000e+00) (0, 0, 0.00000000000000000000e+00) (105, 5, 5.00000000000000000000e-01) (105, 5, 5.00000000000000000000e-01) (105, 5, 5.00000000000000000000e-01) (105, 5, 5.00000000000000000000e-01) (105, 5, 5.00000000000000000000e-01) (105, 5, 5.00000000000000000000e-01) (105, 5, 5.00000000000000000000e-01) (105, 5, 5.00000000000000000000e-01) (105, 5, 5.00000000000000000000e-01) (105, 5, 5.00000000000000000000e-01) (105, 5, 5.00000000000000000000e-01) (105, 5, 5.00000000000000000000e-01) (105, 5, 5.00000000000000000000e-01) (105, 5, 5.00000000000000000000e-01) (105, 5, 5.00000000000000000000e-01) (105, 5, 5.00000000000000000000e-01) (105, 5, 5.00000000000000000000e-01) (105, 5, 5.00000000000000000000e-01) (105, 5, 5.00000000000000000000e-01) (105, 5, 5.00000000000000000000e-01) (105, 5, 5.00000000000000000000e-01) (105, 5, 5.00000000000000000000e-01) (105, 5, 5.00000000000000000000e-01) (105, 5, 5.00000000000000000000e-01) (105, 5, 5.00000000000000000000e-01) (0, 5, 0.00000000000000000000e+00) (26, 5, 5.00000000000000000000e-01) (0, 5, 0.00000000000000000000e+00) 
connections (connected_to_neuron, weight)=(0, 1.10927365720272064209e-01) (1, 5.75624608993530273438e+00) (2, 1.41776251792907714844e+00) (3, -3.75517296791076660156e+00) (4, -6.38939393684267997742e-03) (5, 2.74202346801757812500e-01) (6, -9.77454721927642822266e-01) (7, 2.50292086601257324219e+00) (8, -3.12072753906250000000e+00) (9, 2.70866894721984863281e+00) (10, 1.98596322536468505859e+00) (11, -3.74519848823547363281e+00) (12, -8.81221115589141845703e-01) (13, -4.16020107269287109375e+00) (14, -8.14552247524261474609e-01) (15, 4.06374216079711914062e-01) (16, 1.57513725757598876953e+00) (17, 2.62914329767227172852e-01) (18, -9.42262113094329833984e-01) (19, 2.78388690948486328125e+00) (20, 8.04703426361083984375e+00) (21, -1.28215551376342773438e+00) (22, 8.47270202636718750000e+00) (23, 1.52563052251935005188e-02) (24, 3.77628374099731445312e+00) (25, -4.35746860504150390625e+00) (26, 1.65368306636810302734e+00) (27, -7.81815004348754882812e+00) (28, 1.18242692947387695312e+00) (29, -2.83050298690795898438e+00) (30, 1.85632687062025070190e-02) (31, 2.52692008018493652344e+00) (32, -1.13435916900634765625e+01) (33, 1.85166692733764648438e+00) (34, -4.95932817459106445312e+00) (35, 3.77884054183959960938e+00) (36, 4.06136035919189453125e+00) (37, -9.15927648544311523438e-01) (38, 3.27956867218017578125e+00) (39, -4.72790032625198364258e-01) (40, 4.36227846145629882812e+00) (41, -2.11739110946655273438e+00) (42, 1.26900029182434082031e+00) (43, -1.73824465274810791016e+00) (44, 4.28370046615600585938e+00) (45, 1.51081740856170654297e+00) (46, 6.55795192718505859375e+00) (47, 1.00527739524841308594e+00) (48, 6.88198661804199218750e+00) (49, 7.66553163528442382812e-01) (50, -8.35847854614257812500e-01) (51, -1.44047486782073974609e+00) (52, -7.82374888658523559570e-02) (53, 2.13988709449768066406e+00) (54, 5.37446928024291992188e+00) (55, 5.43965148925781250000e+00) (56, 1.29993534088134765625e+00) (57, 2.78856205940246582031e+00) (58, -6.83693361282348632812e+00) (59, 1.41464757919311523438e+00) (60, 9.30768787860870361328e-01) (61, -2.59263610839843750000e+00) (62, 5.90961694717407226562e+00) (63, -7.17771649360656738281e-01) (64, -1.91165900230407714844e+00) (65, -4.89898413419723510742e-01) (66, 5.90682458877563476562e+00) (67, 3.72534155845642089844e+00) (68, 3.46325945854187011719e+00) (69, -6.26145303249359130859e-01) (70, -2.82155334949493408203e-01) (71, 3.47947150468826293945e-01) (72, -9.37307739257812500000e+00) (73, -2.57104325294494628906e+00) (74, -1.67036604881286621094e+00) (75, 2.75799965858459472656e+00) (76, -7.86668729782104492188e+00) (77, -5.25906562805175781250e-01) (78, 2.14572644233703613281e+00) (79, -1.24235916137695312500e+00) (80, 1.69596660137176513672e+00) (81, -5.32566010951995849609e-02) (82, -8.24029862880706787109e-01) (83, 1.38216409683227539062e+01) (84, 1.88168942928314208984e+00) (85, -1.51472055912017822266e+00) (86, -2.42170661687850952148e-01) (87, -1.28479945659637451172e+00) (88, -1.11085212230682373047e+00) (89, -4.47392034530639648438e+00) (90, 3.27603340148925781250e+00) (91, -1.12618007659912109375e+01) (92, 2.45228648185729980469e+00) (93, -4.91319835186004638672e-01) (94, -1.93575465679168701172e+00) (95, -6.76253795623779296875e+00) (96, 2.51693868637084960938e+00) (97, -8.78088057041168212891e-01) (98, -1.10985994338989257812e+00) (99, 6.08926787972450256348e-02) (100, 2.89309531450271606445e-01) (101, 5.77287435531616210938e+00) (102, -5.47196769714355468750e+00) (103, 8.78851318359375000000e+00) (104, 1.02860760688781738281e+00) (0, -6.25783503055572509766e-02) (1, 3.81780958175659179688e+00) (2, 3.07146847248077392578e-01) (3, 9.28477954864501953125e+00) (4, 2.28523969650268554688e+00) (5, -5.85528326034545898438e+00) (6, 2.01382946968078613281e+00) (7, -3.53608697652816772461e-01) (8, -3.70667487382888793945e-01) (9, -3.18897294998168945312e+00) (10, -1.33306348323822021484e+00) (11, -1.10430300235748291016e+00) (12, -1.95806753635406494141e+00) (13, -1.06737816333770751953e+00) (14, -5.41328430175781250000e-01) (15, 1.28342211246490478516e+00) (16, 2.84962475299835205078e-01) (17, 1.00670322775840759277e-01) (18, 3.46190261840820312500e+00) (19, -2.82196402549743652344e-01) (20, -2.24870014190673828125e+00) (21, -3.17026996612548828125e+00) (22, -1.56318461894989013672e+00) (23, -9.72173309326171875000e+00) (24, -4.30574321746826171875e+00) (25, 3.35217928886413574219e+00) (26, -1.07654118537902832031e+00) (27, 3.20873260498046875000e+00) (28, 4.50910949707031250000e+00) (29, -5.09638786315917968750e-01) (30, -5.90823829174041748047e-01) (31, 1.08681821823120117188e+00) (32, 1.89603054523468017578e+00) (33, -3.38256311416625976562e+00) (34, -2.27450704574584960938e+00) (35, 4.49910688400268554688e+00) (36, -1.92854535579681396484e+00) (37, 1.03589928150177001953e+00) (38, 1.72518813610076904297e+00) (39, 2.17135715484619140625e+00) (40, 2.64248609542846679688e+00) (41, 1.97384715080261230469e+00) (42, -8.93049001693725585938e-01) (43, 4.53900384902954101562e+00) (44, 2.44526934623718261719e+00) (45, 2.45935231447219848633e-01) (46, -5.29270315170288085938e+00) (47, 2.72510766983032226562e+00) (48, 2.08538985252380371094e+00) (49, 1.89929461479187011719e+00) (50, -4.20353174209594726562e-01) (51, 8.50823819637298583984e-01) (52, 9.30624723434448242188e-01) (53, 3.03486704826354980469e-01) (54, 1.32120933532714843750e+01) (55, -1.27338056564331054688e+01) (56, 2.99279832839965820312e+00) (57, 4.38995552062988281250e+00) (58, -4.72329616546630859375e+00) (59, -3.54752922058105468750e+00) (60, -8.21149635314941406250e+00) (61, 4.97366762161254882812e+00) (62, 5.76756858825683593750e+00) (63, -1.30473172664642333984e+00) (64, 2.57484054565429687500e+00) (65, 1.05113339424133300781e+00) (66, 1.33424162864685058594e+00) (67, 6.76310360431671142578e-01) (68, -1.67390513420104980469e+00) (69, -5.19422531127929687500e-01) (70, 8.70718598365783691406e-01) (71, 6.11868262290954589844e-01) (72, 1.17146682739257812500e+00) (73, 7.55635595321655273438e+00) (74, 4.39683049917221069336e-01) (75, -3.26360487937927246094e+00) (76, 1.42661929130554199219e+00) (77, 2.32752037048339843750e+00) (78, 5.68022251129150390625e+00) (79, -5.23632049560546875000e+00) (80, -2.80565285682678222656e+00) (81, -1.59443664550781250000e+00) (82, 7.24107146263122558594e-01) (83, 2.17597341537475585938e+00) (84, -5.51134681701660156250e+00) (85, -3.10482048988342285156e+00) (86, -9.01527144014835357666e-03) (87, 2.40071392059326171875e+00) (88, -6.05553054809570312500e+00) (89, -1.05116872787475585938e+01) (90, -1.61553621292114257812e+00) (91, -9.64299619197845458984e-01) (92, 4.94590997695922851562e+00) (93, 4.14836978912353515625e+00) (94, 1.41699028015136718750e+00) (95, -3.86279165744781494141e-01) (96, 8.08354949951171875000e+00) (97, 6.79006516933441162109e-01) (98, -2.62004899978637695312e+00) (99, -7.81737923622131347656e-01) (100, -1.16401839256286621094e+00) (101, 2.48641943931579589844e+00) (102, -4.20326232910156250000e+00) (103, 6.95447254180908203125e+00) (104, -1.26154375076293945312e+00) (0, -1.60290031433105468750e+01) (1, -3.13767433166503906250e+00) (2, -9.91350233554840087891e-01) (3, 4.43893241882324218750e+00) (4, 2.11850125342607498169e-02) (5, -2.42868542671203613281e+00) (6, 2.71715712547302246094e+00) (7, -1.65771222114562988281e+00) (8, -1.11364865303039550781e+00) (9, 8.38838219642639160156e-01) (10, 1.94240534305572509766e+00) (11, -2.52683699131011962891e-01) (12, -1.75857335329055786133e-01) (13, 9.62228417396545410156e-01) (14, -5.65517134964466094971e-02) (15, 2.33935403823852539062e+00) (16, 2.91068720817565917969e+00) (17, -2.27632805705070495605e-01) (18, 4.47604626417160034180e-01) (19, 5.91036736965179443359e-01) (20, 1.53596425056457519531e+00) (21, 3.22654157876968383789e-01) (22, -7.96912133693695068359e-01) (23, -3.53360652923583984375e-01) (24, 3.89321398735046386719e+00) (25, -9.10061645507812500000e+00) (26, -2.88657844066619873047e-01) (27, 2.39545989036560058594e+00) (28, -4.57013010978698730469e-01) (29, -1.56124269962310791016e+00) (30, 4.49285000562667846680e-01) (31, 6.04854297637939453125e+00) (32, -3.73854327201843261719e+00) (33, 5.10216331481933593750e+00) (34, -4.60231351852416992188e+00) (35, 1.27281069755554199219e+00) (36, -2.56197738647460937500e+00) (37, 2.37255191802978515625e+00) (38, 3.58228468894958496094e+00) (39, -1.08282220363616943359e+00) (40, 4.65683078765869140625e+00) (41, 1.83877432346343994141e+00) (42, 1.86664450168609619141e+00) (43, -4.80601817369461059570e-01) (44, 5.35014772415161132812e+00) (45, -3.06665170937776565552e-02) (46, 2.77064013481140136719e+00) (47, 1.19954693317413330078e+00) (48, 1.00566732883453369141e+00) (49, 3.10620355606079101562e+00) (50, -1.56731653213500976562e+00) (51, -5.89080810546875000000e-01) (52, 2.50099134445190429688e+00) (53, -1.11962282657623291016e+00) (54, 4.08082485198974609375e+00) (55, -9.36631298065185546875e+00) (56, 3.52365285158157348633e-01) (57, -2.77550935745239257812e+00) (58, -6.55710935592651367188e-01) (59, 3.04820799827575683594e+00) (60, -2.94966626167297363281e+00) (61, 6.08732032775878906250e+00) (62, -7.02114462852478027344e-01) (63, -1.18292701244354248047e+00) (64, 3.37303113937377929688e+00) (65, 1.04183602333068847656e+00) (66, -1.09955310821533203125e+00) (67, 2.35397368669509887695e-01) (68, -4.51311254501342773438e+00) (69, -7.05106794834136962891e-01) (70, 2.94049239158630371094e+00) (71, -1.90777957439422607422e-01) (72, 1.53329491615295410156e+00) (73, -6.93159055709838867188e+00) (74, 4.04252815246582031250e+00) (75, 1.07122969627380371094e+00) (76, -4.11969089508056640625e+00) (77, 1.11272716522216796875e+00) (78, 4.08713674545288085938e+00) (79, 3.47871065139770507812e+00) (80, 7.83828830718994140625e+00) (81, -1.95645558834075927734e+00) (82, -1.45931005477905273438e+00) (83, 5.45538139343261718750e+00) (84, 3.36331939697265625000e+00) (85, -8.29233741760253906250e+00) (86, -1.18587329983711242676e-01) (87, 3.44443112611770629883e-01) (88, -1.69530999660491943359e+00) (89, -1.05063654482364654541e-01) (90, -8.83416593074798583984e-01) (91, -1.68760448694229125977e-01) (92, 3.26343441009521484375e+00) (93, 5.84755992889404296875e+00) (94, -1.68260502815246582031e+00) (95, -2.44918107986450195312e+00) (96, 1.85524582862854003906e+00) (97, 3.03118491172790527344e+00) (98, 2.89241361618041992188e+00) (99, -7.88062238693237304688e+00) (100, -8.39493632316589355469e-01) (101, 6.64296483993530273438e+00) (102, -6.74009370803833007812e+00) (103, 1.05051393508911132812e+01) (104, 1.77956279367208480835e-02) (0, 1.50000000000000000000e+03) (1, -1.50000000000000000000e+03) (2, 1.50000000000000000000e+03) (3, -1.50000000000000000000e+03) (4, 1.50000000000000000000e+03) (5, 1.49994787597656250000e+03) (6, -1.49987988281250000000e+03) (7, -1.50000000000000000000e+03) (8, -1.50000000000000000000e+03) (9, 1.49983630371093750000e+03) (10, -1.50000000000000000000e+03) (11, -1.50000000000000000000e+03) (12, -1.49431164550781250000e+03) (13, -1.50000000000000000000e+03) (14, -1.50000000000000000000e+03) (15, -1.50000000000000000000e+03) (16, -1.50000000000000000000e+03) (17, -1.50000000000000000000e+03) (18, -1.50000000000000000000e+03) (19, 1.49485070800781250000e+03) (20, -1.50000000000000000000e+03) (21, -1.50000000000000000000e+03) (22, -1.50000000000000000000e+03) (23, -1.50000000000000000000e+03) (24, -1.50000000000000000000e+03) (25, -1.50000000000000000000e+03) (26, -1.50000000000000000000e+03) (27, -1.50000000000000000000e+03) (28, -1.50000000000000000000e+03) (29, -1.50000000000000000000e+03) (30, -1.50000000000000000000e+03) (31, -1.50000000000000000000e+03) (32, -1.49202978515625000000e+03) (33, -1.50000000000000000000e+03) (34, -1.50000000000000000000e+03) (35, -1.50000000000000000000e+03) (36, -1.50000000000000000000e+03) (37, -1.50000000000000000000e+03) (38, -1.50000000000000000000e+03) (39, -1.50000000000000000000e+03) (40, -1.50000000000000000000e+03) (41, 1.50000000000000000000e+03) (42, 1.50000000000000000000e+03) (43, 1.49969201660156250000e+03) (44, 1.49983728027343750000e+03) (45, -1.47500000000000000000e+03) (46, -1.45979553222656250000e+03) (47, -1.50000000000000000000e+03) (48, -1.49999987792968750000e+03) (49, -1.50000000000000000000e+03) (50, 1.50000000000000000000e+03) (51, 1.50000000000000000000e+03) (52, 1.50000000000000000000e+03) (53, 1.50000000000000000000e+03) (54, 1.50000000000000000000e+03) (55, -1.49935034179687500000e+03) (56, 1.50000000000000000000e+03) (57, 1.50000000000000000000e+03) (58, 1.50000000000000000000e+03) (59, 1.50000000000000000000e+03) (60, 1.50000000000000000000e+03) (61, 1.50000000000000000000e+03) (62, 1.50000000000000000000e+03) (63, 1.50000000000000000000e+03) (64, 1.50000000000000000000e+03) (65, 1.50000000000000000000e+03) (66, 1.50000000000000000000e+03) (67, -1.50000000000000000000e+03) (68, 1.50000000000000000000e+03) (69, 1.50000000000000000000e+03) (70, 1.50000000000000000000e+03) (71, 1.50000000000000000000e+03) (72, 1.50000000000000000000e+03) (73, 1.50000000000000000000e+03) (74, 1.50000000000000000000e+03) (75, 1.50000000000000000000e+03) (76, 1.50000000000000000000e+03) (77, 1.50000000000000000000e+03) (78, 1.50000000000000000000e+03) (79, 1.50000000000000000000e+03) (80, 1.50000000000000000000e+03) (81, 1.50000000000000000000e+03) (82, 1.50000000000000000000e+03) (83, 1.50000000000000000000e+03) (84, 1.50000000000000000000e+03) (85, 1.50000000000000000000e+03) (86, 1.50000000000000000000e+03) (87, 1.50000000000000000000e+03) (88, 1.50000000000000000000e+03) (89, 1.50000000000000000000e+03) (90, 1.50000000000000000000e+03) (91, 1.50000000000000000000e+03) (92, 1.50000000000000000000e+03) (93, 1.50000000000000000000e+03) (94, 1.50000000000000000000e+03) (95, 1.50000000000000000000e+03) (96, 1.50000000000000000000e+03) (97, 1.50000000000000000000e+03) (98, 1.50000000000000000000e+03) (99, 1.50000000000000000000e+03) (100, 1.50000000000000000000e+03) (101, 1.50000000000000000000e+03) (102, -1.50000000000000000000e+03) (103, 1.50000000000000000000e+03) (104, -9.35423374176025390625e+00) (0, -1.73689270019531250000e+01) (1, 1.82254835963249206543e-01) (2, -2.22309994697570800781e+00) (3, 9.19508755207061767578e-01) (4, 6.61225914955139160156e-01) (5, 1.69122591614723205566e-01) (6, 2.72595310211181640625e+00) (7, 1.29601347446441650391e+00) (8, -6.23784446716308593750e+00) (9, -7.32851088047027587891e-01) (10, 2.06911730766296386719e+00) (11, 3.42529326677322387695e-01) (12, 1.49346917867660522461e-01) (13, -1.00291538238525390625e+00) (14, 1.84826242923736572266e+00) (15, 1.31891036033630371094e+00) (16, 8.86833310127258300781e-01) (17, -1.10165262222290039062e+00) (18, 6.19328856468200683594e-01) (19, -3.37109118700027465820e-01) (20, -2.00250291824340820312e+00) (21, 2.20004057884216308594e+00) (22, 8.41308832168579101562e-01) (23, -9.98780846595764160156e-01) (24, -2.52492904663085937500e+00) (25, -1.62882363796234130859e+00) (26, 3.46235364675521850586e-01) (27, 2.60166978836059570312e+00) (28, 4.59104776382446289062e-02) (29, -9.71638023853302001953e-01) (30, -9.45601642131805419922e-01) (31, -1.27409327030181884766e+00) (32, 1.28060364723205566406e+00) (33, -5.65069317817687988281e-01) (34, 9.90512967109680175781e-01) (35, -8.11133027076721191406e-01) (36, 9.65537011623382568359e-01) (37, 7.41091310977935791016e-01) (38, 7.85499155521392822266e-01) (39, 9.46473896503448486328e-01) (40, 4.09112167358398437500e+00) (41, -4.51754522323608398438e+00) (42, 5.23730373382568359375e+00) (43, 2.65380144119262695312e+00) (44, -5.06714880466461181641e-01) (45, 2.78461724519729614258e-01) (46, 6.08746957778930664062e+00) (47, 1.92341077327728271484e+00) (48, 3.09304451942443847656e+00) (49, 1.09329867362976074219e+00) (50, 6.15729522705078125000e+00) (51, -2.19243288040161132812e-01) (52, 1.23390078544616699219e+00) (53, -3.30372929573059082031e+00) (54, 2.50163674354553222656e+00) (55, 4.52629661560058593750e+00) (56, 1.09807133674621582031e+00) (57, -2.46260017156600952148e-01) (58, -1.29822388291358947754e-01) (59, -1.39555370807647705078e+00) (60, 8.24607253074645996094e-01) (61, 7.71095228195190429688e+00) (62, -4.29106283187866210938e+00) (63, 2.13693785667419433594e+00) (64, -1.29604959487915039062e+00) (65, 3.30406951904296875000e+00) (66, -8.07747650146484375000e+00) (67, 6.00013971328735351562e+00) (68, -2.19634860754013061523e-01) (69, -2.65089797973632812500e+00) (70, 2.41772815585136413574e-01) (71, 1.05330407619476318359e+00) (72, -5.59750080108642578125e-01) (73, -1.22850961685180664062e+01) (74, 1.63471543788909912109e+00) (75, -6.27986621856689453125e+00) (76, 9.95159816741943359375e+00) (77, 1.64729881286621093750e+00) (78, -1.49108737707138061523e-01) (79, -3.46322250366210937500e+00) (80, 1.92495357990264892578e+00) (81, 7.26356387138366699219e-01) (82, -3.00402343273162841797e-01) (83, 1.49678111076354980469e+00) (84, 6.94348573684692382812e+00) (85, -5.01085376739501953125e+00) (86, -2.43392005562782287598e-01) (87, 1.50842380523681640625e+00) (88, -9.64461624622344970703e-01) (89, 8.79823803901672363281e-01) (90, -9.25568938255310058594e-01) (91, -1.47999823093414306641e+00) (92, 3.48483347892761230469e+00) (93, 5.24190664291381835938e-02) (94, -1.50936886668205261230e-01) (95, 5.64398705959320068359e-01) (96, 3.66943216323852539062e+00) (97, 2.18814897537231445312e+00) (98, -6.74524068832397460938e+00) (99, 4.44652748107910156250e+00) (100, 4.67816263437271118164e-01) (101, 3.93079161643981933594e-01) (102, -4.01299047470092773438e+00) (103, 6.76060914993286132812e+00) (104, -5.99440872669219970703e-01) (0, 1.50000000000000000000e+03) (1, -1.50000000000000000000e+03) (2, 1.50000000000000000000e+03) (3, -1.50000000000000000000e+03) (4, 1.50000000000000000000e+03) (5, 1.49995947265625000000e+03) (6, -1.49987988281250000000e+03) (7, -1.50000000000000000000e+03) (8, -1.50000000000000000000e+03) (9, 1.49985607910156250000e+03) (10, -1.50000000000000000000e+03) (11, -1.50000000000000000000e+03) (12, -1.49436364746093750000e+03) (13, -1.50000000000000000000e+03) (14, -1.50000000000000000000e+03) (15, -1.50000000000000000000e+03) (16, -1.50000000000000000000e+03) (17, -1.50000000000000000000e+03) (18, -1.50000000000000000000e+03) (19, 1.49527795410156250000e+03) (20, -1.50000000000000000000e+03) (21, -1.50000000000000000000e+03) (22, -1.50000000000000000000e+03) (23, -1.50000000000000000000e+03) (24, -1.50000000000000000000e+03) (25, -1.50000000000000000000e+03) (26, -1.50000000000000000000e+03) (27, -1.50000000000000000000e+03) (28, -1.50000000000000000000e+03) (29, -1.50000000000000000000e+03) (30, -1.50000000000000000000e+03) (31, -1.50000000000000000000e+03) (32, -1.49202978515625000000e+03) (33, -1.50000000000000000000e+03) (34, -1.50000000000000000000e+03) (35, -1.50000000000000000000e+03) (36, -1.50000000000000000000e+03) (37, -1.50000000000000000000e+03) (38, -1.50000000000000000000e+03) (39, -1.50000000000000000000e+03) (40, -1.50000000000000000000e+03) (41, 1.50000000000000000000e+03) (42, 1.50000000000000000000e+03) (43, 1.49988403320312500000e+03) (44, 1.49996350097656250000e+03) (45, -1.47500000000000000000e+03) (46, -1.45968762207031250000e+03) (47, -1.50000000000000000000e+03) (48, -1.49999987792968750000e+03) (49, -1.50000000000000000000e+03) (50, 1.50000000000000000000e+03) (51, 1.50000000000000000000e+03) (52, 1.50000000000000000000e+03) (53, 1.50000000000000000000e+03) (54, 1.50000000000000000000e+03) (55, -1.49934167480468750000e+03) (56, 1.50000000000000000000e+03) (57, 1.50000000000000000000e+03) (58, 1.50000000000000000000e+03) (59, 1.50000000000000000000e+03) (60, 1.50000000000000000000e+03) (61, 1.50000000000000000000e+03) (62, 1.50000000000000000000e+03) (63, 1.50000000000000000000e+03) (64, 1.50000000000000000000e+03) (65, 1.50000000000000000000e+03) (66, 1.50000000000000000000e+03) (67, -1.50000000000000000000e+03) (68, 1.50000000000000000000e+03) (69, 1.50000000000000000000e+03) (70, 1.50000000000000000000e+03) (71, 1.50000000000000000000e+03) (72, 1.50000000000000000000e+03) (73, 1.49984509277343750000e+03) (74, 1.50000000000000000000e+03) (75, 1.50000000000000000000e+03) (76, 1.50000000000000000000e+03) (77, 1.50000000000000000000e+03) (78, 1.50000000000000000000e+03) (79, 1.50000000000000000000e+03) (80, 1.50000000000000000000e+03) (81, 1.50000000000000000000e+03) (82, 1.50000000000000000000e+03) (83, 1.50000000000000000000e+03) (84, 1.50000000000000000000e+03) (85, 1.50000000000000000000e+03) (86, 1.50000000000000000000e+03) (87, 1.50000000000000000000e+03) (88, 1.50000000000000000000e+03) (89, 1.50000000000000000000e+03) (90, 1.50000000000000000000e+03) (91, 1.50000000000000000000e+03) (92, 1.50000000000000000000e+03) (93, 1.50000000000000000000e+03) (94, 1.50000000000000000000e+03) (95, 1.50000000000000000000e+03) (96, 1.50000000000000000000e+03) (97, 1.50000000000000000000e+03) (98, 1.50000000000000000000e+03) (99, 1.50000000000000000000e+03) (100, 1.50000000000000000000e+03) (101, 1.50000000000000000000e+03) (102, -1.50000000000000000000e+03) (103, 1.50000000000000000000e+03) (104, -8.64047431945800781250e+00) (0, -7.60547447204589843750e+00) (1, -1.04682314395904541016e+00) (2, 6.03548765182495117188e-01) (3, 2.77487874031066894531e-01) (4, 1.92847585678100585938e+00) (5, -2.55040735006332397461e-01) (6, 1.62113010883331298828e+00) (7, 1.67375624179840087891e-01) (8, 1.21151697635650634766e+00) (9, 1.84372413158416748047e+00) (10, 1.75390589237213134766e+00) (11, 1.32418859004974365234e+00) (12, 5.45031309127807617188e-01) (13, -3.43623495101928710938e+00) (14, 1.25745594501495361328e+00) (15, 2.08491230010986328125e+00) (16, -4.45077508687973022461e-01) (17, -2.61222541332244873047e-01) (18, 7.43994414806365966797e-01) (19, -7.67381340265274047852e-02) (20, -7.71711230278015136719e-01) (21, 1.25515311956405639648e-01) (22, -1.15179681777954101562e+00) (23, -5.77366173267364501953e-01) (24, -6.00249385833740234375e+00) (25, 1.38249468803405761719e+00) (26, 2.99839198589324951172e-01) (27, -5.12197732925415039062e-01) (28, -8.97417545318603515625e-01) (29, -1.41729044914245605469e+00) (30, 5.59640944004058837891e-01) (31, -1.15522861480712890625e+00) (32, 3.02001214027404785156e+00) (33, -4.34504538774490356445e-01) (34, -4.80361700057983398438e+00) (35, -4.19992916285991668701e-02) (36, 2.26544404029846191406e+00) (37, 8.77365398406982421875e+00) (38, -8.27541112899780273438e-01) (39, 7.69183874130249023438e-01) (40, 2.54198694229125976562e+00) (41, -8.71205139160156250000e+00) (42, -4.33066034317016601562e+00) (43, 2.53108477592468261719e+00) (44, 2.90194129943847656250e+00) (45, -2.54583477973937988281e+00) (46, 6.54272317886352539062e+00) (47, -7.46047687530517578125e+00) (48, 1.44015846252441406250e+01) (49, -3.17949056625366210938e+00) (50, 8.85284319519996643066e-02) (51, 5.29875421524047851562e+00) (52, 2.10988497734069824219e+00) (53, -2.14471745491027832031e+00) (54, 1.65419363975524902344e+00) (55, 1.13040161132812500000e+00) (56, 1.79103565216064453125e+00) (57, 4.00463247299194335938e+00) (58, 1.38806238174438476562e+01) (59, -3.19782781600952148438e+00) (60, -3.01217722892761230469e+00) (61, -5.30597496032714843750e+00) (62, -3.50739061832427978516e-01) (63, 2.47154951095581054688e+00) (64, -3.82752490043640136719e+00) (65, 2.39050889015197753906e+00) (66, -8.33630180358886718750e+00) (67, -6.24081802368164062500e+00) (68, 1.15629589557647705078e+00) (69, 4.32647657394409179688e+00) (70, 7.52800416946411132812e+00) (71, 6.62681937217712402344e-01) (72, 3.64902824163436889648e-01) (73, 4.23028612136840820312e+00) (74, 1.93934881687164306641e+00) (75, -6.13370776176452636719e-01) (76, -3.24475884437561035156e+00) (77, 4.78306382894515991211e-01) (78, -4.04887962341308593750e+00) (79, 3.46641016006469726562e+00) (80, -1.23617112636566162109e+00) (81, 2.90215063095092773438e+00) (82, 4.38898038864135742188e+00) (83, 7.20714032649993896484e-01) (84, -1.26312742233276367188e+01) (85, 6.64304256439208984375e-01) (86, -2.76422619819641113281e-01) (87, 6.22989475727081298828e-01) (88, -4.86762404441833496094e-01) (89, -2.94876366853713989258e-01) (90, 9.46249842643737792969e-01) (91, -6.82133579254150390625e+00) (92, 5.82281875610351562500e+00) (93, 1.96624767780303955078e+00) (94, -1.75497844815254211426e-01) (95, 1.48405265808105468750e+00) (96, 6.08940744400024414062e+00) (97, 3.06179881095886230469e+00) (98, -8.96898090839385986328e-01) (99, -2.26420545578002929688e+00) (100, -6.20880067348480224609e-01) (101, -3.84999823570251464844e+00) (102, -6.27071142196655273438e+00) (103, 9.79172706604003906250e+00) (104, -1.95567452907562255859e+00) (0, -1.50000000000000000000e+03) (1, 1.50000000000000000000e+03) (2, -1.50000000000000000000e+03) (3, 1.50000000000000000000e+03) (4, -1.50000000000000000000e+03) (5, -1.49970495605468750000e+03) (6, 1.50000000000000000000e+03) (7, 1.50000000000000000000e+03) (8, 1.50000000000000000000e+03) (9, -1.49946569824218750000e+03) (10, 1.50000000000000000000e+03) (11, 1.50000000000000000000e+03) (12, 1.49994750976562500000e+03) (13, 1.50000000000000000000e+03) (14, 1.50000000000000000000e+03) (15, 1.50000000000000000000e+03) (16, 1.50000000000000000000e+03) (17, 1.50000000000000000000e+03) (18, 1.50000000000000000000e+03) (19, -1.48430114746093750000e+03) (20, 1.50000000000000000000e+03) (21, 1.50000000000000000000e+03) (22, 1.50000000000000000000e+03) (23, 1.50000000000000000000e+03) (24, 1.50000000000000000000e+03) (25, 1.50000000000000000000e+03) (26, 1.50000000000000000000e+03) (27, 1.50000000000000000000e+03) (28, 1.50000000000000000000e+03) (29, 1.50000000000000000000e+03) (30, 1.50000000000000000000e+03) (31, 1.50000000000000000000e+03) (32, 1.50000000000000000000e+03) (33, 1.50000000000000000000e+03) (34, 1.49995544433593750000e+03) (35, 1.50000000000000000000e+03) (36, 1.50000000000000000000e+03) (37, 1.50000000000000000000e+03) (38, 1.50000000000000000000e+03) (39, 1.50000000000000000000e+03) (40, 1.50000000000000000000e+03) (41, -1.50000000000000000000e+03) (42, -1.50000000000000000000e+03) (43, -1.49928405761718750000e+03) (44, -1.49958190917968750000e+03) (45, 1.50000000000000000000e+03) (46, 1.44162207031250000000e+03) (47, 1.50000000000000000000e+03) (48, 1.50000000000000000000e+03) (49, 1.50000000000000000000e+03) (50, -1.49962329101562500000e+03) (51, -1.50000000000000000000e+03) (52, -1.50000000000000000000e+03) (53, -1.50000000000000000000e+03) (54, -1.50000000000000000000e+03) (55, 1.49966662597656250000e+03) (56, -1.50000000000000000000e+03) (57, -1.50000000000000000000e+03) (58, -1.50000000000000000000e+03) (59, -1.50000000000000000000e+03) (60, -1.50000000000000000000e+03) (61, -1.49988049316406250000e+03) (62, -1.50000000000000000000e+03) (63, -1.50000000000000000000e+03) (64, -1.50000000000000000000e+03) (65, -1.50000000000000000000e+03) (66, -1.50000000000000000000e+03) (67, 1.50000000000000000000e+03) (68, -1.50000000000000000000e+03) (69, -1.50000000000000000000e+03) (70, -1.50000000000000000000e+03) (71, -1.50000000000000000000e+03) (72, -1.50000000000000000000e+03) (73, -1.49973535156250000000e+03) (74, -1.50000000000000000000e+03) (75, -1.49985900878906250000e+03) (76, -1.50000000000000000000e+03) (77, -1.50000000000000000000e+03) (78, -1.50000000000000000000e+03) (79, -1.50000000000000000000e+03) (80, -1.49903356933593750000e+03) (81, -1.50000000000000000000e+03) (82, -1.50000000000000000000e+03) (83, -1.50000000000000000000e+03) (84, -1.50000000000000000000e+03) (85, -1.49972863769531250000e+03) (86, -1.50000000000000000000e+03) (87, -1.50000000000000000000e+03) (88, -1.50000000000000000000e+03) (89, -1.50000000000000000000e+03) (90, -1.50000000000000000000e+03) (91, -1.50000000000000000000e+03) (92, -1.50000000000000000000e+03) (93, -1.50000000000000000000e+03) (94, -1.50000000000000000000e+03) (95, -1.50000000000000000000e+03) (96, -1.50000000000000000000e+03) (97, -1.50000000000000000000e+03) (98, -1.50000000000000000000e+03) (99, -1.50000000000000000000e+03) (100, -1.50000000000000000000e+03) (101, -1.50000000000000000000e+03) (102, 1.50000000000000000000e+03) (103, -1.50000000000000000000e+03) (104, 1.06989049911499023438e+01) (0, 2.15579662322998046875e+01) (1, 1.19368457794189453125e+01) (2, 5.69571590423583984375e+00) (3, -4.59097337722778320312e+00) (4, 7.01813125610351562500e+00) (5, -4.58320713043212890625e+00) (6, 1.30199241638183593750e+00) (7, 2.71424092352390289307e-02) (8, 1.15438199043273925781e+00) (9, 5.30436515808105468750e+00) (10, -7.72431755065917968750e+00) (11, -4.11582899093627929688e+00) (12, 6.46716713905334472656e-01) (13, 2.86257076263427734375e+00) (14, 4.45955902338027954102e-01) (15, 1.75779914855957031250e+01) (16, -4.30973827838897705078e-01) (17, 1.06329166889190673828e+00) (18, 2.44389486312866210938e+00) (19, -6.28646850585937500000e-01) (20, -5.48383045196533203125e+00) (21, 8.02748107910156250000e+00) (22, 2.52638864517211914062e+00) (23, 2.53533816337585449219e+00) (24, -2.48149275779724121094e+00) (25, -3.00781697034835815430e-01) (26, 2.15319490432739257812e+00) (27, -1.22989082336425781250e+00) (28, 5.13981389999389648438e+00) (29, 2.63376760482788085938e+00) (30, -2.66831457614898681641e-01) (31, -1.72600254416465759277e-01) (32, 2.10044458508491516113e-01) (33, 1.89375102519989013672e+00) (34, -2.82388925552368164062e+00) (35, 3.19866991043090820312e+00) (36, -9.81509923934936523438e-01) (37, 1.21115767955780029297e+00) (38, -9.71725404262542724609e-01) (39, 1.09780969619750976562e+01) (40, 3.27935624122619628906e+00) (41, -7.54069268703460693359e-01) (42, -4.77300077676773071289e-01) (43, 5.61304509639739990234e-01) (44, -2.73867630958557128906e+00) (45, 1.26651242375373840332e-01) (46, -7.64022886753082275391e-01) (47, 3.72109222412109375000e+00) (48, 1.28355371952056884766e+00) (49, 8.02945673465728759766e-01) (50, -2.06237292289733886719e+00) (51, -2.36837959289550781250e+00) (52, -3.88702511787414550781e-01) (53, -7.59980857372283935547e-01) (54, -1.03273153305053710938e+00) (55, 2.72426390647888183594e+00) (56, -9.93783250451087951660e-02) (57, -1.64243876934051513672e+00) (58, -1.24308180809020996094e+00) (59, -7.65031576156616210938e-01) (60, -1.49629449844360351562e+00) (61, -5.12597703933715820312e+00) (62, -8.59203696250915527344e-01) (63, -1.77743270993232727051e-01) (64, 3.64367508888244628906e+00) (65, 4.80782091617584228516e-02) (66, 8.30008268356323242188e-01) (67, 2.99903607368469238281e+00) (68, -2.73903667926788330078e-01) (69, -3.81851553916931152344e-01) (70, -2.54649072885513305664e-01) (71, -2.35553413629531860352e-01) (72, -1.12271085381507873535e-01) (73, -6.97010517120361328125e-01) (74, 2.14186478406190872192e-02) (75, -7.30000615119934082031e-01) (76, -4.26216900348663330078e-01) (77, -2.64658331871032714844e-01) (78, -1.05452740192413330078e+00) (79, -5.41576087474822998047e-01) (80, -4.97882795333862304688e+00) (81, -6.28275275230407714844e-01) (82, -9.08391773700714111328e-01) (83, -3.27371907234191894531e+00) (84, -1.00601339340209960938e+00) (85, -6.80980861186981201172e-01) (86, -2.59718090295791625977e-01) (87, -2.47670963406562805176e-01) (88, -1.00157940387725830078e+00) (89, -1.19809794425964355469e+00) (90, -1.05199122428894042969e+00) (91, -9.50254380702972412109e-01) (92, -5.56571900844573974609e-01) (93, -5.61112761497497558594e-01) (94, -3.92610222101211547852e-01) (95, -8.85626137256622314453e-01) (96, 4.95682507753372192383e-02) (97, -7.06864535808563232422e-01) (98, -1.59495186805725097656e+00) (99, -1.06617891788482666016e+00) (100, -4.43659424781799316406e-01) (101, -5.54183065891265869141e-01) (102, 1.50000000000000000000e+03) (103, -1.50000000000000000000e+03) (104, 1.90483522415161132812e+00) (0, 1.50000000000000000000e+03) (1, -1.50000000000000000000e+03) (2, 1.50000000000000000000e+03) (3, -1.50000000000000000000e+03) (4, 1.50000000000000000000e+03) (5, 1.50000000000000000000e+03) (6, -1.49994995117187500000e+03) (7, -1.50000000000000000000e+03) (8, -1.50000000000000000000e+03) (9, 1.50000000000000000000e+03) (10, -1.50000000000000000000e+03) (11, -1.50000000000000000000e+03) (12, -1.49360327148437500000e+03) (13, -1.50000000000000000000e+03) (14, -1.49588244628906250000e+03) (15, -1.50000000000000000000e+03) (16, -1.50000000000000000000e+03) (17, -1.48899890136718750000e+03) (18, -1.50000000000000000000e+03) (19, 1.49827319335937500000e+03) (20, -1.50000000000000000000e+03) (21, -1.50000000000000000000e+03) (22, -1.50000000000000000000e+03) (23, -1.50000000000000000000e+03) (24, -1.50000000000000000000e+03) (25, -1.50000000000000000000e+03) (26, -1.47789550781250000000e+03) (27, -1.50000000000000000000e+03) (28, -1.50000000000000000000e+03) (29, -1.50000000000000000000e+03) (30, -1.46767492675781250000e+03) (31, -1.50000000000000000000e+03) (32, -1.49202978515625000000e+03) (33, -1.50000000000000000000e+03) (34, -1.50000000000000000000e+03) (35, -1.50000000000000000000e+03) (36, -1.50000000000000000000e+03) (37, -1.50000000000000000000e+03) (38, -1.50000000000000000000e+03) (39, -1.50000000000000000000e+03) (40, -1.50000000000000000000e+03) (41, 1.50000000000000000000e+03) (42, 1.50000000000000000000e+03) (43, 1.50000000000000000000e+03) (44, 1.50000000000000000000e+03) (45, -1.47500000000000000000e+03) (46, -1.23186633300781250000e+03) (47, -1.50000000000000000000e+03) (48, -1.49999987792968750000e+03) (49, -1.50000000000000000000e+03) (50, 1.50000000000000000000e+03) (51, 1.50000000000000000000e+03) (52, 1.50000000000000000000e+03) (53, 1.50000000000000000000e+03) (54, 1.50000000000000000000e+03) (55, -1.49763232421875000000e+03) (56, 1.50000000000000000000e+03) (57, 1.50000000000000000000e+03) (58, 1.50000000000000000000e+03) (59, 1.50000000000000000000e+03) (60, 1.50000000000000000000e+03) (61, 1.49985681152343750000e+03) (62, 1.50000000000000000000e+03) (63, 1.50000000000000000000e+03) (64, 1.50000000000000000000e+03) (65, 1.50000000000000000000e+03) (66, 1.50000000000000000000e+03) (67, -1.46643737792968750000e+03) (68, 1.50000000000000000000e+03) (69, 1.50000000000000000000e+03) (70, 1.50000000000000000000e+03) (71, 1.50000000000000000000e+03) (72, 1.50000000000000000000e+03) (73, 1.50000000000000000000e+03) (74, 1.50000000000000000000e+03) (75, 1.50000000000000000000e+03) (76, 1.50000000000000000000e+03) (77, 1.50000000000000000000e+03) (78, 1.50000000000000000000e+03) (79, 1.50000000000000000000e+03) (80, 1.50000000000000000000e+03) (81, 1.50000000000000000000e+03) (82, 1.50000000000000000000e+03) (83, 1.50000000000000000000e+03) (84, 1.50000000000000000000e+03) (85, 1.50000000000000000000e+03) (86, 1.50000000000000000000e+03) (87, 1.50000000000000000000e+03) (88, 1.50000000000000000000e+03) (89, 1.50000000000000000000e+03) (90, 1.50000000000000000000e+03) (91, 1.50000000000000000000e+03) (92, 1.50000000000000000000e+03) (93, 1.50000000000000000000e+03) (94, 1.50000000000000000000e+03) (95, 1.50000000000000000000e+03) (96, 1.50000000000000000000e+03) (97, 1.50000000000000000000e+03) (98, 1.50000000000000000000e+03) (99, 1.50000000000000000000e+03) (100, 1.50000000000000000000e+03) (101, 1.50000000000000000000e+03) (102, -1.50000000000000000000e+03) (103, 1.50000000000000000000e+03) (104, -1.13181053161621093750e+02) (0, 1.50000000000000000000e+03) (1, -1.50000000000000000000e+03) (2, 1.50000000000000000000e+03) (3, -1.50000000000000000000e+03) (4, 1.50000000000000000000e+03) (5, 1.49996960449218750000e+03) (6, -1.49987988281250000000e+03) (7, -1.50000000000000000000e+03) (8, -1.50000000000000000000e+03) (9, 1.49992480468750000000e+03) (10, -1.50000000000000000000e+03) (11, -1.50000000000000000000e+03) (12, -1.49427648925781250000e+03) (13, -1.50000000000000000000e+03) (14, -1.50000000000000000000e+03) (15, -1.50000000000000000000e+03) (16, -1.50000000000000000000e+03) (17, -1.50000000000000000000e+03) (18, -1.50000000000000000000e+03) (19, 1.49699499511718750000e+03) (20, -1.50000000000000000000e+03) (21, -1.50000000000000000000e+03) (22, -1.50000000000000000000e+03) (23, -1.50000000000000000000e+03) (24, -1.50000000000000000000e+03) (25, -1.50000000000000000000e+03) (26, -1.50000000000000000000e+03) (27, -1.50000000000000000000e+03) (28, -1.50000000000000000000e+03) (29, -1.50000000000000000000e+03) (30, -1.50000000000000000000e+03) (31, -1.50000000000000000000e+03) (32, -1.49202978515625000000e+03) (33, -1.50000000000000000000e+03) (34, -1.50000000000000000000e+03) (35, -1.50000000000000000000e+03) (36, -1.50000000000000000000e+03) (37, -1.50000000000000000000e+03) (38, -1.50000000000000000000e+03) (39, -1.50000000000000000000e+03) (40, -1.50000000000000000000e+03) (41, 1.50000000000000000000e+03) (42, 1.50000000000000000000e+03) (43, 1.49981091308593750000e+03) (44, 1.49990063476562500000e+03) (45, -1.47500000000000000000e+03) (46, -1.45973791503906250000e+03) (47, -1.50000000000000000000e+03) (48, -1.49999987792968750000e+03) (49, -1.50000000000000000000e+03) (50, 1.50000000000000000000e+03) (51, 1.50000000000000000000e+03) (52, 1.50000000000000000000e+03) (53, 1.50000000000000000000e+03) (54, 1.50000000000000000000e+03) (55, -1.49938916015625000000e+03) (56, 1.50000000000000000000e+03) (57, 1.50000000000000000000e+03) (58, 1.50000000000000000000e+03) (59, 1.50000000000000000000e+03) (60, 1.50000000000000000000e+03) (61, 1.50000000000000000000e+03) (62, 1.50000000000000000000e+03) (63, 1.50000000000000000000e+03) (64, 1.50000000000000000000e+03) (65, 1.50000000000000000000e+03) (66, 1.50000000000000000000e+03) (67, -1.50000000000000000000e+03) (68, 1.50000000000000000000e+03) (69, 1.50000000000000000000e+03) (70, 1.50000000000000000000e+03) (71, 1.50000000000000000000e+03) (72, 1.50000000000000000000e+03) (73, 1.49983886718750000000e+03) (74, 1.50000000000000000000e+03) (75, 1.50000000000000000000e+03) (76, 1.50000000000000000000e+03) (77, 1.50000000000000000000e+03) (78, 1.50000000000000000000e+03) (79, 1.50000000000000000000e+03) (80, 1.50000000000000000000e+03) (81, 1.50000000000000000000e+03) (82, 1.50000000000000000000e+03) (83, 1.50000000000000000000e+03) (84, 1.50000000000000000000e+03) (85, 1.50000000000000000000e+03) (86, 1.50000000000000000000e+03) (87, 1.50000000000000000000e+03) (88, 1.50000000000000000000e+03) (89, 1.50000000000000000000e+03) (90, 1.50000000000000000000e+03) (91, 1.50000000000000000000e+03) (92, 1.50000000000000000000e+03) (93, 1.50000000000000000000e+03) (94, 1.50000000000000000000e+03) (95, 1.50000000000000000000e+03) (96, 1.50000000000000000000e+03) (97, 1.50000000000000000000e+03) (98, 1.50000000000000000000e+03) (99, 1.50000000000000000000e+03) (100, 1.50000000000000000000e+03) (101, 1.50000000000000000000e+03) (102, -1.50000000000000000000e+03) (103, 1.50000000000000000000e+03) (104, -6.84433889389038085938e+00) (0, -1.50000000000000000000e+03) (1, 1.50000000000000000000e+03) (2, -1.50000000000000000000e+03) (3, 1.50000000000000000000e+03) (4, -1.49996667480468750000e+03) (5, -1.49966613769531250000e+03) (6, 1.50000000000000000000e+03) (7, 1.50000000000000000000e+03) (8, 1.50000000000000000000e+03) (9, -1.49946093750000000000e+03) (10, 1.50000000000000000000e+03) (11, 1.50000000000000000000e+03) (12, 1.49994458007812500000e+03) (13, 1.50000000000000000000e+03) (14, 1.50000000000000000000e+03) (15, 1.50000000000000000000e+03) (16, 1.50000000000000000000e+03) (17, 1.50000000000000000000e+03) (18, 1.50000000000000000000e+03) (19, -1.48835363769531250000e+03) (20, 1.50000000000000000000e+03) (21, 1.50000000000000000000e+03) (22, 1.50000000000000000000e+03) (23, 1.50000000000000000000e+03) (24, 1.50000000000000000000e+03) (25, 1.50000000000000000000e+03) (26, 1.50000000000000000000e+03) (27, 1.50000000000000000000e+03) (28, 1.50000000000000000000e+03) (29, 1.50000000000000000000e+03) (30, 1.50000000000000000000e+03) (31, 1.50000000000000000000e+03) (32, 1.50000000000000000000e+03) (33, 1.50000000000000000000e+03) (34, 1.49995568847656250000e+03) (35, 1.50000000000000000000e+03) (36, 1.50000000000000000000e+03) (37, 1.50000000000000000000e+03) (38, 1.50000000000000000000e+03) (39, 1.50000000000000000000e+03) (40, 1.50000000000000000000e+03) (41, -1.50000000000000000000e+03) (42, -1.50000000000000000000e+03) (43, -1.49935363769531250000e+03) (44, -1.49968566894531250000e+03) (45, 1.50000000000000000000e+03) (46, 1.44667480468750000000e+03) (47, 1.50000000000000000000e+03) (48, 1.50000000000000000000e+03) (49, 1.50000000000000000000e+03) (50, -1.49934326171875000000e+03) (51, -1.50000000000000000000e+03) (52, -1.50000000000000000000e+03) (53, -1.50000000000000000000e+03) (54, -1.50000000000000000000e+03) (55, 1.49969201660156250000e+03) (56, -1.50000000000000000000e+03) (57, -1.50000000000000000000e+03) (58, -1.50000000000000000000e+03) (59, -1.50000000000000000000e+03) (60, -1.50000000000000000000e+03) (61, -1.49975280761718750000e+03) (62, -1.50000000000000000000e+03) (63, -1.50000000000000000000e+03) (64, -1.50000000000000000000e+03) (65, -1.50000000000000000000e+03) (66, -1.50000000000000000000e+03) (67, 1.50000000000000000000e+03) (68, -1.50000000000000000000e+03) (69, -1.50000000000000000000e+03) (70, -1.50000000000000000000e+03) (71, -1.50000000000000000000e+03) (72, -1.50000000000000000000e+03) (73, -1.49973535156250000000e+03) (74, -1.50000000000000000000e+03) (75, -1.49985900878906250000e+03) (76, -1.50000000000000000000e+03) (77, -1.50000000000000000000e+03) (78, -1.50000000000000000000e+03) (79, -1.50000000000000000000e+03) (80, -1.49691943359375000000e+03) (81, -1.50000000000000000000e+03) (82, -1.50000000000000000000e+03) (83, -1.50000000000000000000e+03) (84, -1.50000000000000000000e+03) (85, -1.49976757812500000000e+03) (86, -1.50000000000000000000e+03) (87, -1.50000000000000000000e+03) (88, -1.50000000000000000000e+03) (89, -1.50000000000000000000e+03) (90, -1.50000000000000000000e+03) (91, -1.50000000000000000000e+03) (92, -1.50000000000000000000e+03) (93, -1.50000000000000000000e+03) (94, -1.50000000000000000000e+03) (95, -1.50000000000000000000e+03) (96, -1.50000000000000000000e+03) (97, -1.50000000000000000000e+03) (98, -1.50000000000000000000e+03) (99, -1.50000000000000000000e+03) (100, -1.50000000000000000000e+03) (101, -1.50000000000000000000e+03) (102, 1.50000000000000000000e+03) (103, -1.50000000000000000000e+03) (104, 1.22103443145751953125e+01) (0, -3.58685684204101562500e+01) (1, 4.72796535491943359375e+00) (2, -1.41611373424530029297e+00) (3, 9.06504058837890625000e+00) (4, 1.90394413471221923828e+00) (5, -4.07189369201660156250e+00) (6, 3.31357884407043457031e+00) (7, 3.03894233703613281250e+00) (8, 1.03444314002990722656e+00) (9, 1.61171948909759521484e+00) (10, 2.66777443885803222656e+00) (11, 4.38371372222900390625e+00) (12, 9.75066006183624267578e-01) (13, -1.10028338432312011719e+00) (14, 9.07482624053955078125e-01) (15, 8.62585663795471191406e-01) (16, -3.42433762550354003906e+00) (17, -9.24136459827423095703e-01) (18, 1.30689787864685058594e+00) (19, 7.33338654041290283203e-01) (20, 2.12800359725952148438e+00) (21, 2.20542693138122558594e+00) (22, 5.76836407184600830078e-01) (23, -1.53839743137359619141e+00) (24, 8.07285499572753906250e+00) (25, -4.06361818313598632812e-01) (26, -4.15638893842697143555e-01) (27, 4.62697553634643554688e+00) (28, 3.32069206237792968750e+00) (29, -4.30679607391357421875e+00) (30, 1.06628882884979248047e+00) (31, -1.45027506351470947266e+00) (32, -3.53639304637908935547e-01) (33, 5.08192062377929687500e-01) (34, 1.98326950073242187500e+01) (35, -1.57081350684165954590e-01) (36, -1.47128415107727050781e+00) (37, 4.30231750011444091797e-01) (38, 1.67340588569641113281e+00) (39, -1.45765388011932373047e+00) (40, 1.19206628799438476562e+01) (41, -6.60233545303344726562e+00) (42, 1.39331507682800292969e+00) (43, -6.48797273635864257812e-01) (44, -6.68039989471435546875e+00) (45, 3.37954998016357421875e+00) (46, 3.14806771278381347656e+00) (47, 6.03844070434570312500e+00) (48, -4.37275934219360351562e+00) (49, -1.12596464157104492188e+00) (50, -2.04478192329406738281e+00) (51, -8.19343280792236328125e+00) (52, 3.16486716270446777344e-01) (53, -2.02336835861206054688e+00) (54, -8.69252800941467285156e-01) (55, -1.47501301765441894531e+00) (56, 2.05008077621459960938e+00) (57, -6.78759431838989257812e+00) (58, 2.29401826858520507812e+00) (59, 1.43940267562866210938e+01) (60, -5.68893337249755859375e+00) (61, -6.70700597763061523438e+00) (62, -5.30331993103027343750e+00) (63, -6.96817278861999511719e-01) (64, 4.74550771713256835938e+00) (65, 1.93904900550842285156e+00) (66, -4.43698358535766601562e+00) (67, 1.21293830871582031250e+01) (68, -2.38971114158630371094e+00) (69, 2.57897734642028808594e+00) (70, 2.02777600288391113281e+00) (71, 2.40647554397583007812e+00) (72, 2.93783998489379882812e+00) (73, -1.53937304019927978516e+00) (74, 2.52391624450683593750e+00) (75, 6.06205034255981445312e+00) (76, 4.87791681289672851562e+00) (77, 2.41717100143432617188e+00) (78, -4.29438877105712890625e+00) (79, -2.39366126060485839844e+00) (80, 1.94458675384521484375e+01) (81, 5.88743257522583007812e+00) (82, -3.91494178771972656250e+00) (83, -7.53034830093383789062e+00) (84, -2.48682945966720581055e-02) (85, 2.93957614898681640625e+00) (86, 1.23290371894836425781e+00) (87, -7.48221203684806823730e-02) (88, -3.30143380165100097656e+00) (89, 8.78830969333648681641e-01) (90, 1.73981559276580810547e+00) (91, -3.46133136749267578125e+00) (92, -4.90848600864410400391e-01) (93, -2.10005331039428710938e+00) (94, 9.71488296985626220703e-01) (95, -7.32663679122924804688e+00) (96, 2.87205719947814941406e+00) (97, 2.56230044364929199219e+00) (98, -2.11050033569335937500e+00) (99, -4.22250151634216308594e-01) (100, 1.77864074707031250000e+00) (101, 3.04811978340148925781e+00) (102, -8.31455612182617187500e+00) (103, 1.23191394805908203125e+01) (104, -7.01384663581848144531e-01) (0, -1.50000000000000000000e+03) (1, 1.50000000000000000000e+03) (2, -1.50000000000000000000e+03) (3, 1.50000000000000000000e+03) (4, -1.49999877929687500000e+03) (5, -1.49972119140625000000e+03) (6, 1.50000000000000000000e+03) (7, 1.50000000000000000000e+03) (8, 1.50000000000000000000e+03) (9, -1.49946618652343750000e+03) (10, 1.50000000000000000000e+03) (11, 1.50000000000000000000e+03) (12, 1.49995410156250000000e+03) (13, 1.50000000000000000000e+03) (14, 1.50000000000000000000e+03) (15, 1.49995629882812500000e+03) (16, 1.50000000000000000000e+03) (17, 1.50000000000000000000e+03) (18, 1.50000000000000000000e+03) (19, -1.48681140136718750000e+03) (20, 1.50000000000000000000e+03) (21, 1.50000000000000000000e+03) (22, 1.50000000000000000000e+03) (23, 1.50000000000000000000e+03) (24, 1.50000000000000000000e+03) (25, 1.50000000000000000000e+03) (26, 1.50000000000000000000e+03) (27, 1.50000000000000000000e+03) (28, 1.50000000000000000000e+03) (29, 1.50000000000000000000e+03) (30, 1.50000000000000000000e+03) (31, 1.50000000000000000000e+03) (32, 1.50000000000000000000e+03) (33, 1.50000000000000000000e+03) (34, 1.49995605468750000000e+03) (35, 1.50000000000000000000e+03) (36, 1.50000000000000000000e+03) (37, 1.50000000000000000000e+03) (38, 1.50000000000000000000e+03) (39, 1.50000000000000000000e+03) (40, 1.50000000000000000000e+03) (41, -1.50000000000000000000e+03) (42, -1.50000000000000000000e+03) (43, -1.49932958984375000000e+03) (44, -1.49957897949218750000e+03) (45, 1.50000000000000000000e+03) (46, 1.44222009277343750000e+03) (47, 1.50000000000000000000e+03) (48, 1.50000000000000000000e+03) (49, 1.49995629882812500000e+03) (50, -1.49936975097656250000e+03) (51, -1.50000000000000000000e+03) (52, -1.50000000000000000000e+03) (53, -1.50000000000000000000e+03) (54, -1.50000000000000000000e+03) (55, 1.49968505859375000000e+03) (56, -1.50000000000000000000e+03) (57, -1.50000000000000000000e+03) (58, -1.50000000000000000000e+03) (59, -1.50000000000000000000e+03) (60, -1.50000000000000000000e+03) (61, -1.49945874023437500000e+03) (62, -1.50000000000000000000e+03) (63, -1.50000000000000000000e+03) (64, -1.50000000000000000000e+03) (65, -1.50000000000000000000e+03) (66, -1.50000000000000000000e+03) (67, 1.50000000000000000000e+03) (68, -1.50000000000000000000e+03) (69, -1.50000000000000000000e+03) (70, -1.50000000000000000000e+03) (71, -1.50000000000000000000e+03) (72, -1.50000000000000000000e+03) (73, -1.49973535156250000000e+03) (74, -1.50000000000000000000e+03) (75, -1.49994567871093750000e+03) (76, -1.50000000000000000000e+03) (77, -1.50000000000000000000e+03) (78, -1.50000000000000000000e+03) (79, -1.50000000000000000000e+03) (80, -1.49689978027343750000e+03) (81, -1.50000000000000000000e+03) (82, -1.50000000000000000000e+03) (83, -1.50000000000000000000e+03) (84, -1.50000000000000000000e+03) (85, -1.49985302734375000000e+03) (86, -1.50000000000000000000e+03) (87, -1.50000000000000000000e+03) (88, -1.50000000000000000000e+03) (89, -1.50000000000000000000e+03) (90, -1.50000000000000000000e+03) (91, -1.50000000000000000000e+03) (92, -1.50000000000000000000e+03) (93, -1.50000000000000000000e+03) (94, -1.50000000000000000000e+03) (95, -1.50000000000000000000e+03) (96, -1.50000000000000000000e+03) (97, -1.50000000000000000000e+03) (98, -1.50000000000000000000e+03) (99, -1.50000000000000000000e+03) (100, -1.50000000000000000000e+03) (101, -1.50000000000000000000e+03) (102, 1.50000000000000000000e+03) (103, -1.50000000000000000000e+03) (104, 8.31409645080566406250e+00) (0, -1.50000000000000000000e+03) (1, 1.50000000000000000000e+03) (2, -1.50000000000000000000e+03) (3, 1.50000000000000000000e+03) (4, -1.49994714355468750000e+03) (5, -1.49955517578125000000e+03) (6, 1.50000000000000000000e+03) (7, 1.50000000000000000000e+03) (8, 1.50000000000000000000e+03) (9, -1.49937121582031250000e+03) (10, 1.50000000000000000000e+03) (11, 1.50000000000000000000e+03) (12, 1.50000000000000000000e+03) (13, 1.50000000000000000000e+03) (14, 1.50000000000000000000e+03) (15, 1.50000000000000000000e+03) (16, 1.50000000000000000000e+03) (17, 1.50000000000000000000e+03) (18, 1.50000000000000000000e+03) (19, -1.45744323730468750000e+03) (20, 1.50000000000000000000e+03) (21, 1.50000000000000000000e+03) (22, 1.50000000000000000000e+03) (23, 1.50000000000000000000e+03) (24, 1.50000000000000000000e+03) (25, 1.50000000000000000000e+03) (26, 1.50000000000000000000e+03) (27, 1.50000000000000000000e+03) (28, 1.50000000000000000000e+03) (29, 1.50000000000000000000e+03) (30, 1.50000000000000000000e+03) (31, 1.50000000000000000000e+03) (32, 1.50000000000000000000e+03) (33, 1.50000000000000000000e+03) (34, 1.50000000000000000000e+03) (35, 1.50000000000000000000e+03) (36, 1.50000000000000000000e+03) (37, 1.50000000000000000000e+03) (38, 1.50000000000000000000e+03) (39, 1.50000000000000000000e+03) (40, 1.50000000000000000000e+03) (41, -1.50000000000000000000e+03) (42, -1.50000000000000000000e+03) (43, -1.49911022949218750000e+03) (44, -1.49953039550781250000e+03) (45, 1.50000000000000000000e+03) (46, 1.44171582031250000000e+03) (47, 1.50000000000000000000e+03) (48, 1.50000000000000000000e+03) (49, 1.50000000000000000000e+03) (50, -1.49898254394531250000e+03) (51, -1.50000000000000000000e+03) (52, -1.49971411132812500000e+03) (53, -1.50000000000000000000e+03) (54, -1.50000000000000000000e+03) (55, 1.49981066894531250000e+03) (56, -1.49978796386718750000e+03) (57, -1.50000000000000000000e+03) (58, -1.50000000000000000000e+03) (59, -1.50000000000000000000e+03) (60, -1.50000000000000000000e+03) (61, -1.49979089355468750000e+03) (62, -1.50000000000000000000e+03) (63, -1.50000000000000000000e+03) (64, -1.49985522460937500000e+03) (65, -1.50000000000000000000e+03) (66, -1.50000000000000000000e+03) (67, 1.50000000000000000000e+03) (68, -1.50000000000000000000e+03) (69, -1.50000000000000000000e+03) (70, -1.50000000000000000000e+03) (71, -1.50000000000000000000e+03) (72, -1.50000000000000000000e+03) (73, -1.49973535156250000000e+03) (74, -1.50000000000000000000e+03) (75, -1.49985632324218750000e+03) (76, -1.50000000000000000000e+03) (77, -1.50000000000000000000e+03) (78, -1.50000000000000000000e+03) (79, -1.50000000000000000000e+03) (80, -1.49894030761718750000e+03) (81, -1.50000000000000000000e+03) (82, -1.50000000000000000000e+03) (83, -1.50000000000000000000e+03) (84, -1.50000000000000000000e+03) (85, -1.49975280761718750000e+03) (86, -1.50000000000000000000e+03) (87, -1.50000000000000000000e+03) (88, -1.50000000000000000000e+03) (89, -1.50000000000000000000e+03) (90, -1.50000000000000000000e+03) (91, -1.50000000000000000000e+03) (92, -1.50000000000000000000e+03) (93, -1.50000000000000000000e+03) (94, -1.50000000000000000000e+03) (95, -1.50000000000000000000e+03) (96, -1.50000000000000000000e+03) (97, -1.50000000000000000000e+03) (98, -1.50000000000000000000e+03) (99, -1.50000000000000000000e+03) (100, -1.50000000000000000000e+03) (101, -1.50000000000000000000e+03) (102, 1.50000000000000000000e+03) (103, -1.50000000000000000000e+03) (104, 7.13115501403808593750e+00) (0, -3.30549850463867187500e+01) (1, 4.43721008300781250000e+00) (2, -2.43611965179443359375e+01) (3, 9.20445632934570312500e+00) (4, 2.03504276275634765625e+00) (5, -1.01079587936401367188e+01) (6, 2.18794465065002441406e+00) (7, 1.76364615559577941895e-01) (8, -1.84181137084960937500e+01) (9, 1.04478669166564941406e+00) (10, 2.91823768615722656250e+00) (11, 8.04194390773773193359e-01) (12, 8.06710815429687500000e+00) (13, 6.80255794525146484375e+00) (14, 9.44789409637451171875e-01) (15, 1.25796651840209960938e+00) (16, -2.22871690988540649414e-01) (17, 7.18813300132751464844e-01) (18, -6.17551565170288085938e-01) (19, 3.57652939856052398682e-02) (20, 6.52708959579467773438e+00) (21, 3.53486943244934082031e+00) (22, 2.66347312927246093750e+00) (23, -3.85663676261901855469e+00) (24, 6.78808975219726562500e+00) (25, 2.80534887313842773438e+00) (26, 6.28675937652587890625e-01) (27, 5.57463741302490234375e+00) (28, 3.63119769096374511719e+00) (29, 8.30844819545745849609e-01) (30, -1.57508707046508789062e+00) (31, 1.32175981998443603516e+00) (32, 1.77304732799530029297e+00) (33, -3.27168369293212890625e+00) (34, -9.54062747955322265625e+00) (35, -9.29159820079803466797e-01) (36, 9.49094057083129882812e-01) (37, 1.92047190666198730469e+00) (38, 7.46063756942749023438e+00) (39, 6.34750509262084960938e+00) (40, 6.62128686904907226562e+00) (41, -1.40451347827911376953e+00) (42, 4.58310699462890625000e+00) (43, 2.12248945236206054688e+00) (44, -7.34762001037597656250e+00) (45, 6.66453778743743896484e-01) (46, 5.91251564025878906250e+00) (47, 2.70158481597900390625e+00) (48, -2.82289934158325195312e+00) (49, -2.21564412117004394531e+00) (50, -6.79981172084808349609e-01) (51, -4.65142631530761718750e+00) (52, 1.00929319858551025391e+00) (53, 1.48127424716949462891e+00) (54, -3.87391781806945800781e+00) (55, -1.63791823387145996094e+00) (56, -7.09123685956001281738e-02) (57, 1.99365270137786865234e+00) (58, -4.29730319976806640625e+00) (59, 6.48337364196777343750e+00) (60, -3.72928500175476074219e+00) (61, 8.07145595550537109375e-01) (62, 3.62879008054733276367e-01) (63, -3.11512887477874755859e-01) (64, -7.32657241821289062500e+00) (65, 4.38260459899902343750e+00) (66, -1.01676263809204101562e+01) (67, 4.83994340896606445312e+00) (68, -6.03033018112182617188e+00) (69, 4.96207427978515625000e+00) (70, 4.54065561294555664062e+00) (71, 2.72776663303375244141e-01) (72, 3.17979121208190917969e+00) (73, -4.60240077972412109375e+00) (74, 5.07190895080566406250e+00) (75, 1.33137197494506835938e+01) (76, 1.10455608367919921875e+01) (77, 9.72396194934844970703e-01) (78, -8.85109043121337890625e+00) (79, -4.15598487854003906250e+00) (80, -6.72392940521240234375e+00) (81, 5.12217855453491210938e+00) (82, -1.82400012016296386719e+00) (83, -3.83019137382507324219e+00) (84, 5.21229624748229980469e-01) (85, 1.07584512233734130859e+00) (86, 3.78088504076004028320e-02) (87, 7.93673086166381835938e+00) (88, 7.32730627059936523438e+00) (89, 2.88493537902832031250e+00) (90, -1.53674590587615966797e+00) (91, -3.22521042823791503906e+00) (92, 6.65138006210327148438e+00) (93, 2.23375129699707031250e+00) (94, 2.25733613967895507812e+00) (95, 5.88641834259033203125e+00) (96, 4.16851472854614257812e+00) (97, -1.26312589645385742188e+00) (98, 6.82454824447631835938e+00) (99, 1.77591109275817871094e+00) (100, -5.89383244514465332031e-01) (101, 3.38483047485351562500e+00) (102, -9.62969970703125000000e+00) (103, 1.43381586074829101562e+01) (104, -6.98673069477081298828e-01) (0, -4.76514587402343750000e+02) (1, 4.93318901062011718750e+01) (2, -3.90977249145507812500e+01) (3, 8.61464157104492187500e+01) (4, 1.38659608364105224609e+00) (5, -4.93551445007324218750e+00) (6, 1.01093282699584960938e+01) (7, 1.25671691894531250000e+01) (8, 4.41191101074218750000e+01) (9, -8.62160027027130126953e-01) (10, 1.79649448394775390625e+01) (11, -1.35275678634643554688e+01) (12, -1.77613563537597656250e+01) (13, 1.52641658782958984375e+01) (14, 1.60458159446716308594e+00) (15, 2.56370487213134765625e+01) (16, 3.40112781524658203125e+00) (17, 2.95435142517089843750e+00) (18, 5.81165199279785156250e+01) (19, 6.78526115417480468750e+00) (20, 7.30098485946655273438e-01) (21, 7.23893547058105468750e+00) (22, 9.91304206848144531250e+00) (23, -3.46149951219558715820e-01) (24, 4.20411616563796997070e-01) (25, -2.18869996070861816406e+00) (26, 2.50097894668579101562e+00) (27, 6.22352714538574218750e+01) (28, 1.36069726943969726562e+00) (29, -4.09652280807495117188e+00) (30, 7.15180349349975585938e+00) (31, -4.82242774963378906250e+00) (32, 4.60105514526367187500e+00) (33, -2.24290060997009277344e+00) (34, -3.15547904968261718750e+01) (35, 1.54393415451049804688e+01) (36, 1.23312616348266601562e+01) (37, 1.50427818298339843750e+01) (38, 2.31039791107177734375e+01) (39, 4.65426406860351562500e+01) (40, 2.74507617950439453125e+01) (41, -2.31672954559326171875e+01) (42, 1.23435878753662109375e+00) (43, -4.33073967695236206055e-01) (44, -9.62373352050781250000e+00) (45, 1.09176826477050781250e+01) (46, 1.19618976116180419922e+00) (47, 4.29368352890014648438e+00) (48, -1.87009975314140319824e-01) (49, 5.05817413330078125000e-01) (50, 7.01826810836791992188e-01) (51, -9.12951374053955078125e+00) (52, 1.62474613189697265625e+01) (53, 9.10005509853363037109e-01) (54, 5.87573409080505371094e-01) (55, 2.99926700592041015625e+01) (56, 2.37591505050659179688e+00) (57, 3.45890253782272338867e-01) (58, 1.52711892127990722656e+00) (59, 4.11426258087158203125e+00) (60, -1.14327440261840820312e+01) (61, 1.58719372749328613281e+00) (62, 9.96099889278411865234e-01) (63, -1.94327637553215026855e-01) (64, 3.78134584426879882812e+00) (65, 2.20733618736267089844e+00) (66, 1.11459493637084960938e+00) (67, 4.17842025756835937500e+01) (68, -3.78747677803039550781e+00) (69, 4.54570055007934570312e+00) (70, 3.17558264732360839844e+00) (71, 1.13207406997680664062e+01) (72, 4.02082824707031250000e+00) (73, 2.62090282440185546875e+01) (74, 5.89533329010009765625e+00) (75, 7.70294761657714843750e+00) (76, 8.93927669525146484375e+00) (77, 2.55606198310852050781e+00) (78, 3.54011729359626770020e-02) (79, 1.69258093833923339844e+00) (80, 1.84203231334686279297e+00) (81, 6.61422610282897949219e-01) (82, -3.54041290283203125000e+00) (83, -4.68865728378295898438e+00) (84, 1.05796492099761962891e+00) (85, 4.02125978469848632812e+00) (86, 1.70635640621185302734e+00) (87, 2.08802175521850585938e+00) (88, -4.47821807861328125000e+00) (89, 1.12147407531738281250e+01) (90, -2.95187425613403320312e+00) (91, -3.50081652402877807617e-01) (92, 1.16502466201782226562e+01) (93, 3.54941630363464355469e+00) (94, 1.88734102249145507812e+00) (95, 1.05197954177856445312e+01) (96, 3.68285870552062988281e+00) (97, 3.47266769409179687500e+01) (98, 4.00538673400878906250e+01) (99, 3.57414984703063964844e+00) (100, 1.48552858829498291016e+00) (101, 4.20320396423339843750e+01) (102, -5.75792007446289062500e+01) (103, 8.18404541015625000000e+01) (104, -1.80012333393096923828e+00) (0, 9.34374809265136718750e+00) (1, -2.27617406845092773438e+00) (2, 2.36801609396934509277e-01) (3, 1.85776337981224060059e-01) (4, -2.07682991027832031250e+00) (5, 1.53385186195373535156e+00) (6, 6.23274385929107666016e-01) (7, 1.00507092475891113281e+00) (8, 6.85227274894714355469e-01) (9, -3.79700511693954467773e-02) (10, 2.23829960823059082031e+00) (11, 1.74941456317901611328e+00) (12, 3.85577726364135742188e+00) (13, -1.01637840270996093750e+00) (14, -1.70070445537567138672e+00) (15, 2.84366011619567871094e+00) (16, 8.90539824962615966797e-01) (17, -7.45105862617492675781e-01) (18, 1.63966560363769531250e+00) (19, -1.07787060737609863281e+00) (20, 1.22289466857910156250e+00) (21, 2.55802392959594726562e+00) (22, -4.92296361923217773438e+00) (23, 9.47001159191131591797e-01) (24, -2.24141573905944824219e+00) (25, 4.85794496536254882812e+00) (26, -7.33794152736663818359e-01) (27, 3.66654562950134277344e+00) (28, -2.21679687500000000000e+00) (29, 3.95785260200500488281e+00) (30, 1.57787919044494628906e-01) (31, 1.34244728088378906250e+00) (32, 3.25995469093322753906e+00) (33, -7.73575901985168457031e-01) (34, 3.44457589089870452881e-02) (35, 1.18160992860794067383e-01) (36, -1.12195611000061035156e+00) (37, -9.85513865947723388672e-01) (38, 3.88376998901367187500e+00) (39, 8.42908322811126708984e-01) (40, -3.49140357971191406250e+00) (41, -3.40615701675415039062e+00) (42, -8.71854126453399658203e-01) (43, -1.10125837326049804688e+01) (44, -2.90303885936737060547e-01) (45, -8.39952468872070312500e-01) (46, -4.06751483678817749023e-01) (47, 3.92113637924194335938e+00) (48, 9.54013645648956298828e-01) (49, -8.31803679466247558594e-01) (50, 1.90376833081245422363e-01) (51, -3.56195092201232910156e+00) (52, 2.49289393424987792969e+00) (53, 1.21459579467773437500e+00) (54, 4.91416186094284057617e-01) (55, 3.54129385948181152344e+00) (56, -1.20219910144805908203e+00) (57, 4.76625710725784301758e-01) (58, -3.76925611495971679688e+00) (59, 5.81523656845092773438e-01) (60, -1.03614580631256103516e+00) (61, 1.50874757766723632812e+00) (62, -2.31673765182495117188e+00) (63, 2.18600916862487792969e+00) (64, 1.03544533252716064453e+00) (65, -2.94831395149230957031e-01) (66, 1.06803703308105468750e+00) (67, -5.23702204227447509766e-01) (68, 1.31599009037017822266e+00) (69, 2.29593753814697265625e+00) (70, -3.51883083581924438477e-01) (71, -8.07314097881317138672e-01) (72, 2.14710330963134765625e+00) (73, -2.22121524810791015625e+00) (74, 1.86646711826324462891e+00) (75, -3.02299618721008300781e-01) (76, 2.84724950790405273438e-01) (77, 2.19644308090209960938e+00) (78, 2.12266898155212402344e+00) (79, 1.86508551239967346191e-01) (80, -5.36083690822124481201e-02) (81, 3.58379960060119628906e-01) (82, -1.01274967193603515625e-01) (83, -3.87098431587219238281e-01) (84, -4.75557178258895874023e-01) (85, -6.21126651763916015625e-01) (86, 4.41926211118698120117e-01) (87, -9.63576659560203552246e-02) (88, -2.33509778976440429688e-01) (89, -1.86029469966888427734e+00) (90, -4.75057333707809448242e-01) (91, -3.77453923225402832031e-01) (92, -3.22117924690246582031e-01) (93, -5.03602586686611175537e-02) (94, -5.11400341987609863281e-01) (95, -6.98235630989074707031e-01) (96, 1.54669797047972679138e-02) (97, -4.16320264339447021484e-01) (98, -6.72962188720703125000e-01) (99, -5.18776655197143554688e-01) (100, -3.18275183439254760742e-01) (101, -3.29374819993972778320e-01) (102, 1.50000000000000000000e+03) (103, -1.50000000000000000000e+03) (104, 1.89639413356781005859e+00) (0, 2.38845777511596679688e+00) (1, -1.20594777166843414307e-01) (2, -6.80539417266845703125e+00) (3, -6.86041402816772460938e+00) (4, 2.91039466857910156250e+00) (5, -5.82945203781127929688e+00) (6, 7.32861661911010742188e+00) (7, 5.35797119140625000000e+00) (8, 6.92346668243408203125e+00) (9, 6.48072957992553710938e+00) (10, 9.70248401165008544922e-01) (11, 5.37552690505981445312e+00) (12, -1.09508872032165527344e+00) (13, 5.10295510292053222656e-01) (14, 1.70807247161865234375e+01) (15, -2.78765559196472167969e-01) (16, 3.10833621025085449219e+00) (17, 6.04164695739746093750e+00) (18, -8.02379322052001953125e+00) (19, -1.28907656669616699219e+00) (20, 7.99872207641601562500e+00) (21, 3.44536323547363281250e+01) (22, -2.08587074279785156250e+00) (23, -7.78228569030761718750e+00) (24, 3.55634379386901855469e+00) (25, 6.64423513412475585938e+00) (26, 3.23599457740783691406e+00) (27, 3.04911851882934570312e+00) (28, -3.54441809654235839844e+00) (29, 3.29347324371337890625e+00) (30, 1.44217920303344726562e+00) (31, -3.70694428682327270508e-01) (32, 4.92374563217163085938e+00) (33, -2.89826178550720214844e+00) (34, -5.76226139068603515625e+00) (35, -2.61289620399475097656e+00) (36, 2.07141324877738952637e-01) (37, -1.25671017169952392578e+00) (38, 3.87692451477050781250e+00) (39, 3.33208799362182617188e+00) (40, 1.19829666614532470703e+00) (41, 5.18664598464965820312e+00) (42, 2.05793237686157226562e+00) (43, -3.06069827079772949219e+00) (44, -2.67919278144836425781e+00) (45, 7.99145042896270751953e-01) (46, 5.86322009563446044922e-01) (47, -3.42770919799804687500e+01) (48, 2.38416925072669982910e-01) (49, 4.15608346462249755859e-01) (50, -3.60097050666809082031e-01) (51, -3.89444977045059204102e-01) (52, 3.00549983978271484375e+00) (53, 5.57606077194213867188e+00) (54, -4.19815540313720703125e+00) (55, 7.01726019382476806641e-01) (56, -3.80679339170455932617e-01) (57, -3.64527654647827148438e+00) (58, 9.06488323211669921875e+00) (59, 2.81803536415100097656e+00) (60, 1.23944187164306640625e+00) (61, -1.41785125732421875000e+01) (62, 1.85767686367034912109e+00) (63, 9.58788096904754638672e-01) (64, -2.17596268653869628906e+00) (65, 3.26772713661193847656e+00) (66, -3.02472233772277832031e+00) (67, 1.84049892425537109375e+00) (68, -5.41750252246856689453e-01) (69, 1.29741621017456054688e+00) (70, -2.88999378681182861328e-01) (71, 8.04004907608032226562e-01) (72, 5.77381968498229980469e-01) (73, 1.68877363204956054688e+00) (74, 5.47311115264892578125e+00) (75, -3.89024472236633300781e+00) (76, 4.30847942829132080078e-01) (77, 1.69784414768218994141e+00) (78, 4.17926406860351562500e+00) (79, 3.06061053276062011719e+00) (80, -8.02802467346191406250e+00) (81, 3.07417678833007812500e+00) (82, 3.65542340278625488281e+00) (83, 1.11024808883666992188e+00) (84, -2.80571532249450683594e+00) (85, 3.54858088493347167969e+00) (86, 8.22644293308258056641e-01) (87, 9.80781376361846923828e-01) (88, -5.01536607742309570312e-01) (89, -6.63088083267211914062e-01) (90, -8.17975997924804687500e-01) (91, -5.08181285858154296875e+00) (92, 1.06685400009155273438e+00) (93, -3.70088517665863037109e-01) (94, 1.05576682090759277344e+00) (95, -8.08106362819671630859e-01) (96, 5.69851922988891601562e+00) (97, -2.23793244361877441406e+00) (98, -5.96181440353393554688e+00) (99, -1.28907993435859680176e-01) (100, 7.73264646530151367188e-01) (101, 1.31443178653717041016e+00) (102, -2.21407222747802734375e+01) (103, 3.50043563842773437500e+01) (104, -5.44035553932189941406e-01) (0, 1.50000000000000000000e+03) (1, -1.50000000000000000000e+03) (2, 1.50000000000000000000e+03) (3, -1.50000000000000000000e+03) (4, 1.50000000000000000000e+03) (5, 1.49995690917968750000e+03) (6, -1.49987988281250000000e+03) (7, -1.50000000000000000000e+03) (8, -1.50000000000000000000e+03) (9, 1.49985363769531250000e+03) (10, -1.50000000000000000000e+03) (11, -1.50000000000000000000e+03) (12, -1.49436474609375000000e+03) (13, -1.50000000000000000000e+03) (14, -1.50000000000000000000e+03) (15, -1.50000000000000000000e+03) (16, -1.50000000000000000000e+03) (17, -1.50000000000000000000e+03) (18, -1.50000000000000000000e+03) (19, 1.49527136230468750000e+03) (20, -1.50000000000000000000e+03) (21, -1.50000000000000000000e+03) (22, -1.50000000000000000000e+03) (23, -1.50000000000000000000e+03) (24, -1.50000000000000000000e+03) (25, -1.50000000000000000000e+03) (26, -1.50000000000000000000e+03) (27, -1.50000000000000000000e+03) (28, -1.50000000000000000000e+03) (29, -1.50000000000000000000e+03) (30, -1.50000000000000000000e+03) (31, -1.50000000000000000000e+03) (32, -1.49202978515625000000e+03) (33, -1.50000000000000000000e+03) (34, -1.50000000000000000000e+03) (35, -1.50000000000000000000e+03) (36, -1.50000000000000000000e+03) (37, -1.50000000000000000000e+03) (38, -1.50000000000000000000e+03) (39, -1.50000000000000000000e+03) (40, -1.50000000000000000000e+03) (41, 1.50000000000000000000e+03) (42, 1.50000000000000000000e+03) (43, 1.49983935546875000000e+03) (44, 1.49995959472656250000e+03) (45, -1.47500000000000000000e+03) (46, -1.45969360351562500000e+03) (47, -1.50000000000000000000e+03) (48, -1.49999987792968750000e+03) (49, -1.50000000000000000000e+03) (50, 1.50000000000000000000e+03) (51, 1.50000000000000000000e+03) (52, 1.50000000000000000000e+03) (53, 1.50000000000000000000e+03) (54, 1.50000000000000000000e+03) (55, -1.49934484863281250000e+03) (56, 1.50000000000000000000e+03) (57, 1.50000000000000000000e+03) (58, 1.50000000000000000000e+03) (59, 1.50000000000000000000e+03) (60, 1.50000000000000000000e+03) (61, 1.50000000000000000000e+03) (62, 1.50000000000000000000e+03) (63, 1.50000000000000000000e+03) (64, 1.50000000000000000000e+03) (65, 1.50000000000000000000e+03) (66, 1.50000000000000000000e+03) (67, -1.50000000000000000000e+03) (68, 1.50000000000000000000e+03) (69, 1.50000000000000000000e+03) (70, 1.50000000000000000000e+03) (71, 1.50000000000000000000e+03) (72, 1.50000000000000000000e+03) (73, 1.49984509277343750000e+03) (74, 1.50000000000000000000e+03) (75, 1.50000000000000000000e+03) (76, 1.50000000000000000000e+03) (77, 1.50000000000000000000e+03) (78, 1.50000000000000000000e+03) (79, 1.50000000000000000000e+03) (80, 1.50000000000000000000e+03) (81, 1.50000000000000000000e+03) (82, 1.50000000000000000000e+03) (83, 1.50000000000000000000e+03) (84, 1.50000000000000000000e+03) (85, 1.50000000000000000000e+03) (86, 1.50000000000000000000e+03) (87, 1.50000000000000000000e+03) (88, 1.50000000000000000000e+03) (89, 1.50000000000000000000e+03) (90, 1.50000000000000000000e+03) (91, 1.50000000000000000000e+03) (92, 1.50000000000000000000e+03) (93, 1.50000000000000000000e+03) (94, 1.50000000000000000000e+03) (95, 1.50000000000000000000e+03) (96, 1.50000000000000000000e+03) (97, 1.50000000000000000000e+03) (98, 1.50000000000000000000e+03) (99, 1.50000000000000000000e+03) (100, 1.50000000000000000000e+03) (101, 1.50000000000000000000e+03) (102, -1.50000000000000000000e+03) (103, 1.50000000000000000000e+03) (104, -8.71902561187744140625e+00) (0, 1.70947313308715820312e+00) (1, -1.31530153751373291016e+00) (2, 6.29444718360900878906e-01) (3, -2.24773859977722167969e+00) (4, 1.29917562007904052734e-01) (5, -8.83860826492309570312e-01) (6, 2.82556843012571334839e-02) (7, 2.12664651870727539062e+00) (8, -1.58323931694030761719e+00) (9, 3.29829168319702148438e+00) (10, 1.83078205585479736328e+00) (11, -2.41871476173400878906e+00) (12, 2.40095591545104980469e+00) (13, -8.85395050048828125000e-01) (14, 4.66111809015274047852e-01) (15, 1.66334748268127441406e+00) (16, -4.26301240921020507812e-01) (17, 4.68845963478088378906e-01) (18, 1.26672673225402832031e+00) (19, 3.51896142959594726562e+00) (20, -2.73123240470886230469e+00) (21, 2.84036469459533691406e+00) (22, 5.16448140144348144531e-01) (23, 1.58701574802398681641e+00) (24, 6.99081361293792724609e-01) (25, -9.83180999755859375000e-02) (26, -8.18439662456512451172e-01) (27, -2.55282640457153320312e-01) (28, 2.97043728828430175781e+00) (29, 2.56630569696426391602e-01) (30, -5.90124214068055152893e-03) (31, -4.19994354248046875000e+00) (32, -7.30849564075469970703e-01) (33, 1.66355633735656738281e+00) (34, -1.84949290752410888672e+00) (35, -1.52478146553039550781e+00) (36, 5.15443027019500732422e-01) (37, 4.77354019880294799805e-01) (38, -1.26920104026794433594e+00) (39, 7.82985091209411621094e-01) (40, -1.71248233318328857422e+00) (41, 4.48850822448730468750e+00) (42, 3.45724463462829589844e-01) (43, 7.54619216918945312500e+00) (44, 9.97921153903007507324e-02) (45, 2.24224162101745605469e+00) (46, -2.59040856361389160156e+00) (47, 6.45327043533325195312e+00) (48, -4.75811183452606201172e-01) (49, 1.15312635898590087891e+00) (50, -1.09875071048736572266e+00) (51, 5.36051034927368164062e+00) (52, 5.27607583999633789062e+00) (53, -1.39937564730644226074e-01) (54, 3.17281454801559448242e-01) (55, -2.51730465888977050781e+00) (56, 2.13327065110206604004e-01) (57, -5.54101049900054931641e-01) (58, -5.06437122821807861328e-02) (59, 4.85175102949142456055e-01) (60, -2.97140568494796752930e-01) (61, -9.14857447147369384766e-01) (62, 2.11753654479980468750e+00) (63, 6.89193531870841979980e-02) (64, 7.83377945423126220703e-01) (65, -1.94669738411903381348e-01) (66, 1.70571160316467285156e+00) (67, -1.12156665325164794922e+00) (68, 2.84362864494323730469e+00) (69, -4.22086954116821289062e+00) (70, -4.22447025775909423828e-01) (71, 1.75399565696716308594e+00) (72, -1.33845031261444091797e-01) (73, 1.53222274780273437500e+00) (74, -4.92539316415786743164e-01) (75, -2.58271217346191406250e+00) (76, 3.12485194206237792969e+00) (77, -1.00260412693023681641e+00) (78, -9.15028274059295654297e-01) (79, -2.94117879867553710938e+00) (80, 1.32230706512928009033e-02) (81, 7.11131393909454345703e-01) (82, 6.90952390432357788086e-02) (83, -3.87600517272949218750e+00) (84, -7.61901319026947021484e-01) (85, 1.95296013355255126953e+00) (86, -7.98839256167411804199e-02) (87, 2.65281391143798828125e+00) (88, -2.70222473144531250000e+00) (89, -1.08757078647613525391e+00) (90, -1.35854995250701904297e+00) (91, -2.19082975387573242188e+00) (92, 1.67955428361892700195e-01) (93, -1.28785860538482666016e+00) (94, 3.03993314504623413086e-01) (95, -9.64784979820251464844e-01) (96, 3.22347450256347656250e+00) (97, -1.61982357501983642578e+00) (98, -2.58957648277282714844e+00) (99, 1.54823601245880126953e+00) (100, 2.73483276367187500000e-01) (101, 6.65854334831237792969e-01) (102, -1.00621709823608398438e+01) (103, 1.60044155120849609375e+01) (104, -1.98253726959228515625e+00) (0, 5.05026960372924804688e+00) (1, 3.32335710525512695312e-01) (2, 7.47453546524047851562e+00) (3, 6.66422319412231445312e+00) (4, 1.44605362415313720703e+00) (5, -6.81062030792236328125e+00) (6, 1.55512752532958984375e+01) (7, 1.45093286037445068359e+00) (8, -4.93913173675537109375e+00) (9, -9.04320812225341796875e+00) (10, 6.03145647048950195312e+00) (11, 5.57144975662231445312e+00) (12, -6.58005523681640625000e+00) (13, 4.46911048889160156250e+00) (14, -7.56695866584777832031e-01) (15, -4.10909795761108398438e+00) (16, 1.49475364685058593750e+01) (17, -5.56064987182617187500e+00) (18, -1.61406326293945312500e+01) (19, 1.11773366928100585938e+01) (20, 4.39012050628662109375e+00) (21, 1.51050033569335937500e+01) (22, 4.07406997680664062500e+00) (23, 3.13705134391784667969e+00) (24, -4.75504446029663085938e+00) (25, -1.00211787223815917969e+00) (26, 1.14797229766845703125e+01) (27, 1.08800153732299804688e+01) (28, 7.17552995681762695312e+00) (29, 9.15785408020019531250e+00) (30, 1.71310052275657653809e-01) (31, 4.62055772542953491211e-01) (32, 1.74406852722167968750e+01) (33, 1.40564501285552978516e+00) (34, -1.21537551879882812500e+01) (35, 9.31722545623779296875e+00) (36, 1.72681105136871337891e+00) (37, -4.92554521560668945312e+00) (38, 2.87382125854492187500e+00) (39, 5.78624820709228515625e+00) (40, 9.81811332702636718750e+00) (41, 3.16635727882385253906e-01) (42, 8.45470333099365234375e+00) (43, -7.97999000549316406250e+00) (44, 4.42259550094604492188e+00) (45, -3.93493175506591796875e+00) (46, -3.19755697250366210938e+00) (47, -2.40618705749511718750e+01) (48, -9.11165550351142883301e-02) (49, 1.39983737468719482422e+00) (50, -6.38454532623291015625e+00) (51, 3.53917479515075683594e+00) (52, -4.51736068725585937500e+00) (53, -2.29522848129272460938e+00) (54, 5.07460069656372070312e+00) (55, 4.41311311721801757812e+00) (56, 1.02588481903076171875e+01) (57, -7.00204992294311523438e+00) (58, -6.69834136962890625000e+00) (59, 8.79574835300445556641e-01) (60, -1.95600914955139160156e+00) (61, 3.48060154914855957031e+00) (62, 1.23233327865600585938e+01) (63, -3.62196421623229980469e+00) (64, 5.45650124549865722656e-01) (65, 8.83040547370910644531e-01) (66, -2.73182272911071777344e+00) (67, -3.45942687988281250000e+00) (68, -3.42671322822570800781e+00) (69, 2.03609442710876464844e+00) (70, 2.11834478378295898438e+00) (71, 2.77699375152587890625e+00) (72, -4.90356922149658203125e+00) (73, 4.88679790496826171875e+00) (74, 2.11200408935546875000e+01) (75, 3.17718601226806640625e+00) (76, 5.21349811553955078125e+00) (77, 3.76628613471984863281e+00) (78, -4.52501010894775390625e+00) (79, -7.04650878906250000000e-01) (80, 3.29635329544544219971e-02) (81, -4.67736572027206420898e-01) (82, -1.16261613368988037109e+00) (83, -1.25158052444458007812e+01) (84, -7.89057970046997070312e+00) (85, -2.44903460144996643066e-01) (86, -3.33740472793579101562e-01) (87, 2.55566984415054321289e-01) (88, -8.24232769012451171875e+00) (89, -8.57929325103759765625e+00) (90, -1.88025009632110595703e+00) (91, -2.12643289566040039062e+00) (92, -3.71275931596755981445e-01) (93, -5.35162448883056640625e-01) (94, -3.92772197723388671875e-01) (95, -1.92593526840209960938e+00) (96, 8.46580314636230468750e+00) (97, -1.53309094905853271484e+00) (98, -6.64095401763916015625e+00) (99, -2.59802079200744628906e+00) (100, -5.08876740932464599609e-01) (101, 4.96321171522140502930e-02) (102, 1.50000000000000000000e+03) (103, -1.50000000000000000000e+03) (104, 1.15854525566101074219e+00) (0, -1.50000000000000000000e+03) (1, 1.50000000000000000000e+03) (2, -1.50000000000000000000e+03) (3, 1.50000000000000000000e+03) (4, -1.49994689941406250000e+03) (5, -1.49955493164062500000e+03) (6, 1.50000000000000000000e+03) (7, 1.50000000000000000000e+03) (8, 1.50000000000000000000e+03) (9, -1.49937377929687500000e+03) (10, 1.50000000000000000000e+03) (11, 1.50000000000000000000e+03) (12, 1.50000000000000000000e+03) (13, 1.50000000000000000000e+03) (14, 1.50000000000000000000e+03) (15, 1.50000000000000000000e+03) (16, 1.50000000000000000000e+03) (17, 1.50000000000000000000e+03) (18, 1.50000000000000000000e+03) (19, -1.45703320312500000000e+03) (20, 1.50000000000000000000e+03) (21, 1.50000000000000000000e+03) (22, 1.50000000000000000000e+03) (23, 1.50000000000000000000e+03) (24, 1.50000000000000000000e+03) (25, 1.50000000000000000000e+03) (26, 1.50000000000000000000e+03) (27, 1.50000000000000000000e+03) (28, 1.50000000000000000000e+03) (29, 1.50000000000000000000e+03) (30, 1.50000000000000000000e+03) (31, 1.50000000000000000000e+03) (32, 1.50000000000000000000e+03) (33, 1.50000000000000000000e+03) (34, 1.50000000000000000000e+03) (35, 1.50000000000000000000e+03) (36, 1.50000000000000000000e+03) (37, 1.50000000000000000000e+03) (38, 1.50000000000000000000e+03) (39, 1.50000000000000000000e+03) (40, 1.50000000000000000000e+03) (41, -1.50000000000000000000e+03) (42, -1.50000000000000000000e+03) (43, -1.49923828125000000000e+03) (44, -1.49953198242187500000e+03) (45, 1.50000000000000000000e+03) (46, 1.44171606445312500000e+03) (47, 1.50000000000000000000e+03) (48, 1.50000000000000000000e+03) (49, 1.50000000000000000000e+03) (50, -1.49898242187500000000e+03) (51, -1.50000000000000000000e+03) (52, -1.49986157226562500000e+03) (53, -1.50000000000000000000e+03) (54, -1.50000000000000000000e+03) (55, 1.49980993652343750000e+03) (56, -1.49977697753906250000e+03) (57, -1.50000000000000000000e+03) (58, -1.50000000000000000000e+03) (59, -1.50000000000000000000e+03) (60, -1.50000000000000000000e+03) (61, -1.49965893554687500000e+03) (62, -1.50000000000000000000e+03) (63, -1.50000000000000000000e+03) (64, -1.49985522460937500000e+03) (65, -1.50000000000000000000e+03) (66, -1.50000000000000000000e+03) (67, 1.50000000000000000000e+03) (68, -1.50000000000000000000e+03) (69, -1.50000000000000000000e+03) (70, -1.50000000000000000000e+03) (71, -1.50000000000000000000e+03) (72, -1.50000000000000000000e+03) (73, -1.49973535156250000000e+03) (74, -1.50000000000000000000e+03) (75, -1.49985668945312500000e+03) (76, -1.50000000000000000000e+03) (77, -1.50000000000000000000e+03) (78, -1.50000000000000000000e+03) (79, -1.50000000000000000000e+03) (80, -1.49871618652343750000e+03) (81, -1.50000000000000000000e+03) (82, -1.50000000000000000000e+03) (83, -1.50000000000000000000e+03) (84, -1.50000000000000000000e+03) (85, -1.49977624511718750000e+03) (86, -1.50000000000000000000e+03) (87, -1.50000000000000000000e+03) (88, -1.50000000000000000000e+03) (89, -1.50000000000000000000e+03) (90, -1.50000000000000000000e+03) (91, -1.50000000000000000000e+03) (92, -1.50000000000000000000e+03) (93, -1.50000000000000000000e+03) (94, -1.50000000000000000000e+03) (95, -1.50000000000000000000e+03) (96, -1.50000000000000000000e+03) (97, -1.50000000000000000000e+03) (98, -1.50000000000000000000e+03) (99, -1.50000000000000000000e+03) (100, -1.50000000000000000000e+03) (101, -1.50000000000000000000e+03) (102, 1.50000000000000000000e+03) (103, -1.50000000000000000000e+03) (104, 7.32356309890747070312e+00) (0, -2.32032194733619689941e-01) (1, 1.99573338031768798828e+00) (2, -6.91927447915077209473e-02) (3, -1.58503258228302001953e+00) (4, 2.28040504455566406250e+00) (5, -1.07875645160675048828e+00) (6, -2.16713711619377136230e-01) (7, 1.74665018916130065918e-01) (8, -1.28707933425903320312e+00) (9, -1.15233111381530761719e+00) (10, 2.42274448275566101074e-01) (11, 1.37343704700469970703e+00) (12, 1.70128095149993896484e+00) (13, 5.18080091476440429688e+00) (14, 2.16779613494873046875e+00) (15, 2.47802019119262695312e+00) (16, 1.24726140499114990234e+00) (17, -1.47307085990905761719e+00) (18, -1.38916385173797607422e+00) (19, -2.57815659046173095703e-01) (20, 7.59026229381561279297e-01) (21, 7.45591974258422851562e+00) (22, -4.62712287902832031250e+00) (23, 3.89075517654418945312e+00) (24, -1.68950533866882324219e+00) (25, -7.91724920272827148438e-01) (26, -4.86830520629882812500e+00) (27, 3.01640391349792480469e+00) (28, -5.85933327674865722656e-01) (29, -7.55418539047241210938e-01) (30, 9.43507671356201171875e+00) (31, -7.27198934555053710938e+00) (32, -5.15369474887847900391e-01) (33, -1.82737874984741210938e+00) (34, 1.07271490097045898438e+01) (35, 2.28295373916625976562e+00) (36, 2.82814115285873413086e-01) (37, 1.25451767444610595703e+00) (38, 1.28539431095123291016e+00) (39, 1.56995975971221923828e+00) (40, 3.19888615608215332031e+00) (41, 2.32889294624328613281e+00) (42, 3.76307725906372070312e+00) (43, -1.65363084524869918823e-02) (44, -3.26931148767471313477e-01) (45, -1.84594285488128662109e+00) (46, -8.65999937057495117188e-01) (47, -4.20011186599731445312e+00) (48, 1.21187973022460937500e+00) (49, -5.72713088989257812500e+00) (50, -3.68010973930358886719e+00) (51, -1.49969339370727539062e+00) (52, -2.43527674674987792969e+00) (53, 5.94345569610595703125e-01) (54, 2.13628816604614257812e+00) (55, -3.15988397598266601562e+00) (56, 2.39404177665710449219e+00) (57, -2.52094793319702148438e+00) (58, -2.65863656997680664062e+00) (59, -1.97470739483833312988e-01) (60, 8.88828873634338378906e-01) (61, 2.11381816864013671875e+00) (62, -1.27988493442535400391e+00) (63, -2.05778125673532485962e-02) (64, -2.16004037857055664062e+00) (65, 1.99033391475677490234e+00) (66, -1.21443080902099609375e+00) (67, 2.10722708702087402344e+00) (68, 3.30273985862731933594e+00) (69, 6.19967651367187500000e+00) (70, 1.66261529922485351562e+00) (71, 6.00400638580322265625e+00) (72, 5.82851171493530273438e-01) (73, 1.58259034156799316406e+00) (74, 7.16086983680725097656e-01) (75, -5.81031370162963867188e+00) (76, -1.31917405128479003906e+00) (77, 3.09793758392333984375e+00) (78, 2.50626945495605468750e+00) (79, 2.25776910781860351562e+00) (80, -1.02471904754638671875e+01) (81, -1.68871915340423583984e+00) (82, -3.49482297897338867188e+00) (83, -1.36843681335449218750e-01) (84, 4.39681816101074218750e+00) (85, -8.88710689544677734375e+00) (86, 2.06839394569396972656e+00) (87, 3.00626301765441894531e+00) (88, -3.78279948234558105469e+00) (89, -3.16771411895751953125e+00) (90, 1.47892367839813232422e+00) (91, -1.28163671493530273438e+00) (92, 2.25074529647827148438e+00) (93, 2.74202418327331542969e+00) (94, 2.17314052581787109375e+00) (95, -1.63707232475280761719e+00) (96, 7.70583391189575195312e+00) (97, 2.51822590827941894531e+00) (98, -1.93271243572235107422e+00) (99, -5.10743045806884765625e+00) (100, 2.05200099945068359375e+00) (101, -5.42765140533447265625e-01) (102, -8.01931571960449218750e+00) (103, 1.26260786056518554688e+01) (104, -1.70884656906127929688e+00) (0, -1.50000000000000000000e+03) (1, 1.50000000000000000000e+03) (2, -1.50000000000000000000e+03) (3, 1.50000000000000000000e+03) (4, -1.49996752929687500000e+03) (5, -1.49966687011718750000e+03) (6, 1.50000000000000000000e+03) (7, 1.50000000000000000000e+03) (8, 1.50000000000000000000e+03) (9, -1.49946142578125000000e+03) (10, 1.50000000000000000000e+03) (11, 1.50000000000000000000e+03) (12, 1.49994458007812500000e+03) (13, 1.50000000000000000000e+03) (14, 1.50000000000000000000e+03) (15, 1.50000000000000000000e+03) (16, 1.50000000000000000000e+03) (17, 1.50000000000000000000e+03) (18, 1.50000000000000000000e+03) (19, -1.48835363769531250000e+03) (20, 1.50000000000000000000e+03) (21, 1.50000000000000000000e+03) (22, 1.50000000000000000000e+03) (23, 1.50000000000000000000e+03) (24, 1.50000000000000000000e+03) (25, 1.50000000000000000000e+03) (26, 1.50000000000000000000e+03) (27, 1.50000000000000000000e+03) (28, 1.50000000000000000000e+03) (29, 1.50000000000000000000e+03) (30, 1.50000000000000000000e+03) (31, 1.50000000000000000000e+03) (32, 1.50000000000000000000e+03) (33, 1.50000000000000000000e+03) (34, 1.49995568847656250000e+03) (35, 1.50000000000000000000e+03) (36, 1.50000000000000000000e+03) (37, 1.50000000000000000000e+03) (38, 1.50000000000000000000e+03) (39, 1.50000000000000000000e+03) (40, 1.50000000000000000000e+03) (41, -1.50000000000000000000e+03) (42, -1.50000000000000000000e+03) (43, -1.49935363769531250000e+03) (44, -1.49968566894531250000e+03) (45, 1.50000000000000000000e+03) (46, 1.44667492675781250000e+03) (47, 1.50000000000000000000e+03) (48, 1.50000000000000000000e+03) (49, 1.50000000000000000000e+03) (50, -1.49934326171875000000e+03) (51, -1.50000000000000000000e+03) (52, -1.50000000000000000000e+03) (53, -1.50000000000000000000e+03) (54, -1.50000000000000000000e+03) (55, 1.49969201660156250000e+03) (56, -1.50000000000000000000e+03) (57, -1.50000000000000000000e+03) (58, -1.50000000000000000000e+03) (59, -1.50000000000000000000e+03) (60, -1.50000000000000000000e+03) (61, -1.49975280761718750000e+03) (62, -1.50000000000000000000e+03) (63, -1.50000000000000000000e+03) (64, -1.50000000000000000000e+03) (65, -1.50000000000000000000e+03) (66, -1.50000000000000000000e+03) (67, 1.50000000000000000000e+03) (68, -1.50000000000000000000e+03) (69, -1.50000000000000000000e+03) (70, -1.50000000000000000000e+03) (71, -1.50000000000000000000e+03) (72, -1.50000000000000000000e+03) (73, -1.49973535156250000000e+03) (74, -1.50000000000000000000e+03) (75, -1.49985900878906250000e+03) (76, -1.50000000000000000000e+03) (77, -1.50000000000000000000e+03) (78, -1.50000000000000000000e+03) (79, -1.50000000000000000000e+03) (80, -1.49691943359375000000e+03) (81, -1.50000000000000000000e+03) (82, -1.50000000000000000000e+03) (83, -1.50000000000000000000e+03) (84, -1.50000000000000000000e+03) (85, -1.49978735351562500000e+03) (86, -1.50000000000000000000e+03) (87, -1.50000000000000000000e+03) (88, -1.50000000000000000000e+03) (89, -1.50000000000000000000e+03) (90, -1.50000000000000000000e+03) (91, -1.50000000000000000000e+03) (92, -1.50000000000000000000e+03) (93, -1.50000000000000000000e+03) (94, -1.50000000000000000000e+03) (95, -1.50000000000000000000e+03) (96, -1.50000000000000000000e+03) (97, -1.50000000000000000000e+03) (98, -1.50000000000000000000e+03) (99, -1.50000000000000000000e+03) (100, -1.50000000000000000000e+03) (101, -1.50000000000000000000e+03) (102, 1.50000000000000000000e+03) (103, -1.50000000000000000000e+03) (104, 1.24762992858886718750e+01) (105, 3.01571989059448242188e+00) (106, 2.77360558509826660156e+00) (107, 3.51110792160034179688e+00) (108, -1.57389688491821289062e+00) (109, 2.26365232467651367188e+00) (110, -1.61403083801269531250e+00) (111, 1.17019903659820556641e+00) (112, 2.58554005622863769531e+00) (113, 1.73305571079254150391e+00) (114, -2.12229943275451660156e+00) (115, -1.61252367496490478516e+00) (116, 2.59055590629577636719e+00) (117, 2.29355072975158691406e+00) (118, 2.45293617248535156250e+00) (119, 2.56828880310058593750e+00) (120, 3.58588218688964843750e+00) (121, 3.03726458549499511719e+00) (122, 1.68107664585113525391e+00) (123, 1.13553452491760253906e+00) (124, -1.59951651096343994141e+00) (125, 1.21816742420196533203e+00) (126, 1.62003171443939208984e+00) (127, 2.57100296020507812500e+00) (128, 1.11398386955261230469e+00) (129, 2.59209179878234863281e+00) (130, 3.90524649620056152344e+00) 
