FANN_FLO_2.1
num_layers=3
learning_rate=0.700000
connection_rate=1.000000
network_type=0
learning_momentum=0.000000
training_algorithm=2
train_error_function=1
train_stop_function=0
cascade_output_change_fraction=0.010000
quickprop_decay=-0.000100
quickprop_mu=1.750000
rprop_increase_factor=1.200000
rprop_decrease_factor=0.500000
rprop_delta_min=0.000000
rprop_delta_max=50.000000
rprop_delta_zero=0.100000
cascade_output_stagnation_epochs=12
cascade_candidate_change_fraction=0.010000
cascade_candidate_stagnation_epochs=12
cascade_max_out_epochs=150
cascade_max_cand_epochs=150
cascade_num_candidate_groups=2
bit_fail_limit=3.49999994039535522461e-01
cascade_candidate_limit=1.00000000000000000000e+03
cascade_weight_multiplier=4.00000005960464477539e-01
cascade_activation_functions_count=10
cascade_activation_functions=3 5 7 8 10 11 14 15 16 17 
cascade_activation_steepnesses_count=4
cascade_activation_steepnesses=2.50000000000000000000e-01 5.00000000000000000000e-01 7.50000000000000000000e-01 1.00000000000000000000e+00 
layer_sizes=105 26 2 
scale_included=0
neurons (num_inputs, activation_function, activation_steepness)=(0, 0, 0.00000000000000000000e+00) (0, 0, 0.00000000000000000000e+00) (0, 0, 0.00000000000000000000e+00) (0, 0, 0.00000000000000000000e+00) (0, 0, 0.00000000000000000000e+00) (0, 0, 0.00000000000000000000e+00) (0, 0, 0.00000000000000000000e+00) (0, 0, 0.00000000000000000000e+00) (0, 0, 0.00000000000000000000e+00) (0, 0, 0.00000000000000000000e+00) (0, 0, 0.00000000000000000000e+00) (0, 0, 0.00000000000000000000e+00) (0, 0, 0.00000000000000000000e+00) (0, 0, 0.00000000000000000000e+00) (0, 0, 0.00000000000000000000e+00) (0, 0, 0.00000000000000000000e+00) (0, 0, 0.00000000000000000000e+00) (0, 0, 0.00000000000000000000e+00) (0, 0, 0.00000000000000000000e+00) (0, 0, 0.00000000000000000000e+00) (0, 0, 0.00000000000000000000e+00) (0, 0, 0.00000000000000000000e+00) (0, 0, 0.00000000000000000000e+00) (0, 0, 0.00000000000000000000e+00) (0, 0, 0.00000000000000000000e+00) (0, 0, 0.00000000000000000000e+00) (0, 0, 0.00000000000000000000e+00) (0, 0, 0.00000000000000000000e+00) (0, 0, 0.00000000000000000000e+00) (0, 0, 0.00000000000000000000e+00) (0, 0, 0.00000000000000000000e+00) (0, 0, 0.00000000000000000000e+00) (0, 0, 0.00000000000000000000e+00) (0, 0, 0.00000000000000000000e+00) (0, 0, 0.00000000000000000000e+00) (0, 0, 0.00000000000000000000e+00) (0, 0, 0.00000000000000000000e+00) (0, 0, 0.00000000000000000000e+00) (0, 0, 0.00000000000000000000e+00) (0, 0, 0.00000000000000000000e+00) (0, 0, 0.00000000000000000000e+00) (0, 0, 0.00000000000000000000e+00) (0, 0, 0.00000000000000000000e+00) (0, 0, 0.00000000000000000000e+00) (0, 0, 0.00000000000000000000e+00) (0, 0, 0.00000000000000000000e+00) (0, 0, 0.00000000000000000000e+00) (0, 0, 0.00000000000000000000e+00) (0, 0, 0.00000000000000000000e+00) (0, 0, 0.00000000000000000000e+00) (0, 0, 0.00000000000000000000e+00) (0, 0, 0.00000000000000000000e+00) (0, 0, 0.00000000000000000000e+00) (0, 0, 0.00000000000000000000e+00) (0, 0, 0.00000000000000000000e+00) (0, 0, 0.00000000000000000000e+00) (0, 0, 0.00000000000000000000e+00) (0, 0, 0.00000000000000000000e+00) (0, 0, 0.00000000000000000000e+00) (0, 0, 0.00000000000000000000e+00) (0, 0, 0.00000000000000000000e+00) (0, 0, 0.00000000000000000000e+00) (0, 0, 0.00000000000000000000e+00) (0, 0, 0.00000000000000000000e+00) (0, 0, 0.00000000000000000000e+00) (0, 0, 0.00000000000000000000e+00) (0, 0, 0.00000000000000000000e+00) (0, 0, 0.00000000000000000000e+00) (0, 0, 0.00000000000000000000e+00) (0, 0, 0.00000000000000000000e+00) (0, 0, 0.00000000000000000000e+00) (0, 0, 0.00000000000000000000e+00) (0, 0, 0.00000000000000000000e+00) (0, 0, 0.00000000000000000000e+00) (0, 0, 0.00000000000000000000e+00) (0, 0, 0.00000000000000000000e+00) (0, 0, 0.00000000000000000000e+00) (0, 0, 0.00000000000000000000e+00) (0, 0, 0.00000000000000000000e+00) (0, 0, 0.00000000000000000000e+00) (0, 0, 0.00000000000000000000e+00) (0, 0, 0.00000000000000000000e+00) (0, 0, 0.00000000000000000000e+00) (0, 0, 0.00000000000000000000e+00) (0, 0, 0.00000000000000000000e+00) (0, 0, 0.00000000000000000000e+00) (0, 0, 0.00000000000000000000e+00) (0, 0, 0.00000000000000000000e+00) (0, 0, 0.00000000000000000000e+00) (0, 0, 0.00000000000000000000e+00) (0, 0, 0.00000000000000000000e+00) (0, 0, 0.00000000000000000000e+00) (0, 0, 0.00000000000000000000e+00) (0, 0, 0.00000000000000000000e+00) (0, 0, 0.00000000000000000000e+00) (0, 0, 0.00000000000000000000e+00) (0, 0, 0.00000000000000000000e+00) (0, 0, 0.00000000000000000000e+00) (0, 0, 0.00000000000000000000e+00) (0, 0, 0.00000000000000000000e+00) (0, 0, 0.00000000000000000000e+00) (0, 0, 0.00000000000000000000e+00) (0, 0, 0.00000000000000000000e+00) (0, 0, 0.00000000000000000000e+00) (0, 0, 0.00000000000000000000e+00) (105, 5, 5.00000000000000000000e-01) (105, 5, 5.00000000000000000000e-01) (105, 5, 5.00000000000000000000e-01) (105, 5, 5.00000000000000000000e-01) (105, 5, 5.00000000000000000000e-01) (105, 5, 5.00000000000000000000e-01) (105, 5, 5.00000000000000000000e-01) (105, 5, 5.00000000000000000000e-01) (105, 5, 5.00000000000000000000e-01) (105, 5, 5.00000000000000000000e-01) (105, 5, 5.00000000000000000000e-01) (105, 5, 5.00000000000000000000e-01) (105, 5, 5.00000000000000000000e-01) (105, 5, 5.00000000000000000000e-01) (105, 5, 5.00000000000000000000e-01) (105, 5, 5.00000000000000000000e-01) (105, 5, 5.00000000000000000000e-01) (105, 5, 5.00000000000000000000e-01) (105, 5, 5.00000000000000000000e-01) (105, 5, 5.00000000000000000000e-01) (105, 5, 5.00000000000000000000e-01) (105, 5, 5.00000000000000000000e-01) (105, 5, 5.00000000000000000000e-01) (105, 5, 5.00000000000000000000e-01) (105, 5, 5.00000000000000000000e-01) (0, 5, 0.00000000000000000000e+00) (26, 5, 5.00000000000000000000e-01) (0, 5, 0.00000000000000000000e+00) 
connections (connected_to_neuron, weight)=(0, 1.87077736854553222656e+00) (1, -8.69098246097564697266e-01) (2, -1.04240751266479492188e+00) (3, -9.32267308235168457031e-01) (4, -9.74277198314666748047e-01) (5, 1.89335227012634277344e+00) (6, 2.11038589477539062500e+00) (7, 2.54510521888732910156e+00) (8, -4.04054939746856689453e-01) (9, 8.70423257350921630859e-01) (10, 2.55562901496887207031e+00) (11, -3.84388327598571777344e-01) (12, -7.32753872871398925781e-01) (13, -2.32144162058830261230e-01) (14, 2.50399160385131835938e+00) (15, -2.15144798159599304199e-01) (16, 2.55797433853149414062e+00) (17, -3.28783750534057617188e-01) (18, 2.50455355644226074219e+00) (19, -1.00141160190105438232e-01) (20, -3.78523588180541992188e-01) (21, 2.63973331451416015625e+00) (22, -1.68561056256294250488e-01) (23, -4.29343789815902709961e-01) (24, -3.31414312124252319336e-01) (25, -2.09522172808647155762e-01) (26, -3.56671988964080810547e-01) (27, -2.54953771829605102539e-01) (28, -1.89971312880516052246e-01) (29, -3.23176383972167968750e-01) (30, -3.66003245115280151367e-01) (31, 1.38744682073593139648e-01) (32, -3.37582856416702270508e-01) (33, -3.79393458366394042969e-01) (34, 1.18050932884216308594e+00) (35, -3.98587584495544433594e-01) (36, -3.65502506494522094727e-01) (37, -3.03452074527740478516e-01) (38, -3.57172787189483642578e-01) (39, -2.77080148458480834961e-01) (40, -3.42633336782455444336e-01) (41, 4.70420062541961669922e-01) (42, 1.93311440944671630859e+00) (43, -1.82748511433601379395e-01) (44, -2.47477665543556213379e-01) (45, -1.96137681603431701660e-01) (46, -2.23587855696678161621e-01) (47, -2.10163220763206481934e-01) (48, -2.13691100478172302246e-01) (49, -3.97874474525451660156e-01) (50, 1.85881352424621582031e+00) (51, 1.37725925445556640625e+00) (52, 2.45630860328674316406e+00) (53, -9.16281118988990783691e-02) (54, 2.04318714141845703125e+00) (55, 3.57881665229797363281e-01) (56, 1.38963568210601806641e+00) (57, 2.20638227462768554688e+00) (58, -7.51277089118957519531e-01) (59, -1.88583910465240478516e+00) (60, 8.06216478347778320312e-01) (61, -7.27943599224090576172e-01) (62, 6.68143928050994873047e-01) (63, -9.34686362743377685547e-01) (64, -8.22950720787048339844e-01) (65, -9.27030026912689208984e-01) (66, -1.65693259239196777344e+00) (67, -4.98482078313827514648e-01) (68, -6.28632962703704833984e-01) (69, -1.75097346305847167969e-01) (70, -8.95756125450134277344e-01) (71, -9.83652651309967041016e-01) (72, 1.90441143512725830078e+00) (73, 2.26571373641490936279e-02) (74, -9.36014115810394287109e-01) (75, -6.13719895482063293457e-02) (76, -4.90051835775375366211e-01) (77, -1.03342771530151367188e+00) (78, -1.08371055126190185547e+00) (79, 1.97054290771484375000e+00) (80, -2.28868857026100158691e-01) (81, -9.63024437427520751953e-01) (82, -1.98333382606506347656e-01) (83, 6.97380244731903076172e-01) (84, -1.58799350261688232422e+00) (85, -2.44102418422698974609e-01) (86, -1.02608525753021240234e+00) (87, -7.22543776035308837891e-01) (88, -2.28004980087280273438e+00) (89, 1.14304058253765106201e-01) (90, 1.06541335582733154297e-01) (91, -2.90612387657165527344e+00) (92, -8.08829367160797119141e-01) (93, 1.91028177738189697266e-01) (94, -1.05154144763946533203e+00) (95, -7.85919427871704101562e-01) (96, -8.62532377243041992188e-01) (97, -1.03462740778923034668e-01) (98, 4.19609427452087402344e-01) (99, -1.02283990383148193359e+00) (100, -9.48249399662017822266e-01) (101, 1.52711236476898193359e+00) (102, -5.82767784595489501953e-01) (103, 2.46995043754577636719e+00) (104, 2.83248925209045410156e+00) (0, 2.60683512687683105469e+00) (1, -1.85949504375457763672e-01) (2, -7.99156427383422851562e-01) (3, -4.21126991510391235352e-01) (4, -3.51318418979644775391e-01) (5, -1.06388294696807861328e+00) (6, -3.29572230577468872070e-01) (7, 1.54973840713500976562e+00) (8, -1.43592512607574462891e+00) (9, -4.00963187217712402344e-01) (10, -1.09483575820922851562e+00) (11, -1.12521123886108398438e+00) (12, 2.60137248039245605469e+00) (13, 1.68405413627624511719e+00) (14, -9.42302167415618896484e-01) (15, -9.72688794136047363281e-01) (16, -9.69780802726745605469e-01) (17, -1.72613978385925292969e+00) (18, 1.62629663944244384766e+00) (19, -1.01052892208099365234e+00) (20, -1.00697851181030273438e+00) (21, 1.79242908954620361328e+00) (22, 1.51941907405853271484e+00) (23, 1.82407963275909423828e+00) (24, -9.52629923820495605469e-01) (25, -1.18865907192230224609e+00) (26, -1.03317105770111083984e+00) (27, 1.71632182598114013672e+00) (28, -7.18959629535675048828e-01) (29, -8.89167129993438720703e-01) (30, 1.71566057205200195312e+00) (31, -8.75400066375732421875e-01) (32, -8.82703125476837158203e-01) (33, -8.73395562171936035156e-01) (34, 3.10173010826110839844e+00) (35, -9.76751327514648437500e-01) (36, -1.02626407146453857422e+00) (37, -1.06054949760437011719e+00) (38, -1.00672197341918945312e+00) (39, -1.09141170978546142578e+00) (40, -1.07020187377929687500e+00) (41, 2.30837035179138183594e+00) (42, 2.37228727340698242188e+00) (43, -9.66319680213928222656e-01) (44, -1.01716601848602294922e+00) (45, -9.26997303962707519531e-01) (46, -6.56670510768890380859e-01) (47, 1.85232341289520263672e+00) (48, -1.03752744197845458984e+00) (49, -1.03232347965240478516e+00) (50, -8.70322406291961669922e-01) (51, -2.36581731587648391724e-02) (52, -1.03196060657501220703e+00) (53, -9.96200501918792724609e-01) (54, 2.37903714179992675781e+00) (55, -2.65673112869262695312e+00) (56, -3.87398779392242431641e-01) (57, -1.44231402873992919922e+00) (58, 2.63144421577453613281e+00) (59, 2.78819799423217773438e-01) (60, -2.98676550388336181641e-01) (61, 1.54941141605377197266e+00) (62, 2.55318260192871093750e+00) (63, -3.97001355886459350586e-01) (64, 2.42257332801818847656e+00) (65, -3.40859621763229370117e-01) (66, -6.53227031230926513672e-01) (67, -1.66007652878761291504e-01) (68, -6.34006829932332038879e-03) (69, 1.47226840257644653320e-01) (70, 2.46329498291015625000e+00) (71, -7.71632790565490722656e-02) (72, -4.00208353996276855469e-01) (73, -6.08428418636322021484e-01) (74, -2.91576325893402099609e-01) (75, -5.93195378780364990234e-01) (76, -3.11689049005508422852e-01) (77, -3.94350856542587280273e-01) (78, 1.34495306015014648438e+00) (79, 2.20900368690490722656e+00) (80, -2.12803751230239868164e-01) (81, 2.20726084709167480469e+00) (82, -3.78758460283279418945e-01) (83, -1.32761999964714050293e-01) (84, -5.78637003898620605469e-01) (85, -4.22800064086914062500e+00) (86, -3.88655751943588256836e-01) (87, -1.68496176600456237793e-01) (88, -2.92647212743759155273e-01) (89, 2.51072049140930175781e+00) (90, -3.78127634525299072266e-01) (91, 2.33601617813110351562e+00) (92, -2.34165668487548828125e-01) (93, -4.72681783139705657959e-02) (94, -2.96971201896667480469e-01) (95, -4.24845069646835327148e-02) (96, -1.91289350390434265137e-01) (97, 2.06735467910766601562e+00) (98, 2.43138170242309570312e+00) (99, -2.72074967622756958008e-01) (100, -4.16113466024398803711e-01) (101, -2.56108731031417846680e-01) (102, 2.07994985580444335938e+00) (103, 1.74400910735130310059e-01) (104, -6.24861001968383789062e-01) (0, 1.50000000000000000000e+03) (1, 2.28890776634216308594e+00) (2, -5.08092999458312988281e-01) (3, 2.31121540069580078125e+00) (4, 7.56226158142089843750e+00) (5, 7.49156761169433593750e+00) (6, -7.70266354084014892578e-01) (7, 3.97345900535583496094e+00) (8, -1.50000000000000000000e+03) (9, 2.25448656082153320312e+00) (10, 1.57021868228912353516e+00) (11, 1.12394256591796875000e+01) (12, 2.97493362426757812500e+00) (13, -1.50000000000000000000e+03) (14, 2.96381568908691406250e+00) (15, 3.03779149055480957031e+00) (16, 1.12534379586577415466e-02) (17, 3.06994366645812988281e+00) (18, 3.16244029998779296875e+00) (19, 4.85341215133666992188e+00) (20, 2.97351789474487304688e+00) (21, -1.89527198672294616699e-02) (22, 3.01328420639038085938e+00) (23, 1.30701660156250000000e+02) (24, 3.38704895019531250000e+02) (25, 1.50000000000000000000e+03) (26, 1.50000000000000000000e+03) (27, 3.08243417739868164062e+00) (28, 1.50000000000000000000e+03) (29, 1.50000000000000000000e+03) (30, 1.50000000000000000000e+03) (31, 1.50000000000000000000e+03) (32, 1.50000000000000000000e+03) (33, 1.50000000000000000000e+03) (34, 1.50000000000000000000e+03) (35, 1.50000000000000000000e+03) (36, 1.50000000000000000000e+03) (37, 1.50000000000000000000e+03) (38, 1.50000000000000000000e+03) (39, 1.50000000000000000000e+03) (40, 1.50000000000000000000e+03) (41, 1.50000000000000000000e+03) (42, 1.50000000000000000000e+03) (43, 1.50000000000000000000e+03) (44, 1.50000000000000000000e+03) (45, 1.50000000000000000000e+03) (46, 1.50000000000000000000e+03) (47, 1.50000000000000000000e+03) (48, 1.50000000000000000000e+03) (49, 1.50000000000000000000e+03) (50, 1.50000000000000000000e+03) (51, 1.50000000000000000000e+03) (52, 1.50000000000000000000e+03) (53, 1.50000000000000000000e+03) (54, 5.80041275024414062500e+01) (55, 3.42464355468750000000e+02) (56, 1.50000000000000000000e+03) (57, 2.51647138595581054688e+00) (58, 1.50000000000000000000e+03) (59, 2.50070047378540039062e+00) (60, 1.50000000000000000000e+03) (61, 1.61901229858398437500e+02) (62, 1.50000000000000000000e+03) (63, 1.50000000000000000000e+03) (64, 2.81444120407104492188e+00) (65, 1.50000000000000000000e+03) (66, 2.57561111450195312500e+00) (67, 2.36072468757629394531e+00) (68, 2.46433091163635253906e+00) (69, 2.69758963584899902344e+00) (70, 2.27279114723205566406e+00) (71, 2.23403406143188476562e+00) (72, 2.19001412391662597656e+00) (73, 1.13053865432739257812e+01) (74, 2.41289901733398437500e+00) (75, 2.43999385833740234375e+00) (76, 2.46815180778503417969e+00) (77, 1.50000000000000000000e+03) (78, 2.43369197845458984375e+00) (79, 3.13419795036315917969e+00) (80, 1.50000000000000000000e+03) (81, 2.85666656494140625000e+00) (82, 2.60928273200988769531e+00) (83, 1.50000000000000000000e+03) (84, 1.50000000000000000000e+03) (85, 1.50000000000000000000e+03) (86, 1.50000000000000000000e+03) (87, 2.32119750976562500000e+00) (88, 6.84431934356689453125e+00) (89, 1.50000000000000000000e+03) (90, 1.50000000000000000000e+03) (91, 2.85812044143676757812e+00) (92, 4.49320411682128906250e+00) (93, 2.44903469085693359375e+00) (94, 1.50000000000000000000e+03) (95, 1.50000000000000000000e+03) (96, 2.13060140609741210938e+00) (97, 2.35586714744567871094e+00) (98, 1.50000000000000000000e+03) (99, 2.21624374389648437500e+00) (100, 1.50000000000000000000e+03) (101, 1.50000000000000000000e+03) (102, 1.50000000000000000000e+03) (103, -1.50000000000000000000e+03) (104, -5.42814314365386962891e-01) (0, -1.44025869369506835938e+01) (1, 2.14396381378173828125e+00) (2, 9.93284165859222412109e-01) (3, 8.45808267593383789062e-01) (4, -1.93702578544616699219e+00) (5, -6.53697252273559570312e-01) (6, 4.75209331512451171875e+00) (7, -1.55475940704345703125e+01) (8, 1.75468158721923828125e+00) (9, 2.48994350433349609375e+00) (10, 5.12506294250488281250e+00) (11, 4.54551696777343750000e+00) (12, -4.96839523315429687500e+00) (13, -9.73393261432647705078e-01) (14, -3.45349884033203125000e+00) (15, 2.41934013366699218750e+00) (16, 8.20015048980712890625e+00) (17, -1.90880465507507324219e+00) (18, 4.11576795578002929688e+00) (19, 2.84417414665222167969e+00) (20, -1.25734353065490722656e+00) (21, 2.56507086753845214844e+00) (22, 2.59525561332702636719e+00) (23, 6.74525260925292968750e+00) (24, 2.21598076820373535156e+00) (25, -3.33312678337097167969e+00) (26, -1.75695955753326416016e+00) (27, 2.79042053222656250000e+00) (28, -1.43657884597778320312e+01) (29, -2.87478756904602050781e+00) (30, 4.31188941001892089844e-01) (31, 2.62619686126708984375e+00) (32, -3.02185058593750000000e+00) (33, 2.85007047653198242188e+00) (34, 2.59065103530883789062e+00) (35, -4.35891121625900268555e-01) (36, 2.87118572741746902466e-02) (37, -3.08067393302917480469e+00) (38, -1.96572744846343994141e+00) (39, 1.56224179267883300781e+00) (40, 5.18602514266967773438e+00) (41, -2.33563518524169921875e+00) (42, 9.66606080532073974609e-01) (43, 2.62828230857849121094e+00) (44, 1.40400147438049316406e+00) (45, 8.94496059417724609375e+00) (46, 1.53113126754760742188e+00) (47, 1.22170057296752929688e+01) (48, 1.69998264312744140625e+01) (49, 5.68851137161254882812e+00) (50, 3.68279004096984863281e+00) (51, 2.01516222953796386719e+00) (52, -1.44379878044128417969e+00) (53, -2.37974643707275390625e+00) (54, 2.09341382980346679688e+00) (55, 1.03128600120544433594e+00) (56, 1.15695905685424804688e+00) (57, -8.67925167083740234375e+00) (58, 3.56661877594888210297e-03) (59, 5.58763885498046875000e+00) (60, 1.76029229164123535156e+00) (61, -4.49007362127304077148e-01) (62, -3.67620730400085449219e+00) (63, 3.73285800218582153320e-01) (64, -2.96396970748901367188e+00) (65, 9.75808203220367431641e-01) (66, -8.02906394004821777344e-01) (67, 9.25372540950775146484e-01) (68, 1.09470760822296142578e+00) (69, 9.96320128440856933594e-01) (70, 1.31572628021240234375e+00) (71, -2.68712639808654785156e-01) (72, 2.74517059326171875000e+00) (73, 3.29723763465881347656e+00) (74, -4.34942364692687988281e-01) (75, -7.96678185462951660156e-01) (76, 8.72585326433181762695e-02) (77, 1.73173153400421142578e+00) (78, -4.33487081527709960938e+00) (79, -9.52480971813201904297e-01) (80, -3.95586162805557250977e-01) (81, -1.86513733863830566406e+00) (82, -6.19614362716674804688e-01) (83, -8.35796833038330078125e-01) (84, -1.22481417655944824219e+00) (85, 6.57772570848464965820e-02) (86, -2.06457097083330154419e-02) (87, 9.21357095241546630859e-01) (88, 1.17724573612213134766e+00) (89, 3.51403713226318359375e-01) (90, -4.97269719839096069336e-01) (91, -5.86587190628051757812e-01) (92, 7.07819521427154541016e-01) (93, -4.58152949810028076172e-01) (94, 1.14300394058227539062e+00) (95, 8.34765136241912841797e-01) (96, 9.82816755771636962891e-01) (97, 9.03268277645111083984e-01) (98, -3.95519495010375976562e+00) (99, -5.16356807202100753784e-03) (100, 8.61412227153778076172e-01) (101, 1.05053651332855224609e+00) (102, -2.11968374252319335938e+00) (103, 5.75287914276123046875e+00) (104, 8.80270421504974365234e-01) (0, -8.41239213943481445312e-01) (1, 2.41090714931488037109e-01) (2, 2.35680150985717773438e+00) (3, 1.79469585418701171875e+00) (4, -3.55101287364959716797e-01) (5, -4.79815661907196044922e-01) (6, 1.68525493144989013672e+00) (7, 1.74728453159332275391e+00) (8, 9.44582343101501464844e-01) (9, 2.32096624374389648438e+00) (10, 1.59227621555328369141e+00) (11, -5.38089685142040252686e-02) (12, 1.63898742198944091797e+00) (13, -1.22691869735717773438e+00) (14, 1.67502164840698242188e+00) (15, 1.76347899436950683594e+00) (16, 1.85864078998565673828e+00) (17, -1.07027888298034667969e+00) (18, 1.59977269172668457031e+00) (19, 1.69376814365386962891e+00) (20, -1.00431990623474121094e+00) (21, 1.93046021461486816406e+00) (22, 1.93301761150360107422e+00) (23, -1.05780243873596191406e+00) (24, -1.06177687644958496094e+00) (25, -1.11260807514190673828e+00) (26, -9.30759668350219726562e-01) (27, -9.99111354351043701172e-01) (28, -1.04435288906097412109e+00) (29, -2.57676815986633300781e+00) (30, -1.15518140792846679688e+00) (31, -1.38420665264129638672e+00) (32, -1.34202218055725097656e+00) (33, -9.33431267738342285156e-01) (34, 3.58939099311828613281e+00) (35, -1.07489669322967529297e+00) (36, -2.17868590354919433594e+00) (37, -1.31081092357635498047e+00) (38, -9.98324453830718994141e-01) (39, -1.05061697959899902344e+00) (40, -1.41008567810058593750e+00) (41, -2.75377917289733886719e+00) (42, -4.19477730989456176758e-01) (43, -1.03371345996856689453e+00) (44, -2.60497045516967773438e+00) (45, -9.95601534843444824219e-01) (46, -1.02198278903961181641e+00) (47, -1.02321994304656982422e+00) (48, -9.92384254932403564453e-01) (49, -1.11860573291778564453e+00) (50, -1.08761644363403320312e+00) (51, -9.61032390594482421875e-01) (52, -1.14428460597991943359e+00) (53, -2.12070226669311523438e+00) (54, 1.77062916755676269531e+00) (55, -3.28189587593078613281e+00) (56, 2.30164384841918945312e+00) (57, 3.90400862693786621094e+00) (58, -8.27280342578887939453e-01) (59, 3.34986090660095214844e+00) (60, 2.30521321296691894531e+00) (61, 8.69509220123291015625e-01) (62, -2.74550199508666992188e-01) (63, -4.99086052179336547852e-01) (64, 5.05322158336639404297e-01) (65, -4.70927029848098754883e-01) (66, 9.17095088958740234375e+00) (67, -5.76117038726806640625e+00) (68, 1.03827989101409912109e+00) (69, 5.97644269466400146484e-01) (70, -4.21149194240570068359e-01) (71, -3.25925558805465698242e-01) (72, 2.44977951049804687500e+00) (73, 3.40177321434020996094e+00) (74, -4.25990462303161621094e-01) (75, 2.37897168844938278198e-02) (76, -1.65607571601867675781e+00) (77, -3.43482404947280883789e-01) (78, 9.03327465057373046875e+00) (79, -2.79526305198669433594e+00) (80, -4.83122968673706054688e+00) (81, 1.39667582511901855469e+00) (82, -6.52458488941192626953e-01) (83, 1.23573601245880126953e+00) (84, 9.52523231506347656250e+00) (85, -5.17500579357147216797e-01) (86, -3.67494821548461914062e-01) (87, -3.16489756107330322266e-01) (88, 1.18960189819335937500e+00) (89, 1.05043244361877441406e+00) (90, -9.51589345932006835938e-01) (91, 2.81436729431152343750e+00) (92, -1.56964850425720214844e+00) (93, 3.22227168083190917969e+00) (94, -4.34606134891510009766e-01) (95, -7.51483961939811706543e-02) (96, -3.56739461421966552734e-01) (97, -2.06599116325378417969e+00) (98, 1.16853380203247070312e+00) (99, 1.85341358184814453125e+00) (100, -4.32238161563873291016e-01) (101, 1.41189217567443847656e+00) (102, -7.08131790161132812500e-01) (103, 2.57704687118530273438e+00) (104, 2.16316699981689453125e+00) (0, 1.50000000000000000000e+03) (1, 3.51545476913452148438e+00) (2, 1.21688008308410644531e-01) (3, 2.88711786270141601562e+00) (4, 1.18748989105224609375e+01) (5, 1.62269805908203125000e+02) (6, 1.66814848780632019043e-01) (7, 1.23265275955200195312e+01) (8, -1.50000000000000000000e+03) (9, 3.02217006683349609375e+00) (10, -1.11715823411941528320e-01) (11, 2.59250068664550781250e+00) (12, 2.26595520973205566406e+00) (13, -1.50000000000000000000e+03) (14, 2.24720954895019531250e+00) (15, 2.70476627349853515625e+00) (16, -6.82817816734313964844e-01) (17, 2.31034445762634277344e+00) (18, 2.43528056144714355469e+00) (19, 4.38551139831542968750e+00) (20, 2.29419255256652832031e+00) (21, -6.76460683345794677734e-01) (22, 2.26311707496643066406e+00) (23, 1.21439369201660156250e+02) (24, 3.37140808105468750000e+02) (25, 1.50000000000000000000e+03) (26, 1.50000000000000000000e+03) (27, 2.29893040657043457031e+00) (28, 1.50000000000000000000e+03) (29, 1.50000000000000000000e+03) (30, 1.50000000000000000000e+03) (31, 1.50000000000000000000e+03) (32, 1.50000000000000000000e+03) (33, 1.50000000000000000000e+03) (34, 1.50000000000000000000e+03) (35, 1.50000000000000000000e+03) (36, 1.50000000000000000000e+03) (37, 1.50000000000000000000e+03) (38, 1.50000000000000000000e+03) (39, 1.50000000000000000000e+03) (40, 1.50000000000000000000e+03) (41, 1.50000000000000000000e+03) (42, 1.50000000000000000000e+03) (43, 1.50000000000000000000e+03) (44, 1.50000000000000000000e+03) (45, 1.50000000000000000000e+03) (46, 1.50000000000000000000e+03) (47, 1.50000000000000000000e+03) (48, 1.50000000000000000000e+03) (49, 1.50000000000000000000e+03) (50, 1.50000000000000000000e+03) (51, 1.50000000000000000000e+03) (52, 1.50000000000000000000e+03) (53, 1.50000000000000000000e+03) (54, 6.31774902343750000000e+00) (55, 1.67539558410644531250e+01) (56, 1.50000000000000000000e+03) (57, 3.08333063125610351562e+00) (58, 1.50000000000000000000e+03) (59, 3.06556773185729980469e+00) (60, 1.50000000000000000000e+03) (61, 1.62545669555664062500e+02) (62, 1.50000000000000000000e+03) (63, 1.50000000000000000000e+03) (64, 3.60135984420776367188e+00) (65, 1.50000000000000000000e+03) (66, 3.13893127441406250000e+00) (67, 3.06586813926696777344e+00) (68, 2.98018288612365722656e+00) (69, 3.15248966217041015625e+00) (70, 3.06900906562805175781e+00) (71, 3.10092806816101074219e+00) (72, 3.03016448020935058594e+00) (73, 2.27251682281494140625e+01) (74, 3.25189042091369628906e+00) (75, 3.22299766540527343750e+00) (76, 3.01558852195739746094e+00) (77, 1.50000000000000000000e+03) (78, 3.16970539093017578125e+00) (79, 3.63139462471008300781e+00) (80, 1.50000000000000000000e+03) (81, 3.30048608779907226562e+00) (82, 3.09626626968383789062e+00) (83, 1.50000000000000000000e+03) (84, 1.50000000000000000000e+03) (85, 1.50000000000000000000e+03) (86, 1.50000000000000000000e+03) (87, 2.95470380783081054688e+00) (88, 7.55468559265136718750e+00) (89, 1.50000000000000000000e+03) (90, 1.50000000000000000000e+03) (91, 2.35829029083251953125e+01) (92, 5.32239198684692382812e+00) (93, 3.22360062599182128906e+00) (94, 1.50000000000000000000e+03) (95, 1.50000000000000000000e+03) (96, 2.81108283996582031250e+00) (97, 3.14744853973388671875e+00) (98, 1.50000000000000000000e+03) (99, 3.08241295814514160156e+00) (100, 1.50000000000000000000e+03) (101, 1.50000000000000000000e+03) (102, 1.50000000000000000000e+03) (103, -1.50000000000000000000e+03) (104, -1.02240514755249023438e+00) (0, 1.50000000000000000000e+03) (1, 3.19824981689453125000e+00) (2, 1.53093829751014709473e-01) (3, 2.98319101333618164062e+00) (4, 1.38090000152587890625e+01) (5, 1.69851913452148437500e+02) (6, 2.35574528574943542480e-01) (7, 8.84642124176025390625e+00) (8, -1.50000000000000000000e+03) (9, 3.01627087593078613281e+00) (10, 6.24440088868141174316e-02) (11, 2.55872893333435058594e+00) (12, 3.04351973533630371094e+00) (13, -1.50000000000000000000e+03) (14, 2.29377484321594238281e+00) (15, 2.35823249816894531250e+00) (16, -7.67184197902679443359e-01) (17, 2.31495428085327148438e+00) (18, 2.34497499465942382812e+00) (19, 4.13088703155517578125e+00) (20, 2.33963131904602050781e+00) (21, -5.18594741821289062500e-01) (22, 2.15449881553649902344e+00) (23, 1.22361198425292968750e+02) (24, 3.37266540527343750000e+02) (25, 1.50000000000000000000e+03) (26, 1.50000000000000000000e+03) (27, 2.42169857025146484375e+00) (28, 1.50000000000000000000e+03) (29, 1.50000000000000000000e+03) (30, 1.50000000000000000000e+03) (31, 1.50000000000000000000e+03) (32, 1.50000000000000000000e+03) (33, 1.50000000000000000000e+03) (34, 1.50000000000000000000e+03) (35, 1.50000000000000000000e+03) (36, 1.50000000000000000000e+03) (37, 1.50000000000000000000e+03) (38, 1.50000000000000000000e+03) (39, 1.50000000000000000000e+03) (40, 1.50000000000000000000e+03) (41, 1.50000000000000000000e+03) (42, 1.50000000000000000000e+03) (43, 1.50000000000000000000e+03) (44, 1.50000000000000000000e+03) (45, 1.50000000000000000000e+03) (46, 1.50000000000000000000e+03) (47, 1.50000000000000000000e+03) (48, 1.50000000000000000000e+03) (49, 1.50000000000000000000e+03) (50, 1.50000000000000000000e+03) (51, 1.50000000000000000000e+03) (52, 1.50000000000000000000e+03) (53, 1.50000000000000000000e+03) (54, 1.33726654052734375000e+02) (55, 4.50997283935546875000e+02) (56, 1.50000000000000000000e+03) (57, 3.02804827690124511719e+00) (58, 1.50000000000000000000e+03) (59, 3.12200903892517089844e+00) (60, 1.50000000000000000000e+03) (61, 5.25831176757812500000e+02) (62, 1.50000000000000000000e+03) (63, 1.50000000000000000000e+03) (64, 3.56613206863403320312e+00) (65, 1.50000000000000000000e+03) (66, 3.16171550750732421875e+00) (67, 3.07642817497253417969e+00) (68, 3.03356409072875976562e+00) (69, 4.56636953353881835938e+00) (70, 3.10022759437561035156e+00) (71, 3.05100917816162109375e+00) (72, 3.01699399948120117188e+00) (73, 1.30084411621093750000e+02) (74, 3.28264927864074707031e+00) (75, 3.29592871665954589844e+00) (76, 3.07988047599792480469e+00) (77, 1.50000000000000000000e+03) (78, 3.06458258628845214844e+00) (79, 4.48837471008300781250e+00) (80, 1.50000000000000000000e+03) (81, 3.34526085853576660156e+00) (82, 3.16482591629028320312e+00) (83, 1.50000000000000000000e+03) (84, 1.50000000000000000000e+03) (85, 1.50000000000000000000e+03) (86, 1.50000000000000000000e+03) (87, 2.96464872360229492188e+00) (88, 7.51688098907470703125e+00) (89, 1.50000000000000000000e+03) (90, 1.50000000000000000000e+03) (91, 1.10989389419555664062e+01) (92, 5.52761840820312500000e+00) (93, 3.24577188491821289062e+00) (94, 1.50000000000000000000e+03) (95, 1.50000000000000000000e+03) (96, 2.81168389320373535156e+00) (97, 3.14293432235717773438e+00) (98, 1.50000000000000000000e+03) (99, 3.27645635604858398438e+00) (100, 1.50000000000000000000e+03) (101, 1.50000000000000000000e+03) (102, 1.50000000000000000000e+03) (103, -1.50000000000000000000e+03) (104, -1.05373859405517578125e+00) (0, -1.08500015735626220703e+00) (1, 3.12660127878189086914e-01) (2, 2.94094204902648925781e-01) (3, -5.37331938743591308594e-01) (4, 2.94196057319641113281e+00) (5, -8.50178718566894531250e-01) (6, -3.54070878028869628906e+00) (7, 3.18847751617431640625e+00) (8, 1.46849542856216430664e-01) (9, -1.01027226448059082031e+00) (10, 7.41346788406372070312e+00) (11, -3.64759773015975952148e-01) (12, 2.01966309547424316406e+00) (13, 3.16364169120788574219e+00) (14, 6.80755734443664550781e-01) (15, -9.16358113288879394531e-01) (16, -3.45389175415039062500e+00) (17, 1.19434237480163574219e+00) (18, 5.76068639755249023438e+00) (19, -6.61747121810913085938e+00) (20, 4.71633386611938476562e+00) (21, 5.56777572631835937500e+00) (22, 5.40199470520019531250e+00) (23, -5.49309110641479492188e+00) (24, -1.01275291442871093750e+01) (25, 2.73513746261596679688e+00) (26, 5.04876524209976196289e-02) (27, -1.74805566668510437012e-01) (28, 5.57563304901123046875e-01) (29, -2.62136846780776977539e-01) (30, -9.44392859935760498047e-01) (31, 1.40320849418640136719e+00) (32, 4.06429815292358398438e+00) (33, 2.29319334030151367188e+00) (34, -1.53793609142303466797e+00) (35, 4.75786495208740234375e+00) (36, 2.13616180419921875000e+00) (37, 8.55607748031616210938e-01) (38, 4.11417007446289062500e+00) (39, 1.03714489936828613281e+00) (40, 5.53234291076660156250e+00) (41, -7.03433513641357421875e-01) (42, 2.09904074668884277344e+00) (43, 3.49937736988067626953e-01) (44, 3.37216639518737792969e+00) (45, -4.23893451690673828125e+00) (46, -1.46548891067504882812e+00) (47, 6.48220205307006835938e+00) (48, -4.75883054733276367188e+00) (49, 5.01647138595581054688e+00) (50, 2.12802052497863769531e+00) (51, -1.93836212158203125000e+00) (52, 2.00979971885681152344e+00) (53, 9.24321711063385009766e-01) (54, 2.11007189750671386719e+00) (55, 2.47834876179695129395e-01) (56, -1.85859894752502441406e+00) (57, 2.02182960510253906250e+00) (58, -4.75750541687011718750e+00) (59, 1.87413704395294189453e+00) (60, 2.46630454063415527344e+00) (61, -1.65670394897460937500e+00) (62, 6.84356331825256347656e-01) (63, 1.02857613563537597656e+00) (64, 1.40355020761489868164e-01) (65, -9.70910370349884033203e-01) (66, 1.36018157005310058594e+00) (67, -3.22918605804443359375e+00) (68, 2.01145648956298828125e+00) (69, -7.70995557308197021484e-01) (70, -1.26460528373718261719e+00) (71, 4.50966656208038330078e-01) (72, -3.74112677574157714844e+00) (73, -2.50495791435241699219e+00) (74, 1.28185212612152099609e+00) (75, -7.37053811550140380859e-01) (76, -1.08714282512664794922e+00) (77, -9.14679110050201416016e-01) (78, -4.09369543194770812988e-02) (79, -4.29536938667297363281e-01) (80, -2.77256536483764648438e+00) (81, -7.36049890518188476562e-01) (82, -7.61937856674194335938e-01) (83, -5.37658274173736572266e-01) (84, -8.50301861763000488281e-01) (85, -1.18527126312255859375e+00) (86, -1.01244056224822998047e+00) (87, -2.18269929289817810059e-01) (88, 1.78452849388122558594e+00) (89, 2.13092446327209472656e+00) (90, -7.00165629386901855469e-01) (91, -3.73417586088180541992e-01) (92, -7.90472865104675292969e-01) (93, 2.05863237380981445312e+00) (94, -1.00901925563812255859e+00) (95, -1.00860166549682617188e+00) (96, -7.03991651535034179688e-01) (97, -7.45862245559692382812e-01) (98, -1.14574110507965087891e+00) (99, -2.14875388145446777344e+00) (100, -7.39471018314361572266e-01) (101, -9.53171432018280029297e-01) (102, -1.46987390518188476562e+00) (103, 4.05757808685302734375e+00) (104, 2.73258304595947265625e+00) (0, 1.50000000000000000000e+03) (1, 2.29718756675720214844e+00) (2, -3.58537584543228149414e-01) (3, 2.18521213531494140625e+00) (4, 7.13254356384277343750e+00) (5, 3.85582470893859863281e+00) (6, -6.88098669052124023438e-01) (7, 6.74662303924560546875e+00) (8, -1.50000000000000000000e+03) (9, 2.25592446327209472656e+00) (10, 5.64249098300933837891e-01) (11, 6.70656299591064453125e+00) (12, 2.39047193527221679688e+00) (13, -1.50000000000000000000e+03) (14, 2.80669450759887695312e+00) (15, 3.01117753982543945312e+00) (16, 3.58395949006080627441e-02) (17, 3.03736281394958496094e+00) (18, 3.05500030517578125000e+00) (19, 4.89335584640502929688e+00) (20, 3.70882749557495117188e+00) (21, -7.75327935116365551949e-05) (22, 2.83811402320861816406e+00) (23, 3.53476959228515625000e+02) (24, 3.38729553222656250000e+02) (25, 1.50000000000000000000e+03) (26, 1.50000000000000000000e+03) (27, 2.98910117149353027344e+00) (28, 1.50000000000000000000e+03) (29, 1.50000000000000000000e+03) (30, 1.50000000000000000000e+03) (31, 1.50000000000000000000e+03) (32, 1.50000000000000000000e+03) (33, 1.50000000000000000000e+03) (34, 1.50000000000000000000e+03) (35, 1.50000000000000000000e+03) (36, 1.50000000000000000000e+03) (37, 1.50000000000000000000e+03) (38, 1.50000000000000000000e+03) (39, 1.50000000000000000000e+03) (40, 1.50000000000000000000e+03) (41, 1.50000000000000000000e+03) (42, 1.50000000000000000000e+03) (43, 1.50000000000000000000e+03) (44, 1.50000000000000000000e+03) (45, 1.50000000000000000000e+03) (46, 1.50000000000000000000e+03) (47, 1.50000000000000000000e+03) (48, 1.50000000000000000000e+03) (49, 1.50000000000000000000e+03) (50, 1.50000000000000000000e+03) (51, 1.50000000000000000000e+03) (52, 1.50000000000000000000e+03) (53, 1.50000000000000000000e+03) (54, 1.05392847061157226562e+01) (55, 1.50000000000000000000e+03) (56, 1.50000000000000000000e+03) (57, 2.15418767929077148438e+00) (58, 1.50000000000000000000e+03) (59, 2.30112075805664062500e+00) (60, 1.50000000000000000000e+03) (61, 1.61929565429687500000e+02) (62, 1.50000000000000000000e+03) (63, 1.50000000000000000000e+03) (64, 2.88713216781616210938e+00) (65, 1.50000000000000000000e+03) (66, 2.57535910606384277344e+00) (67, 2.30154800415039062500e+00) (68, 2.23061037063598632812e+00) (69, 2.53002095222473144531e+00) (70, 2.32980537414550781250e+00) (71, 2.25954008102416992188e+00) (72, 2.26142454147338867188e+00) (73, 1.36059541702270507812e+01) (74, 2.38456773757934570312e+00) (75, 2.26157164573669433594e+00) (76, 2.20451903343200683594e+00) (77, 1.50000000000000000000e+03) (78, 2.25825834274291992188e+00) (79, 3.02645611763000488281e+00) (80, 1.50000000000000000000e+03) (81, 2.45232224464416503906e+00) (82, 2.32571339607238769531e+00) (83, 1.50000000000000000000e+03) (84, 1.50000000000000000000e+03) (85, 1.50000000000000000000e+03) (86, 1.50000000000000000000e+03) (87, 2.33059096336364746094e+00) (88, 4.55595016479492187500e+00) (89, 1.50000000000000000000e+03) (90, 1.50000000000000000000e+03) (91, 3.29705381393432617188e+00) (92, 4.51081371307373046875e+00) (93, 2.35815954208374023438e+00) (94, 1.50000000000000000000e+03) (95, 1.50000000000000000000e+03) (96, 2.18437886238098144531e+00) (97, 2.31117177009582519531e+00) (98, 1.50000000000000000000e+03) (99, 2.24004983901977539062e+00) (100, 1.50000000000000000000e+03) (101, 1.50000000000000000000e+03) (102, 1.50000000000000000000e+03) (103, -1.50000000000000000000e+03) (104, -3.83630514144897460938e-01) (0, -2.19682002067565917969e+00) (1, -1.29130303859710693359e+00) (2, -6.29105865955352783203e-01) (3, -3.85048419237136840820e-01) (4, -8.08024168014526367188e-01) (5, -1.62424430251121520996e-01) (6, -3.76240432262420654297e-01) (7, 1.85108602046966552734e+00) (8, -1.23884606361389160156e+00) (9, 2.23023581504821777344e+00) (10, 4.52933549880981445312e-01) (11, 1.14394509792327880859e+00) (12, 1.89580726623535156250e+00) (13, 1.33023813366889953613e-01) (14, -6.83181285858154296875e-01) (15, -1.05757701396942138672e+00) (16, -1.07193136215209960938e+00) (17, 1.35290992259979248047e+00) (18, -1.06374882161617279053e-01) (19, -9.54539656639099121094e-01) (20, 1.65521049499511718750e+00) (21, 1.87036859989166259766e+00) (22, -1.23678982257843017578e+00) (23, -5.22731423377990722656e-01) (24, -9.96231734752655029297e-01) (25, -9.95841920375823974609e-01) (26, -1.19357347488403320312e+00) (27, -1.14829576015472412109e+00) (28, -1.03540742397308349609e+00) (29, -1.53496420383453369141e+00) (30, -1.21673083305358886719e+00) (31, -1.14093875885009765625e+00) (32, -9.40774738788604736328e-01) (33, -1.13622188568115234375e+00) (34, -4.07061576843261718750e+00) (35, -9.91151630878448486328e-01) (36, -1.07593655586242675781e+00) (37, -4.93684321641921997070e-01) (38, -1.13931059837341308594e+00) (39, -1.32062113285064697266e+00) (40, 6.19546055793762207031e-01) (41, -1.06374907493591308594e+00) (42, 1.33726751804351806641e+00) (43, 2.01757431030273437500e+00) (44, -1.01522338390350341797e+00) (45, 2.23679161071777343750e+00) (46, 8.19669008255004882812e-01) (47, -8.55201184749603271484e-01) (48, -7.97203123569488525391e-01) (49, -1.10820055007934570312e+00) (50, 1.45969319343566894531e+00) (51, 1.90759265422821044922e+00) (52, 1.19999855756759643555e-01) (53, 1.05133104324340820312e+00) (54, 1.96507535874843597412e-02) (55, 4.59096372127532958984e-01) (56, 2.28926941752433776855e-01) (57, -2.90867358446121215820e-01) (58, -3.90878543257713317871e-02) (59, 9.71135497093200683594e-02) (60, -5.56334912776947021484e-01) (61, 3.89596247673034667969e+00) (62, 3.11387872695922851562e+00) (63, -6.96590662002563476562e-01) (64, -1.10522592067718505859e+00) (65, -6.71687543392181396484e-01) (66, -3.10332441329956054688e+00) (67, 2.98845190554857254028e-02) (68, -7.94892609119415283203e-01) (69, -3.69918197393417358398e-01) (70, 1.40224385261535644531e+00) (71, 3.16532564163208007812e+00) (72, -5.16076743602752685547e-01) (73, -4.96396350860595703125e+00) (74, 1.85001158714294433594e+00) (75, 8.01533699035644531250e-01) (76, 1.54735648632049560547e+00) (77, -4.46674615144729614258e-01) (78, 1.51139366626739501953e+00) (79, -9.40034151077270507812e-01) (80, 1.45838809013366699219e+00) (81, -1.11464226245880126953e+00) (82, -2.53771352767944335938e+00) (83, 1.09436333179473876953e-01) (84, -5.42399585247039794922e-01) (85, -2.39902809262275695801e-01) (86, -3.76563251018524169922e-01) (87, 3.88205289840698242188e+00) (88, 8.28554272651672363281e-01) (89, -9.34447869658470153809e-02) (90, 1.41021287441253662109e+00) (91, 2.44995856285095214844e+00) (92, 5.16651868820190429688e+00) (93, 1.70611321926116943359e+00) (94, -6.12893402576446533203e-01) (95, 2.85706663131713867188e+00) (96, 1.71988625079393386841e-02) (97, -5.72450598701834678650e-03) (98, 2.17735290527343750000e-01) (99, 2.53191566467285156250e+00) (100, -7.24330604076385498047e-01) (101, 1.55794930458068847656e+00) (102, -2.57377475500106811523e-01) (103, 2.08449125289916992188e+00) (104, 2.10509705543518066406e+00) (0, 1.50000000000000000000e+03) (1, 2.13694000244140625000e+00) (2, -3.04101377725601196289e-01) (3, 2.20251441001892089844e+00) (4, 9.70859813690185546875e+00) (5, 7.42980651855468750000e+01) (6, -6.25186443328857421875e-01) (7, 3.69754066467285156250e+01) (8, -1.50000000000000000000e+03) (9, 2.32390642166137695312e+00) (10, 2.22137607634067535400e-02) (11, 3.59125137329101562500e+00) (12, 2.70268654823303222656e+00) (13, -1.50000000000000000000e+03) (14, 2.27015614509582519531e+00) (15, 2.81816768646240234375e+00) (16, 7.12451636791229248047e-02) (17, 2.92599391937255859375e+00) (18, 3.27927184104919433594e+00) (19, 4.90102815628051757812e+00) (20, 3.03831291198730468750e+00) (21, -1.80324852466583251953e-01) (22, 2.70374989509582519531e+00) (23, 1.22327476501464843750e+02) (24, 3.38232269287109375000e+02) (25, 1.50000000000000000000e+03) (26, 1.50000000000000000000e+03) (27, 2.80625391006469726562e+00) (28, 1.50000000000000000000e+03) (29, 1.50000000000000000000e+03) (30, 1.50000000000000000000e+03) (31, 1.50000000000000000000e+03) (32, 1.50000000000000000000e+03) (33, 1.50000000000000000000e+03) (34, 1.50000000000000000000e+03) (35, 1.50000000000000000000e+03) (36, 1.50000000000000000000e+03) (37, 1.50000000000000000000e+03) (38, 1.50000000000000000000e+03) (39, 1.50000000000000000000e+03) (40, 1.50000000000000000000e+03) (41, 1.50000000000000000000e+03) (42, 1.50000000000000000000e+03) (43, 1.50000000000000000000e+03) (44, 1.50000000000000000000e+03) (45, 1.50000000000000000000e+03) (46, 1.50000000000000000000e+03) (47, 1.50000000000000000000e+03) (48, 1.50000000000000000000e+03) (49, 1.50000000000000000000e+03) (50, 1.50000000000000000000e+03) (51, 1.50000000000000000000e+03) (52, 1.50000000000000000000e+03) (53, 1.50000000000000000000e+03) (54, 2.39717330932617187500e+01) (55, 1.04597106933593750000e+02) (56, 1.50000000000000000000e+03) (57, 2.43804264068603515625e+00) (58, 1.50000000000000000000e+03) (59, 2.51674962043762207031e+00) (60, 1.50000000000000000000e+03) (61, 2.10942352294921875000e+02) (62, 1.50000000000000000000e+03) (63, 1.50000000000000000000e+03) (64, 2.84329271316528320312e+00) (65, 1.50000000000000000000e+03) (66, 2.56343507766723632812e+00) (67, 2.36034107208251953125e+00) (68, 2.30897593498229980469e+00) (69, 2.89235305786132812500e+00) (70, 2.38044095039367675781e+00) (71, 2.42797756195068359375e+00) (72, 2.52214407920837402344e+00) (73, 1.72891349792480468750e+01) (74, 2.56731009483337402344e+00) (75, 2.50614762306213378906e+00) (76, 2.33848476409912109375e+00) (77, 1.50000000000000000000e+03) (78, 2.37471795082092285156e+00) (79, 3.30531525611877441406e+00) (80, 1.50000000000000000000e+03) (81, 2.80162668228149414062e+00) (82, 2.42012047767639160156e+00) (83, 1.50000000000000000000e+03) (84, 1.50000000000000000000e+03) (85, 1.50000000000000000000e+03) (86, 1.50000000000000000000e+03) (87, 2.28549003601074218750e+00) (88, 1.30908784866333007812e+01) (89, 1.50000000000000000000e+03) (90, 1.50000000000000000000e+03) (91, 1.32501802444458007812e+01) (92, 4.72884511947631835938e+00) (93, 2.39563655853271484375e+00) (94, 1.50000000000000000000e+03) (95, 1.50000000000000000000e+03) (96, 2.35102534294128417969e+00) (97, 2.50543117523193359375e+00) (98, 1.50000000000000000000e+03) (99, 2.62519907951354980469e+00) (100, 1.50000000000000000000e+03) (101, 1.50000000000000000000e+03) (102, 1.50000000000000000000e+03) (103, -1.50000000000000000000e+03) (104, -5.26954889297485351562e-01) (0, 1.50000000000000000000e+03) (1, 3.57185292243957519531e+00) (2, 2.96347588300704956055e-01) (3, 2.90770483016967773438e+00) (4, 5.00143157958984375000e+02) (5, 1.90571380615234375000e+02) (6, 9.96903628110885620117e-02) (7, 1.21523046493530273438e+01) (8, -1.50000000000000000000e+03) (9, 2.97510671615600585938e+00) (10, 5.50056397914886474609e-01) (11, 2.60890316963195800781e+00) (12, 2.30099010467529296875e+00) (13, -1.50000000000000000000e+03) (14, 2.29358959197998046875e+00) (15, 2.92768645286560058594e+00) (16, -6.34363651275634765625e-01) (17, 2.37248253822326660156e+00) (18, 2.43941903114318847656e+00) (19, 4.47157382965087890625e+00) (20, 2.38059878349304199219e+00) (21, -5.63719689846038818359e-01) (22, 2.12817430496215820312e+00) (23, 1.21465126037597656250e+02) (24, 3.37189117431640625000e+02) (25, 1.50000000000000000000e+03) (26, 1.50000000000000000000e+03) (27, 2.32308936119079589844e+00) (28, 1.50000000000000000000e+03) (29, 1.50000000000000000000e+03) (30, 1.50000000000000000000e+03) (31, 1.50000000000000000000e+03) (32, 1.50000000000000000000e+03) (33, 1.50000000000000000000e+03) (34, 1.50000000000000000000e+03) (35, 1.50000000000000000000e+03) (36, 1.50000000000000000000e+03) (37, 1.50000000000000000000e+03) (38, 1.50000000000000000000e+03) (39, 1.50000000000000000000e+03) (40, 1.50000000000000000000e+03) (41, 1.50000000000000000000e+03) (42, 1.50000000000000000000e+03) (43, 1.50000000000000000000e+03) (44, 1.50000000000000000000e+03) (45, 1.50000000000000000000e+03) (46, 1.50000000000000000000e+03) (47, 1.50000000000000000000e+03) (48, 1.50000000000000000000e+03) (49, 1.50000000000000000000e+03) (50, 1.50000000000000000000e+03) (51, 1.50000000000000000000e+03) (52, 1.50000000000000000000e+03) (53, 1.50000000000000000000e+03) (54, 1.31613588333129882812e+01) (55, 2.96494159698486328125e+01) (56, 1.50000000000000000000e+03) (57, 3.12246417999267578125e+00) (58, 1.50000000000000000000e+03) (59, 3.15051341056823730469e+00) (60, 1.50000000000000000000e+03) (61, 1.62727554321289062500e+02) (62, 1.50000000000000000000e+03) (63, 1.50000000000000000000e+03) (64, 3.80320715904235839844e+00) (65, 1.50000000000000000000e+03) (66, 3.31031131744384765625e+00) (67, 3.20540070533752441406e+00) (68, 3.03337478637695312500e+00) (69, 3.78089189529418945312e+00) (70, 3.17230653762817382812e+00) (71, 3.32810282707214355469e+00) (72, 3.13141751289367675781e+00) (73, 2.33747520446777343750e+01) (74, 3.40677022933959960938e+00) (75, 3.24547624588012695312e+00) (76, 3.10354471206665039062e+00) (77, 1.50000000000000000000e+03) (78, 3.13647103309631347656e+00) (79, 4.02351713180541992188e+00) (80, 1.50000000000000000000e+03) (81, 3.63298678398132324219e+00) (82, 3.14100503921508789062e+00) (83, 1.50000000000000000000e+03) (84, 1.50000000000000000000e+03) (85, 1.50000000000000000000e+03) (86, 1.50000000000000000000e+03) (87, 2.97276973724365234375e+00) (88, 7.76623535156250000000e+00) (89, 1.50000000000000000000e+03) (90, 1.50000000000000000000e+03) (91, 3.49842605590820312500e+01) (92, 5.49917602539062500000e+00) (93, 3.25500822067260742188e+00) (94, 1.50000000000000000000e+03) (95, 1.50000000000000000000e+03) (96, 2.91655778884887695312e+00) (97, 3.26861286163330078125e+00) (98, 1.50000000000000000000e+03) (99, 3.28152942657470703125e+00) (100, 1.50000000000000000000e+03) (101, 1.50000000000000000000e+03) (102, 1.50000000000000000000e+03) (103, -1.50000000000000000000e+03) (104, -1.18269467353820800781e+00) (0, 1.48551270365715026855e-01) (1, -3.28775584697723388672e-01) (2, 5.13791024684906005859e-01) (3, 1.38512909412384033203e+00) (4, 3.04814785718917846680e-01) (5, 4.23793882131576538086e-01) (6, -1.99197578430175781250e+00) (7, -3.52615642547607421875e+00) (8, -2.01318547129631042480e-01) (9, 1.84307539463043212891e+00) (10, 1.75363814830780029297e+00) (11, -2.96328157186508178711e-01) (12, -1.61585927009582519531e-01) (13, 2.11313557624816894531e+00) (14, -6.01323544979095458984e-01) (15, 1.81825053691864013672e+00) (16, 2.78227925300598144531e-01) (17, -2.80887079238891601562e+00) (18, 2.04520511627197265625e+00) (19, 2.57194727659225463867e-01) (20, 4.06674176454544067383e-01) (21, 2.99825638532638549805e-01) (22, 2.45073533058166503906e+00) (23, 3.72334152460098266602e-01) (24, -1.08328115940093994141e+00) (25, -2.29252004623413085938e+00) (26, -1.17503452301025390625e+00) (27, -1.84757292270660400391e-01) (28, 1.22949099540710449219e+00) (29, -3.75784873962402343750e+00) (30, 3.88255429267883300781e+00) (31, 5.88679075241088867188e-01) (32, -1.12882232666015625000e+00) (33, 1.80092108249664306641e+00) (34, 1.02799415588378906250e+00) (35, 1.30394327640533447266e+00) (36, 1.10976505279541015625e+00) (37, 1.98509201407432556152e-01) (38, -3.95432785153388977051e-02) (39, 6.45042121410369873047e-01) (40, 2.84149622917175292969e+00) (41, -4.00754272937774658203e-01) (42, -3.02675843238830566406e+00) (43, 2.26686382293701171875e+00) (44, -7.64736652374267578125e-01) (45, 6.41247570514678955078e-01) (46, 6.77526652812957763672e-01) (47, 3.02998328208923339844e+00) (48, 6.17442488670349121094e-01) (49, -2.33418241143226623535e-01) (50, 6.05790913105010986328e-01) (51, 7.69612729549407958984e-01) (52, 5.46218037605285644531e-01) (53, -1.42562460899353027344e+00) (54, 1.09223651885986328125e+00) (55, -1.40053734183311462402e-01) (56, -9.13558840751647949219e-01) (57, -2.80789434909820556641e-01) (58, -1.31313443183898925781e+00) (59, 3.83989423513412475586e-01) (60, 2.55113315582275390625e+00) (61, -8.39703142642974853516e-01) (62, -1.27088725566864013672e+00) (63, -8.35522294044494628906e-01) (64, -1.88593602180480957031e+00) (65, -1.22031140327453613281e+00) (66, -9.57548499107360839844e-01) (67, -3.18291997909545898438e+00) (68, -7.98589169979095458984e-01) (69, 1.35186171531677246094e+00) (70, -8.11762928962707519531e-01) (71, 5.50966203212738037109e-01) (72, 1.07886457443237304688e+00) (73, 1.33625581860542297363e-01) (74, 1.08842074871063232422e+00) (75, -1.39241683483123779297e+00) (76, -4.11374688148498535156e-01) (77, -1.09106160700321197510e-01) (78, -1.54702425003051757812e-01) (79, 6.07541620731353759766e-01) (80, -7.93391838669776916504e-03) (81, -9.63173389434814453125e-01) (82, -1.38984060287475585938e+00) (83, -8.28015089035034179688e-01) (84, 1.81698632240295410156e+00) (85, -8.85337471961975097656e-01) (86, 2.58480310440063476562e-01) (87, 1.53384399414062500000e+00) (88, -1.22449994087219238281e+00) (89, -4.77192521095275878906e-01) (90, 1.72645971179008483887e-01) (91, -7.05108106136322021484e-01) (92, -7.96604394912719726562e-01) (93, -1.17276144027709960938e+00) (94, 1.39531219005584716797e+00) (95, 2.26662540435791015625e+00) (96, 5.84929287433624267578e-01) (97, 1.82153344154357910156e+00) (98, 3.43117904663085937500e+00) (99, -7.50181615352630615234e-01) (100, -8.15890908241271972656e-01) (101, -3.51900428533554077148e-01) (102, 2.76119637489318847656e+00) (103, 8.46920609474182128906e-01) (104, 2.69972133636474609375e+00) (0, 1.50000000000000000000e+03) (1, 3.39026951789855957031e+00) (2, 2.79447168111801147461e-01) (3, 2.92700433731079101562e+00) (4, 1.13854103088378906250e+01) (5, 1.62360366821289062500e+02) (6, 1.80975601077079772949e-01) (7, 1.23630037307739257812e+01) (8, -1.50000000000000000000e+03) (9, 2.95690226554870605469e+00) (10, -8.24133455753326416016e-02) (11, 2.64973497390747070312e+00) (12, 2.15672564506530761719e+00) (13, -1.50000000000000000000e+03) (14, 2.27723646163940429688e+00) (15, 2.68238925933837890625e+00) (16, -8.07919025421142578125e-01) (17, 2.42524766921997070312e+00) (18, 2.32787442207336425781e+00) (19, 4.33010816574096679688e+00) (20, 2.26446580886840820312e+00) (21, -6.32853031158447265625e-01) (22, 2.12746191024780273438e+00) (23, 1.21430641174316406250e+02) (24, 3.37275573730468750000e+02) (25, 1.50000000000000000000e+03) (26, 1.50000000000000000000e+03) (27, 2.33712029457092285156e+00) (28, 1.50000000000000000000e+03) (29, 1.50000000000000000000e+03) (30, 1.50000000000000000000e+03) (31, 1.50000000000000000000e+03) (32, 1.50000000000000000000e+03) (33, 1.50000000000000000000e+03) (34, 1.50000000000000000000e+03) (35, 1.50000000000000000000e+03) (36, 1.50000000000000000000e+03) (37, 1.50000000000000000000e+03) (38, 1.50000000000000000000e+03) (39, 1.50000000000000000000e+03) (40, 1.50000000000000000000e+03) (41, 1.50000000000000000000e+03) (42, 1.50000000000000000000e+03) (43, 1.50000000000000000000e+03) (44, 1.50000000000000000000e+03) (45, 1.50000000000000000000e+03) (46, 1.50000000000000000000e+03) (47, 1.50000000000000000000e+03) (48, 1.50000000000000000000e+03) (49, 1.50000000000000000000e+03) (50, 1.49201074218750000000e+03) (51, 1.50000000000000000000e+03) (52, 1.50000000000000000000e+03) (53, 1.50000000000000000000e+03) (54, 5.35486841201782226562e+00) (55, 1.62942237854003906250e+01) (56, 1.50000000000000000000e+03) (57, 3.16305375099182128906e+00) (58, 1.50000000000000000000e+03) (59, 3.00675678253173828125e+00) (60, 1.50000000000000000000e+03) (61, 2.23969161987304687500e+02) (62, 1.50000000000000000000e+03) (63, 1.50000000000000000000e+03) (64, 3.47919821739196777344e+00) (65, 1.50000000000000000000e+03) (66, 3.19887399673461914062e+00) (67, 2.99121046066284179688e+00) (68, 3.10768604278564453125e+00) (69, 3.28803133964538574219e+00) (70, 3.05338430404663085938e+00) (71, 3.18487429618835449219e+00) (72, 3.09677124023437500000e+00) (73, 2.25950813293457031250e+01) (74, 3.13462090492248535156e+00) (75, 3.13559269905090332031e+00) (76, 2.98882842063903808594e+00) (77, 1.50000000000000000000e+03) (78, 3.20126557350158691406e+00) (79, 3.49532699584960937500e+00) (80, 1.50000000000000000000e+03) (81, 3.39374947547912597656e+00) (82, 3.22461080551147460938e+00) (83, 1.50000000000000000000e+03) (84, 1.50000000000000000000e+03) (85, 1.50000000000000000000e+03) (86, 1.50000000000000000000e+03) (87, 2.82833933830261230469e+00) (88, 7.50863409042358398438e+00) (89, 1.50000000000000000000e+03) (90, 1.50000000000000000000e+03) (91, 2.35298595428466796875e+01) (92, 5.28955125808715820312e+00) (93, 3.13999533653259277344e+00) (94, 1.50000000000000000000e+03) (95, 1.50000000000000000000e+03) (96, 2.83970093727111816406e+00) (97, 2.98325610160827636719e+00) (98, 1.50000000000000000000e+03) (99, 3.12554216384887695312e+00) (100, 1.50000000000000000000e+03) (101, 1.50000000000000000000e+03) (102, 1.50000000000000000000e+03) (103, -1.50000000000000000000e+03) (104, -9.91342604160308837891e-01) (0, 1.53467893600463867188e+00) (1, -1.23084977269172668457e-01) (2, 2.63247847557067871094e+00) (3, -9.51142489910125732422e-01) (4, 2.50928473472595214844e+00) (5, 1.15753507614135742188e+00) (6, 1.78608226776123046875e+00) (7, -8.36396455764770507812e-01) (8, -3.20260381698608398438e+00) (9, 4.22239661216735839844e-01) (10, 1.81840205192565917969e+00) (11, -1.02229785919189453125e+00) (12, 1.11698329448699951172e+00) (13, -2.92475438117980957031e+00) (14, 1.16031968593597412109e+00) (15, 1.93452441692352294922e+00) (16, 2.02819752693176269531e+00) (17, 1.11912953853607177734e+00) (18, 1.02004301548004150391e+00) (19, 1.79479777812957763672e+00) (20, -1.03671193122863769531e+00) (21, 1.99137413501739501953e+00) (22, -2.23783642053604125977e-01) (23, -9.77562189102172851562e-01) (24, 8.90986800193786621094e-01) (25, -1.05813848972320556641e+00) (26, -1.02426707744598388672e+00) (27, 1.78519856929779052734e+00) (28, -2.80236870050430297852e-01) (29, -2.79842662811279296875e+00) (30, -8.58082592487335205078e-01) (31, -1.66328334808349609375e+00) (32, -8.49996685981750488281e-01) (33, -8.74806582927703857422e-01) (34, 3.10371160507202148438e-01) (35, -9.23629403114318847656e-01) (36, -8.37172389030456542969e-01) (37, -9.78179693222045898438e-01) (38, -9.87365841865539550781e-01) (39, -1.00845408439636230469e+00) (40, -1.20515620708465576172e+00) (41, 3.53180885314941406250e+00) (42, 2.64678740501403808594e+00) (43, -9.30010318756103515625e-01) (44, -1.26188540458679199219e+00) (45, -9.52487111091613769531e-01) (46, -4.52017450332641601562e+00) (47, -6.22808218002319335938e-01) (48, -9.68341886997222900391e-01) (49, -2.08052232861518859863e-01) (50, -2.15857952833175659180e-01) (51, -9.99685227870941162109e-01) (52, -3.05709332227706909180e-01) (53, -6.33634626865386962891e-01) (54, -2.34902620315551757812e-01) (55, -1.24796199798583984375e+00) (56, 2.55060315132141113281e+00) (57, -4.28373432159423828125e+00) (58, 4.31590795516967773438e+00) (59, 1.20228719711303710938e+00) (60, -2.47166320681571960449e-01) (61, -1.01029343903064727783e-01) (62, 1.70374441146850585938e+00) (63, 2.50467562675476074219e+00) (64, 1.59656190872192382812e+00) (65, 2.58521676063537597656e+00) (66, 1.05892956256866455078e+00) (67, -8.90578806400299072266e-01) (68, 7.61820888519287109375e+00) (69, 3.90692234039306640625e-01) (70, -2.09246560931205749512e-01) (71, -4.42431718111038208008e-01) (72, 4.30608183145523071289e-01) (73, 1.04938757419586181641e+00) (74, -4.02837753295898437500e-01) (75, -5.64680576324462890625e-01) (76, 4.08235406875610351562e+00) (77, -1.99243053793907165527e-01) (78, 2.89335227012634277344e+00) (79, -1.17887592315673828125e+01) (80, 5.91086483001708984375e+00) (81, -3.49101305007934570312e-01) (82, 1.42423605918884277344e+00) (83, 2.01424300670623779297e-01) (84, 1.79412245750427246094e-01) (85, 2.48254752159118652344e+00) (86, -1.75748622417449951172e+00) (87, 4.11889225244522094727e-01) (88, 4.72192704677581787109e-01) (89, -4.71189689636230468750e+00) (90, 4.67085123062133789062e+00) (91, 3.08848571777343750000e+00) (92, -1.14734065532684326172e+00) (93, 9.15246248245239257812e-01) (94, 2.52747106552124023438e+00) (95, -7.80675709247589111328e-01) (96, -4.56537231802940368652e-02) (97, -3.81740617752075195312e+00) (98, -1.96995913982391357422e+00) (99, 1.41229856014251708984e+00) (100, -4.25754100084304809570e-01) (101, -3.10337924957275390625e+00) (102, -1.30998051166534423828e+00) (103, 3.02166652679443359375e+00) (104, -8.36113750934600830078e-01) (0, 6.87892837524414062500e+01) (1, 1.94414081573486328125e+01) (2, 2.65021204948425292969e+00) (3, 3.28054904937744140625e+00) (4, 5.21885919570922851562e+00) (5, 3.04342071533203125000e+02) (6, 2.81184172630310058594e+00) (7, 2.03212032318115234375e+01) (8, 6.27525281906127929688e+00) (9, 2.64612770080566406250e+00) (10, -6.67335867881774902344e-01) (11, 2.15544506907463073730e-01) (12, 3.48407216370105743408e-02) (13, -1.12203102111816406250e+02) (14, -4.10339385271072387695e-01) (15, -7.48266696929931640625e+00) (16, -4.74680900573730468750e-01) (17, 1.61935496330261230469e+00) (18, -3.29445242881774902344e-01) (19, 1.35296237468719482422e+00) (20, 1.66874861717224121094e+00) (21, -1.12131118774414062500e+01) (22, 2.82924443483352661133e-01) (23, 1.91330945491790771484e+00) (24, 9.30866527557373046875e+00) (25, 2.18595099449157714844e+00) (26, 1.32323694229125976562e+00) (27, 1.21934676170349121094e+00) (28, 1.70244371891021728516e+00) (29, 1.63433761596679687500e+02) (30, 1.68545031547546386719e+00) (31, 2.59525990486145019531e+00) (32, 2.00923919677734375000e+00) (33, 1.89483451843261718750e+00) (34, 3.38822388648986816406e+00) (35, 2.78930759429931640625e+00) (36, 2.78008723258972167969e+00) (37, 1.47094976902008056641e+00) (38, 1.22620544433593750000e+01) (39, 1.51804170608520507812e+01) (40, 4.94679145812988281250e+01) (41, 1.23652517795562744141e+00) (42, 2.09460735321044921875e+00) (43, 1.58614516258239746094e+00) (44, 1.98914766311645507812e+00) (45, 1.83992397785186767578e+00) (46, 1.45331454277038574219e+00) (47, 1.46055638790130615234e+00) (48, 3.77952009439468383789e-01) (49, -2.10462932586669921875e+01) (50, -2.00522823333740234375e+01) (51, -7.39913463592529296875e+00) (52, -5.13020813465118408203e-01) (53, 2.62046070098876953125e+01) (54, 1.25131475925445556641e+00) (55, -7.51167535781860351562e-01) (56, 1.19845879077911376953e+00) (57, -9.97774600982666015625e-01) (58, 2.22671794891357421875e+00) (59, -9.59181022644042968750e+00) (60, 8.69186460971832275391e-01) (61, 2.77048379182815551758e-01) (62, 1.06299233436584472656e+00) (63, 2.30449223518371582031e+00) (64, 2.20979905128479003906e+00) (65, 2.09595799446105957031e+00) (66, -1.02985957637429237366e-02) (67, -5.04580736160278320312e-01) (68, -1.67857795953750610352e-01) (69, 2.56720960140228271484e-01) (70, 2.76932835578918457031e-01) (71, 3.81617665290832519531e-01) (72, 2.82423079013824462891e-01) (73, -1.66565628051757812500e+02) (74, 2.08957433700561523438e+00) (75, 2.12262654304504394531e+00) (76, 2.02083277702331542969e+00) (77, 2.15017867088317871094e+00) (78, 2.09915947914123535156e+00) (79, 2.26615905761718750000e+00) (80, 4.46597194671630859375e+00) (81, 2.76665472984313964844e+00) (82, 2.39951658248901367188e+00) (83, 2.26511359214782714844e+00) (84, 2.95794534683227539062e+00) (85, 3.02426910400390625000e+00) (86, 2.10214018821716308594e+00) (87, 1.71980392932891845703e+00) (88, 5.02328252792358398438e+00) (89, 3.71015586853027343750e+01) (90, 3.59017825126647949219e+00) (91, 2.10837726593017578125e+01) (92, 2.38921380043029785156e+00) (93, 2.45179605484008789062e+00) (94, 2.15495038032531738281e+00) (95, 2.47625923156738281250e+00) (96, 1.65763223171234130859e+00) (97, 4.63013857603073120117e-01) (98, 2.83763480186462402344e+00) (99, 2.11574816703796386719e+00) (100, 2.22539544105529785156e+00) (101, 1.97483050823211669922e+00) (102, 1.50000000000000000000e+03) (103, -1.50000000000000000000e+03) (104, 2.59259074926376342773e-01) (0, 1.98647904396057128906e+00) (1, -6.05249106884002685547e-01) (2, -1.24340927600860595703e+00) (3, 6.79171025753021240234e-01) (4, 1.99854028224945068359e+00) (5, -1.87155723571777343750e-01) (6, 8.70180577039718627930e-02) (7, 7.07244098186492919922e-01) (8, -9.26343977451324462891e-01) (9, -7.57738351821899414062e-01) (10, 1.45233094692230224609e+00) (11, 7.10893049836158752441e-02) (12, -3.93020659685134887695e-01) (13, 2.53697872161865234375e-01) (14, -4.70642238855361938477e-01) (15, -8.77553343772888183594e-01) (16, -7.62920796871185302734e-01) (17, 2.47343564033508300781e+00) (18, 6.93027913570404052734e-01) (19, -2.23784208297729492188e-01) (20, 2.55645132064819335938e+00) (21, -1.54659402370452880859e+00) (22, -3.40437620878219604492e-01) (23, 1.60107746720314025879e-01) (24, -1.09702277183532714844e+00) (25, 3.91391605138778686523e-01) (26, 2.66489982604980468750e+00) (27, -1.36525774002075195312e+00) (28, -4.37862366437911987305e-01) (29, -4.97914284467697143555e-01) (30, -4.83155101537704467773e-01) (31, 6.03934645652770996094e-01) (32, -7.12869763374328613281e-01) (33, 3.42931449413299560547e-01) (34, -1.94655478000640869141e-01) (35, 5.46138942241668701172e-01) (36, -3.73991578817367553711e-01) (37, 1.41014122962951660156e+00) (38, 1.41629442572593688965e-01) (39, 2.63736629486083984375e+00) (40, -6.70338496565818786621e-02) (41, 1.33839833736419677734e+00) (42, 1.72489917278289794922e+00) (43, 1.72737228870391845703e+00) (44, 1.58527839183807373047e+00) (45, 7.88058340549468994141e-01) (46, 1.30813741683959960938e+00) (47, 2.30535340309143066406e+00) (48, -1.50529122352600097656e+00) (49, 1.53452682495117187500e+00) (50, 1.27815401554107666016e+00) (51, 2.19218993186950683594e+00) (52, 1.46482408046722412109e+00) (53, 3.56054633855819702148e-01) (54, -5.27322411537170410156e-01) (55, 1.78666460514068603516e+00) (56, -1.11924493312835693359e+00) (57, -1.15389907360076904297e+00) (58, -1.68173384666442871094e+00) (59, 1.40012407302856445312e+00) (60, -9.95988070964813232422e-01) (61, 1.85536777973175048828e+00) (62, 1.81178581714630126953e+00) (63, -9.46213960647583007812e-01) (64, 1.91958320140838623047e+00) (65, -1.06969523429870605469e+00) (66, -9.83103513717651367188e-01) (67, -1.16321408748626708984e+00) (68, -1.19225883483886718750e+00) (69, -8.92518758773803710938e-01) (70, -8.42625379562377929688e-01) (71, -9.73688423633575439453e-01) (72, -9.54580366611480712891e-01) (73, -1.04281520843505859375e+00) (74, -5.97771048545837402344e-01) (75, -1.18255877494812011719e+00) (76, -5.51048576831817626953e-01) (77, -1.03720080852508544922e+00) (78, -1.04897153377532958984e+00) (79, 1.94504380226135253906e+00) (80, 1.96521663665771484375e+00) (81, -7.51521527767181396484e-01) (82, -8.98550629615783691406e-01) (83, -8.24789404869079589844e-01) (84, -9.11141872406005859375e-01) (85, -9.70856189727783203125e-01) (86, -8.77499163150787353516e-01) (87, -9.60437536239624023438e-01) (88, -8.84934723377227783203e-01) (89, 1.83508932590484619141e+00) (90, 1.72465455532073974609e+00) (91, -8.47547650337219238281e-01) (92, 1.70814013481140136719e+00) (93, -1.00651824474334716797e+00) (94, -9.41144526004791259766e-01) (95, -9.79471027851104736328e-01) (96, -1.09019279479980468750e+00) (97, -9.50689196586608886719e-01) (98, -8.96173536777496337891e-01) (99, -1.10384011268615722656e+00) (100, 1.81118178367614746094e+00) (101, -1.10779941082000732422e+00) (102, 1.49006748199462890625e+00) (103, 1.37820231914520263672e+00) (104, 3.03197789192199707031e+00) (0, 1.50000000000000000000e+03) (1, 3.18760848045349121094e+00) (2, 1.04920513927936553955e-01) (3, 2.91122031211853027344e+00) (4, 9.63360118865966796875e+00) (5, 8.37599945068359375000e+01) (6, 2.34355852007865905762e-01) (7, 1.08282442092895507812e+01) (8, -1.50000000000000000000e+03) (9, 3.14857053756713867188e+00) (10, -2.50304877758026123047e-01) (11, 2.38144826889038085938e+00) (12, 3.02903723716735839844e+00) (13, -1.50000000000000000000e+03) (14, 2.12432193756103515625e+00) (15, 2.43496179580688476562e+00) (16, -7.07391798496246337891e-01) (17, 2.28234338760375976562e+00) (18, 2.22299098968505859375e+00) (19, 4.06774473190307617188e+00) (20, 2.37726235389709472656e+00) (21, -5.72910249233245849609e-01) (22, 2.25075173377990722656e+00) (23, 1.21404716491699218750e+02) (24, 3.37151733398437500000e+02) (25, 1.50000000000000000000e+03) (26, 1.50000000000000000000e+03) (27, 2.41784572601318359375e+00) (28, 1.50000000000000000000e+03) (29, 1.50000000000000000000e+03) (30, 1.50000000000000000000e+03) (31, 1.50000000000000000000e+03) (32, 1.50000000000000000000e+03) (33, 1.50000000000000000000e+03) (34, 1.50000000000000000000e+03) (35, 1.50000000000000000000e+03) (36, 1.50000000000000000000e+03) (37, 1.50000000000000000000e+03) (38, 1.50000000000000000000e+03) (39, 1.50000000000000000000e+03) (40, 1.50000000000000000000e+03) (41, 1.50000000000000000000e+03) (42, 1.50000000000000000000e+03) (43, 1.50000000000000000000e+03) (44, 1.50000000000000000000e+03) (45, 1.50000000000000000000e+03) (46, 1.50000000000000000000e+03) (47, 1.50000000000000000000e+03) (48, 1.50000000000000000000e+03) (49, 1.50000000000000000000e+03) (50, 1.50000000000000000000e+03) (51, 1.50000000000000000000e+03) (52, 1.50000000000000000000e+03) (53, 1.50000000000000000000e+03) (54, 3.18504211425781250000e+02) (55, 9.47199859619140625000e+01) (56, 1.50000000000000000000e+03) (57, 3.10479354858398437500e+00) (58, 1.50000000000000000000e+03) (59, 3.20916366577148437500e+00) (60, 1.50000000000000000000e+03) (61, 1.62569824218750000000e+02) (62, 1.50000000000000000000e+03) (63, 1.50000000000000000000e+03) (64, 3.44765043258666992188e+00) (65, 1.50000000000000000000e+03) (66, 3.20719218254089355469e+00) (67, 3.11468505859375000000e+00) (68, 3.08737897872924804688e+00) (69, 3.39858174324035644531e+00) (70, 3.21538138389587402344e+00) (71, 3.21899771690368652344e+00) (72, 3.12991809844970703125e+00) (73, 1.60085098266601562500e+02) (74, 3.26479125022888183594e+00) (75, 3.24810767173767089844e+00) (76, 3.09953022003173828125e+00) (77, 1.50000000000000000000e+03) (78, 3.04365038871765136719e+00) (79, 4.00569248199462890625e+00) (80, 1.50000000000000000000e+03) (81, 3.48477888107299804688e+00) (82, 3.08822917938232421875e+00) (83, 1.50000000000000000000e+03) (84, 1.50000000000000000000e+03) (85, 1.50000000000000000000e+03) (86, 1.50000000000000000000e+03) (87, 2.94429922103881835938e+00) (88, 7.67654561996459960938e+00) (89, 1.50000000000000000000e+03) (90, 1.50000000000000000000e+03) (91, 1.14708480834960937500e+01) (92, 5.36925935745239257812e+00) (93, 3.18346500396728515625e+00) (94, 1.50000000000000000000e+03) (95, 1.50000000000000000000e+03) (96, 2.78089022636413574219e+00) (97, 3.07280945777893066406e+00) (98, 1.50000000000000000000e+03) (99, 3.19050192832946777344e+00) (100, 1.50000000000000000000e+03) (101, 1.50000000000000000000e+03) (102, 1.50000000000000000000e+03) (103, -1.50000000000000000000e+03) (104, -9.72572505474090576172e-01) (0, -5.77366411685943603516e-01) (1, 2.68215346336364746094e+00) (2, 2.51998496055603027344e+00) (3, -2.26576417684555053711e-01) (4, -3.79711955785751342773e-01) (5, 2.84005045890808105469e-01) (6, 1.76516652107238769531e-01) (7, -1.97506263852119445801e-01) (8, -4.01317310333251953125e+00) (9, -3.67299258708953857422e-01) (10, 1.98025536537170410156e+00) (11, 7.34579145908355712891e-01) (12, 2.41964960098266601562e+00) (13, 1.43871331214904785156e+00) (14, 1.89977157115936279297e+00) (15, 1.78968369960784912109e+00) (16, 2.08846330642700195312e+00) (17, -9.97865259647369384766e-01) (18, 1.87739157676696777344e+00) (19, 1.69815778732299804688e+00) (20, -9.45345103740692138672e-01) (21, 2.10578370094299316406e+00) (22, -3.35624307394027709961e-01) (23, -1.73451125621795654297e+00) (24, 8.97570371627807617188e-01) (25, -2.18351864814758300781e+00) (26, -1.05007326602935791016e+00) (27, -1.07497835159301757812e+00) (28, -9.68557476997375488281e-01) (29, -1.16340255737304687500e+00) (30, -1.42855226993560791016e+00) (31, -3.29506278038024902344e+00) (32, -1.14110422134399414062e+00) (33, -1.13883137702941894531e+00) (34, 3.44846034049987792969e+00) (35, -1.18198418617248535156e+00) (36, -1.26740014553070068359e+00) (37, -2.72836446762084960938e+00) (38, -1.16625332832336425781e+00) (39, -1.12734997272491455078e+00) (40, -1.32854557037353515625e+00) (41, -5.05583763122558593750e+00) (42, -2.17103585600852966309e-01) (43, -1.19936752319335937500e+00) (44, -1.09079778194427490234e+00) (45, 1.80058908462524414062e+00) (46, 1.60606551170349121094e+00) (47, 1.79336559772491455078e+00) (48, -1.09116423130035400391e+00) (49, -8.67748737335205078125e-01) (50, -9.93483960628509521484e-01) (51, -4.03311967849731445312e-01) (52, 1.65776240825653076172e+00) (53, -9.07978773117065429688e-01) (54, 2.28441095352172851562e+00) (55, -7.78792333602905273438e+00) (56, -3.99409145116806030273e-01) (57, -7.92527627944946289062e+00) (58, 3.54354643821716308594e+00) (59, 2.65513515472412109375e+00) (60, -5.65011918544769287109e-01) (61, 6.95053160190582275391e-01) (62, -4.76194083690643310547e-01) (63, -5.82017123699188232422e-01) (64, -4.64696073532104492188e+00) (65, -4.40702497959136962891e-01) (66, -2.91434741020202636719e+00) (67, 8.39764952659606933594e-01) (68, -1.80496978759765625000e+00) (69, 5.67043423652648925781e-01) (70, 2.32691574096679687500e+00) (71, 2.36573982238769531250e+00) (72, 2.22450542449951171875e+00) (73, -1.21776342391967773438e+00) (74, 2.26432442665100097656e+00) (75, 8.38970661163330078125e+00) (76, 2.42938137054443359375e+00) (77, -4.36202198266983032227e-01) (78, -2.88542342185974121094e+00) (79, 2.75584530830383300781e+00) (80, 4.78195953369140625000e+00) (81, 1.11492347717285156250e+00) (82, -2.47488260269165039062e+00) (83, 1.28862887620925903320e-01) (84, 3.31352663040161132812e+00) (85, -5.57736253738403320312e+00) (86, 9.08770680427551269531e-01) (87, -5.73580920696258544922e-01) (88, 6.80181026458740234375e+00) (89, 1.75510626286268234253e-02) (90, 8.29232096672058105469e-01) (91, 2.37475372850894927979e-02) (92, 1.77072770893573760986e-02) (93, 1.67505383491516113281e-01) (94, -5.52702784538269042969e-01) (95, 2.13644742965698242188e+00) (96, 1.00586051940917968750e+01) (97, 1.53691554069519042969e+00) (98, 3.30550765991210937500e+00) (99, -3.21430146694183349609e-01) (100, -1.14727091789245605469e+00) (101, -2.11003080010414123535e-01) (102, -1.70557665824890136719e+00) (103, 3.71223282814025878906e+00) (104, 2.23717570304870605469e+00) (0, 2.28601098060607910156e+00) (1, -6.20466053485870361328e-01) (2, 2.39213109016418457031e+00) (3, 6.10169887542724609375e+00) (4, -4.56236273050308227539e-01) (5, 1.01199722290039062500e+00) (6, 1.59119641780853271484e+00) (7, -2.79851198196411132812e+00) (8, -1.33406782150268554688e+00) (9, -3.72529745101928710938e-01) (10, 1.65210032463073730469e+00) (11, 1.61645460128784179688e+00) (12, 1.79616737365722656250e+00) (13, -4.06391143798828125000e+00) (14, 1.97851765155792236328e+00) (15, -1.03969550132751464844e+00) (16, 1.91230440139770507812e+00) (17, -1.03820228576660156250e+00) (18, -9.15698885917663574219e-01) (19, 1.64548754692077636719e+00) (20, -9.45592045783996582031e-01) (21, 1.90652596950531005859e+00) (22, 1.65039336681365966797e+00) (23, -3.04302597045898437500e+00) (24, -1.09788036346435546875e+00) (25, -1.47792613506317138672e+00) (26, -9.97718095779418945312e-01) (27, -9.40581798553466796875e-01) (28, -9.70256745815277099609e-01) (29, -9.41115498542785644531e-01) (30, -9.16846156120300292969e-01) (31, -9.49984490871429443359e-01) (32, -1.02533042430877685547e+00) (33, -1.20510077476501464844e+00) (34, -1.70633852481842041016e+00) (35, -1.05430340766906738281e+00) (36, -1.07313275337219238281e+00) (37, -1.27346241474151611328e+00) (38, -1.08444941043853759766e+00) (39, -2.52553439140319824219e+00) (40, -4.42716360092163085938e+00) (41, -9.48079168796539306641e-01) (42, -2.94222623109817504883e-01) (43, 1.79662966728210449219e+00) (44, -9.88592743873596191406e-01) (45, 1.78781712055206298828e+00) (46, 4.38412904739379882812e+00) (47, 1.95957231521606445312e+00) (48, 1.91054522991180419922e+00) (49, -1.11424314975738525391e+00) (50, 1.81867945194244384766e+00) (51, -1.08219969272613525391e+00) (52, 1.72662115097045898438e+00) (53, -1.05963993072509765625e+00) (54, 1.87626373767852783203e+00) (55, -5.57419359683990478516e-02) (56, -3.73640179634094238281e-01) (57, -7.33952856063842773438e+00) (58, -2.03306794166564941406e+00) (59, 5.23722219467163085938e+00) (60, -4.16939228773117065430e-01) (61, 2.08201482892036437988e-01) (62, -2.36545100808143615723e-01) (63, -2.29237928986549377441e-01) (64, 1.71409356594085693359e+00) (65, -3.74511122703552246094e-01) (66, 3.06556081771850585938e+00) (67, 6.42228126525878906250e+00) (68, -9.89705443382263183594e-01) (69, 6.23539149761199951172e-01) (70, -3.09168487787246704102e-01) (71, -3.49998146295547485352e-01) (72, 2.60045289993286132812e+00) (73, -3.23886752128601074219e-01) (74, -3.15835148096084594727e-01) (75, -1.11077511310577392578e+00) (76, -4.47965800762176513672e-01) (77, -2.44474872946739196777e-01) (78, -3.91776514053344726562e+00) (79, -4.25551146268844604492e-01) (80, 3.18684244155883789062e+00) (81, 4.81219911575317382812e+00) (82, 1.62720990180969238281e+00) (83, 1.86437559127807617188e+00) (84, -3.80099630355834960938e+00) (85, 3.14037609100341796875e+00) (86, -4.11076664924621582031e-01) (87, 2.44713568687438964844e+00) (88, 1.09599284827709197998e-01) (89, 1.10061907768249511719e+00) (90, -4.52704608440399169922e-01) (91, 1.27439606189727783203e+00) (92, 2.25837874412536621094e+00) (93, -1.57405114173889160156e+00) (94, -3.08573722839355468750e-01) (95, -1.17832911014556884766e+00) (96, -3.80574613809585571289e-01) (97, -1.18651556968688964844e+00) (98, -1.68566301465034484863e-01) (99, 6.70671105384826660156e-01) (100, -5.05577623844146728516e-01) (101, 3.52862858772277832031e+00) (102, -1.22720801830291748047e+00) (103, 3.10638904571533203125e+00) (104, 2.03065896034240722656e+00) (0, -5.08040904998779296875e+00) (1, -5.17275094985961914062e-01) (2, 3.24405342340469360352e-01) (3, 2.46070528030395507812e+00) (4, 2.42357110977172851562e+00) (5, -1.62873819470405578613e-01) (6, 1.12695109844207763672e+00) (7, -2.33827781677246093750e+00) (8, -1.90397739410400390625e+00) (9, -5.54534137248992919922e-01) (10, -1.05391764640808105469e+00) (11, 1.17967462539672851562e+00) (12, -3.06862413883209228516e-01) (13, -2.06324681639671325684e-01) (14, -1.35999357700347900391e+00) (15, 3.67637228965759277344e+00) (16, 4.79801654815673828125e+00) (17, -2.33893230557441711426e-01) (18, 2.24550294876098632812e+00) (19, 4.82579994201660156250e+00) (20, 4.06431818008422851562e+00) (21, -5.44618034362792968750e+00) (22, -1.61578023433685302734e+00) (23, 6.24171304702758789062e+00) (24, -3.72990822792053222656e+00) (25, -2.14050576090812683105e-01) (26, 4.57920837402343750000e+00) (27, -1.90957510471343994141e+00) (28, -9.57931232452392578125e+00) (29, -6.20108270645141601562e+00) (30, 1.03744068145751953125e+01) (31, 1.61761856079101562500e+00) (32, -7.17091381549835205078e-01) (33, 3.16973519325256347656e+00) (34, -2.52953457832336425781e+00) (35, 4.75900411605834960938e+00) (36, -1.51858016848564147949e-01) (37, 8.53804275393486022949e-02) (38, 2.98927354812622070312e+00) (39, 9.55081462860107421875e-01) (40, -2.60260009765625000000e+00) (41, -3.42723280191421508789e-01) (42, 4.93499851226806640625e+00) (43, -8.82491111755371093750e-01) (44, -4.21017289161682128906e-01) (45, -2.14005422592163085938e+00) (46, 6.42164409160614013672e-01) (47, 1.00856151580810546875e+01) (48, 6.20952272415161132812e+00) (49, -1.99441182613372802734e+00) (50, -1.07431721687316894531e+00) (51, -2.27550268173217773438e+00) (52, 1.79158246517181396484e+00) (53, -3.36923003196716308594e+00) (54, 9.07568454742431640625e+00) (55, -1.50161802768707275391e+00) (56, -1.77002751827239990234e+00) (57, 2.19817709922790527344e+00) (58, -1.61923682689666748047e+00) (59, -1.02332162857055664062e+00) (60, 7.40767270326614379883e-02) (61, -3.57795834541320800781e+00) (62, -4.72377359867095947266e-01) (63, -9.91301894187927246094e-01) (64, -8.89133214950561523438e-01) (65, -3.19113552570343017578e-01) (66, -3.85486602783203125000e+00) (67, 5.01843118667602539062e+00) (68, -6.72040462493896484375e-01) (69, -6.71209454536437988281e-01) (70, 6.61710500717163085938e-01) (71, 8.42271685600280761719e-01) (72, 1.35711383819580078125e+00) (73, -9.47344064712524414062e-01) (74, -4.27063763141632080078e-01) (75, -6.65590882301330566406e-01) (76, 1.43149864673614501953e+00) (77, 3.73684048652648925781e+00) (78, 2.30004239082336425781e+00) (79, 1.31755900382995605469e+00) (80, -3.11401396989822387695e-01) (81, -9.49559628963470458984e-01) (82, 8.57770919799804687500e-01) (83, 1.30485117435455322266e+00) (84, -4.23239183425903320312e+00) (85, 4.23774063587188720703e-01) (86, 2.09365868568420410156e+00) (87, -1.11293721199035644531e+00) (88, -3.70533680915832519531e+00) (89, -9.25767958164215087891e-01) (90, -3.13155508041381835938e+00) (91, -9.49525535106658935547e-01) (92, -5.73807656764984130859e-01) (93, 2.26531100273132324219e+00) (94, -4.46920722723007202148e-01) (95, -8.81036996841430664062e-01) (96, -7.76332199573516845703e-01) (97, -6.98961377143859863281e-01) (98, -9.14158642292022705078e-01) (99, -8.63147974014282226562e-01) (100, -7.29992985725402832031e-01) (101, 2.27997922897338867188e+00) (102, 1.78045082092285156250e+00) (103, 7.38170087337493896484e-01) (104, 2.44355916976928710938e+00) (0, 2.41463613510131835938e+00) (1, -4.47266995906829833984e-01) (2, -1.68029856681823730469e+00) (3, 2.32883119583129882812e+00) (4, 2.12214064598083496094e+00) (5, -8.23898506164550781250e+00) (6, 1.92212963104248046875e+00) (7, -8.67528057098388671875e+00) (8, 2.06689611077308654785e-01) (9, -2.22610783576965332031e+00) (10, 3.99295735359191894531e+00) (11, 1.10156857967376708984e+00) (12, -2.19761276245117187500e+00) (13, 2.02069997787475585938e+00) (14, 1.31928050518035888672e+00) (15, -3.19677543640136718750e+00) (16, 1.06013619899749755859e+00) (17, 5.10718226432800292969e-01) (18, -2.08148956298828125000e+00) (19, -5.27071297168731689453e-01) (20, 7.51364612579345703125e+00) (21, 3.36765456199645996094e+00) (22, -8.71638357639312744141e-01) (23, -1.50712394714355468750e+00) (24, 2.61314606666564941406e+00) (25, -5.57943463325500488281e-01) (26, 3.12320124357938766479e-02) (27, 3.28705739974975585938e+00) (28, 8.31533145904541015625e+00) (29, 4.22380268573760986328e-01) (30, 1.65880203247070312500e+00) (31, -7.66157686710357666016e-01) (32, -3.71670842170715332031e+00) (33, -9.02923464775085449219e-01) (34, -3.69886398315429687500e+00) (35, 2.85260558128356933594e+00) (36, 7.01723337173461914062e+00) (37, -3.44454407691955566406e+00) (38, 2.75656890869140625000e+00) (39, 1.44887566566467285156e+00) (40, 7.31352710723876953125e+00) (41, -2.63795018196105957031e+00) (42, -6.15097999572753906250e-01) (43, 1.55098283290863037109e+00) (44, 5.41888892650604248047e-01) (45, -3.08715677261352539062e+00) (46, -1.17672502994537353516e+00) (47, -5.08524513244628906250e+00) (48, -1.24098861217498779297e+00) (49, -3.43799138069152832031e+00) (50, 2.55161714553833007812e+00) (51, -1.27323925495147705078e+00) (52, 7.48334228992462158203e-01) (53, -2.03977972269058227539e-01) (54, -2.75653600692749023438e+00) (55, 1.79389238357543945312e+00) (56, 3.29345750808715820312e+00) (57, 4.86345624923706054688e+00) (58, 3.43456804752349853516e-01) (59, 1.39045524597167968750e+00) (60, -2.01581406593322753906e+00) (61, -1.25355935096740722656e+00) (62, -2.01515412330627441406e+00) (63, -1.73046934604644775391e+00) (64, 1.98193025588989257812e+00) (65, -9.98945891857147216797e-01) (66, -4.91278052330017089844e-01) (67, 8.48580062389373779297e-01) (68, 2.26243591308593750000e+00) (69, -6.97358071804046630859e-01) (70, -8.26942265033721923828e-01) (71, -7.53432154655456542969e-01) (72, -1.56635105609893798828e+00) (73, -7.08608254790306091309e-02) (74, 3.73561739921569824219e+00) (75, -4.47154700756072998047e-01) (76, -1.56966316699981689453e+00) (77, 2.24977922439575195312e+00) (78, -2.90770709514617919922e-01) (79, 4.07190132141113281250e+00) (80, 1.71623945236206054688e+00) (81, -5.74254333972930908203e-01) (82, -6.52097016572952270508e-02) (83, -3.87057900428771972656e-01) (84, -2.92106842994689941406e+00) (85, -1.19705808162689208984e+00) (86, -9.33250486850738525391e-01) (87, -9.12956535816192626953e-01) (88, -1.05702018737792968750e+00) (89, -1.03530180454254150391e+00) (90, -1.01954340934753417969e+00) (91, 1.99599254131317138672e+00) (92, -7.38695740699768066406e-01) (93, 1.81907021999359130859e+00) (94, -6.54266536235809326172e-01) (95, -8.60396146774291992188e-01) (96, 2.08917784690856933594e+00) (97, -7.79437065124511718750e-01) (98, -8.72839868068695068359e-01) (99, -9.02682960033416748047e-01) (100, -8.74470293521881103516e-01) (101, 1.90142238140106201172e+00) (102, 2.78563046455383300781e+00) (103, -3.26141268014907836914e-02) (104, -1.83996319770812988281e-01) (0, 7.16909766197204589844e-01) (1, 5.38209021091461181641e-01) (2, -9.56982016563415527344e-01) (3, -1.39277637004852294922e-01) (4, -8.69774401187896728516e-01) (5, -5.40571391582489013672e-01) (6, 1.90860819816589355469e+00) (7, 2.68963670730590820312e+00) (8, 4.44529354572296142578e-01) (9, -6.52679920196533203125e-01) (10, -4.64973747730255126953e-01) (11, -5.80261170864105224609e-01) (12, 2.74153661727905273438e+00) (13, -4.33548867702484130859e-01) (14, 1.68516623973846435547e+00) (15, 3.67138534784317016602e-01) (16, -4.56285566091537475586e-01) (17, 1.68146479129791259766e+00) (18, 9.38333094120025634766e-01) (19, 4.49630349874496459961e-01) (20, -4.03170406818389892578e-01) (21, 2.62373948097229003906e+00) (22, 2.30645179748535156250e+00) (23, 2.25556087493896484375e+00) (24, 1.15838551521301269531e+00) (25, 1.97575962543487548828e+00) (26, -4.32072848081588745117e-01) (27, -4.16610449552536010742e-01) (28, -2.55169987678527832031e-01) (29, -5.52336990833282470703e-01) (30, -2.99081444740295410156e-01) (31, 5.17404079437255859375e-01) (32, -6.63560986518859863281e-01) (33, 2.45091366767883300781e+00) (34, -2.24037900567054748535e-01) (35, 1.02009332180023193359e+00) (36, -6.83796525001525878906e-01) (37, 2.43255162239074707031e+00) (38, -8.44730973243713378906e-01) (39, -7.99227476119995117188e-01) (40, -6.02505207061767578125e-01) (41, 1.78978967666625976562e+00) (42, -8.68635773658752441406e-01) (43, 2.80285978317260742188e+00) (44, 2.43795609474182128906e+00) (45, -6.58024668693542480469e-01) (46, 7.02926337718963623047e-01) (47, -5.79161465167999267578e-01) (48, 2.23448967933654785156e+00) (49, -6.22598528861999511719e-01) (50, -3.82776826620101928711e-01) (51, 4.95977818965911865234e-01) (52, 6.94453954696655273438e-01) (53, -5.18817603588104248047e-01) (54, -2.65014886856079101562e-01) (55, 1.71322584152221679688e-01) (56, -1.10472869873046875000e+00) (57, -9.10259902477264404297e-01) (58, 3.75503003597259521484e-01) (59, 1.48689854145050048828e+00) (60, -9.96155321598052978516e-01) (61, -3.51911216974258422852e-01) (62, -4.80107516050338745117e-01) (63, -8.17054390907287597656e-01) (64, 1.32815027236938476562e+00) (65, -8.18559765815734863281e-01) (66, 1.57290667295455932617e-01) (67, -2.33450122177600860596e-02) (68, 3.39780032634735107422e-01) (69, -9.54795897006988525391e-01) (70, -7.24342286586761474609e-01) (71, -8.98306608200073242188e-01) (72, -1.11034131050109863281e+00) (73, 1.77471518516540527344e+00) (74, -8.57911109924316406250e-01) (75, -1.22057819366455078125e+00) (76, 6.50016665458679199219e-01) (77, -1.11745679378509521484e+00) (78, 5.43623030185699462891e-01) (79, -7.39435076713562011719e-01) (80, -1.02758169174194335938e+00) (81, -1.31604826450347900391e+00) (82, 6.79503619670867919922e-01) (83, -1.12563645839691162109e+00) (84, 1.32955610752105712891e+00) (85, -1.20012569427490234375e+00) (86, -1.10575318336486816406e+00) (87, -9.77638840675354003906e-01) (88, 1.28144228458404541016e+00) (89, -1.31395578384399414062e+00) (90, -1.17195260524749755859e+00) (91, -1.24611759185791015625e+00) (92, -1.06324827671051025391e+00) (93, -1.08997690677642822266e+00) (94, -1.09237897396087646484e+00) (95, -9.38511252403259277344e-01) (96, -5.13074994087219238281e-01) (97, -1.05624675750732421875e+00) (98, -1.13058483600616455078e+00) (99, -9.23668503761291503906e-01) (100, -8.75328183174133300781e-01) (101, -9.39776003360748291016e-01) (102, 6.84200644493103027344e-01) (103, 1.72493755817413330078e+00) (104, 2.60738253593444824219e+00) (0, 1.50000000000000000000e+03) (1, 2.21476054191589355469e+00) (2, -5.28909265995025634766e-01) (3, 2.21943306922912597656e+00) (4, 6.69204950332641601562e+00) (5, 7.50185680389404296875e+00) (6, -5.34214138984680175781e-01) (7, 1.22189235687255859375e+00) (8, -1.50000000000000000000e+03) (9, 2.46646285057067871094e+00) (10, 2.77653366327285766602e-01) (11, 4.46899747848510742188e+00) (12, 2.97377872467041015625e+00) (13, -1.50000000000000000000e+03) (14, 2.91679096221923828125e+00) (15, 3.06228685379028320312e+00) (16, 3.54782864451408386230e-02) (17, 2.93665862083435058594e+00) (18, 3.03871107101440429688e+00) (19, 4.70249843597412109375e+00) (20, 3.05704760551452636719e+00) (21, 9.63900312781333923340e-02) (22, 2.84227776527404785156e+00) (23, 1.37478210449218750000e+02) (24, 3.38611663818359375000e+02) (25, 1.50000000000000000000e+03) (26, 1.50000000000000000000e+03) (27, 2.93124723434448242188e+00) (28, 1.50000000000000000000e+03) (29, 1.50000000000000000000e+03) (30, 1.50000000000000000000e+03) (31, 1.50000000000000000000e+03) (32, 1.50000000000000000000e+03) (33, 1.50000000000000000000e+03) (34, 1.50000000000000000000e+03) (35, 1.50000000000000000000e+03) (36, 1.50000000000000000000e+03) (37, 1.50000000000000000000e+03) (38, 1.50000000000000000000e+03) (39, 1.50000000000000000000e+03) (40, 1.50000000000000000000e+03) (41, 1.50000000000000000000e+03) (42, 1.50000000000000000000e+03) (43, 1.50000000000000000000e+03) (44, 1.50000000000000000000e+03) (45, 1.50000000000000000000e+03) (46, 1.50000000000000000000e+03) (47, 1.50000000000000000000e+03) (48, 1.50000000000000000000e+03) (49, 1.50000000000000000000e+03) (50, 1.50000000000000000000e+03) (51, 1.50000000000000000000e+03) (52, 1.50000000000000000000e+03) (53, 1.50000000000000000000e+03) (54, 6.32263135910034179688e+00) (55, 1.50000000000000000000e+03) (56, 1.50000000000000000000e+03) (57, 2.53049087524414062500e+00) (58, 1.50000000000000000000e+03) (59, 2.35796427726745605469e+00) (60, 1.50000000000000000000e+03) (61, 1.61715530395507812500e+02) (62, 1.50000000000000000000e+03) (63, 1.50000000000000000000e+03) (64, 2.86061811447143554688e+00) (65, 1.50000000000000000000e+03) (66, 2.57372736930847167969e+00) (67, 2.37525272369384765625e+00) (68, 2.43184590339660644531e+00) (69, 2.60569429397583007812e+00) (70, 2.34880423545837402344e+00) (71, 2.29602432250976562500e+00) (72, 2.33867049217224121094e+00) (73, 6.87936973571777343750e+00) (74, 2.51593804359436035156e+00) (75, 2.60193228721618652344e+00) (76, 2.42572522163391113281e+00) (77, 1.50000000000000000000e+03) (78, 2.38357615470886230469e+00) (79, 3.90862917900085449219e+00) (80, 1.50000000000000000000e+03) (81, 2.72559738159179687500e+00) (82, 2.49145650863647460938e+00) (83, 1.50000000000000000000e+03) (84, 1.50000000000000000000e+03) (85, 1.50000000000000000000e+03) (86, 1.50000000000000000000e+03) (87, 2.20684242248535156250e+00) (88, 6.94438648223876953125e+00) (89, 1.50000000000000000000e+03) (90, 1.50000000000000000000e+03) (91, 3.64200210571289062500e+00) (92, 4.60141277313232421875e+00) (93, 2.71372103691101074219e+00) (94, 1.50000000000000000000e+03) (95, 1.50000000000000000000e+03) (96, 2.16559720039367675781e+00) (97, 2.19662833213806152344e+00) (98, 1.50000000000000000000e+03) (99, 2.24154949188232421875e+00) (100, 1.50000000000000000000e+03) (101, 1.50000000000000000000e+03) (102, 1.50000000000000000000e+03) (103, -1.50000000000000000000e+03) (104, -5.11427521705627441406e-01) (0, -6.21506977081298828125e+00) (1, -3.16637083888053894043e-02) (2, 2.02463793754577636719e+00) (3, 2.08090353012084960938e+00) (4, 2.70150494575500488281e+00) (5, 4.04703330993652343750e+00) (6, -8.98849666118621826172e-01) (7, 1.52301502227783203125e+00) (8, 7.23071517944335937500e+01) (9, -7.56737172603607177734e-01) (10, 2.76098108291625976562e+00) (11, 2.75830292701721191406e+00) (12, 1.89275872707366943359e+00) (13, -5.00044822692871093750e+00) (14, -2.83592343330383300781e-01) (15, -2.97313766479492187500e+01) (16, -3.14119505882263183594e+00) (17, 2.48433089256286621094e+00) (18, -1.71875834465026855469e-01) (19, 2.25775027275085449219e+00) (20, 2.41383075714111328125e+00) (21, -4.00039339065551757812e+00) (22, -3.54750573635101318359e-01) (23, 1.20497554540634155273e-01) (24, 2.58049517869949340820e-01) (25, 2.97614598274230957031e+00) (26, 2.56340742111206054688e+00) (27, -2.28003188967704772949e-01) (28, 2.60700869560241699219e+00) (29, 2.98784303665161132812e+00) (30, 4.10561352968215942383e-01) (31, 2.05152816772460937500e+01) (32, -8.05112779140472412109e-01) (33, 8.13698959350585937500e+00) (34, 7.27566289901733398438e+00) (35, 2.94416379928588867188e+00) (36, 3.09385800361633300781e+00) (37, 2.76589012145996093750e+00) (38, 3.08565616607666015625e+00) (39, 3.04997706413269042969e+00) (40, 3.13781051635742187500e+01) (41, -1.65656685829162597656e-01) (42, -6.49703562259674072266e-01) (43, 1.84964045882225036621e-01) (44, 1.76686495542526245117e-01) (45, 9.46516543626785278320e-02) (46, 6.10350751876831054688e+00) (47, 4.13688093423843383789e-01) (48, 9.14867579936981201172e-01) (49, -5.45484066009521484375e+00) (50, -4.53674268722534179688e+00) (51, -2.51151895523071289062e+00) (52, 3.59272072091698646545e-03) (53, 3.44443941116333007812e+00) (54, -7.52424359321594238281e-01) (55, -4.77067887783050537109e-01) (56, 2.12628650665283203125e+00) (57, 2.68203091621398925781e+00) (58, 2.25286269187927246094e+00) (59, -2.19542336463928222656e+00) (60, -3.32258939743041992188e+00) (61, 6.43128514289855957031e-01) (62, 2.66943305730819702148e-01) (63, 2.17823338508605957031e+00) (64, -7.20346868038177490234e-01) (65, 1.18110859394073486328e+00) (66, -4.80738848447799682617e-01) (67, -9.27264630794525146484e-01) (68, -8.14929604530334472656e-01) (69, -7.67607927322387695312e-01) (70, 2.11985588073730468750e+00) (71, -2.82346278429031372070e-01) (72, -1.91696012020111083984e+00) (73, -4.63461875915527343750e+01) (74, 2.01550936698913574219e+00) (75, 2.10123848915100097656e+00) (76, -7.60993778705596923828e-01) (77, 5.31357884407043457031e-01) (78, 1.80780935287475585938e+00) (79, 2.15289115905761718750e+00) (80, 5.96626234054565429688e+00) (81, 2.14833593368530273438e+00) (82, 1.85366857051849365234e+00) (83, 2.12147474288940429688e+00) (84, 2.29683876037597656250e+00) (85, 2.42825403809547424316e-01) (86, -8.36451649665832519531e-02) (87, -3.98065328598022460938e-01) (88, 3.75848126411437988281e+00) (89, 6.47774267196655273438e+00) (90, 2.76186132431030273438e+00) (91, 4.88018989562988281250e+00) (92, 2.10764455795288085938e+00) (93, -6.47951960563659667969e-01) (94, 1.23075318336486816406e+00) (95, 3.72199416160583496094e-02) (96, 8.88331234455108642578e-01) (97, 1.40198534354567527771e-02) (98, 2.28731465339660644531e+00) (99, 2.10150218009948730469e+00) (100, 1.35111248493194580078e+00) (101, 2.05779623985290527344e+00) (102, 2.68754816055297851562e+00) (103, 1.96322426199913024902e-01) (104, 1.52944564819335937500e+00) (105, 7.33297061920166015625e+00) (106, 2.26779890060424804688e+00) (107, -1.10825681686401367188e+00) (108, 2.13904404640197753906e+00) (109, 3.31175851821899414062e+00) (110, -9.41411852836608886719e-01) (111, -9.57071840763092041016e-01) (112, 3.39546227455139160156e+00) (113, -9.63499307632446289062e-01) (114, 3.58550143241882324219e+00) (115, -9.00188446044921875000e-01) (116, -1.04706501960754394531e+00) (117, -6.57804489135742187500e+00) (118, -1.36055231094360351562e+00) (119, 3.61126661300659179688e+00) (120, -8.97404551506042480469e-01) (121, -2.90886855125427246094e+00) (122, -1.05659747123718261719e+00) (123, 3.49325919151306152344e+00) (124, 3.88360500335693359375e+00) (125, 3.45150685310363769531e+00) (126, 3.51548337936401367188e+00) (127, 2.15940308570861816406e+00) (128, -1.01116931438446044922e+00) (129, -2.28311848640441894531e+00) (130, 2.26142930984497070312e+00) 
