FANN_FLO_2.1
num_layers=3
learning_rate=0.700000
connection_rate=1.000000
network_type=0
learning_momentum=0.000000
training_algorithm=2
train_error_function=1
train_stop_function=0
cascade_output_change_fraction=0.010000
quickprop_decay=-0.000100
quickprop_mu=1.750000
rprop_increase_factor=1.200000
rprop_decrease_factor=0.500000
rprop_delta_min=0.000000
rprop_delta_max=50.000000
rprop_delta_zero=0.100000
cascade_output_stagnation_epochs=12
cascade_candidate_change_fraction=0.010000
cascade_candidate_stagnation_epochs=12
cascade_max_out_epochs=150
cascade_max_cand_epochs=150
cascade_num_candidate_groups=2
bit_fail_limit=3.49999994039535522461e-01
cascade_candidate_limit=1.00000000000000000000e+03
cascade_weight_multiplier=4.00000005960464477539e-01
cascade_activation_functions_count=10
cascade_activation_functions=3 5 7 8 10 11 14 15 16 17 
cascade_activation_steepnesses_count=4
cascade_activation_steepnesses=2.50000000000000000000e-01 5.00000000000000000000e-01 7.50000000000000000000e-01 1.00000000000000000000e+00 
layer_sizes=105 26 2 
scale_included=0
neurons (num_inputs, activation_function, activation_steepness)=(0, 0, 0.00000000000000000000e+00) (0, 0, 0.00000000000000000000e+00) (0, 0, 0.00000000000000000000e+00) (0, 0, 0.00000000000000000000e+00) (0, 0, 0.00000000000000000000e+00) (0, 0, 0.00000000000000000000e+00) (0, 0, 0.00000000000000000000e+00) (0, 0, 0.00000000000000000000e+00) (0, 0, 0.00000000000000000000e+00) (0, 0, 0.00000000000000000000e+00) (0, 0, 0.00000000000000000000e+00) (0, 0, 0.00000000000000000000e+00) (0, 0, 0.00000000000000000000e+00) (0, 0, 0.00000000000000000000e+00) (0, 0, 0.00000000000000000000e+00) (0, 0, 0.00000000000000000000e+00) (0, 0, 0.00000000000000000000e+00) (0, 0, 0.00000000000000000000e+00) (0, 0, 0.00000000000000000000e+00) (0, 0, 0.00000000000000000000e+00) (0, 0, 0.00000000000000000000e+00) (0, 0, 0.00000000000000000000e+00) (0, 0, 0.00000000000000000000e+00) (0, 0, 0.00000000000000000000e+00) (0, 0, 0.00000000000000000000e+00) (0, 0, 0.00000000000000000000e+00) (0, 0, 0.00000000000000000000e+00) (0, 0, 0.00000000000000000000e+00) (0, 0, 0.00000000000000000000e+00) (0, 0, 0.00000000000000000000e+00) (0, 0, 0.00000000000000000000e+00) (0, 0, 0.00000000000000000000e+00) (0, 0, 0.00000000000000000000e+00) (0, 0, 0.00000000000000000000e+00) (0, 0, 0.00000000000000000000e+00) (0, 0, 0.00000000000000000000e+00) (0, 0, 0.00000000000000000000e+00) (0, 0, 0.00000000000000000000e+00) (0, 0, 0.00000000000000000000e+00) (0, 0, 0.00000000000000000000e+00) (0, 0, 0.00000000000000000000e+00) (0, 0, 0.00000000000000000000e+00) (0, 0, 0.00000000000000000000e+00) (0, 0, 0.00000000000000000000e+00) (0, 0, 0.00000000000000000000e+00) (0, 0, 0.00000000000000000000e+00) (0, 0, 0.00000000000000000000e+00) (0, 0, 0.00000000000000000000e+00) (0, 0, 0.00000000000000000000e+00) (0, 0, 0.00000000000000000000e+00) (0, 0, 0.00000000000000000000e+00) (0, 0, 0.00000000000000000000e+00) (0, 0, 0.00000000000000000000e+00) (0, 0, 0.00000000000000000000e+00) (0, 0, 0.00000000000000000000e+00) (0, 0, 0.00000000000000000000e+00) (0, 0, 0.00000000000000000000e+00) (0, 0, 0.00000000000000000000e+00) (0, 0, 0.00000000000000000000e+00) (0, 0, 0.00000000000000000000e+00) (0, 0, 0.00000000000000000000e+00) (0, 0, 0.00000000000000000000e+00) (0, 0, 0.00000000000000000000e+00) (0, 0, 0.00000000000000000000e+00) (0, 0, 0.00000000000000000000e+00) (0, 0, 0.00000000000000000000e+00) (0, 0, 0.00000000000000000000e+00) (0, 0, 0.00000000000000000000e+00) (0, 0, 0.00000000000000000000e+00) (0, 0, 0.00000000000000000000e+00) (0, 0, 0.00000000000000000000e+00) (0, 0, 0.00000000000000000000e+00) (0, 0, 0.00000000000000000000e+00) (0, 0, 0.00000000000000000000e+00) (0, 0, 0.00000000000000000000e+00) (0, 0, 0.00000000000000000000e+00) (0, 0, 0.00000000000000000000e+00) (0, 0, 0.00000000000000000000e+00) (0, 0, 0.00000000000000000000e+00) (0, 0, 0.00000000000000000000e+00) (0, 0, 0.00000000000000000000e+00) (0, 0, 0.00000000000000000000e+00) (0, 0, 0.00000000000000000000e+00) (0, 0, 0.00000000000000000000e+00) (0, 0, 0.00000000000000000000e+00) (0, 0, 0.00000000000000000000e+00) (0, 0, 0.00000000000000000000e+00) (0, 0, 0.00000000000000000000e+00) (0, 0, 0.00000000000000000000e+00) (0, 0, 0.00000000000000000000e+00) (0, 0, 0.00000000000000000000e+00) (0, 0, 0.00000000000000000000e+00) (0, 0, 0.00000000000000000000e+00) (0, 0, 0.00000000000000000000e+00) (0, 0, 0.00000000000000000000e+00) (0, 0, 0.00000000000000000000e+00) (0, 0, 0.00000000000000000000e+00) (0, 0, 0.00000000000000000000e+00) (0, 0, 0.00000000000000000000e+00) (0, 0, 0.00000000000000000000e+00) (0, 0, 0.00000000000000000000e+00) (0, 0, 0.00000000000000000000e+00) (0, 0, 0.00000000000000000000e+00) (0, 0, 0.00000000000000000000e+00) (0, 0, 0.00000000000000000000e+00) (105, 5, 5.00000000000000000000e-01) (105, 5, 5.00000000000000000000e-01) (105, 5, 5.00000000000000000000e-01) (105, 5, 5.00000000000000000000e-01) (105, 5, 5.00000000000000000000e-01) (105, 5, 5.00000000000000000000e-01) (105, 5, 5.00000000000000000000e-01) (105, 5, 5.00000000000000000000e-01) (105, 5, 5.00000000000000000000e-01) (105, 5, 5.00000000000000000000e-01) (105, 5, 5.00000000000000000000e-01) (105, 5, 5.00000000000000000000e-01) (105, 5, 5.00000000000000000000e-01) (105, 5, 5.00000000000000000000e-01) (105, 5, 5.00000000000000000000e-01) (105, 5, 5.00000000000000000000e-01) (105, 5, 5.00000000000000000000e-01) (105, 5, 5.00000000000000000000e-01) (105, 5, 5.00000000000000000000e-01) (105, 5, 5.00000000000000000000e-01) (105, 5, 5.00000000000000000000e-01) (105, 5, 5.00000000000000000000e-01) (105, 5, 5.00000000000000000000e-01) (105, 5, 5.00000000000000000000e-01) (105, 5, 5.00000000000000000000e-01) (0, 5, 0.00000000000000000000e+00) (26, 5, 5.00000000000000000000e-01) (0, 5, 0.00000000000000000000e+00) 
connections (connected_to_neuron, weight)=(0, -1.11725893020629882812e+01) (1, 2.54882359504699707031e+00) (2, 2.52916073799133300781e+00) (3, 8.03768157958984375000e-01) (4, 1.20872068405151367188e+00) (5, 2.47717902064323425293e-01) (6, 1.39337861537933349609e+00) (7, 3.80487418174743652344e+00) (8, -6.77963256835937500000e-01) (9, 2.35168647766113281250e+00) (10, -5.04281163215637207031e-01) (11, 7.55446374416351318359e-01) (12, -3.26778084039688110352e-01) (13, 3.17554593086242675781e-01) (14, 9.34125661849975585938e-01) (15, 8.31270873546600341797e-01) (16, 1.28271150588989257812e+00) (17, -3.98847877979278564453e-01) (18, 3.52187782526016235352e-01) (19, -1.65001142024993896484e+00) (20, 6.42372846603393554688e-01) (21, -1.79336443543434143066e-01) (22, 6.08113467693328857422e-01) (23, 9.16427433490753173828e-01) (24, 4.96232777833938598633e-01) (25, -1.09358158111572265625e+01) (26, -5.46558201313018798828e-01) (27, -4.46854084730148315430e-01) (28, -1.00636470317840576172e+00) (29, 1.12936377525329589844e+00) (30, 1.59609630703926086426e-01) (31, 7.32936263084411621094e-01) (32, 4.00731831789016723633e-01) (33, -2.31366485357284545898e-01) (34, -1.63774394989013671875e+00) (35, -8.11305403709411621094e-01) (36, -1.27334332466125488281e+00) (37, -5.69734752178192138672e-01) (38, 1.80249929428100585938e-01) (39, -8.79919052124023437500e-01) (40, -3.10317784547805786133e-01) (41, -3.14288687705993652344e+00) (42, -3.72768118977546691895e-02) (43, 1.05833327770233154297e+00) (44, 6.63714587688446044922e-01) (45, -3.74260962009429931641e-01) (46, 6.94242286682128906250e+00) (47, 4.67252016067504882812e+00) (48, 1.07698237895965576172e+00) (49, 5.92387676239013671875e-01) (50, -1.23414792120456695557e-01) (51, 1.07896900177001953125e+00) (52, 8.39714288711547851562e-01) (53, 2.21955299377441406250e+00) (54, 1.12763822078704833984e+00) (55, -4.58657693862915039062e+00) (56, 6.36662602424621582031e-01) (57, 3.01199364662170410156e+00) (58, 6.58247280120849609375e+00) (59, -5.55023527145385742188e+00) (60, 7.52064168453216552734e-01) (61, -2.45942926406860351562e+00) (62, 1.04217612743377685547e+00) (63, 8.86605918407440185547e-01) (64, 1.95241177082061767578e+00) (65, 1.12163174152374267578e+00) (66, 2.79689311981201171875e+00) (67, -3.87186956405639648438e+00) (68, 4.31255191564559936523e-01) (69, -3.85785102844238281250e-01) (70, 1.81947636604309082031e+00) (71, 1.19233965873718261719e+00) (72, 4.71605157852172851562e+00) (73, 8.17545509338378906250e+00) (74, -1.79835307598114013672e+00) (75, -1.29037723541259765625e+01) (76, -5.94289064407348632812e-01) (77, 2.22251558303833007812e+00) (78, 5.32694101333618164062e+00) (79, -1.35240161418914794922e+00) (80, -1.28640413284301757812e+00) (81, 1.49907469749450683594e+00) (82, 2.72815394401550292969e+00) (83, 8.74873638153076171875e+00) (84, 1.87894105911254882812e+00) (85, 9.88507568836212158203e-02) (86, -3.03236365318298339844e-01) (87, 1.14187216758728027344e+00) (88, -5.11931991577148437500e+00) (89, -3.25218868255615234375e+00) (90, 5.65020036697387695312e+00) (91, 1.36980044841766357422e+00) (92, -9.80603694915771484375e-01) (93, 2.79377913475036621094e+00) (94, -1.95398807525634765625e-01) (95, -2.69921708106994628906e+00) (96, 2.07035946846008300781e+00) (97, 6.11408889293670654297e-01) (98, -6.50392675399780273438e+00) (99, -4.44247722625732421875e-01) (100, -7.81278252601623535156e-01) (101, 7.98927396535873413086e-02) (102, -2.48207759857177734375e+00) (103, 5.60887622833251953125e+00) (104, -5.30642926692962646484e-01) (0, 1.49990881347656250000e+03) (1, 1.50000000000000000000e+03) (2, 3.69147583007812500000e+02) (3, -4.86446014404296875000e+02) (4, 7.09925115108489990234e-01) (5, 1.50000000000000000000e+03) (6, 1.01632094383239746094e+00) (7, 1.50000000000000000000e+03) (8, 1.50000000000000000000e+03) (9, 3.57778042554855346680e-01) (10, 1.78707635402679443359e+00) (11, 2.43767046928405761719e+00) (12, 2.49059647321701049805e-01) (13, 3.14105438232421875000e+02) (14, 1.16192840039730072021e-01) (15, 9.11242067813873291016e-01) (16, 1.90050067901611328125e+01) (17, 8.41689109802246093750e-01) (18, 6.23702049255371093750e-01) (19, 1.76768131256103515625e+01) (20, 3.43579351902008056641e-01) (21, 6.91448271274566650391e-01) (22, 1.35495397949218750000e+03) (23, 1.29920613765716552734e+00) (24, 1.46615242958068847656e+00) (25, 2.75519561767578125000e+01) (26, 1.67817127704620361328e+00) (27, 1.01419305801391601562e+00) (28, 1.16658837890625000000e+03) (29, 7.44023740291595458984e-01) (30, 3.13483142852783203125e+00) (31, 1.45879936218261718750e+00) (32, 6.92670524120330810547e-01) (33, 1.17212224006652832031e+00) (34, 7.19575643539428710938e+00) (35, 2.06976056098937988281e+00) (36, 4.33279085159301757812e+00) (37, 1.11130166053771972656e+00) (38, 1.48584699630737304688e+00) (39, 1.84368526935577392578e+00) (40, 7.76399731636047363281e-01) (41, -1.50000000000000000000e+03) (42, 4.82769399881362915039e-01) (43, 5.63498318195343017578e-01) (44, 1.06241238117218017578e+00) (45, 1.61772286891937255859e+00) (46, -7.24539550781250000000e+02) (47, -1.95054483413696289062e+00) (48, 2.51169514656066894531e+00) (49, 1.31019973754882812500e+00) (50, 1.13917756080627441406e+00) (51, 4.09065663814544677734e-01) (52, 7.91060030460357666016e-01) (53, 1.75280833244323730469e+00) (54, -2.97063775360584259033e-02) (55, 4.43190994262695312500e+01) (56, 7.40874588489532470703e-01) (57, 4.30731916427612304688e+00) (58, 7.71734476089477539062e-01) (59, 7.29663658142089843750e+00) (60, 2.03619313240051269531e+00) (61, 1.35461020469665527344e+00) (62, 1.13128983974456787109e+00) (63, 9.64562714099884033203e-01) (64, 1.77721900939941406250e+01) (65, 6.45023524761199951172e-01) (66, 1.49964355468750000000e+03) (67, 2.41241052746772766113e-01) (68, -1.56607236862182617188e+01) (69, 2.84584259986877441406e+00) (70, 1.37271836400032043457e-01) (71, 4.28710907697677612305e-01) (72, 1.81155577301979064941e-01) (73, 1.63393497467041015625e+01) (74, 9.77338731288909912109e-01) (75, 6.29518210887908935547e-01) (76, 1.31581020355224609375e+00) (77, 1.49560081958770751953e+00) (78, 2.83965158462524414062e+00) (79, 7.30092227458953857422e-01) (80, 6.01200640201568603516e-01) (81, 6.70981049537658691406e-01) (82, 5.48367127776145935059e-02) (83, 6.96088314056396484375e-01) (84, -3.84647202491760253906e+00) (85, 1.80894255638122558594e-01) (86, 6.54965817928314208984e-01) (87, 8.39561149477958679199e-02) (88, 5.90222239494323730469e-01) (89, 9.90165174007415771484e-01) (90, 3.78132671117782592773e-01) (91, 7.89052426815032958984e-01) (92, 7.70346462726593017578e-01) (93, 8.48415136337280273438e-01) (94, 5.75163781642913818359e-01) (95, 5.25405883789062500000e-01) (96, 1.60574749112129211426e-01) (97, 4.68023151159286499023e-01) (98, 5.66145896911621093750e-01) (99, 5.99125087261199951172e-01) (100, 7.07011103630065917969e-01) (101, 2.34275415539741516113e-01) (102, 1.66174566745758056641e+00) (103, 2.20103144645690917969e+00) (104, 1.32171380519866943359e+00) (0, -1.93808517456054687500e+01) (1, 3.32569599151611328125e+00) (2, 2.79631996154785156250e+00) (3, 2.81783127784729003906e+00) (4, 1.03995215892791748047e+00) (5, 2.80897212028503417969e+00) (6, 1.01036262512207031250e+00) (7, 7.75695610046386718750e+00) (8, 2.83997607231140136719e+00) (9, 2.30738019943237304688e+00) (10, -5.03093004226684570312e-01) (11, 8.00054788589477539062e-01) (12, 7.79308378696441650391e-01) (13, 4.49075922369956970215e-02) (14, 7.73356497287750244141e-01) (15, 1.96029531955718994141e+00) (16, 8.40202808380126953125e-01) (17, -2.95487254858016967773e-01) (18, 1.02334284782409667969e+00) (19, -5.69695174694061279297e-01) (20, 4.47514653205871582031e-01) (21, 9.87785875797271728516e-01) (22, 1.94777512550354003906e+00) (23, 6.90411388874053955078e-01) (24, 6.47637069225311279297e-01) (25, -1.44606418609619140625e+01) (26, -6.73302829265594482422e-01) (27, -4.79723244905471801758e-01) (28, -6.25094223022460937500e+00) (29, -3.31394881010055541992e-01) (30, -7.09915995597839355469e-01) (31, -6.26331031322479248047e-01) (32, 8.32172334194183349609e-01) (33, -6.20412267744541168213e-02) (34, 1.82581984996795654297e+00) (35, -4.91504162549972534180e-01) (36, -7.03659176826477050781e-01) (37, -2.42874518036842346191e-01) (38, -3.77978682518005371094e-01) (39, -8.03843617439270019531e-01) (40, -4.75513905286788940430e-01) (41, -6.88513088226318359375e+00) (42, -3.34353536367416381836e-01) (43, 7.77272164821624755859e-01) (44, -3.82830619812011718750e-01) (45, 3.87951493263244628906e-01) (46, -2.62843221426010131836e-01) (47, 4.75036525726318359375e+00) (48, 2.15567231178283691406e+00) (49, -3.32369953393936157227e-01) (50, -2.17772036790847778320e-01) (51, 2.24437069892883300781e+00) (52, 1.96149554103612899780e-02) (53, 2.47894540429115295410e-01) (54, 1.01104342937469482422e+00) (55, -6.89459705352783203125e+00) (56, -5.17720580101013183594e-01) (57, 8.50970458984375000000e+00) (58, 1.21468305587768554688e+00) (59, 5.27310514450073242188e+00) (60, -3.88696402311325073242e-01) (61, -3.58890509605407714844e+00) (62, -7.70295336842536926270e-02) (63, -3.26199501752853393555e-01) (64, 6.71920239925384521484e-01) (65, -1.68180510401725769043e-01) (66, -1.49348294734954833984e+00) (67, 2.07030534744262695312e+00) (68, 2.11256003379821777344e+00) (69, -4.82326459884643554688e+00) (70, 2.71950078010559082031e+00) (71, 1.09090101718902587891e+00) (72, -2.35005229711532592773e-01) (73, 5.70223617553710937500e+00) (74, -3.55835119262337684631e-03) (75, 4.82380962371826171875e+00) (76, 6.76827096939086914062e+00) (77, -2.13315114378929138184e-01) (78, 1.56439781188964843750e+00) (79, -6.34287834167480468750e+00) (80, 1.20444691181182861328e+00) (81, 4.21726226806640625000e+00) (82, 2.64480978250503540039e-01) (83, 2.97850298881530761719e+00) (84, 4.05361843109130859375e+00) (85, 4.37559509277343750000e+00) (86, -2.33059927821159362793e-01) (87, 1.02620744705200195312e+00) (88, 5.27633309364318847656e-01) (89, 2.93979620933532714844e+00) (90, 1.88015711307525634766e+00) (91, -4.40345168113708496094e-01) (92, -1.86420381069183349609e-01) (93, -2.51527690887451171875e+00) (94, 7.96679556369781494141e-01) (95, 5.27178621292114257812e+00) (96, 1.73540723323822021484e+00) (97, -2.06963968276977539062e+00) (98, -8.59985709190368652344e-01) (99, -1.10780692100524902344e+00) (100, -7.12953269481658935547e-01) (101, 1.66025221347808837891e+00) (102, -2.64132809638977050781e+00) (103, 5.34213113784790039062e+00) (104, -4.81823086738586425781e-01) (0, -4.88632324218750000000e+02) (1, -1.50000000000000000000e+03) (2, -1.50000000000000000000e+03) (3, -1.50000000000000000000e+03) (4, 1.61097854614257812500e+02) (5, -1.50000000000000000000e+03) (6, 1.49926245117187500000e+03) (7, -1.50000000000000000000e+03) (8, -1.50000000000000000000e+03) (9, 1.40877676010131835938e+00) (10, 1.49925854492187500000e+03) (11, 2.05943584442138671875e+01) (12, 1.49990881347656250000e+03) (13, 1.35791790485382080078e+00) (14, -1.50000000000000000000e+03) (15, 1.68458786010742187500e+01) (16, -1.50000000000000000000e+03) (17, 2.45707178115844726562e+00) (18, 6.59536170959472656250e+00) (19, 1.50000000000000000000e+03) (20, -1.50000000000000000000e+03) (21, 6.85459947586059570312e+00) (22, -1.50000000000000000000e+03) (23, 1.53929458618164062500e+02) (24, -1.50000000000000000000e+03) (25, 1.49953540039062500000e+03) (26, 1.50000000000000000000e+03) (27, 1.50000000000000000000e+03) (28, 1.50000000000000000000e+03) (29, 1.49258947753906250000e+03) (30, 1.49978735351562500000e+03) (31, 1.50000000000000000000e+03) (32, 2.43010926246643066406e+00) (33, 3.97132730484008789062e+00) (34, 1.50000000000000000000e+03) (35, 3.94218182563781738281e+00) (36, 3.85732507705688476562e+00) (37, 2.48005080223083496094e+00) (38, 4.80208826065063476562e+00) (39, 1.50000000000000000000e+03) (40, 5.73201942443847656250e+00) (41, 1.49997595214843750000e+03) (42, 2.81682777404785156250e+00) (43, -5.05806152343750000000e+02) (44, 1.49964428710937500000e+03) (45, 4.17527437210083007812e+00) (46, -1.50000000000000000000e+03) (47, 1.23509764671325683594e+00) (48, -1.50000000000000000000e+03) (49, 2.94126200675964355469e+00) (50, 2.97411036491394042969e+00) (51, 1.21139085292816162109e+00) (52, 1.40477597713470458984e+00) (53, -1.50000000000000000000e+03) (54, 2.28660845756530761719e+00) (55, -1.50000000000000000000e+03) (56, 2.79985570907592773438e+00) (57, -1.50000000000000000000e+03) (58, 1.24973392486572265625e+00) (59, 1.50000000000000000000e+03) (60, 1.50000000000000000000e+03) (61, 3.60137820243835449219e+00) (62, 2.51456594467163085938e+00) (63, 1.50000000000000000000e+03) (64, 1.98176269531250000000e+02) (65, 3.04815125465393066406e+00) (66, 1.39565454101562500000e+03) (67, 1.49164550781250000000e+03) (68, -1.50000000000000000000e+03) (69, 1.49919506835937500000e+03) (70, 2.42303180694580078125e+00) (71, 2.31534385681152343750e+00) (72, 2.80737709999084472656e+00) (73, 1.91768932342529296875e+01) (74, 2.54584407806396484375e+00) (75, 1.50000000000000000000e+03) (76, 2.55329203605651855469e+00) (77, 2.62412905693054199219e+00) (78, 2.67588186264038085938e+00) (79, 2.92859363555908203125e+00) (80, 1.50000000000000000000e+03) (81, 1.49988378906250000000e+03) (82, -1.50000000000000000000e+03) (83, 1.50000000000000000000e+03) (84, -1.50000000000000000000e+03) (85, 1.40725672245025634766e+00) (86, 2.55743956565856933594e+00) (87, 2.27464985847473144531e+00) (88, 2.50653476715087890625e+01) (89, 5.72521305084228515625e+00) (90, 1.50000000000000000000e+03) (91, 1.44468841552734375000e+02) (92, 2.47416377067565917969e+00) (93, 5.31485700607299804688e+00) (94, 3.15267372131347656250e+00) (95, 1.50000000000000000000e+03) (96, 2.14945077896118164062e+00) (97, 2.31327271461486816406e+00) (98, 2.43321299552917480469e+00) (99, 2.66174006462097167969e+00) (100, 2.88180041313171386719e+00) (101, 1.81453657150268554688e+00) (102, -8.90097778320312500000e+02) (103, 1.33977514648437500000e+03) (104, -7.32579588890075683594e-01) (0, 1.02433937072753906250e+02) (1, 8.77246627807617187500e+01) (2, -4.38399225473403930664e-01) (3, 5.81376380920410156250e+01) (4, 2.11505937576293945312e+00) (5, 1.68217074871063232422e+00) (6, 7.22283482551574707031e-01) (7, 5.08922348022460937500e+01) (8, -6.60680890083312988281e-01) (9, 9.44404721260070800781e-01) (10, 9.62942898273468017578e-01) (11, 1.57900941371917724609e+00) (12, 2.03235220909118652344e+00) (13, -3.42477340698242187500e+01) (14, 1.01529395580291748047e+00) (15, 1.42521417140960693359e+00) (16, 1.40959739685058593750e+00) (17, -3.81714135408401489258e-01) (18, -2.84699171781539916992e-01) (19, 1.47564659118652343750e+01) (20, 9.07617628574371337891e-01) (21, -3.15334826707839965820e-01) (22, 1.19067525863647460938e+00) (23, 1.25987792015075683594e+00) (24, 7.87584304809570312500e-01) (25, -4.99216674804687500000e+02) (26, -8.42340087890625000000e+00) (27, -3.87201994657516479492e-01) (28, -1.23298126220703125000e+02) (29, -2.32837289571762084961e-01) (30, -6.51933968067169189453e-01) (31, -2.31226548552513122559e-01) (32, -3.62182050943374633789e-01) (33, -2.25294649600982666016e-01) (34, -5.00968575477600097656e-01) (35, -3.58669102191925048828e-01) (36, -4.27390098571777343750e+00) (37, -4.85946059226989746094e-01) (38, -1.18408575654029846191e-01) (39, 7.02392637729644775391e-01) (40, -3.31455826759338378906e-01) (41, -1.25629911422729492188e+01) (42, -2.55667507648468017578e-01) (43, -1.89870238304138183594e-01) (44, -3.38297672569751739502e-02) (45, -1.05239421129226684570e-01) (46, -2.06283617019653320312e+00) (47, 5.35263381898403167725e-02) (48, 2.12809181213378906250e+00) (49, 4.65791225433349609375e-02) (50, -4.14092004299163818359e-01) (51, 1.05208671092987060547e+00) (52, 7.86655664443969726562e-01) (53, 1.33858215808868408203e+00) (54, 1.06219804286956787109e+00) (55, 1.95799541473388671875e+01) (56, -4.67359185218811035156e-01) (57, 2.01562366485595703125e+01) (58, 1.35563060641288757324e-01) (59, -6.93491983413696289062e+00) (60, 4.13250160217285156250e+00) (61, -8.59748244285583496094e-01) (62, -4.61861610412597656250e-01) (63, 8.71501743793487548828e-01) (64, 2.29803199768066406250e+01) (65, 6.72093987464904785156e-01) (66, 1.49866259765625000000e+03) (67, 6.29122972488403320312e+00) (68, 1.78104190826416015625e+01) (69, 4.11820220947265625000e+00) (70, -2.55314737558364868164e-01) (71, -2.78902769088745117188e-01) (72, -3.62426191568374633789e-02) (73, 1.73163070678710937500e+01) (74, 2.93171316385269165039e-01) (75, 1.96229302883148193359e+00) (76, 1.70592296123504638672e+00) (77, 4.03046399354934692383e-01) (78, 3.46436905860900878906e+00) (79, 9.00100171566009521484e-01) (80, 4.71091538667678833008e-01) (81, 6.93137598037719726562e+00) (82, 9.28829491138458251953e-01) (83, 6.68645381927490234375e+00) (84, -9.83476638793945312500e-01) (85, -1.60709595680236816406e+00) (86, 7.29668676853179931641e-01) (87, -3.64925265312194824219e-01) (88, 2.28338074684143066406e+00) (89, 8.27216565608978271484e-01) (90, 3.78715664148330688477e-01) (91, 1.65992486476898193359e+00) (92, 2.20423713326454162598e-01) (93, 6.70837104320526123047e-01) (94, 7.47468888759613037109e-01) (95, 7.24100053310394287109e-01) (96, -5.86889922618865966797e-01) (97, -8.90839174389839172363e-02) (98, 7.48410165309906005859e-01) (99, 1.04647254943847656250e+00) (100, 7.69853651523590087891e-01) (101, 8.92577052116394042969e-01) (102, -4.66446094214916229248e-02) (103, 2.07693886756896972656e+00) (104, 2.28594088554382324219e+00) (0, 3.52447753906250000000e+02) (1, 3.16849899291992187500e+00) (2, -8.51670360565185546875e+00) (3, 1.86603565216064453125e+01) (4, 7.02738761901855468750e-01) (5, 9.10231947898864746094e-01) (6, 1.26032912731170654297e+00) (7, 8.76380085945129394531e-01) (8, 6.41860914230346679688e+00) (9, 8.35186243057250976562e-01) (10, 4.48055419921875000000e+01) (11, 2.92111873626708984375e+00) (12, 1.02438020706176757812e+00) (13, 1.67387127876281738281e+00) (14, 1.16933310031890869141e+00) (15, 1.15674340724945068359e+00) (16, 1.26072394847869873047e+00) (17, 1.79507303237915039062e+00) (18, 7.68964171409606933594e-01) (19, 2.02569890022277832031e+00) (20, 2.94064104557037353516e-01) (21, 1.36765480041503906250e+00) (22, 1.05536282062530517578e+00) (23, 1.65473413467407226562e+00) (24, 8.10826182365417480469e-01) (25, 3.61457443237304687500e+00) (26, 2.72624802589416503906e+00) (27, 1.36789405345916748047e+00) (28, 3.24995303153991699219e+00) (29, 1.26256453990936279297e+00) (30, 2.82508969306945800781e+00) (31, 3.12557721138000488281e+00) (32, 9.10918116569519042969e-01) (33, 1.58622169494628906250e+00) (34, 3.12553143501281738281e+00) (35, 2.84065318107604980469e+00) (36, 3.02407789230346679688e+00) (37, 1.56943464279174804688e+00) (38, 1.94124317169189453125e+00) (39, 3.17715263366699218750e+00) (40, 1.44474351406097412109e+00) (41, 3.16950488090515136719e+00) (42, 2.11514949798583984375e+00) (43, 2.58954691886901855469e+00) (44, 1.40305316448211669922e+00) (45, 3.36667060852050781250e+00) (46, 2.83763813972473144531e+00) (47, 2.13643670082092285156e+00) (48, 9.76444911956787109375e+00) (49, 1.57493591308593750000e+00) (50, 1.75668168067932128906e+00) (51, 6.06878876686096191406e-01) (52, 1.26073968410491943359e+00) (53, 1.31932818889617919922e+00) (54, 1.16312883794307708740e-01) (55, 3.87754783630371093750e+01) (56, 1.09892129898071289062e+00) (57, 1.27803850173950195312e+00) (58, -2.04727098345756530762e-01) (59, 7.78509497642517089844e-01) (60, 1.85487246513366699219e+00) (61, 4.95755970478057861328e-01) (62, 2.45641636848449707031e+00) (63, 2.40760755538940429688e+00) (64, 3.68197607994079589844e+00) (65, 9.71811652183532714844e-01) (66, 6.06064796447753906250e+01) (67, 2.09733180999755859375e+01) (68, -3.06597685813903808594e+00) (69, 2.48865914344787597656e+00) (70, -1.83627203106880187988e-01) (71, -2.83205062150955200195e-01) (72, -8.90363603830337524414e-02) (73, 1.86896018981933593750e+01) (74, 2.24371409416198730469e+00) (75, 6.24206304550170898438e-01) (76, 3.20126473903656005859e-01) (77, 2.21127796173095703125e+00) (78, 1.72519177198410034180e-01) (79, 1.01115965843200683594e+00) (80, -6.80243968963623046875e-02) (81, -1.18389658629894256592e-01) (82, -3.08616906404495239258e-01) (83, 9.31412601470947265625e+00) (84, -1.70712051391601562500e+01) (85, -2.38369643688201904297e-01) (86, 8.85292172431945800781e-01) (87, -1.91904470324516296387e-01) (88, 4.09362167119979858398e-02) (89, 1.24161052703857421875e+00) (90, 1.36499881744384765625e-01) (91, 8.04061889648437500000e-02) (92, 3.63950550556182861328e-01) (93, 1.16214323043823242188e+00) (94, 7.08701491355895996094e-01) (95, -7.73687707260251045227e-03) (96, -2.28307664394378662109e-01) (97, -1.45936325192451477051e-01) (98, -6.32327198982238769531e-02) (99, -5.72589039802551269531e-02) (100, 1.06458687782287597656e+00) (101, -4.32142853736877441406e-01) (102, 2.38895092010498046875e+01) (103, -1.39377460479736328125e+01) (104, 1.97843611240386962891e+00) (0, -4.88632141113281250000e+02) (1, -1.49997729492187500000e+03) (2, -1.49997729492187500000e+03) (3, -1.50000000000000000000e+03) (4, 1.61142868041992187500e+02) (5, -1.49997729492187500000e+03) (6, 1.49930761718750000000e+03) (7, -1.49997729492187500000e+03) (8, -1.49997729492187500000e+03) (9, 9.23141002655029296875e-01) (10, 1.49930371093750000000e+03) (11, 2.12681026458740234375e+01) (12, 1.49995397949218750000e+03) (13, 9.52108025550842285156e-01) (14, -1.49997729492187500000e+03) (15, 1.29126100540161132812e+01) (16, -1.49997729492187500000e+03) (17, 2.31166005134582519531e+00) (18, 1.74833250045776367188e+00) (19, 1.50000000000000000000e+03) (20, -1.49997729492187500000e+03) (21, 2.76107311248779296875e+00) (22, -1.49997729492187500000e+03) (23, 4.32460899353027343750e+01) (24, -1.49997729492187500000e+03) (25, 1.49958056640625000000e+03) (26, 1.50000000000000000000e+03) (27, 1.50000000000000000000e+03) (28, 1.50000000000000000000e+03) (29, 1.49258947753906250000e+03) (30, 1.49978735351562500000e+03) (31, 1.50000000000000000000e+03) (32, 1.75123560428619384766e+00) (33, 3.38388633728027343750e+00) (34, 1.50000000000000000000e+03) (35, 3.17414927482604980469e+00) (36, 3.07641410827636718750e+00) (37, 1.69392144680023193359e+00) (38, 3.45923066139221191406e+00) (39, 1.50000000000000000000e+03) (40, 5.44124794006347656250e+00) (41, 1.49997595214843750000e+03) (42, 2.41071200370788574219e+00) (43, -5.06037414550781250000e+02) (44, 1.49964428710937500000e+03) (45, 3.45382618904113769531e+00) (46, -1.50000000000000000000e+03) (47, 8.26704323291778564453e-01) (48, -1.50000000000000000000e+03) (49, 2.90426206588745117188e+00) (50, 2.99375057220458984375e+00) (51, 1.19532454013824462891e+00) (52, 1.33122587203979492188e+00) (53, -1.50000000000000000000e+03) (54, 2.07161808013916015625e+00) (55, -1.50000000000000000000e+03) (56, 2.51240038871765136719e+00) (57, -1.50000000000000000000e+03) (58, 1.14058041572570800781e+00) (59, 1.50000000000000000000e+03) (60, 1.50000000000000000000e+03) (61, 3.17693734169006347656e+00) (62, 2.25364947319030761719e+00) (63, 1.50000000000000000000e+03) (64, 3.07666263580322265625e+01) (65, 2.90106940269470214844e+00) (66, 3.95907211303710937500e+01) (67, 1.49164550781250000000e+03) (68, -1.49997729492187500000e+03) (69, 1.49924023437500000000e+03) (70, 2.36325979232788085938e+00) (71, 2.21802282333374023438e+00) (72, 2.31202650070190429688e+00) (73, 8.59111404418945312500e+01) (74, 2.50265431404113769531e+00) (75, 1.50000000000000000000e+03) (76, 2.49599981307983398438e+00) (77, 2.40863156318664550781e+00) (78, 2.60153031349182128906e+00) (79, 2.46501088142395019531e+00) (80, 1.50000000000000000000e+03) (81, 1.49988378906250000000e+03) (82, -1.50000000000000000000e+03) (83, 1.50000000000000000000e+03) (84, -1.50000000000000000000e+03) (85, 7.02640295028686523438e-01) (86, 2.45449137687683105469e+00) (87, 2.04932379722595214844e+00) (88, 2.11419124603271484375e+01) (89, 3.33950233459472656250e+00) (90, 1.50000000000000000000e+03) (91, 1.29817718505859375000e+02) (92, 2.43193554878234863281e+00) (93, 5.19703912734985351562e+00) (94, 2.47157359123229980469e+00) (95, 1.50000000000000000000e+03) (96, 2.11069202423095703125e+00) (97, 2.27204704284667968750e+00) (98, 2.35208988189697265625e+00) (99, 2.28051185607910156250e+00) (100, 2.58343696594238281250e+00) (101, 1.58364403247833251953e+00) (102, -8.90052795410156250000e+02) (103, 1.33973022460937500000e+03) (104, -4.73440885543823242188e-01) (0, -4.88632324218750000000e+02) (1, -1.50000000000000000000e+03) (2, -1.50000000000000000000e+03) (3, -1.50000000000000000000e+03) (4, 1.61097854614257812500e+02) (5, -1.50000000000000000000e+03) (6, 1.49926245117187500000e+03) (7, -1.50000000000000000000e+03) (8, -1.50000000000000000000e+03) (9, 1.12718355655670166016e+00) (10, 1.49925854492187500000e+03) (11, 2.03720645904541015625e+01) (12, 1.49990881347656250000e+03) (13, 1.28228700160980224609e+00) (14, -1.50000000000000000000e+03) (15, 1.30614843368530273438e+01) (16, -1.50000000000000000000e+03) (17, 2.27156233787536621094e+00) (18, 2.03053832054138183594e+00) (19, 1.50000000000000000000e+03) (20, -1.50000000000000000000e+03) (21, 3.04095435142517089844e+00) (22, -1.50000000000000000000e+03) (23, 9.72244033813476562500e+01) (24, -1.50000000000000000000e+03) (25, 1.49953540039062500000e+03) (26, 1.50000000000000000000e+03) (27, 1.50000000000000000000e+03) (28, 1.49990966796875000000e+03) (29, 1.49258923339843750000e+03) (30, 1.49978649902343750000e+03) (31, 1.49990966796875000000e+03) (32, 2.17457985877990722656e+00) (33, 3.76549816131591796875e+00) (34, 1.49990966796875000000e+03) (35, 3.64009618759155273438e+00) (36, 3.57616019248962402344e+00) (37, 2.25700283050537109375e+00) (38, 3.85555577278137207031e+00) (39, 1.50000000000000000000e+03) (40, 5.37966775894165039062e+00) (41, 1.49997595214843750000e+03) (42, 2.76805758476257324219e+00) (43, -5.05968200683593750000e+02) (44, 1.49959643554687500000e+03) (45, 3.84797215461730957031e+00) (46, -1.50000000000000000000e+03) (47, 1.20755195617675781250e+00) (48, -1.50000000000000000000e+03) (49, 2.77539753913879394531e+00) (50, 2.95413756370544433594e+00) (51, 1.22789967060089111328e+00) (52, 1.29830396175384521484e+00) (53, -1.50000000000000000000e+03) (54, 2.22212457656860351562e+00) (55, -1.50000000000000000000e+03) (56, 2.73413300514221191406e+00) (57, -1.50000000000000000000e+03) (58, 1.23133134841918945312e+00) (59, 1.50000000000000000000e+03) (60, 1.50000000000000000000e+03) (61, 3.63497495651245117188e+00) (62, 2.56312203407287597656e+00) (63, 1.50000000000000000000e+03) (64, 1.07268035888671875000e+02) (65, 2.97706699371337890625e+00) (66, 7.37895629882812500000e+02) (67, 1.49164550781250000000e+03) (68, -1.50000000000000000000e+03) (69, 1.49919506835937500000e+03) (70, 2.37990593910217285156e+00) (71, 2.33527541160583496094e+00) (72, 2.68548226356506347656e+00) (73, 1.89785385131835937500e+01) (74, 2.69003081321716308594e+00) (75, 1.50000000000000000000e+03) (76, 2.58032417297363281250e+00) (77, 2.73753952980041503906e+00) (78, 2.56786966323852539062e+00) (79, 2.71009683609008789062e+00) (80, 1.50000000000000000000e+03) (81, 1.49988378906250000000e+03) (82, -1.50000000000000000000e+03) (83, 1.50000000000000000000e+03) (84, -1.50000000000000000000e+03) (85, 1.18398737907409667969e+00) (86, 2.61898374557495117188e+00) (87, 2.24684000015258789062e+00) (88, 2.48129749298095703125e+01) (89, 5.63152551651000976562e+00) (90, 1.50000000000000000000e+03) (91, 1.32456970214843750000e+02) (92, 2.47385120391845703125e+00) (93, 5.35107755661010742188e+00) (94, 2.78044295310974121094e+00) (95, 1.50000000000000000000e+03) (96, 2.26300358772277832031e+00) (97, 2.45638084411621093750e+00) (98, 2.38356590270996093750e+00) (99, 2.52502369880676269531e+00) (100, 2.83912038803100585938e+00) (101, 1.81005394458770751953e+00) (102, -8.90097778320312500000e+02) (103, 1.33977514648437500000e+03) (104, -6.70366108417510986328e-01) (0, 5.93198120594024658203e-01) (1, -8.80417108535766601562e-01) (2, 4.97085228562355041504e-02) (3, -3.70329689979553222656e+00) (4, 1.35606682300567626953e+00) (5, 5.26724052429199218750e+00) (6, -1.25322437286376953125e+00) (7, 1.34224426746368408203e+00) (8, 3.25915724039077758789e-01) (9, 2.93610858917236328125e+00) (10, -1.95035064220428466797e+00) (11, -2.18493223190307617188e-01) (12, 3.17782342433929443359e-01) (13, -1.82041719555854797363e-01) (14, -9.02112960815429687500e-01) (15, 2.74664902687072753906e+00) (16, -1.10274732112884521484e+00) (17, -1.35523903369903564453e+00) (18, 1.34723186492919921875e-01) (19, 4.91242349147796630859e-01) (20, -1.37897169589996337891e+00) (21, 1.27911224961280822754e-01) (22, 6.61412358283996582031e-01) (23, 2.50275790691375732422e-01) (24, -1.85254251956939697266e+00) (25, 2.78361344337463378906e+00) (26, -2.21065998077392578125e+00) (27, -1.28058433532714843750e+00) (28, 4.05819356441497802734e-01) (29, -1.43540894985198974609e+00) (30, -5.98286628723144531250e-01) (31, -3.03339052200317382812e+00) (32, 1.08581256866455078125e+00) (33, 7.30119645595550537109e-01) (34, 7.02714085578918457031e-01) (35, -2.82971882820129394531e+00) (36, 1.61432993412017822266e+00) (37, 1.41667795181274414062e+00) (38, -2.40605497360229492188e+00) (39, -7.28984117507934570312e-01) (40, -1.27302920818328857422e+00) (41, 2.47296404838562011719e+00) (42, -1.13128519058227539062e+00) (43, 2.21435832977294921875e+00) (44, -2.51667952537536621094e+00) (45, 2.13282561302185058594e+00) (46, 1.30411088466644287109e+00) (47, 8.88108670711517333984e-01) (48, 9.92343544960021972656e-01) (49, -4.38845753669738769531e-01) (50, -9.22273814678192138672e-01) (51, 2.89643383026123046875e+00) (52, -1.54895830154418945312e+00) (53, 4.27752584218978881836e-01) (54, 1.84979826211929321289e-01) (55, -2.49546694755554199219e+00) (56, -2.53973603248596191406e-01) (57, 5.40114700794219970703e-01) (58, -1.12758040428161621094e+00) (59, 6.10786855220794677734e-01) (60, -8.55909287929534912109e-01) (61, -2.12853050231933593750e+00) (62, 1.14851069450378417969e+00) (63, 1.24263274669647216797e+00) (64, -3.79430115222930908203e-01) (65, 4.68070209026336669922e-01) (66, 3.25502896308898925781e+00) (67, -2.04487037658691406250e+00) (68, 3.32625443115830421448e-03) (69, -5.22880196571350097656e-01) (70, -4.11484092473983764648e-02) (71, 2.08426743745803833008e-01) (72, 1.33272600173950195312e+00) (73, 1.00265610218048095703e+00) (74, -2.33510661125183105469e+00) (75, 1.06503814458847045898e-01) (76, 4.74441885948181152344e-01) (77, 4.71432685852050781250e-01) (78, 5.41753530502319335938e-01) (79, -2.42019629478454589844e+00) (80, -7.29953646659851074219e-01) (81, -1.64070296287536621094e+00) (82, 2.09272241592407226562e+00) (83, 9.01029765605926513672e-01) (84, 2.62144422531127929688e+00) (85, -5.66506266593933105469e-01) (86, 7.63616740703582763672e-01) (87, -3.61019931733608245850e-03) (88, -7.44833350181579589844e-02) (89, -1.13383221626281738281e+00) (90, 1.04211635887622833252e-01) (91, -2.32472822070121765137e-01) (92, -1.34669649600982666016e+00) (93, 4.54941034317016601562e-01) (94, -6.93841457366943359375e-01) (95, 1.66742205619812011719e+00) (96, -1.48205745220184326172e+00) (97, -2.14550375938415527344e+00) (98, -8.14808070659637451172e-01) (99, -5.22841274738311767578e-01) (100, 3.55503082275390625000e-01) (101, 2.06090831756591796875e+00) (102, 9.46722105145454406738e-02) (103, 2.18920993804931640625e+00) (104, 1.32859945297241210938e+00) (0, -4.88631011962890625000e+02) (1, -1.50000000000000000000e+03) (2, -1.49991015625000000000e+03) (3, -1.50000000000000000000e+03) (4, 1.61097854614257812500e+02) (5, -1.50000000000000000000e+03) (6, 1.49944189453125000000e+03) (7, -1.50000000000000000000e+03) (8, -1.50000000000000000000e+03) (9, 1.22131490707397460938e+00) (10, 1.49925854492187500000e+03) (11, 2.05007610321044921875e+01) (12, 1.49990881347656250000e+03) (13, 1.33437073230743408203e+00) (14, -1.50000000000000000000e+03) (15, 4.50091705322265625000e+01) (16, -1.49991015625000000000e+03) (17, 2.33052134513854980469e+00) (18, 3.80006866455078125000e+01) (19, 1.50000000000000000000e+03) (20, -1.50000000000000000000e+03) (21, 9.60046958923339843750e+00) (22, -1.49991015625000000000e+03) (23, 9.73654327392578125000e+01) (24, -1.49991015625000000000e+03) (25, 1.49971484375000000000e+03) (26, 1.50000000000000000000e+03) (27, 1.50000000000000000000e+03) (28, 1.50000000000000000000e+03) (29, 1.49258947753906250000e+03) (30, 1.49978735351562500000e+03) (31, 1.50000000000000000000e+03) (32, 2.66283297538757324219e+00) (33, 3.93712544441223144531e+00) (34, 1.50000000000000000000e+03) (35, 3.98227763175964355469e+00) (36, 3.98693585395812988281e+00) (37, 2.29133844375610351562e+00) (38, 1.61343822479248046875e+01) (39, 1.50000000000000000000e+03) (40, 5.80685281753540039062e+00) (41, 1.49997595214843750000e+03) (42, 2.84260654449462890625e+00) (43, -5.06030120849609375000e+02) (44, 1.49964428710937500000e+03) (45, 3.89541602134704589844e+00) (46, -1.50000000000000000000e+03) (47, 1.21942663192749023438e+00) (48, -1.50000000000000000000e+03) (49, 3.18710494041442871094e+00) (50, 3.25028371810913085938e+00) (51, 1.39258301258087158203e+00) (52, 1.63359141349792480469e+00) (53, -1.49991015625000000000e+03) (54, 2.28828811645507812500e+00) (55, -1.50000000000000000000e+03) (56, 3.02988457679748535156e+00) (57, -1.50000000000000000000e+03) (58, 1.40501701831817626953e+00) (59, 1.50000000000000000000e+03) (60, 1.50000000000000000000e+03) (61, 3.94809722900390625000e+00) (62, 2.51819539070129394531e+00) (63, 1.50000000000000000000e+03) (64, 8.08235015869140625000e+01) (65, 3.03651547431945800781e+00) (66, 1.47714672851562500000e+03) (67, 1.49182495117187500000e+03) (68, -1.49991015625000000000e+03) (69, 1.49937451171875000000e+03) (70, 2.54267835617065429688e+00) (71, 2.34189009666442871094e+00) (72, 2.49438500404357910156e+00) (73, 1.92951087951660156250e+01) (74, 2.54517030715942382812e+00) (75, 1.50000000000000000000e+03) (76, 2.53146147727966308594e+00) (77, 2.86132597923278808594e+00) (78, 2.64475417137145996094e+00) (79, 2.87655878067016601562e+00) (80, 1.50000000000000000000e+03) (81, 1.50000000000000000000e+03) (82, -1.50000000000000000000e+03) (83, 1.50000000000000000000e+03) (84, -1.50000000000000000000e+03) (85, 1.84137916564941406250e+00) (86, 3.03818893432617187500e+00) (87, 2.34283161163330078125e+00) (88, 2.60721492767333984375e+01) (89, 5.79943275451660156250e+00) (90, 1.50000000000000000000e+03) (91, 2.17030288696289062500e+02) (92, 2.61443710327148437500e+00) (93, 5.26729202270507812500e+00) (94, 4.20648431777954101562e+00) (95, 1.50000000000000000000e+03) (96, 2.17057061195373535156e+00) (97, 2.36689424514770507812e+00) (98, 2.60829591751098632812e+00) (99, 2.82923793792724609375e+00) (100, 3.21895718574523925781e+00) (101, 1.68143343925476074219e+00) (102, -8.90097778320312500000e+02) (103, 1.33977514648437500000e+03) (104, -6.34505033493041992188e-01) (0, -4.88632324218750000000e+02) (1, -1.50000000000000000000e+03) (2, -1.50000000000000000000e+03) (3, -1.50000000000000000000e+03) (4, 1.61097854614257812500e+02) (5, -1.50000000000000000000e+03) (6, 1.49926245117187500000e+03) (7, -1.50000000000000000000e+03) (8, -1.50000000000000000000e+03) (9, 9.03886318206787109375e-01) (10, 1.49925854492187500000e+03) (11, 2.18685016632080078125e+01) (12, 1.49990881347656250000e+03) (13, 9.33179259300231933594e-01) (14, -1.50000000000000000000e+03) (15, 1.34577627182006835938e+01) (16, -1.50000000000000000000e+03) (17, 2.37167215347290039062e+00) (18, 2.57506847381591796875e+00) (19, 1.50000000000000000000e+03) (20, -1.50000000000000000000e+03) (21, 6.69572353363037109375e+00) (22, -1.50000000000000000000e+03) (23, 2.29497741699218750000e+02) (24, -1.50000000000000000000e+03) (25, 1.49953540039062500000e+03) (26, 1.50000000000000000000e+03) (27, 1.50000000000000000000e+03) (28, 1.50000000000000000000e+03) (29, 1.49258947753906250000e+03) (30, 1.49978735351562500000e+03) (31, 1.50000000000000000000e+03) (32, 1.74132239818572998047e+00) (33, 3.36640119552612304688e+00) (34, 1.50000000000000000000e+03) (35, 3.34487128257751464844e+00) (36, 3.22418475151062011719e+00) (37, 1.66615402698516845703e+00) (38, 3.65249609947204589844e+00) (39, 1.50000000000000000000e+03) (40, 5.51180648803710937500e+00) (41, 1.49997595214843750000e+03) (42, 2.37848496437072753906e+00) (43, -5.06135498046875000000e+02) (44, 1.49964428710937500000e+03) (45, 3.49284577369689941406e+00) (46, -1.50000000000000000000e+03) (47, 7.67551720142364501953e-01) (48, -1.50000000000000000000e+03) (49, 2.86785340309143066406e+00) (50, 3.02254271507263183594e+00) (51, 9.09477829933166503906e-01) (52, 1.36039793491363525391e+00) (53, -1.50000000000000000000e+03) (54, 1.97953593730926513672e+00) (55, -1.50000000000000000000e+03) (56, 2.48634958267211914062e+00) (57, -1.50000000000000000000e+03) (58, 1.13312673568725585938e+00) (59, 1.50000000000000000000e+03) (60, 1.50000000000000000000e+03) (61, 3.24850416183471679688e+00) (62, 2.32452511787414550781e+00) (63, 1.50000000000000000000e+03) (64, 1.99228851318359375000e+02) (65, 2.83997988700866699219e+00) (66, 1.50000000000000000000e+03) (67, 1.49164550781250000000e+03) (68, -1.50000000000000000000e+03) (69, 1.49919506835937500000e+03) (70, 2.26538491249084472656e+00) (71, 2.23150157928466796875e+00) (72, 2.17409825325012207031e+00) (73, 1.89731941223144531250e+01) (74, 2.42789101600646972656e+00) (75, 1.50000000000000000000e+03) (76, 2.47905468940734863281e+00) (77, 2.46970844268798828125e+00) (78, 2.59413337707519531250e+00) (79, 2.50175189971923828125e+00) (80, 1.50000000000000000000e+03) (81, 1.49988378906250000000e+03) (82, -1.50000000000000000000e+03) (83, 1.50000000000000000000e+03) (84, -1.50000000000000000000e+03) (85, 1.16432929039001464844e+00) (86, 2.44155955314636230469e+00) (87, 2.02127575874328613281e+00) (88, 2.42974910736083984375e+01) (89, 5.57933044433593750000e+00) (90, 1.50000000000000000000e+03) (91, 1.32185821533203125000e+02) (92, 2.36063623428344726562e+00) (93, 5.24930810928344726562e+00) (94, 2.61513662338256835938e+00) (95, 1.50000000000000000000e+03) (96, 2.03745532035827636719e+00) (97, 2.15836548805236816406e+00) (98, 2.24668550491333007812e+00) (99, 2.29963016510009765625e+00) (100, 2.54388737678527832031e+00) (101, 1.53365695476531982422e+00) (102, -8.90097778320312500000e+02) (103, 1.33977514648437500000e+03) (104, -4.74176257848739624023e-01) (0, 6.34169311523437500000e+02) (1, 1.50000000000000000000e+03) (2, 1.50000000000000000000e+03) (3, 1.50000000000000000000e+03) (4, 6.99196243286132812500e+01) (5, 1.50000000000000000000e+03) (6, -1.49924450683593750000e+03) (7, 1.50000000000000000000e+03) (8, 1.50000000000000000000e+03) (9, 6.29775047302246093750e-01) (10, -1.49924975585937500000e+03) (11, -1.32930145263671875000e+01) (12, -1.49990783691406250000e+03) (13, 9.40649509429931640625e-01) (14, 1.50000000000000000000e+03) (15, -7.38246631622314453125e+00) (16, 1.50000000000000000000e+03) (17, -2.68657296895980834961e-01) (18, 4.04451817274093627930e-01) (19, -1.50000000000000000000e+03) (20, 1.50000000000000000000e+03) (21, -5.60480237007141113281e-01) (22, 1.50000000000000000000e+03) (23, -8.41411926269531250000e+02) (24, 1.50000000000000000000e+03) (25, -1.49837377929687500000e+03) (26, -1.50000000000000000000e+03) (27, -1.50000000000000000000e+03) (28, -1.50000000000000000000e+03) (29, -1.48965637207031250000e+03) (30, -1.45336145019531250000e+03) (31, -1.50000000000000000000e+03) (32, 1.28091936931014060974e-02) (33, -1.46078550815582275391e+00) (34, -1.50000000000000000000e+03) (35, -1.44211113452911376953e+00) (36, -1.32186102867126464844e+00) (37, -1.98868662118911743164e-02) (38, -1.68454742431640625000e+00) (39, -1.50000000000000000000e+03) (40, -2.73812007904052734375e+00) (41, -1.49997497558593750000e+03) (42, -9.28661644458770751953e-01) (43, 6.91625366210937500000e+02) (44, -1.49951123046875000000e+03) (45, -1.62533032894134521484e+00) (46, 1.50000000000000000000e+03) (47, 1.95906066894531250000e+00) (48, 1.50000000000000000000e+03) (49, -9.81114506721496582031e-01) (50, -1.00110208988189697266e+00) (51, 8.16498577594757080078e-01) (52, 5.73779404163360595703e-01) (53, 1.50000000000000000000e+03) (54, -2.52839982509613037109e-01) (55, 1.50000000000000000000e+03) (56, -1.03853571414947509766e+00) (57, 1.50000000000000000000e+03) (58, 6.33302330970764160156e-01) (59, -1.50000000000000000000e+03) (60, -1.50000000000000000000e+03) (61, -1.31338334083557128906e+00) (62, -6.32090687751770019531e-01) (63, -1.50000000000000000000e+03) (64, -1.30316452026367187500e+02) (65, -1.11953067779541015625e+00) (66, -5.12642333984375000000e+02) (67, -1.48867236328125000000e+03) (68, 1.50000000000000000000e+03) (69, -1.49918017578125000000e+03) (70, -5.64190208911895751953e-01) (71, -4.97739911079406738281e-01) (72, -7.44559884071350097656e-01) (73, -1.17003612518310546875e+01) (74, -8.32563459873199462891e-01) (75, -1.50000000000000000000e+03) (76, -7.69429624080657958984e-01) (77, -7.96366870403289794922e-01) (78, -7.41416573524475097656e-01) (79, -7.88520395755767822266e-01) (80, -1.49670324707031250000e+03) (81, -1.49988183593750000000e+03) (82, 1.50000000000000000000e+03) (83, -1.50000000000000000000e+03) (84, 1.50000000000000000000e+03) (85, 8.18956971168518066406e-01) (86, -7.36628174781799316406e-01) (87, -4.69505548477172851562e-01) (88, -1.86012859344482421875e+01) (89, -5.76632595062255859375e+00) (90, -1.49633471679687500000e+03) (91, -1.00003288269042968750e+02) (92, -7.66081988811492919922e-01) (93, -2.76396965980529785156e+00) (94, -9.90766644477844238281e-01) (95, -1.50000000000000000000e+03) (96, -4.50918704271316528320e-01) (97, -5.88556885719299316406e-01) (98, -5.84984123706817626953e-01) (99, -6.84919595718383789062e-01) (100, -9.11892354488372802734e-01) (101, 8.89321118593215942383e-02) (102, 1.33977514648437500000e+03) (103, -8.90097778320312500000e+02) (104, 2.44385552406311035156e+00) (0, 9.60137426853179931641e-01) (1, -2.18157649040222167969e+00) (2, 7.10991621017456054688e-01) (3, 2.13772702217102050781e+00) (4, -7.00664520263671875000e-02) (5, -7.32177734375000000000e-01) (6, 2.22343635559082031250e+00) (7, 3.14250731468200683594e+00) (8, 1.49098217487335205078e+00) (9, 2.01186990737915039062e+00) (10, -3.45941424369812011719e-01) (11, 1.09696817398071289062e+00) (12, -1.03433117270469665527e-01) (13, -2.13687077164649963379e-01) (14, 1.32218921184539794922e+00) (15, 8.30605804920196533203e-01) (16, 2.55942869186401367188e+00) (17, 2.39030170440673828125e+00) (18, 2.45259356498718261719e+00) (19, -2.18327832221984863281e+00) (20, -3.61384725570678710938e+00) (21, 1.00454401969909667969e+00) (22, -3.36095422506332397461e-01) (23, -8.28847885131835937500e-01) (24, 5.59712171554565429688e+00) (25, -1.30343971252441406250e+01) (26, 1.19078196585178375244e-01) (27, 5.64662039279937744141e-01) (28, -9.91877365112304687500e+00) (29, 3.28274548053741455078e-01) (30, 1.88221049308776855469e+00) (31, -6.16711974143981933594e-01) (32, 2.98678827285766601562e+00) (33, 4.82583284378051757812e+00) (34, 1.02880496978759765625e+01) (35, -2.63183999061584472656e+00) (36, -1.85353145003318786621e-01) (37, 2.86106920242309570312e+00) (38, -1.62359380722045898438e+00) (39, -5.33676624298095703125e+00) (40, 2.56703114509582519531e+00) (41, 1.21123600006103515625e+00) (42, 1.05058288574218750000e+00) (43, 5.55915403366088867188e+00) (44, -3.83096170425415039062e+00) (45, -1.57019221782684326172e+00) (46, -8.61308217048645019531e-01) (47, -4.21729058027267456055e-01) (48, -2.87039661407470703125e+00) (49, 1.78143694996833801270e-01) (50, -2.20856904983520507812e+00) (51, -2.22499346733093261719e+00) (52, 2.35416388511657714844e+00) (53, 2.26950764656066894531e+00) (54, -5.31469941139221191406e-01) (55, -6.32688856124877929688e+00) (56, -2.70227372646331787109e-01) (57, -3.68699479103088378906e+00) (58, 1.86967229843139648438e+00) (59, 3.92039465904235839844e+00) (60, 1.98555484414100646973e-01) (61, -3.93366962671279907227e-02) (62, 1.93321809172630310059e-01) (63, -2.86977261304855346680e-01) (64, 1.20907425880432128906e+00) (65, 1.52854275703430175781e+00) (66, -9.96331453323364257812e-01) (67, 3.88476014137268066406e+00) (68, 1.53730583190917968750e+00) (69, 1.76902723312377929688e+00) (70, -2.10377144813537597656e+00) (71, 1.65606915950775146484e-01) (72, 1.76913666725158691406e+00) (73, 1.88381588459014892578e+00) (74, 3.33849954605102539062e+00) (75, 2.00773811340332031250e+00) (76, -2.45548701286315917969e+00) (77, 1.58691704273223876953e+00) (78, 9.73509013652801513672e-01) (79, 4.70800971984863281250e+00) (80, 1.00069260597229003906e+00) (81, 2.25554323196411132812e+00) (82, 1.92886281013488769531e+00) (83, -2.10354417562484741211e-01) (84, -2.23064064979553222656e-01) (85, -1.34423494338989257812e+01) (86, 1.33379101753234863281e+00) (87, 1.38942277431488037109e+00) (88, -1.70017278194427490234e+00) (89, -5.03720760345458984375e+00) (90, -3.96591216325759887695e-01) (91, 5.74957728385925292969e-01) (92, 6.28019869327545166016e-01) (93, 1.03602373600006103516e+00) (94, 1.16313405334949493408e-01) (95, -2.72540986537933349609e-01) (96, 2.01360082626342773438e+00) (97, -5.11521138250827789307e-02) (98, -1.40646541118621826172e+00) (99, -1.95559680461883544922e-01) (100, -3.89215201139450073242e-01) (101, 1.39834851026535034180e-01) (102, -2.67799675464630126953e-01) (103, 2.35533761978149414062e+00) (104, 4.57633137702941894531e-01) (0, -4.18543487787246704102e-01) (1, -1.14657652378082275391e+00) (2, 9.51878368854522705078e-01) (3, 2.14652001857757568359e-01) (4, -5.90069174766540527344e-01) (5, 6.20788693428039550781e-01) (6, -6.18624985218048095703e-01) (7, -1.63545274734497070312e+00) (8, -1.15832173824310302734e+00) (9, 5.99884808063507080078e-01) (10, 9.58409607410430908203e-01) (11, -3.46405625343322753906e-01) (12, -9.34916198253631591797e-01) (13, 9.75816622376441955566e-02) (14, -1.00680422782897949219e+00) (15, -7.37397253513336181641e-01) (16, 2.25393563508987426758e-01) (17, -3.22148978710174560547e-01) (18, -4.25253301858901977539e-01) (19, 8.35518777370452880859e-01) (20, 6.47829771041870117188e-01) (21, -4.91298943758010864258e-01) (22, -3.06029617786407470703e-01) (23, -2.13147610425949096680e-01) (24, 2.91669344902038574219e+00) (25, -1.84546411037445068359e+00) (26, 7.58921980857849121094e-01) (27, 8.15290331840515136719e-01) (28, 7.28682994842529296875e-01) (29, 3.05458128452301025391e-01) (30, -4.65902626514434814453e-01) (31, 1.08412325382232666016e+00) (32, -1.31143137812614440918e-01) (33, -3.02690088748931884766e-01) (34, -1.00089943408966064453e+00) (35, 2.26006197929382324219e+00) (36, -1.12584143877029418945e-01) (37, 6.50998428463935852051e-02) (38, 7.72166609764099121094e-01) (39, -3.68196487426757812500e-01) (40, -1.39323711395263671875e-01) (41, -3.03666859865188598633e-01) (42, -8.06709587574005126953e-01) (43, -9.01804745197296142578e-01) (44, -1.00955259799957275391e+00) (45, 1.44751477241516113281e+00) (46, -7.43618488311767578125e-01) (47, 1.61189126968383789062e+00) (48, -1.09722650051116943359e+00) (49, -4.53600287437438964844e-01) (50, 1.83994948863983154297e+00) (51, -1.14336347579956054688e+00) (52, -4.37193036079406738281e-01) (53, 5.67549586296081542969e-01) (54, -1.62154459953308105469e+00) (55, 1.27214878797531127930e-01) (56, 3.06123405694961547852e-01) (57, 1.29314109683036804199e-01) (58, -1.05940437316894531250e+00) (59, 1.08011458069086074829e-02) (60, 7.27542757987976074219e-01) (61, -6.89671218395233154297e-01) (62, -8.36598157882690429688e-01) (63, 8.73599052429199218750e-01) (64, -7.37719118595123291016e-01) (65, 5.30744731426239013672e-01) (66, -4.38331693410873413086e-01) (67, 4.32100594043731689453e-01) (68, -8.94829213619232177734e-01) (69, 8.50600004196166992188e-01) (70, -7.79304921627044677734e-01) (71, -7.15166330337524414062e-01) (72, -5.21561145782470703125e-01) (73, 3.36801022291183471680e-01) (74, 9.89448785781860351562e-01) (75, -1.22534610331058502197e-01) (76, -1.36329472064971923828e-01) (77, 7.37526357173919677734e-01) (78, -8.51143419742584228516e-01) (79, 2.42970561981201171875e+00) (80, 5.43247312307357788086e-02) (81, 1.81661522388458251953e+00) (82, 2.74350941181182861328e-01) (83, 5.08757889270782470703e-01) (84, -4.38632816076278686523e-01) (85, -5.89795053005218505859e-01) (86, 6.68108940124511718750e-01) (87, -8.45502078533172607422e-01) (88, 1.11809062957763671875e+00) (89, 8.23934197425842285156e-01) (90, 1.23706161975860595703e+00) (91, 7.57479310035705566406e-01) (92, -1.16652488708496093750e+00) (93, 5.41205167770385742188e-01) (94, 6.68425261974334716797e-01) (95, 6.81734740734100341797e-01) (96, -1.06346750259399414062e+00) (97, -7.25732684135437011719e-01) (98, 4.54082727432250976562e-01) (99, -5.44656813144683837891e-01) (100, 5.84980666637420654297e-01) (101, -5.20592749118804931641e-01) (102, 1.41879379749298095703e+00) (103, 5.12689471244812011719e-01) (104, 2.77519106864929199219e+00) (0, 5.38138926029205322266e-01) (1, 1.54757685959339141846e-02) (2, -1.63589525222778320312e+00) (3, 1.29225075244903564453e+00) (4, 2.13610100746154785156e+00) (5, -7.87396430969238281250e-01) (6, 5.15562295913696289062e-01) (7, 6.79676115512847900391e-01) (8, 1.19915556907653808594e+00) (9, -6.20979487895965576172e-01) (10, -3.78834962844848632812e-01) (11, 4.04105365276336669922e-01) (12, 1.86238288879394531250e+00) (13, -3.47478717565536499023e-01) (14, 1.35090017318725585938e+00) (15, -7.77315378189086914062e-01) (16, 1.44004011154174804688e+00) (17, -8.89391601085662841797e-02) (18, -8.28872978687286376953e-01) (19, -4.36718285083770751953e-01) (20, -9.88876938819885253906e-01) (21, -1.80753791332244873047e+00) (22, 1.03543233871459960938e+00) (23, 1.97381269931793212891e+00) (24, -7.73457109928131103516e-01) (25, -2.20231366157531738281e+00) (26, 4.15474295616149902344e-01) (27, -1.65381491184234619141e+00) (28, 3.99114251136779785156e-01) (29, -1.09978926181793212891e+00) (30, 1.10212218761444091797e+00) (31, 1.01102697849273681641e+00) (32, -8.18299949169158935547e-01) (33, 1.08298349380493164062e+00) (34, 2.64953780174255371094e+00) (35, -9.01303827762603759766e-01) (36, -5.68129956722259521484e-01) (37, 2.88238167762756347656e-01) (38, 3.91303002834320068359e-02) (39, 1.05410563945770263672e+00) (40, -4.96814429759979248047e-01) (41, -1.02150833606719970703e+00) (42, -7.86525905132293701172e-01) (43, 1.41604745388031005859e+00) (44, 9.23395752906799316406e-01) (45, 6.62768006324768066406e-01) (46, 7.09992706775665283203e-01) (47, -1.05202496051788330078e+00) (48, -2.76947879791259765625e+00) (49, 7.47309803962707519531e-01) (50, 8.98791015148162841797e-01) (51, 6.85948073863983154297e-01) (52, 7.09797322750091552734e-01) (53, -1.79358437657356262207e-01) (54, -8.67050662636756896973e-02) (55, 5.05257606506347656250e-01) (56, -8.59509631991386413574e-02) (57, -3.25310111045837402344e-01) (58, 1.47687661647796630859e+00) (59, 1.66144296526908874512e-01) (60, -5.15519082546234130859e-01) (61, 1.04943454265594482422e+00) (62, -7.46709555387496948242e-02) (63, -7.51247704029083251953e-01) (64, 8.07078838348388671875e-01) (65, 5.03766298294067382812e-01) (66, -7.85153746604919433594e-01) (67, 1.78746953606605529785e-01) (68, 9.82979297637939453125e-01) (69, -3.24313133955001831055e-01) (70, -3.49450379610061645508e-01) (71, 6.83419823646545410156e-01) (72, 6.33074998855590820312e-01) (73, 1.12591631710529327393e-01) (74, -1.09164202213287353516e+00) (75, 1.30700421333312988281e+00) (76, -1.35557079315185546875e+00) (77, 7.34381616115570068359e-01) (78, 4.91249322891235351562e-01) (79, -2.95466423034667968750e-01) (80, -1.46465823054313659668e-01) (81, -8.72235536575317382812e-01) (82, -1.87973976135253906250e-01) (83, -1.24342691898345947266e+00) (84, 1.97608065605163574219e+00) (85, -1.25863358378410339355e-01) (86, -5.67845463752746582031e-01) (87, -7.97638356685638427734e-01) (88, 1.45263914018869400024e-02) (89, -4.66298907995223999023e-01) (90, -6.94540262222290039062e-01) (91, 9.30417418479919433594e-01) (92, 5.48556566238403320312e-01) (93, -1.10923540592193603516e+00) (94, -6.47018015384674072266e-01) (95, -6.34865641593933105469e-01) (96, 4.59358215332031250000e-01) (97, 1.98353815078735351562e+00) (98, 4.63149189949035644531e-01) (99, 8.92967343330383300781e-01) (100, -7.48095154762268066406e-01) (101, -7.78144240379333496094e-01) (102, 8.27962756156921386719e-01) (103, 1.09874820709228515625e+00) (104, 2.71581530570983886719e+00) (0, -3.17103912353515625000e+02) (1, 2.38786895751953125000e+02) (2, 9.10042285919189453125e-01) (3, 5.28559448242187500000e+02) (4, -2.45536595582962036133e-01) (5, 2.74974489212036132812e+00) (6, -5.62176465988159179688e-01) (7, 2.22234359741210937500e+02) (8, 1.05057708740234375000e+02) (9, 2.07746490836143493652e-01) (10, -5.57170093059539794922e-01) (11, -1.12479746341705322266e+00) (12, -5.88131427764892578125e-01) (13, -2.01807418823242187500e+02) (14, -8.23584556579589843750e-01) (15, -2.77655076980590820312e+00) (16, 9.39057469367980957031e-01) (17, -4.10807490348815917969e-01) (18, -1.83827877044677734375e+00) (19, -1.30019140243530273438e+01) (20, -4.55590277910232543945e-01) (21, -3.53680104017257690430e-01) (22, -8.33626925945281982422e-01) (23, -8.73948037624359130859e-01) (24, -6.12646043300628662109e-01) (25, -5.46048164367675781250e+01) (26, -1.66822695732116699219e+00) (27, -1.11944067478179931641e+00) (28, -2.34723770141601562500e+02) (29, -7.70296335220336914062e-01) (30, -5.04588413238525390625e+00) (31, -1.46253573894500732422e+00) (32, -4.77426767349243164062e-01) (33, -6.71110272407531738281e-01) (34, -9.54375803470611572266e-01) (35, -1.32645452022552490234e+00) (36, -1.09574091434478759766e+00) (37, -6.08527898788452148438e-01) (38, -1.01912152767181396484e+00) (39, -1.72644639015197753906e+00) (40, -1.46002638339996337891e+00) (41, -2.72867034912109375000e+02) (42, -2.73808926343917846680e-01) (43, -4.06646490097045898438e-01) (44, -8.16698193550109863281e-01) (45, -1.14248824119567871094e+00) (46, -4.21609306335449218750e+00) (47, 8.44798088073730468750e+00) (48, 6.68715178966522216797e-01) (49, -5.15291810035705566406e-01) (50, -3.26913058757781982422e-01) (51, 7.71246552467346191406e-02) (52, -2.37344345077872276306e-03) (53, -4.80020970106124877930e-01) (54, 1.67014017701148986816e-01) (55, -1.35299930572509765625e+01) (56, -8.63934040069580078125e-01) (57, 3.88686218261718750000e+01) (58, 4.78939190506935119629e-02) (59, -4.13258361816406250000e+00) (60, -6.24706888198852539062e+00) (61, -1.11002893447875976562e+01) (62, -1.72862693667411804199e-01) (63, -1.23754036426544189453e+00) (64, -1.42952362060546875000e+02) (65, -8.10458302497863769531e-01) (66, -8.18101501464843750000e+02) (67, -1.58268632888793945312e+01) (68, 1.91124701499938964844e+00) (69, -2.69609344482421875000e+02) (70, -7.41999000310897827148e-02) (71, 5.67538887262344360352e-02) (72, -7.93392479419708251953e-01) (73, -1.06231508255004882812e+01) (74, -5.87477028369903564453e-01) (75, -1.38941168785095214844e-01) (76, 9.47064012289047241211e-02) (77, -7.54847943782806396484e-01) (78, -7.20506370067596435547e-01) (79, 5.95812320709228515625e-01) (80, -6.33308529853820800781e-01) (81, 3.89839210510253906250e+01) (82, 9.27768707275390625000e-01) (83, -4.37085103988647460938e+00) (84, 5.82336807250976562500e+01) (85, -1.17073930799961090088e-01) (86, -8.28859150409698486328e-01) (87, 3.33206206560134887695e-01) (88, -3.22369039058685302734e-01) (89, -8.55442106723785400391e-01) (90, -4.84441965818405151367e-01) (91, -2.38839602470397949219e+00) (92, -6.06455206871032714844e-01) (93, -4.95623022317886352539e-01) (94, -7.95371711254119873047e-01) (95, -5.82944452762603759766e-01) (96, 2.10491791367530822754e-01) (97, -5.81047117710113525391e-01) (98, -4.02103364467620849609e-01) (99, -5.04963338375091552734e-01) (100, -7.83874332904815673828e-01) (101, -2.26668551564216613770e-01) (102, -9.65423583984375000000e+00) (103, 1.57426967620849609375e+01) (104, 1.72928595542907714844e+00) (0, -5.76630973815917968750e+00) (1, 9.71241235733032226562e-01) (2, 1.04742310941219329834e-01) (3, -1.19753801822662353516e+00) (4, 9.83662366867065429688e-01) (5, 2.15748953819274902344e+00) (6, -2.20587745308876037598e-01) (7, 4.66703653335571289062e+00) (8, 4.72267961502075195312e+00) (9, 3.73334139585494995117e-01) (10, -1.29612743854522705078e+00) (11, -1.67065417766571044922e+00) (12, -2.42911785840988159180e-01) (13, 4.72750663757324218750e+00) (14, -1.17485404014587402344e-01) (15, 8.83081376552581787109e-01) (16, 1.32577204704284667969e+00) (17, 6.12961828708648681641e-01) (18, 6.41798377037048339844e-01) (19, -4.71045446395874023438e+00) (20, 2.52215647697448730469e+00) (21, 1.93033540248870849609e+00) (22, 6.00612211227416992188e+00) (23, -1.02998292446136474609e+00) (24, -2.98165583610534667969e+00) (25, 4.29378128051757812500e+00) (26, -4.94905978441238403320e-01) (27, 7.93942630290985107422e-01) (28, -4.06955337524414062500e+00) (29, 2.98363327980041503906e+00) (30, 1.13791933059692382812e+01) (31, -1.77789223194122314453e+00) (32, -5.05599546432495117188e+00) (33, 5.33850431442260742188e-01) (34, -2.42527770996093750000e+00) (35, -1.77590525150299072266e+00) (36, 5.24168062210083007812e+00) (37, 1.16340851783752441406e+00) (38, 2.01430892944335937500e+00) (39, 6.80335569381713867188e+00) (40, -2.39566251635551452637e-01) (41, -5.80349922180175781250e+00) (42, -1.72725513577461242676e-01) (43, 1.16927409172058105469e+00) (44, 7.55965828895568847656e-01) (45, 9.06845510005950927734e-01) (46, -2.23877131938934326172e-01) (47, 2.19988346099853515625e+01) (48, 1.24222764968872070312e+01) (49, 2.05672454833984375000e+00) (50, 8.11134159564971923828e-01) (51, 9.21298563480377197266e-01) (52, 4.46737378835678100586e-01) (53, -2.45991349220275878906e+00) (54, 1.20561945438385009766e+00) (55, -5.13522577285766601562e+00) (56, -5.35905361175537109375e-01) (57, 3.78870058059692382812e+00) (58, 2.13305187225341796875e+00) (59, -1.05738842487335205078e+00) (60, -7.25704014301300048828e-01) (61, -6.07758045196533203125e-01) (62, -1.06797683238983154297e+00) (63, -7.95938253402709960938e-01) (64, -1.57798266410827636719e+00) (65, -4.41684752702713012695e-01) (66, -3.77133870124816894531e+00) (67, 7.45034456253051757812e-01) (68, 2.32521390914916992188e+00) (69, 6.63448944687843322754e-02) (70, 1.19975745677947998047e+00) (71, 1.36953532695770263672e+00) (72, 9.91497576236724853516e-01) (73, -9.84259307384490966797e-01) (74, -1.04855048656463623047e+00) (75, -1.41755551099777221680e-01) (76, 1.33406269550323486328e+00) (77, -2.85760611295700073242e-01) (78, -2.46914699673652648926e-01) (79, -8.92231389880180358887e-02) (80, -2.36814901232719421387e-01) (81, 5.98399303853511810303e-02) (82, 2.70129323005676269531e+00) (83, -3.11336606740951538086e-01) (84, 2.01624655723571777344e+00) (85, 2.19073104858398437500e+00) (86, -2.82713174819946289062e-01) (87, 1.29345417022705078125e+00) (88, 5.34364938735961914062e-01) (89, 1.00361788272857666016e+00) (90, -2.59623318910598754883e-01) (91, -4.03899848461151123047e-01) (92, 2.28196084499359130859e-02) (93, -2.11785286664962768555e-01) (94, -2.36074998974800109863e-01) (95, -1.04102730751037597656e-01) (96, 1.30016279220581054688e+00) (97, 1.20517349243164062500e+00) (98, -2.20624223351478576660e-01) (99, -2.28319704532623291016e-01) (100, -3.76830279827117919922e-01) (101, 3.19996058940887451172e-01) (102, -5.24738967418670654297e-01) (103, 3.27121973037719726562e+00) (104, 6.95658743381500244141e-01) (0, -4.64362518310546875000e+02) (1, -1.49994677734375000000e+03) (2, -1.49995507812500000000e+03) (3, -1.50000000000000000000e+03) (4, 1.61098403930664062500e+02) (5, -1.50000000000000000000e+03) (6, 1.49934997558593750000e+03) (7, -1.49996069335937500000e+03) (8, -1.49995874023437500000e+03) (9, 1.19557499885559082031e+00) (10, 1.49925854492187500000e+03) (11, 2.06569347381591796875e+01) (12, 1.49990881347656250000e+03) (13, 1.15213954448699951172e+00) (14, -1.49988964843750000000e+03) (15, 1.25924177169799804688e+01) (16, -1.50000000000000000000e+03) (17, 2.17846226692199707031e+00) (18, 1.51226210594177246094e+00) (19, 1.62835693359375000000e+02) (20, -1.50000000000000000000e+03) (21, 2.39501190185546875000e+00) (22, -1.50000000000000000000e+03) (23, 1.97453231811523437500e+01) (24, -1.50000000000000000000e+03) (25, 1.49900805664062500000e+03) (26, 1.50000000000000000000e+03) (27, 1.50000000000000000000e+03) (28, 1.49981567382812500000e+03) (29, 4.52032897949218750000e+02) (30, 1.37198767089843750000e+03) (31, 1.49981567382812500000e+03) (32, 1.85368299484252929688e+00) (33, 3.49406599998474121094e+00) (34, 1.50000000000000000000e+03) (35, 3.68783593177795410156e+00) (36, 3.61901092529296875000e+00) (37, 2.09227776527404785156e+00) (38, 3.76899051666259765625e+00) (39, 1.50000000000000000000e+03) (40, 5.30371141433715820312e+00) (41, 1.50000000000000000000e+03) (42, 2.79770064353942871094e+00) (43, -3.79146080017089843750e+01) (44, 1.49975695800781250000e+03) (45, 3.35461401939392089844e+00) (46, -1.50000000000000000000e+03) (47, -1.95303543090820312500e+02) (48, -1.50000000000000000000e+03) (49, 2.77823710441589355469e+00) (50, 2.87654805183410644531e+00) (51, 1.34847629070281982422e+00) (52, 1.44474673271179199219e+00) (53, -1.49988964843750000000e+03) (54, 2.23612451553344726562e+00) (55, -1.49998437500000000000e+03) (56, 2.75380825996398925781e+00) (57, -1.50000000000000000000e+03) (58, 1.49561643600463867188e+00) (59, 1.50000000000000000000e+03) (60, 1.50000000000000000000e+03) (61, 3.45936417579650878906e+00) (62, 2.53929686546325683594e+00) (63, 1.50000000000000000000e+03) (64, 8.43050918579101562500e+01) (65, 3.00320124626159667969e+00) (66, 8.26665832519531250000e+02) (67, 1.49187707519531250000e+03) (68, -1.49988818359375000000e+03) (69, 1.49942260742187500000e+03) (70, 2.40520787239074707031e+00) (71, 2.33874440193176269531e+00) (72, 2.50642704963684082031e+00) (73, 1.93264465332031250000e+01) (74, 2.51514625549316406250e+00) (75, 1.50000000000000000000e+03) (76, 2.53377962112426757812e+00) (77, 2.69950294494628906250e+00) (78, 2.70915174484252929688e+00) (79, 2.83617782592773437500e+00) (80, 1.50000000000000000000e+03) (81, 1.49988378906250000000e+03) (82, -1.50000000000000000000e+03) (83, 1.50000000000000000000e+03) (84, -1.50000000000000000000e+03) (85, 3.52978706359863281250e+00) (86, 2.56424999237060546875e+00) (87, 2.25601124763488769531e+00) (88, 2.77156810760498046875e+01) (89, 1.92113742828369140625e+01) (90, 1.50000000000000000000e+03) (91, 7.39502410888671875000e+01) (92, 2.62735724449157714844e+00) (93, 5.46114158630371093750e+00) (94, 2.66347122192382812500e+00) (95, 1.50000000000000000000e+03) (96, 2.22258973121643066406e+00) (97, 2.32903623580932617188e+00) (98, 2.38103270530700683594e+00) (99, 2.50957369804382324219e+00) (100, 2.75744700431823730469e+00) (101, 1.76210844516754150391e+00) (102, -8.90097778320312500000e+02) (103, 1.33977514648437500000e+03) (104, -7.16501832008361816406e-01) (0, -4.88632324218750000000e+02) (1, -1.50000000000000000000e+03) (2, -1.50000000000000000000e+03) (3, -1.50000000000000000000e+03) (4, 1.61097854614257812500e+02) (5, -1.50000000000000000000e+03) (6, 1.49926245117187500000e+03) (7, -1.50000000000000000000e+03) (8, -1.50000000000000000000e+03) (9, 9.63785052299499511719e-01) (10, 1.49925854492187500000e+03) (11, 2.11140174865722656250e+01) (12, 1.49990881347656250000e+03) (13, 9.85469579696655273438e-01) (14, -1.50000000000000000000e+03) (15, 1.33507156372070312500e+01) (16, -1.50000000000000000000e+03) (17, 2.35021328926086425781e+00) (18, 1.00984230041503906250e+01) (19, 1.50000000000000000000e+03) (20, -1.50000000000000000000e+03) (21, 4.61752557754516601562e+00) (22, -1.50000000000000000000e+03) (23, 1.38309616088867187500e+02) (24, -1.50000000000000000000e+03) (25, 1.49953540039062500000e+03) (26, 1.50000000000000000000e+03) (27, 1.50000000000000000000e+03) (28, 1.50000000000000000000e+03) (29, 1.49258947753906250000e+03) (30, 1.49978735351562500000e+03) (31, 1.50000000000000000000e+03) (32, 1.66059875488281250000e+00) (33, 3.30625534057617187500e+00) (34, 1.50000000000000000000e+03) (35, 3.20684957504272460938e+00) (36, 3.13156867027282714844e+00) (37, 1.74239718914031982422e+00) (38, 4.34863281250000000000e+00) (39, 1.50000000000000000000e+03) (40, 5.53833198547363281250e+00) (41, 1.49997595214843750000e+03) (42, 2.66005063056945800781e+00) (43, -5.06113922119140625000e+02) (44, 1.49964428710937500000e+03) (45, 3.49120903015136718750e+00) (46, -1.50000000000000000000e+03) (47, 8.25579702854156494141e-01) (48, -1.50000000000000000000e+03) (49, 2.88308930397033691406e+00) (50, 3.00635385513305664062e+00) (51, 1.18990933895111083984e+00) (52, 1.30317723751068115234e+00) (53, -1.50000000000000000000e+03) (54, 2.24580574035644531250e+00) (55, -1.50000000000000000000e+03) (56, 2.86989831924438476562e+00) (57, -1.50000000000000000000e+03) (58, 1.20618784427642822266e+00) (59, 1.50000000000000000000e+03) (60, 1.50000000000000000000e+03) (61, 3.16969680786132812500e+00) (62, 2.36773633956909179688e+00) (63, 1.50000000000000000000e+03) (64, 1.08144995117187500000e+03) (65, 2.83033895492553710938e+00) (66, 1.50000000000000000000e+03) (67, 1.49164550781250000000e+03) (68, -1.50000000000000000000e+03) (69, 1.49919506835937500000e+03) (70, 2.34577465057373046875e+00) (71, 2.17896819114685058594e+00) (72, 2.18567776679992675781e+00) (73, 4.40875625610351562500e+01) (74, 2.41945648193359375000e+00) (75, 1.50000000000000000000e+03) (76, 2.46379899978637695312e+00) (77, 2.59320664405822753906e+00) (78, 2.43724298477172851562e+00) (79, 2.70150995254516601562e+00) (80, 1.50000000000000000000e+03) (81, 1.49988378906250000000e+03) (82, -1.50000000000000000000e+03) (83, 1.50000000000000000000e+03) (84, -1.50000000000000000000e+03) (85, 1.16081082820892333984e+00) (86, 2.37317848205566406250e+00) (87, 2.07631444931030273438e+00) (88, 2.43564929962158203125e+01) (89, 5.49170780181884765625e+00) (90, 1.50000000000000000000e+03) (91, 1.86753265380859375000e+02) (92, 2.30863165855407714844e+00) (93, 5.21496200561523437500e+00) (94, 2.55449533462524414062e+00) (95, 1.50000000000000000000e+03) (96, 1.98509597778320312500e+00) (97, 2.14095473289489746094e+00) (98, 2.28255009651184082031e+00) (99, 2.47166109085083007812e+00) (100, 2.64598417282104492188e+00) (101, 1.54206538200378417969e+00) (102, -8.90097778320312500000e+02) (103, 1.33977514648437500000e+03) (104, -4.70658034086227416992e-01) (0, 3.77358508110046386719e+00) (1, -3.97370338439941406250e+00) (2, -2.72004336118698120117e-01) (3, 4.09999221563339233398e-01) (4, 1.56428313255310058594e+00) (5, -6.39768898487091064453e-01) (6, -3.91761213541030883789e-01) (7, 1.23516917228698730469e+00) (8, -5.10975551605224609375e+00) (9, -2.02343434095382690430e-01) (10, 8.26328098773956298828e-01) (11, -5.80826938152313232422e-01) (12, -4.04279172420501708984e-01) (13, 1.21935737133026123047e+00) (14, -6.30630254745483398438e-01) (15, 2.21761965751647949219e+00) (16, 8.74838173389434814453e-01) (17, -3.14472645521163940430e-01) (18, 5.90311348438262939453e-01) (19, -7.82550811767578125000e-01) (20, -6.34571611881256103516e-01) (21, 9.67352211475372314453e-01) (22, 2.01840996742248535156e+00) (23, 8.23963403701782226562e-01) (24, -6.67693972587585449219e-01) (25, -5.93571996688842773438e+00) (26, -3.14649462699890136719e-01) (27, 9.42987442016601562500e-01) (28, -1.00706887245178222656e+00) (29, -1.48556303977966308594e+00) (30, -5.80406129360198974609e-01) (31, -5.80074548721313476562e-01) (32, 1.13773547112941741943e-01) (33, -5.91707766056060791016e-01) (34, -8.72813582420349121094e-01) (35, 3.68284344673156738281e-01) (36, -2.93324685096740722656e+00) (37, 3.78864145278930664062e+00) (38, -9.16861116886138916016e-01) (39, -4.97330486774444580078e-01) (40, 1.14520668983459472656e+00) (41, 1.66936695575714111328e+00) (42, 1.04238724708557128906e+00) (43, 4.36613708734512329102e-01) (44, 2.74925398826599121094e+00) (45, -1.23875901103019714355e-01) (46, 1.38381227850914001465e-01) (47, 9.39278185367584228516e-01) (48, 1.50227034091949462891e+00) (49, 1.60446596145629882812e+00) (50, -5.98457276821136474609e-01) (51, 1.79741287231445312500e+00) (52, 1.38911068439483642578e+00) (53, 1.17014229297637939453e-01) (54, 1.41642153263092041016e-01) (55, -5.62804222106933593750e+00) (56, -2.91403114795684814453e-01) (57, -5.39112031459808349609e-01) (58, 4.54930096864700317383e-01) (59, -2.66233742237091064453e-01) (60, -2.68558233976364135742e-01) (61, -4.87123161554336547852e-01) (62, 1.64021980762481689453e+00) (63, -1.52357488870620727539e-01) (64, -1.14666795730590820312e+00) (65, 1.01353275775909423828e+00) (66, -4.57417249679565429688e+00) (67, 1.30069887638092041016e+00) (68, 1.15896403789520263672e+00) (69, -1.00615537166595458984e+00) (70, 2.49430847167968750000e+00) (71, 9.07518804073333740234e-01) (72, 9.09083902835845947266e-01) (73, -2.02085781097412109375e+00) (74, 1.11414587497711181641e+00) (75, 1.26042246818542480469e+00) (76, 9.41499650478363037109e-01) (77, 1.02584338188171386719e+00) (78, -4.87476438283920288086e-01) (79, 1.06318616867065429688e+00) (80, -4.20380942523479461670e-02) (81, -2.04183518886566162109e-01) (82, -1.48381330072879791260e-02) (83, -3.08173358440399169922e-01) (84, -2.82442212104797363281e-01) (85, -2.59364277124404907227e-01) (86, -1.20472401380538940430e-01) (87, 1.23231494426727294922e+00) (88, 1.10265159606933593750e+00) (89, -3.86221349239349365234e-01) (90, 8.41465413570404052734e-01) (91, -1.62294781208038330078e+00) (92, -3.60132634639739990234e-01) (93, -2.12511405348777770996e-01) (94, 9.44857895374298095703e-01) (95, -3.84670495986938476562e-01) (96, 2.21007966995239257812e+00) (97, 1.24426615238189697266e+00) (98, -4.86379235982894897461e-01) (99, -4.33780938386917114258e-01) (100, 4.13972735404968261719e-02) (101, 1.40706315636634826660e-01) (102, 2.45427608489990234375e+00) (103, -2.60253190994262695312e-01) (104, 8.32656621932983398438e-01) (0, 6.33478515625000000000e+02) (1, 1.50000000000000000000e+03) (2, 1.50000000000000000000e+03) (3, 1.50000000000000000000e+03) (4, 8.30132812500000000000e+02) (5, 1.50000000000000000000e+03) (6, 1.33681368827819824219e+00) (7, 1.50000000000000000000e+03) (8, 1.50000000000000000000e+03) (9, 2.59725427627563476562e+00) (10, 1.99252581596374511719e+00) (11, -3.20826148986816406250e+00) (12, 1.28880333900451660156e+00) (13, -2.59330005645751953125e+01) (14, 1.50000000000000000000e+03) (15, 1.90056562423706054688e+00) (16, 1.50000000000000000000e+03) (17, 1.29380488395690917969e+00) (18, 2.14863753318786621094e+00) (19, 1.28681087493896484375e+00) (20, 1.50000000000000000000e+03) (21, 1.88629686832427978516e+00) (22, 1.50000000000000000000e+03) (23, 3.76695632934570312500e+00) (24, 1.50000000000000000000e+03) (25, -1.56922855377197265625e+01) (26, 5.88162481784820556641e-01) (27, 6.35590493679046630859e-01) (28, -2.39218020439147949219e+00) (29, 1.15938472747802734375e+01) (30, 1.61515191197395324707e-01) (31, 9.02769684791564941406e-01) (32, 1.39984738826751708984e+00) (33, 1.18467855453491210938e+00) (34, 9.00357067584991455078e-01) (35, 1.09882056713104248047e+00) (36, 9.77892100811004638672e-01) (37, 1.36110115051269531250e+00) (38, 1.06997501850128173828e+00) (39, -1.96733736991882324219e+00) (40, 6.88358664512634277344e-01) (41, -1.49997497558593750000e+03) (42, 1.50523793697357177734e+00) (43, 6.94296997070312500000e+02) (44, 2.13598179817199707031e+00) (45, 1.00238037109375000000e+00) (46, 1.50000000000000000000e+03) (47, 7.50380659103393554688e+00) (48, 1.50000000000000000000e+03) (49, 1.79430675506591796875e+00) (50, 1.27968549728393554688e+00) (51, 2.82814002037048339844e+00) (52, 2.13952994346618652344e+00) (53, 1.50000000000000000000e+03) (54, 3.85443067550659179688e+00) (55, 2.30079865455627441406e+00) (56, 7.39247858524322509766e-01) (57, 1.50000000000000000000e+03) (58, 1.06416301727294921875e+01) (59, 1.18273746967315673828e+00) (60, 1.01321268081665039062e+00) (61, 1.50428545475006103516e+00) (62, 1.33743131160736083984e+00) (63, 1.15953588485717773438e+00) (64, 1.93552017211914062500e+00) (65, 1.33530867099761962891e+00) (66, -4.95838022232055664062e+00) (67, 1.10814752578735351562e+01) (68, 1.50000000000000000000e+03) (69, 1.10312008857727050781e+00) (70, 2.28194355964660644531e+00) (71, 2.52940845489501953125e+00) (72, 1.83969902992248535156e+00) (73, 6.18119192123413085938e+00) (74, 1.03957593441009521484e+00) (75, 8.56703698635101318359e-01) (76, 1.43759834766387939453e+00) (77, 1.24737715721130371094e+00) (78, 1.77806520462036132812e+00) (79, 1.43331503868103027344e+00) (80, 1.73174548149108886719e+00) (81, 2.14573168754577636719e+00) (82, 1.50000000000000000000e+03) (83, 1.79029452800750732422e+00) (84, 1.50000000000000000000e+03) (85, 3.40408921241760253906e+00) (86, 1.43126749992370605469e+00) (87, 2.66635227203369140625e+00) (88, 1.70644211769104003906e+00) (89, 1.19637060165405273438e+00) (90, 1.66031157970428466797e+00) (91, 1.17922329902648925781e+00) (92, 1.49993002414703369141e+00) (93, 1.54849100112915039062e+00) (94, 1.36995708942413330078e+00) (95, 1.42052257061004638672e+00) (96, 2.34640479087829589844e+00) (97, 1.97481417655944824219e+00) (98, 2.09504914283752441406e+00) (99, 1.77538132667541503906e+00) (100, 7.00214266777038574219e-01) (101, 3.29407358169555664062e+00) (102, 1.50000000000000000000e+03) (103, -1.50000000000000000000e+03) (104, 3.57830643653869628906e-01) (0, 6.34199157714843750000e+02) (1, 1.49997558593750000000e+03) (2, 1.49997558593750000000e+03) (3, 1.49997583007812500000e+03) (4, 6.98714065551757812500e+01) (5, 1.49997583007812500000e+03) (6, -1.49929296875000000000e+03) (7, 1.49997583007812500000e+03) (8, 1.49997558593750000000e+03) (9, 6.30248963832855224609e-01) (10, -1.49929785156250000000e+03) (11, -1.32118520736694335938e+01) (12, -1.49958715820312500000e+03) (13, 9.05537307262420654297e-01) (14, 1.49997583007812500000e+03) (15, -1.06765136718750000000e+01) (16, 1.49997583007812500000e+03) (17, -2.48331531882286071777e-01) (18, -1.33190679550170898438e+01) (19, -1.50000000000000000000e+03) (20, 1.49997583007812500000e+03) (21, -5.02987241744995117188e+00) (22, 1.50000000000000000000e+03) (23, -6.52324523925781250000e+01) (24, 1.50000000000000000000e+03) (25, -1.48955615234375000000e+03) (26, -1.50000000000000000000e+03) (27, -1.50000000000000000000e+03) (28, -1.49990979003906250000e+03) (29, -1.48965515136718750000e+03) (30, -1.45336096191406250000e+03) (31, -1.49990979003906250000e+03) (32, 1.11974045634269714355e-01) (33, -1.36394453048706054688e+00) (34, -1.50000000000000000000e+03) (35, -1.56459903717041015625e+00) (36, -1.36843585968017578125e+00) (37, -2.55030337721109390259e-02) (38, -1.80958402156829833984e+00) (39, -1.50000000000000000000e+03) (40, -2.63341879844665527344e+00) (41, -1.49987133789062500000e+03) (42, -9.56079602241516113281e-01) (43, 1.05271781921386718750e+02) (44, -1.49957080078125000000e+03) (45, -1.61665153503417968750e+00) (46, 1.50000000000000000000e+03) (47, 1.84359228610992431641e+00) (48, 1.50000000000000000000e+03) (49, -9.12342131137847900391e-01) (50, -9.32767152786254882812e-01) (51, 7.49854028224945068359e-01) (52, 5.63677430152893066406e-01) (53, 1.49997583007812500000e+03) (54, -1.77410021424293518066e-01) (55, 1.50000000000000000000e+03) (56, -8.50371420383453369141e-01) (57, 1.50000000000000000000e+03) (58, 5.52474677562713623047e-01) (59, -1.50000000000000000000e+03) (60, -1.49991979980468750000e+03) (61, -1.34238791465759277344e+00) (62, -6.91354334354400634766e-01) (63, -1.49991979980468750000e+03) (64, -3.07954345703125000000e+02) (65, -8.36656451225280761719e-01) (66, -4.13783905029296875000e+02) (67, -1.48872106933593750000e+03) (68, 1.49997558593750000000e+03) (69, -1.49922888183593750000e+03) (70, -3.99604618549346923828e-01) (71, -2.63539284467697143555e-01) (72, -6.28027737140655517578e-01) (73, -1.16615171432495117188e+01) (74, -4.90740954875946044922e-01) (75, -1.49991979980468750000e+03) (76, -5.70374250411987304688e-01) (77, -5.75534105300903320312e-01) (78, -5.03022313117980957031e-01) (79, -7.37163782119750976562e-01) (80, -1.49649462890625000000e+03) (81, -1.49989672851562500000e+03) (82, 1.50000000000000000000e+03) (83, -1.50000000000000000000e+03) (84, 1.50000000000000000000e+03) (85, 9.47045743465423583984e-01) (86, -5.33812761306762695312e-01) (87, -2.20025599002838134766e-01) (88, -3.04711456298828125000e+01) (89, -2.59589624404907226562e+00) (90, -1.49633496093750000000e+03) (91, -2.24438796997070312500e+02) (92, -4.92302298545837402344e-01) (93, -2.41175055503845214844e+00) (94, -5.91996610164642333984e-01) (95, -1.49991979980468750000e+03) (96, -2.71689742803573608398e-01) (97, -2.36156016588211059570e-01) (98, -3.33307951688766479492e-01) (99, -4.34990733861923217773e-01) (100, -6.99031591415405273438e-01) (101, 2.54875808954238891602e-01) (102, 1.33977514648437500000e+03) (103, -8.90097778320312500000e+02) (104, 2.29559516906738281250e+00) (0, 2.20913757324218750000e+02) (1, -6.62150573730468750000e+02) (2, 2.04084110260009765625e+00) (3, -1.49995178222656250000e+03) (4, -1.92483335733413696289e-01) (5, -1.45962989330291748047e+00) (6, 2.50333857536315917969e+00) (7, -5.58646125793457031250e+01) (8, -4.12032932043075561523e-01) (9, 1.69302713871002197266e+00) (10, 2.60533523559570312500e+00) (11, 3.37666225433349609375e+00) (12, 2.40619635581970214844e+00) (13, 1.99600967407226562500e+02) (14, 1.90343463420867919922e+00) (15, 4.52400064468383789062e+00) (16, -4.17973324656486511230e-02) (17, 2.92584872245788574219e+00) (18, 5.11471748352050781250e+00) (19, 1.20988597869873046875e+01) (20, 1.12754297256469726562e+00) (21, 2.72950220108032226562e+00) (22, -2.72721433639526367188e+00) (23, 1.25152194499969482422e+00) (24, -6.34779334068298339844e-01) (25, 1.36470127105712890625e+01) (26, 6.82568025588989257812e+00) (27, 4.63742733001708984375e-01) (28, 5.72054504394531250000e+02) (29, 4.44728970527648925781e-01) (30, 1.92410361766815185547e+00) (31, 1.56001782417297363281e+00) (32, 1.19870710372924804688e+00) (33, 1.03630197048187255859e+00) (34, 4.14601669311523437500e+01) (35, 2.12146043777465820312e+00) (36, 3.61168885231018066406e+00) (37, 1.57342314720153808594e+00) (38, 2.91161751747131347656e+00) (39, 3.09481930732727050781e+00) (40, -2.64979124069213867188e+00) (41, 1.36363024902343750000e+03) (42, 1.49467599391937255859e+00) (43, 9.28386569023132324219e-01) (44, 2.13890838623046875000e+00) (45, 3.14247393608093261719e+00) (46, 4.92086505889892578125e+00) (47, 1.21322546005249023438e+01) (48, 1.43816186523437500000e+03) (49, -3.24073106050491333008e-01) (50, 2.58624362945556640625e+00) (51, 1.58091688156127929688e+00) (52, 2.35823893547058105469e+00) (53, 2.12528657913208007812e+00) (54, 1.55555105209350585938e+00) (55, 1.99590663909912109375e+01) (56, 2.33889174461364746094e+00) (57, -6.72705764770507812500e+01) (58, 7.28766441345214843750e-01) (59, 2.64676833152770996094e+00) (60, 4.02258205413818359375e+00) (61, 4.04654312133789062500e+00) (62, 6.00751098632812500000e+02) (63, 1.43306589126586914062e+00) (64, 1.52044387817382812500e+02) (65, 1.35230624675750732422e+00) (66, 1.39501818847656250000e+03) (67, 2.99644097685813903809e-02) (68, -7.60314047336578369141e-01) (69, 2.98000836372375488281e+00) (70, 4.37155842781066894531e-01) (71, 3.84347438812255859375e-01) (72, 7.13122010231018066406e-01) (73, 1.90625038146972656250e+01) (74, 2.87100338935852050781e+00) (75, 9.29292440414428710938e-01) (76, 1.27096581459045410156e+00) (77, 2.63678383827209472656e+00) (78, 4.89775091409683227539e-01) (79, 1.87110042572021484375e+00) (80, 1.24254834651947021484e+00) (81, 5.14161884784698486328e-01) (82, 4.19784188270568847656e-01) (83, 1.27135860919952392578e+00) (84, -4.08858585357666015625e+00) (85, 3.86945962905883789062e-01) (86, 1.43159234523773193359e+00) (87, 3.02558183670043945312e-01) (88, 3.99284362792968750000e-01) (89, 1.57218492031097412109e+00) (90, 1.14729499816894531250e+00) (91, 1.88922131061553955078e+00) (92, 1.46515655517578125000e+00) (93, 1.27145266532897949219e+00) (94, 1.38295125961303710938e+00) (95, 1.28731191158294677734e+00) (96, 1.87414443492889404297e+00) (97, 1.41149973869323730469e+00) (98, -9.61130261421203613281e-02) (99, 1.51956379413604736328e+00) (100, 1.53670179843902587891e+00) (101, 7.59488940238952636719e-02) (102, -4.79934722900390625000e+02) (103, 8.36551269531250000000e+02) (104, 2.31609031558036804199e-01) (0, -1.68430089950561523438e+00) (1, 1.26919582486152648926e-01) (2, -3.97907435894012451172e-01) (3, 1.56093263626098632812e+00) (4, -2.27669790387153625488e-01) (5, 3.80269706249237060547e-01) (6, -9.72517073154449462891e-01) (7, -2.32756829261779785156e+00) (8, -6.59838056564331054688e+00) (9, 3.09266924858093261719e+00) (10, 1.24635469913482666016e+00) (11, -7.79741346836090087891e-01) (12, 3.72310042381286621094e+00) (13, 8.89107882976531982422e-01) (14, 9.93803799152374267578e-01) (15, -5.73564887046813964844e-01) (16, 7.43533849716186523438e-01) (17, 4.29878979921340942383e-01) (18, -6.88813781738281250000e+00) (19, 1.87836992740631103516e+00) (20, 1.90021741390228271484e+00) (21, 1.08078265190124511719e+00) (22, 1.22393536567687988281e+00) (23, 5.31084585189819335938e+00) (24, 2.59944748878479003906e+00) (25, 4.73605728149414062500e+00) (26, 7.01190829277038574219e-01) (27, -3.50174069404602050781e+00) (28, 3.89644312858581542969e+00) (29, 8.14409196376800537109e-01) (30, -2.38716578483581542969e+00) (31, -4.28884840011596679688e+00) (32, 6.45163297653198242188e-01) (33, 5.44119739532470703125e+00) (34, -2.41345286369323730469e+00) (35, -2.12752476334571838379e-01) (36, -1.95293407887220382690e-02) (37, 9.38932299613952636719e-01) (38, -1.28548991680145263672e+00) (39, -6.83620631694793701172e-01) (40, -1.56652414798736572266e+00) (41, 1.50661683082580566406e+00) (42, -1.46592110395431518555e-01) (43, 8.49155068397521972656e-01) (44, -8.21219062805175781250e+00) (45, 3.35442781448364257812e+00) (46, -8.81263971328735351562e-01) (47, 1.98284399509429931641e+00) (48, -4.12995481491088867188e+00) (49, -8.29968094825744628906e-01) (50, 2.26826953887939453125e+00) (51, 2.20021295547485351562e+00) (52, 4.07148599624633789062e-01) (53, 1.77820467948913574219e+00) (54, 6.70382902026176452637e-02) (55, -7.49894714355468750000e+00) (56, -1.02403354644775390625e+00) (57, -1.15081346035003662109e+00) (58, -9.42009747028350830078e-01) (59, 3.30555081367492675781e-01) (60, -3.85088533163070678711e-01) (61, 2.24035191535949707031e+00) (62, 2.29508757591247558594e+00) (63, -1.53971603140234947205e-02) (64, -1.77193745970726013184e-01) (65, -2.30518028140068054199e-01) (66, -5.17855262756347656250e+00) (67, -3.74066233634948730469e-01) (68, -1.75308120250701904297e+00) (69, 2.31450009346008300781e+00) (70, 4.78007286787033081055e-01) (71, 2.76738810539245605469e+00) (72, -3.99116724729537963867e-01) (73, -3.74815511703491210938e+00) (74, -2.98860758543014526367e-01) (75, 5.43898105621337890625e+00) (76, 1.25283193588256835938e+00) (77, -2.40448236465454101562e+00) (78, 8.57680380344390869141e-01) (79, -8.23998391628265380859e-01) (80, 2.94570994377136230469e+00) (81, 7.26443231105804443359e-01) (82, -3.62419515848159790039e-01) (83, -3.59379976987838745117e-01) (84, 1.39129602909088134766e+00) (85, -2.76485419273376464844e+00) (86, -3.00482243299484252930e-01) (87, 2.54280090332031250000e+00) (88, 1.11973214149475097656e+00) (89, 2.95238066464662551880e-02) (90, 3.49934875965118408203e-01) (91, 8.70201170444488525391e-01) (92, 2.29943633079528808594e+00) (93, 8.94305825233459472656e-01) (94, -2.74744689464569091797e-01) (95, 1.63647282123565673828e+00) (96, 1.56787467002868652344e+00) (97, -1.61322414875030517578e-01) (98, 2.49980163574218750000e+00) (99, 3.03897809982299804688e+00) (100, -6.47861599922180175781e-01) (101, 3.28622072935104370117e-01) (102, -3.23453402519226074219e+00) (103, 7.28901576995849609375e+00) (104, 1.81004655361175537109e+00) (0, 2.32926082611083984375e+00) (1, 4.86807823181152343750e+00) (2, -6.90242946147918701172e-01) (3, 7.31215953826904296875e-01) (4, 1.08335173130035400391e+00) (5, -9.54341697692871093750e+00) (6, 2.19282770156860351562e+00) (7, -5.60007476806640625000e+00) (8, 4.75782060623168945312e+00) (9, 6.25966668128967285156e-01) (10, -4.00704294443130493164e-01) (11, 2.58377337455749511719e+00) (12, 1.91451919078826904297e+00) (13, -2.82977128028869628906e+00) (14, -7.90492355823516845703e-01) (15, 2.51197767257690429688e+00) (16, 1.28206503391265869141e+00) (17, 3.08129930496215820312e+00) (18, 3.51769495010375976562e+00) (19, 1.94342005252838134766e+00) (20, 1.56220662593841552734e+00) (21, 1.07726936340332031250e+01) (22, 1.21508157253265380859e+00) (23, 2.26070919036865234375e+01) (24, 6.90809707641601562500e+01) (25, 1.09823071956634521484e+00) (26, 6.52101469039916992188e+00) (27, 3.22857522964477539062e+00) (28, 1.62011098861694335938e+00) (29, 2.18516111373901367188e+00) (30, 2.05269026756286621094e+00) (31, 1.93869426846504211426e-01) (32, 6.21561110019683837891e-01) (33, 1.87915802001953125000e+00) (34, 8.22694206237792968750e+00) (35, 5.68162775039672851562e+00) (36, -3.23376512527465820312e+00) (37, 8.66394937038421630859e-01) (38, 3.69277930259704589844e+00) (39, 1.32392358779907226562e+00) (40, -6.43969655036926269531e-01) (41, 1.70699656009674072266e+00) (42, 5.72152197360992431641e-01) (43, -3.55813205242156982422e-02) (44, -3.96019721031188964844e+00) (45, 6.60291267558932304382e-03) (46, -5.55868339538574218750e+00) (47, 1.08158159255981445312e+01) (48, 5.44738292694091796875e+00) (49, 8.19858455657958984375e+00) (50, 5.70188760757446289062e+00) (51, 6.92348241806030273438e-01) (52, 8.73189330101013183594e-01) (53, 2.74194574356079101562e+00) (54, 1.77131820237264037132e-04) (55, -1.33148360252380371094e+00) (56, 2.21651864051818847656e+00) (57, -1.00276784896850585938e+01) (58, 8.09235858917236328125e+00) (59, 2.03088134527206420898e-01) (60, 2.48098111152648925781e+00) (61, 1.64276289939880371094e+00) (62, 8.00174713134765625000e-01) (63, 2.34624671936035156250e+00) (64, -7.68369972705841064453e-01) (65, 1.93231689929962158203e+00) (66, 3.36581021547317504883e-01) (67, 1.07879436016082763672e+00) (68, -1.04737606048583984375e+01) (69, -5.58416306972503662109e-01) (70, 7.20511972904205322266e-01) (71, -3.59699130058288574219e-01) (72, 7.70088195800781250000e-01) (73, -2.77568721771240234375e+00) (74, 6.89249813556671142578e-01) (75, 1.22229285538196563721e-01) (76, -6.04442298412322998047e-01) (77, 9.00134980678558349609e-01) (78, -5.06051480770111083984e-01) (79, 7.15008974075317382812e-01) (80, -2.91740596294403076172e-01) (81, 4.84040752053260803223e-02) (82, -8.67587864398956298828e-01) (83, 1.87818682193756103516e+00) (84, -6.73666667938232421875e+00) (85, -8.70103180408477783203e-01) (86, 6.85937523841857910156e-01) (87, 5.69395542144775390625e-01) (88, -4.62615460157394409180e-01) (89, 8.69600951671600341797e-01) (90, 2.13009762763977050781e+00) (91, 2.07327508926391601562e+00) (92, 5.04094719886779785156e-01) (93, 1.83958816528320312500e+00) (94, 8.71994674205780029297e-01) (95, 8.03150296211242675781e-01) (96, 1.80788144469261169434e-01) (97, 6.16966187953948974609e-01) (98, 7.56189465522766113281e-01) (99, 7.57566690444946289062e-01) (100, 7.83509612083435058594e-01) (101, -4.11750286817550659180e-01) (102, -6.37700462341308593750e+00) (103, 1.51839675903320312500e+02) (104, 1.44967103004455566406e+00) (105, 2.99841976165771484375e+00) (106, 6.36951625347137451172e-01) (107, 2.85176825523376464844e+00) (108, -6.47603869438171386719e-01) (109, 1.42228677868843078613e-01) (110, -7.83180832862854003906e-01) (111, -6.93339943885803222656e-01) (112, -6.53484702110290527344e-01) (113, -3.14031171798706054688e+00) (114, -6.36684834957122802734e-01) (115, -6.51141583919525146484e-01) (116, 2.45010209083557128906e+00) (117, 3.71002960205078125000e+00) (118, -2.55928397178649902344e+00) (119, -4.97715902328491210938e+00) (120, 1.19027411937713623047e+00) (121, 2.50894355773925781250e+00) (122, -5.93711614608764648438e-01) (123, -6.79201900959014892578e-01) (124, 1.82390725612640380859e+00) (125, 1.27950894832611083984e+00) (126, 2.51297855377197265625e+00) (127, -7.13440477848052978516e-01) (128, 3.92274880409240722656e+00) (129, -2.16093659400939941406e+00) (130, 2.49405598640441894531e+00) 
