FANN_FLO_2.1
num_layers=3
learning_rate=0.700000
connection_rate=1.000000
network_type=0
learning_momentum=0.000000
training_algorithm=2
train_error_function=1
train_stop_function=0
cascade_output_change_fraction=0.010000
quickprop_decay=-0.000100
quickprop_mu=1.750000
rprop_increase_factor=1.200000
rprop_decrease_factor=0.500000
rprop_delta_min=0.000000
rprop_delta_max=50.000000
rprop_delta_zero=0.100000
cascade_output_stagnation_epochs=12
cascade_candidate_change_fraction=0.010000
cascade_candidate_stagnation_epochs=12
cascade_max_out_epochs=150
cascade_max_cand_epochs=150
cascade_num_candidate_groups=2
bit_fail_limit=3.49999994039535522461e-01
cascade_candidate_limit=1.00000000000000000000e+03
cascade_weight_multiplier=4.00000005960464477539e-01
cascade_activation_functions_count=10
cascade_activation_functions=3 5 7 8 10 11 14 15 16 17 
cascade_activation_steepnesses_count=4
cascade_activation_steepnesses=2.50000000000000000000e-01 5.00000000000000000000e-01 7.50000000000000000000e-01 1.00000000000000000000e+00 
layer_sizes=105 26 2 
scale_included=0
neurons (num_inputs, activation_function, activation_steepness)=(0, 0, 0.00000000000000000000e+00) (0, 0, 0.00000000000000000000e+00) (0, 0, 0.00000000000000000000e+00) (0, 0, 0.00000000000000000000e+00) (0, 0, 0.00000000000000000000e+00) (0, 0, 0.00000000000000000000e+00) (0, 0, 0.00000000000000000000e+00) (0, 0, 0.00000000000000000000e+00) (0, 0, 0.00000000000000000000e+00) (0, 0, 0.00000000000000000000e+00) (0, 0, 0.00000000000000000000e+00) (0, 0, 0.00000000000000000000e+00) (0, 0, 0.00000000000000000000e+00) (0, 0, 0.00000000000000000000e+00) (0, 0, 0.00000000000000000000e+00) (0, 0, 0.00000000000000000000e+00) (0, 0, 0.00000000000000000000e+00) (0, 0, 0.00000000000000000000e+00) (0, 0, 0.00000000000000000000e+00) (0, 0, 0.00000000000000000000e+00) (0, 0, 0.00000000000000000000e+00) (0, 0, 0.00000000000000000000e+00) (0, 0, 0.00000000000000000000e+00) (0, 0, 0.00000000000000000000e+00) (0, 0, 0.00000000000000000000e+00) (0, 0, 0.00000000000000000000e+00) (0, 0, 0.00000000000000000000e+00) (0, 0, 0.00000000000000000000e+00) (0, 0, 0.00000000000000000000e+00) (0, 0, 0.00000000000000000000e+00) (0, 0, 0.00000000000000000000e+00) (0, 0, 0.00000000000000000000e+00) (0, 0, 0.00000000000000000000e+00) (0, 0, 0.00000000000000000000e+00) (0, 0, 0.00000000000000000000e+00) (0, 0, 0.00000000000000000000e+00) (0, 0, 0.00000000000000000000e+00) (0, 0, 0.00000000000000000000e+00) (0, 0, 0.00000000000000000000e+00) (0, 0, 0.00000000000000000000e+00) (0, 0, 0.00000000000000000000e+00) (0, 0, 0.00000000000000000000e+00) (0, 0, 0.00000000000000000000e+00) (0, 0, 0.00000000000000000000e+00) (0, 0, 0.00000000000000000000e+00) (0, 0, 0.00000000000000000000e+00) (0, 0, 0.00000000000000000000e+00) (0, 0, 0.00000000000000000000e+00) (0, 0, 0.00000000000000000000e+00) (0, 0, 0.00000000000000000000e+00) (0, 0, 0.00000000000000000000e+00) (0, 0, 0.00000000000000000000e+00) (0, 0, 0.00000000000000000000e+00) (0, 0, 0.00000000000000000000e+00) (0, 0, 0.00000000000000000000e+00) (0, 0, 0.00000000000000000000e+00) (0, 0, 0.00000000000000000000e+00) (0, 0, 0.00000000000000000000e+00) (0, 0, 0.00000000000000000000e+00) (0, 0, 0.00000000000000000000e+00) (0, 0, 0.00000000000000000000e+00) (0, 0, 0.00000000000000000000e+00) (0, 0, 0.00000000000000000000e+00) (0, 0, 0.00000000000000000000e+00) (0, 0, 0.00000000000000000000e+00) (0, 0, 0.00000000000000000000e+00) (0, 0, 0.00000000000000000000e+00) (0, 0, 0.00000000000000000000e+00) (0, 0, 0.00000000000000000000e+00) (0, 0, 0.00000000000000000000e+00) (0, 0, 0.00000000000000000000e+00) (0, 0, 0.00000000000000000000e+00) (0, 0, 0.00000000000000000000e+00) (0, 0, 0.00000000000000000000e+00) (0, 0, 0.00000000000000000000e+00) (0, 0, 0.00000000000000000000e+00) (0, 0, 0.00000000000000000000e+00) (0, 0, 0.00000000000000000000e+00) (0, 0, 0.00000000000000000000e+00) (0, 0, 0.00000000000000000000e+00) (0, 0, 0.00000000000000000000e+00) (0, 0, 0.00000000000000000000e+00) (0, 0, 0.00000000000000000000e+00) (0, 0, 0.00000000000000000000e+00) (0, 0, 0.00000000000000000000e+00) (0, 0, 0.00000000000000000000e+00) (0, 0, 0.00000000000000000000e+00) (0, 0, 0.00000000000000000000e+00) (0, 0, 0.00000000000000000000e+00) (0, 0, 0.00000000000000000000e+00) (0, 0, 0.00000000000000000000e+00) (0, 0, 0.00000000000000000000e+00) (0, 0, 0.00000000000000000000e+00) (0, 0, 0.00000000000000000000e+00) (0, 0, 0.00000000000000000000e+00) (0, 0, 0.00000000000000000000e+00) (0, 0, 0.00000000000000000000e+00) (0, 0, 0.00000000000000000000e+00) (0, 0, 0.00000000000000000000e+00) (0, 0, 0.00000000000000000000e+00) (0, 0, 0.00000000000000000000e+00) (0, 0, 0.00000000000000000000e+00) (0, 0, 0.00000000000000000000e+00) (0, 0, 0.00000000000000000000e+00) (0, 0, 0.00000000000000000000e+00) (105, 5, 5.00000000000000000000e-01) (105, 5, 5.00000000000000000000e-01) (105, 5, 5.00000000000000000000e-01) (105, 5, 5.00000000000000000000e-01) (105, 5, 5.00000000000000000000e-01) (105, 5, 5.00000000000000000000e-01) (105, 5, 5.00000000000000000000e-01) (105, 5, 5.00000000000000000000e-01) (105, 5, 5.00000000000000000000e-01) (105, 5, 5.00000000000000000000e-01) (105, 5, 5.00000000000000000000e-01) (105, 5, 5.00000000000000000000e-01) (105, 5, 5.00000000000000000000e-01) (105, 5, 5.00000000000000000000e-01) (105, 5, 5.00000000000000000000e-01) (105, 5, 5.00000000000000000000e-01) (105, 5, 5.00000000000000000000e-01) (105, 5, 5.00000000000000000000e-01) (105, 5, 5.00000000000000000000e-01) (105, 5, 5.00000000000000000000e-01) (105, 5, 5.00000000000000000000e-01) (105, 5, 5.00000000000000000000e-01) (105, 5, 5.00000000000000000000e-01) (105, 5, 5.00000000000000000000e-01) (105, 5, 5.00000000000000000000e-01) (0, 5, 0.00000000000000000000e+00) (26, 5, 5.00000000000000000000e-01) (0, 5, 0.00000000000000000000e+00) 
connections (connected_to_neuron, weight)=(0, 1.49770483398437500000e+03) (1, -1.49754895019531250000e+03) (2, 1.89812839031219482422e+00) (3, 6.64103332519531250000e+02) (4, 2.12498784065246582031e+00) (5, -1.50000000000000000000e+03) (6, 5.63208961486816406250e+00) (7, 4.23633155822753906250e+01) (8, 1.50000000000000000000e+03) (9, -2.08276852965354919434e-01) (10, 7.44258594512939453125e+00) (11, 2.66435050964355468750e+00) (12, 3.67819452285766601562e+00) (13, -1.50000000000000000000e+03) (14, 2.12228775024414062500e+01) (15, -2.59473294019699096680e-01) (16, -1.50000000000000000000e+03) (17, 2.79544520378112792969e+00) (18, 2.99616333007812500000e+02) (19, -2.03765392303466796875e-01) (20, 6.93515319824218750000e+02) (21, 1.42305017089843750000e+03) (22, 1.48790002441406250000e+03) (23, 7.71562051773071289062e+00) (24, 1.44269946289062500000e+03) (25, 1.50000000000000000000e+03) (26, 1.50000000000000000000e+03) (27, 1.50000000000000000000e+03) (28, 1.50000000000000000000e+03) (29, 1.50000000000000000000e+03) (30, 1.49987243652343750000e+03) (31, 1.49987243652343750000e+03) (32, 1.22257789611816406250e+02) (33, 1.50000000000000000000e+03) (34, 1.49987243652343750000e+03) (35, 3.58053016662597656250e+00) (36, 1.43292772769927978516e+00) (37, -9.83865745365619659424e-03) (38, 5.99927864968776702881e-02) (39, 2.13660216331481933594e+00) (40, 2.71787929534912109375e+00) (41, -1.31925354003906250000e+03) (42, 2.59224772453308105469e+00) (43, 1.84681224822998046875e+00) (44, 7.06046342849731445312e+00) (45, 1.96235430240631103516e+00) (46, -1.50000000000000000000e+03) (47, 9.06417617797851562500e+01) (48, -1.50000000000000000000e+03) (49, -1.49954858398437500000e+03) (50, 1.24489355087280273438e+00) (51, -1.98426559448242187500e+02) (52, 2.13716769218444824219e+00) (53, 1.49815783691406250000e+03) (54, 1.50000000000000000000e+03) (55, 1.49987438964843750000e+03) (56, 9.56548452377319335938e-01) (57, 1.49984143066406250000e+03) (58, 1.49954406738281250000e+03) (59, -3.94365844726562500000e+02) (60, 7.11109042167663574219e-01) (61, 1.50000000000000000000e+03) (62, -1.49080917239189147949e-01) (63, -5.41603922843933105469e-01) (64, -3.56499195098876953125e-01) (65, 1.71121299266815185547e+00) (66, 2.45006542205810546875e+01) (67, -1.50000000000000000000e+03) (68, 1.50000000000000000000e+03) (69, 2.34066176414489746094e+00) (70, 8.04307222366333007812e-01) (71, 1.38969206809997558594e+00) (72, -1.27688664942979812622e-02) (73, 1.50000000000000000000e+03) (74, 2.29014039039611816406e+00) (75, -5.56860780715942382812e+00) (76, 1.54863631725311279297e+00) (77, 2.44570016860961914062e+00) (78, -1.49970825195312500000e+03) (79, -1.50000000000000000000e+03) (80, 9.38845098018646240234e-01) (81, 1.50000000000000000000e+03) (82, 2.43580102920532226562e+00) (83, -1.22181343078613281250e+02) (84, -6.06714916229248046875e+00) (85, 1.72473514080047607422e+00) (86, 2.02886676788330078125e+00) (87, 2.46583533287048339844e+00) (88, -4.59936094284057617188e+00) (89, -1.49953063964843750000e+03) (90, -8.61459970474243164062e-01) (91, -2.18560043334960937500e+02) (92, 2.08532238006591796875e+00) (93, 1.53531765937805175781e+00) (94, 1.17558252811431884766e+00) (95, -7.37451136112213134766e-01) (96, 2.73422813415527343750e+00) (97, -3.46991091966629028320e-01) (98, -4.59118872880935668945e-01) (99, 2.74456590414047241211e-02) (100, 2.26582789421081542969e+00) (101, -1.63568764925003051758e-01) (102, -1.50000000000000000000e+03) (103, 1.50000000000000000000e+03) (104, -5.01326143741607666016e-01) (0, -8.86711978912353515625e+00) (1, -2.19043731689453125000e+00) (2, 3.81960058212280273438e+00) (3, -3.53790789842605590820e-01) (4, -8.57105135917663574219e-01) (5, -1.65447592735290527344e+00) (6, -3.25908631086349487305e-01) (7, -2.94634461402893066406e+00) (8, 5.82872986793518066406e-01) (9, 3.10454702377319335938e+00) (10, 9.66141879558563232422e-01) (11, 1.81319877505302429199e-01) (12, -7.49911248683929443359e-01) (13, 5.84960937500000000000e-01) (14, -4.90786641836166381836e-01) (15, -3.31537902355194091797e-01) (16, 2.44825339317321777344e+00) (17, 2.42237949371337890625e+00) (18, -7.01593935489654541016e-01) (19, 1.89202177524566650391e+00) (20, 3.01555484533309936523e-01) (21, 6.60113632678985595703e-01) (22, 1.62225425243377685547e+00) (23, -3.63526433706283569336e-01) (24, 2.56418681144714355469e+00) (25, 1.53229498863220214844e+00) (26, -4.08540397882461547852e-01) (27, 1.94568157196044921875e+00) (28, -1.98801532387733459473e-01) (29, -3.03129106760025024414e-01) (30, -4.80839818716049194336e-01) (31, 2.55299353599548339844e+00) (32, -4.03173118829727172852e-01) (33, 7.01431095600128173828e-01) (34, -6.44355058670043945312e+00) (35, 2.63290238380432128906e+00) (36, 1.22347044944763183594e+00) (37, 1.54962265491485595703e+00) (38, -2.07059625536203384399e-02) (39, 8.22710454463958740234e-01) (40, 7.88281261920928955078e-01) (41, 8.95840704441070556641e-01) (42, -6.07798576354980468750e-01) (43, 1.22902998700737953186e-02) (44, -1.86200484633445739746e-01) (45, 2.39945006370544433594e+00) (46, -2.75920003652572631836e-01) (47, 1.10511377453804016113e-01) (48, 1.47592663764953613281e+00) (49, 1.77161920070648193359e+00) (50, 4.01123493909835815430e-01) (51, 6.91509544849395751953e-01) (52, -3.78062397241592407227e-01) (53, -6.02430999279022216797e-01) (54, -7.60731816291809082031e-01) (55, 2.92027139663696289062e+00) (56, -7.05175578594207763672e-01) (57, -9.20693337917327880859e-01) (58, -5.15928268432617187500e-01) (59, -5.14036893844604492188e+00) (60, -3.03831130266189575195e-01) (61, -8.10151576995849609375e-01) (62, 1.85293745994567871094e+00) (63, 1.89868497848510742188e+00) (64, -2.73450642824172973633e-01) (65, -2.53533124923706054688e-01) (66, -1.75290322303771972656e+00) (67, 1.11819756031036376953e+00) (68, -4.83387231826782226562e+00) (69, -1.04390454292297363281e+00) (70, -4.18250709772109985352e-01) (71, 2.11237001419067382812e+00) (72, -1.77392140030860900879e-01) (73, 2.00311160087585449219e+00) (74, 1.98738074302673339844e+00) (75, 4.11128848791122436523e-01) (76, -3.41312170028686523438e-01) (77, -2.60185986757278442383e-01) (78, 5.36420226097106933594e-01) (79, 3.32109594345092773438e+00) (80, -4.41941213607788085938e+00) (81, -1.51582360267639160156e+00) (82, -4.08764034509658813477e-01) (83, -4.31760740280151367188e+00) (84, -4.05928277969360351562e+00) (85, 3.01076269149780273438e+00) (86, 1.97035229206085205078e+00) (87, -7.06678807735443115234e-01) (88, -2.48162746429443359375e+00) (89, -3.30392718315124511719e+00) (90, -2.90317821502685546875e+00) (91, -1.09882235527038574219e+00) (92, -1.99457061290740966797e+00) (93, -4.30847823619842529297e-01) (94, -2.20515968976542353630e-04) (95, -8.56338560581207275391e-01) (96, -6.49760365486145019531e-01) (97, 2.46112632751464843750e+00) (98, -3.01268386840820312500e+00) (99, 5.05236506462097167969e-01) (100, -5.07224440574645996094e-01) (101, -8.34899008274078369141e-01) (102, 3.52206438779830932617e-01) (103, 1.87441933155059814453e+00) (104, 2.38362002372741699219e+00) (0, 9.52653961181640625000e+01) (1, 2.25038146972656250000e+00) (2, 2.35005736351013183594e+00) (3, -3.56715172529220581055e-03) (4, 6.51855170726776123047e-01) (5, 1.15278272628784179688e+01) (6, 5.67514657974243164062e-01) (7, -1.99683499336242675781e+00) (8, 1.39521179199218750000e+02) (9, 2.93694829940795898438e+00) (10, 2.14680194854736328125e-01) (11, 2.40044736862182617188e+00) (12, 2.22331881523132324219e-01) (13, 1.71270103454589843750e+01) (14, 2.19732952117919921875e+00) (15, 2.31542277336120605469e+00) (16, 1.15411627292633056641e+00) (17, 2.16582968831062316895e-01) (18, 2.78390586376190185547e-01) (19, 2.12739038467407226562e+00) (20, -2.07436866760253906250e+01) (21, -5.26591300964355468750e+01) (22, 9.71777200698852539062e-01) (23, 2.07038924098014831543e-01) (24, -5.65105834960937500000e+02) (25, -2.03917572021484375000e+02) (26, -3.07112455368041992188e-01) (27, -3.10012125968933105469e+00) (28, -2.57416367530822753906e+00) (29, -2.19592227935791015625e+01) (30, -7.66354131698608398438e+00) (31, -2.40862464904785156250e+00) (32, 1.30972194671630859375e+00) (33, -7.79686689376831054688e-01) (34, 6.44553604125976562500e+01) (35, 2.85685849189758300781e+00) (36, 1.99424505233764648438e+00) (37, 2.70077276229858398438e+00) (38, 7.35385954380035400391e-01) (39, 6.95179164409637451172e-01) (40, 2.08682394027709960938e+00) (41, -1.72611255645751953125e+01) (42, 1.78141683340072631836e-01) (43, 2.06166923046112060547e-01) (44, 8.17128837108612060547e-01) (45, 2.44418478012084960938e+00) (46, 4.07007646560668945312e+00) (47, 5.89426345825195312500e+01) (48, 1.76428508758544921875e+01) (49, 6.62377071380615234375e+00) (50, 1.25448489189147949219e+00) (51, 2.02082014083862304688e+00) (52, 2.95440256595611572266e-01) (53, -1.34438097476959228516e+00) (54, 1.70742869377136230469e-01) (55, 2.02192382812500000000e+01) (56, 1.54418838024139404297e+00) (57, 1.35727488994598388672e+00) (58, -5.19856452941894531250e+01) (59, -5.71557521820068359375e+00) (60, 2.44257092475891113281e+00) (61, -1.02499222755432128906e+00) (62, 2.34815311431884765625e+00) (63, 2.74502038955688476562e+00) (64, 1.68991756439208984375e+00) (65, 1.97894263267517089844e+00) (66, 6.37937133789062500000e+02) (67, 3.38753056526184082031e+00) (68, -9.89676475524902343750e+00) (69, 8.71253585815429687500e+00) (70, 1.40134227275848388672e+00) (71, 9.89738166332244873047e-01) (72, 2.91794228553771972656e+00) (73, 3.06253547668457031250e+01) (74, 7.32876837253570556641e-01) (75, 5.42739868164062500000e-01) (76, -6.67308712005615234375e+00) (77, -3.39190512895584106445e-01) (78, -2.25177302956581115723e-01) (79, 2.22515225410461425781e+00) (80, -3.75171852111816406250e+00) (81, -2.03482484817504882812e+00) (82, -3.65639865398406982422e-01) (83, 3.81810545921325683594e+00) (84, 8.41387271881103515625e+00) (85, 2.24335026741027832031e+00) (86, 7.79104769229888916016e-01) (87, 5.66942505538463592529e-02) (88, 3.28227114677429199219e+00) (89, 1.13033914566040039062e+01) (90, 2.79851150512695312500e+00) (91, 2.21093559265136718750e+00) (92, 1.75463402271270751953e+00) (93, 1.75699436664581298828e+00) (94, 9.91096675395965576172e-01) (95, 3.07309436798095703125e+00) (96, 4.75317865610122680664e-01) (97, 9.76133882999420166016e-01) (98, 1.41450977325439453125e+00) (99, 6.37476015090942382812e+00) (100, 9.23872649669647216797e-01) (101, 1.48162806034088134766e+00) (102, 1.35995543003082275391e+00) (103, 2.23793530464172363281e+00) (104, 1.18540298938751220703e+00) (0, -2.88365726470947265625e+01) (1, -6.77681159973144531250e+00) (2, -9.72238254547119140625e+00) (3, -7.23055601119995117188e+00) (4, 3.30153971910476684570e-01) (5, -1.50868978500366210938e+01) (6, -7.93153524398803710938e+00) (7, 1.19714021682739257812e+01) (8, -9.48109245300292968750e+00) (9, -3.56215447187423706055e-01) (10, -1.43772068023681640625e+01) (11, -1.89876627922058105469e+00) (12, -1.16039144992828369141e+00) (13, 9.26162624359130859375e+00) (14, 3.87128925323486328125e+00) (15, -1.04939422607421875000e+01) (16, 5.50889635086059570312e+00) (17, 1.50745177268981933594e+00) (18, -6.83710145950317382812e+00) (19, -1.27508831024169921875e+00) (20, 7.97783672809600830078e-01) (21, -9.32713091373443603516e-01) (22, -4.91803318262100219727e-01) (23, -1.30973398685455322266e+00) (24, 1.48406362533569335938e+00) (25, -1.18920385837554931641e-01) (26, -7.35685706138610839844e-01) (27, -6.29151225090026855469e-01) (28, 1.32690981030464172363e-01) (29, 1.26991462707519531250e+00) (30, -3.24247121810913085938e-01) (31, -1.12166059017181396484e+00) (32, -5.14029264450073242188e-01) (33, 1.04853928089141845703e-01) (34, 4.67628687620162963867e-01) (35, -1.81588143110275268555e-01) (36, -9.96634244918823242188e-01) (37, -1.65636181831359863281e-01) (38, -4.88146483898162841797e-01) (39, -6.33876740932464599609e-01) (40, 1.83417904376983642578e+00) (41, 2.68785715103149414062e+00) (42, 3.82314652204513549805e-01) (43, 1.54989671707153320312e+00) (44, 1.84156548976898193359e+00) (45, 1.53101301193237304688e+00) (46, 2.23175001144409179688e+00) (47, -8.91823321580886840820e-02) (48, 1.47345006465911865234e+00) (49, 1.27036058902740478516e+00) (50, -1.80057570338249206543e-01) (51, -3.03971350193023681641e-01) (52, 2.18833303451538085938e+00) (53, -1.65821087360382080078e+00) (54, -9.55731987953186035156e-01) (55, -8.28180408477783203125e+00) (56, -7.72583842277526855469e-01) (57, -1.05218565464019775391e+00) (58, -1.02554202079772949219e-01) (59, -1.41425991058349609375e+00) (60, 1.62698316574096679688e+00) (61, -1.32847809791564941406e+00) (62, 1.73698377609252929688e+00) (63, 1.85373604297637939453e+00) (64, 1.82588648796081542969e+00) (65, -6.39811992645263671875e-01) (66, -1.00011837482452392578e+00) (67, 1.57053017616271972656e+00) (68, -4.00294017791748046875e+00) (69, -8.57119143009185791016e-01) (70, -3.35726529359817504883e-01) (71, -4.82403188943862915039e-01) (72, 4.48295682668685913086e-01) (73, -1.43045771121978759766e+00) (74, -8.27634871006011962891e-01) (75, 1.71090412139892578125e+00) (76, 1.28841173648834228516e+00) (77, -1.15623641014099121094e+00) (78, 1.02198493480682373047e+00) (79, 1.91739594936370849609e+00) (80, -1.05147138237953186035e-01) (81, -7.67556905746459960938e-01) (82, -8.56797516345977783203e-01) (83, 1.98690974712371826172e+00) (84, -3.48526746034622192383e-01) (85, 7.93550193309783935547e-01) (86, -7.20045924186706542969e-01) (87, -8.13035368919372558594e-01) (88, 2.17055630683898925781e+00) (89, 2.02281260490417480469e+00) (90, 1.70146429538726806641e+00) (91, 1.88295936584472656250e+00) (92, 3.44237893819808959961e-01) (93, 1.05796778202056884766e+00) (94, -6.02194249629974365234e-01) (95, 2.77306824922561645508e-01) (96, -8.94008934497833251953e-01) (97, 1.15210866928100585938e+00) (98, 1.68160629272460937500e+00) (99, -2.57830828428268432617e-01) (100, -7.10583508014678955078e-01) (101, -2.59178131818771362305e-01) (102, 2.43397094726562500000e+02) (103, 2.22508010864257812500e+02) (104, 2.69466114044189453125e+00) (0, 4.73942565917968750000e+01) (1, 9.16026306152343750000e+01) (2, 2.03766393661499023438e+00) (3, 8.49945449829101562500e+00) (4, 4.01737833023071289062e+00) (5, 2.07604049682617187500e+02) (6, 2.40503072738647460938e+00) (7, -7.97565728425979614258e-02) (8, -1.20461456298828125000e+02) (9, 3.12216591835021972656e+00) (10, -6.03739051818847656250e+01) (11, 2.55411338806152343750e+00) (12, 1.72481632232666015625e+00) (13, 4.57761001586914062500e+01) (14, 2.58120942115783691406e+00) (15, 2.69693922996520996094e+00) (16, 5.24474525451660156250e+00) (17, 1.84945619106292724609e+00) (18, -3.99805793762207031250e+01) (19, 2.54082179069519042969e+00) (20, -6.04258871078491210938e+00) (21, -4.03554191589355468750e+01) (22, -1.79702850341796875000e+02) (23, 1.64754557609558105469e+00) (24, -1.79690612792968750000e+02) (25, -1.17511489868164062500e+02) (26, -2.06057872772216796875e+01) (27, 1.51498258113861083984e+00) (28, -2.37912559509277343750e+00) (29, -4.96095037460327148438e+00) (30, 6.10568076372146606445e-02) (31, 1.02933807373046875000e+01) (32, 2.52720832824707031250e+00) (33, -1.82236623764038085938e+00) (34, 3.29996307373046875000e+02) (35, 3.15068125724792480469e+00) (36, 2.93061947822570800781e+00) (37, 3.96569395065307617188e+00) (38, 5.21279859542846679688e+00) (39, 2.30635952949523925781e+00) (40, 1.33953809738159179688e+00) (41, 3.23297080993652343750e+01) (42, 9.20510470867156982422e-01) (43, 2.11991143226623535156e+00) (44, 2.18883681297302246094e+00) (45, 2.55974960327148437500e+00) (46, 1.55590045452117919922e+00) (47, -3.11627826690673828125e+01) (48, 1.42975402832031250000e+02) (49, 6.67160272598266601562e+00) (50, 1.77519428730010986328e+00) (51, 2.91350078582763671875e+00) (52, -3.98699069023132324219e+00) (53, -5.06185913085937500000e+00) (54, 1.65957653522491455078e+00) (55, -5.98797378540039062500e+01) (56, 1.98483383655548095703e+00) (57, -3.65538482666015625000e+01) (58, -2.58462715148925781250e+01) (59, -4.44724884033203125000e+01) (60, 3.02181482315063476562e+00) (61, -2.01561279296875000000e+01) (62, 2.66743087768554687500e+00) (63, 1.04661006927490234375e+01) (64, 3.08152079582214355469e+00) (65, 2.33873891830444335938e+00) (66, 1.00794235229492187500e+02) (67, 9.91163158416748046875e+00) (68, -2.94529590606689453125e+01) (69, 5.39671182632446289062e+00) (70, 2.49204349517822265625e+00) (71, 2.82949328422546386719e+00) (72, 6.04879379272460937500e+00) (73, -1.84105575561523437500e+02) (74, 1.90382707118988037109e+00) (75, 1.19168176651000976562e+01) (76, 2.50425171852111816406e+00) (77, 5.51013708114624023438e-01) (78, 6.33750057220458984375e+00) (79, 3.26106529235839843750e+01) (80, 4.15499639511108398438e+00) (81, -3.60192179679870605469e+00) (82, 5.54254710674285888672e-01) (83, 4.90762825012207031250e+01) (84, 1.65256538391113281250e+01) (85, 3.00149393081665039062e+00) (86, 2.21822237968444824219e+00) (87, 2.00524067878723144531e+00) (88, 6.98344182968139648438e+00) (89, 2.11070999145507812500e+02) (90, 4.93024873733520507812e+00) (91, 4.79063453674316406250e+01) (92, 2.08620405197143554688e+00) (93, 2.50940561294555664062e+00) (94, 2.64142799377441406250e+00) (95, 3.57327246665954589844e+00) (96, 1.64994609355926513672e+00) (97, 2.62054800987243652344e+00) (98, 7.92125225067138671875e+00) (99, 3.04740667343139648438e+00) (100, 2.24410986900329589844e+00) (101, 2.85665321350097656250e+00) (102, 2.16390972137451171875e+01) (103, -1.23943023681640625000e+01) (104, -1.21692106127738952637e-01) (0, -5.73558654785156250000e+01) (1, -1.50000000000000000000e+03) (2, 3.21559160947799682617e-02) (3, 5.34798622131347656250e+00) (4, -1.62526473402976989746e-01) (5, -1.50000000000000000000e+03) (6, -1.10112182796001434326e-01) (7, 3.81442356109619140625e+00) (8, 9.71453186035156250000e+02) (9, -8.23296833038330078125e+00) (10, 4.78074073791503906250e-01) (11, -1.40443682670593261719e+00) (12, 1.52545690536499023438e-01) (13, 4.66870605468750000000e+02) (14, -1.04959130287170410156e+00) (15, -1.34667730331420898438e+00) (16, -2.35055953979492187500e+02) (17, -3.04788261651992797852e-01) (18, 2.00941395759582519531e+00) (19, -1.60795366764068603516e+00) (20, 1.31091232299804687500e+01) (21, 7.52841567993164062500e+01) (22, 4.28488121032714843750e+01) (23, 2.74588894844055175781e+00) (24, 5.21084251403808593750e+01) (25, 6.15284790039062500000e+02) (26, 1.22922124862670898438e+01) (27, 1.31942808628082275391e-01) (28, 4.58465719223022460938e+00) (29, 4.09170875549316406250e+01) (30, -1.01260840892791748047e+00) (31, 1.14214384555816650391e+00) (32, -1.76990866661071777344e+00) (33, 1.89952528476715087891e+00) (34, -1.05761730957031250000e+03) (35, -2.66794681549072265625e+00) (36, -1.37549114227294921875e+00) (37, -1.00993385314941406250e+01) (38, -7.82698869705200195312e+00) (39, -1.17779099941253662109e+00) (40, -6.21515572071075439453e-01) (41, -6.29155235290527343750e+01) (42, -1.71109154820442199707e-01) (43, -1.16207230091094970703e+00) (44, -7.79044568538665771484e-01) (45, -6.49444997310638427734e-01) (46, -1.96059890747070312500e+02) (47, -1.49145269393920898438e+01) (48, -6.62472534179687500000e+02) (49, -1.67398147583007812500e+02) (50, -1.77214777469635009766e+00) (51, -7.24206590652465820312e+00) (52, 2.19648275524377822876e-02) (53, 2.28861689567565917969e+00) (54, 1.10148394107818603516e+00) (55, 1.84791717529296875000e+02) (56, -6.61101043224334716797e-02) (57, 1.14046337890625000000e+03) (58, 1.48586462402343750000e+03) (59, 2.39872989654541015625e+01) (60, -1.09778606891632080078e+00) (61, 1.46769372558593750000e+03) (62, -1.06915128231048583984e+00) (63, -1.30955445766448974609e+00) (64, -8.01425361633300781250e+00) (65, -2.95753151178359985352e-01) (66, -1.92662105560302734375e+01) (67, -1.38588738441467285156e+00) (68, 6.16319198608398437500e+01) (69, -1.49923610687255859375e+01) (70, -4.91036653518676757812e-01) (71, -3.68472069501876831055e-01) (72, -1.99683547019958496094e+00) (73, 2.85553100585937500000e+02) (74, -8.48559677600860595703e-01) (75, -1.09605207443237304688e+01) (76, -8.37893187999725341797e-01) (77, 7.61002659797668457031e-01) (78, -1.78866195678710937500e+00) (79, -1.19952148437500000000e+02) (80, -4.91400539875030517578e-01) (81, 2.40428376197814941406e+00) (82, 1.14151275157928466797e+00) (83, -2.60198554992675781250e+01) (84, -1.50000000000000000000e+03) (85, -2.16675376892089843750e+01) (86, -3.45202714204788208008e-01) (87, 1.83148920536041259766e-01) (88, -2.28469451904296875000e+02) (89, -2.57537292480468750000e+02) (90, -1.37201440334320068359e+00) (91, -1.50000000000000000000e+03) (92, -1.87782332301139831543e-01) (93, -9.43499207496643066406e-02) (94, -2.81095355749130249023e-01) (95, -1.01669216156005859375e+00) (96, 2.15489417314529418945e-01) (97, -5.46114921569824218750e-01) (98, -1.21765410900115966797e+00) (99, -6.54037714004516601562e-01) (100, -2.54246056079864501953e-01) (101, -2.60594815015792846680e-01) (102, -5.89654846191406250000e+01) (103, 8.81192245483398437500e+01) (104, 2.05040693283081054688e+00) (0, 1.00223884582519531250e+02) (1, -3.43619003295898437500e+01) (2, 4.39268201589584350586e-01) (3, 2.52709364891052246094e+00) (4, 4.30575460195541381836e-02) (5, 2.95506978034973144531e+00) (6, -2.15636539459228515625e+00) (7, 7.51629248261451721191e-02) (8, 9.03254165649414062500e+01) (9, 3.86086773872375488281e+00) (10, 1.03444671630859375000e+00) (11, 2.67683005332946777344e+00) (12, 1.34856319427490234375e+00) (13, 7.78242826461791992188e+00) (14, 2.45177102088928222656e+00) (15, 2.71320486068725585938e+00) (16, 2.19927859306335449219e+00) (17, 1.84795415401458740234e+00) (18, 6.63503229618072509766e-01) (19, 2.24339413642883300781e+00) (20, -8.94967651367187500000e+00) (21, -3.47197456359863281250e+01) (22, 2.52439904212951660156e+00) (23, 4.79878574609756469727e-01) (24, -1.32799072265625000000e+02) (25, -9.81530532836914062500e+01) (26, -1.57708823680877685547e+00) (27, 4.15607422590255737305e-01) (28, -2.03280663490295410156e+00) (29, -3.43082284927368164062e+00) (30, -9.03062745928764343262e-02) (31, -6.83153867721557617188e-01) (32, 2.22061538696289062500e+00) (33, 1.12774276733398437500e+00) (34, -1.85589618682861328125e+01) (35, 2.92686343193054199219e+00) (36, 1.61581087112426757812e+00) (37, 2.84373760223388671875e+00) (38, 9.69874918460845947266e-01) (39, 7.41302549839019775391e-01) (40, 1.48037445545196533203e+00) (41, 3.17540979385375976562e+00) (42, 7.60173141956329345703e-01) (43, 1.28325927257537841797e+00) (44, 1.23275244235992431641e+00) (45, 2.38395619392395019531e+00) (46, 3.46873879432678222656e+00) (47, 6.00612983703613281250e+01) (48, 3.54779887199401855469e+00) (49, 1.93547737598419189453e+00) (50, 9.73566472530364990234e-01) (51, 1.66962683200836181641e+00) (52, 2.33027234673500061035e-01) (53, 5.71385920047760009766e-02) (54, 6.89530789852142333984e-01) (55, 1.67136325836181640625e+01) (56, 1.72622299194335937500e+00) (57, -8.28158974647521972656e-01) (58, 4.80031579732894897461e-01) (59, -4.22509193420410156250e+00) (60, 2.67216348648071289062e+00) (61, -1.92943349480628967285e-01) (62, 2.48720335960388183594e+00) (63, 2.73197507858276367188e+00) (64, 2.87759280204772949219e+00) (65, 1.28785634040832519531e+00) (66, 1.20056068420410156250e+02) (67, 2.46404337882995605469e+00) (68, -3.30760116577148437500e+01) (69, 1.22202003002166748047e+00) (70, 1.32951438426971435547e+00) (71, 1.26918101310729980469e+00) (72, 1.64401185512542724609e+00) (73, 3.47011642456054687500e+01) (74, 1.10391175746917724609e+00) (75, 5.13454151153564453125e+00) (76, 2.55992341041564941406e+00) (77, -1.45105466246604919434e-01) (78, 3.15380096435546875000e+00) (79, 2.90391683578491210938e+00) (80, 1.03304326534271240234e+00) (81, 7.87369191646575927734e-01) (82, 5.39409041404724121094e-01) (83, 2.68216609954833984375e+00) (84, 1.26707494258880615234e+00) (85, 2.68869042396545410156e+00) (86, 1.28590047359466552734e+00) (87, 5.82216143608093261719e-01) (88, 3.20853281021118164062e+00) (89, 2.05784082412719726562e+00) (90, 1.55992758274078369141e+00) (91, 1.80923926830291748047e+00) (92, 2.25184631347656250000e+00) (93, 2.49778294563293457031e+00) (94, 1.26477909088134765625e+00) (95, 1.57064008712768554688e+00) (96, 1.00973904132843017578e+00) (97, 1.65661191940307617188e+00) (98, 1.51197993755340576172e+00) (99, 1.52449512481689453125e+00) (100, 1.17462480068206787109e+00) (101, 1.58746385574340820312e+00) (102, 4.37448167800903320312e+00) (103, -9.62380588054656982422e-01) (104, 6.20197474956512451172e-01) (0, -7.70584297180175781250e+00) (1, -1.29674348831176757812e+01) (2, -3.13993883132934570312e+00) (3, 8.20959281921386718750e+00) (4, -5.73802709579467773438e+00) (5, 5.46456575393676757812e+00) (6, 4.80062425136566162109e-01) (7, 2.68354797363281250000e+00) (8, -5.02784633636474609375e+00) (9, -2.12782835960388183594e+00) (10, 7.22881221771240234375e+00) (11, -8.37584137916564941406e-02) (12, -1.97672533988952636719e+00) (13, 8.06415826082229614258e-02) (14, 2.65042233467102050781e+00) (15, -2.83522343635559082031e+00) (16, -1.06562867760658264160e-01) (17, -3.02342772483825683594e-01) (18, 1.94500494003295898438e+00) (19, -9.00617241859436035156e-01) (20, 4.51262807846069335938e+00) (21, -2.62426948547363281250e+00) (22, 1.63844203948974609375e+00) (23, -4.03955698013305664062e+00) (24, 1.38278543949127197266e+00) (25, -2.52175062894821166992e-01) (26, -2.02393934130668640137e-01) (27, 1.66322672367095947266e+00) (28, -7.74176716804504394531e-01) (29, -1.01468312740325927734e+00) (30, -3.18183350563049316406e+00) (31, -5.57410001754760742188e-01) (32, -1.00908839702606201172e+00) (33, -9.93374288082122802734e-01) (34, -1.26314163208007812500e+00) (35, -8.88942480087280273438e-01) (36, -2.10900709033012390137e-01) (37, 1.09772706031799316406e+00) (38, -6.36824846267700195312e-01) (39, -5.63360154628753662109e-01) (40, -5.44010698795318603516e-01) (41, 2.69897675514221191406e+00) (42, -3.16941201686859130859e-01) (43, 6.09026074409484863281e-01) (44, -4.85578626394271850586e-01) (45, -2.18274936079978942871e-01) (46, 2.12732243537902832031e+00) (47, -1.83611190319061279297e+00) (48, 5.28343319892883300781e-01) (49, -6.27995789051055908203e-01) (50, -8.54707241058349609375e-01) (51, -1.60880967974662780762e-01) (52, -1.15441396832466125488e-01) (53, -7.82320380210876464844e-01) (54, -7.42638468742370605469e-01) (55, 9.30893659591674804688e-01) (56, 7.11897313594818115234e-01) (57, -1.11174058914184570312e+00) (58, 1.56411811709403991699e-01) (59, -9.96579349040985107422e-01) (60, -3.92905294895172119141e-01) (61, -1.28680551052093505859e+00) (62, 1.49245798587799072266e+00) (63, 1.08709478378295898438e+00) (64, 1.83077788352966308594e+00) (65, -6.86963260173797607422e-01) (66, -8.27682614326477050781e-01) (67, 1.06725609302520751953e+00) (68, -1.25542891025543212891e+00) (69, -7.65154302120208740234e-01) (70, -4.41196888685226440430e-01) (71, -4.97184604406356811523e-01) (72, 2.62723773717880249023e-01) (73, -9.64563786983489990234e-01) (74, 1.88907504081726074219e+00) (75, 4.11227613687515258789e-01) (76, 2.30707749724388122559e-02) (77, -8.52016031742095947266e-01) (78, 5.64816534519195556641e-01) (79, 2.07965278625488281250e+00) (80, -4.60281312465667724609e-01) (81, -6.92610621452331542969e-01) (82, -8.80475580692291259766e-01) (83, 2.01373934745788574219e+00) (84, -3.77296447753906250000e-01) (85, -3.71985167264938354492e-01) (86, -8.31036150455474853516e-01) (87, -8.21208059787750244141e-01) (88, 1.78626465797424316406e+00) (89, 2.02438712120056152344e+00) (90, 1.46768188476562500000e+00) (91, 1.81410169601440429688e+00) (92, -8.62978756427764892578e-01) (93, -7.17841446399688720703e-01) (94, -6.29324793815612792969e-01) (95, 5.79268112778663635254e-02) (96, -8.51379513740539550781e-01) (97, 1.00666391849517822266e+00) (98, 1.49652349948883056641e+00) (99, -5.42118489742279052734e-01) (100, -7.56511449813842773438e-01) (101, -7.01191961765289306641e-01) (102, 2.32556549072265625000e+02) (103, 2.29499374389648437500e+02) (104, 2.79612517356872558594e+00) (0, 1.70182764530181884766e-01) (1, -1.90386056900024414062e+00) (2, -5.32457053661346435547e-01) (3, -6.38684555888175964355e-02) (4, -5.83593904972076416016e-01) (5, -1.35320491790771484375e+01) (6, -4.24668401479721069336e-01) (7, 1.16610944271087646484e-01) (8, 1.18126403808593750000e+02) (9, -1.29702365398406982422e+00) (10, 1.41710710525512695312e+00) (11, -8.63733172416687011719e-01) (12, -4.14799600839614868164e-01) (13, 1.50801098346710205078e+00) (14, -4.14821416139602661133e-01) (15, -7.58878350257873535156e-01) (16, -2.10738992691040039062e+00) (17, -7.61081799864768981934e-02) (18, 1.80125653743743896484e-01) (19, -7.03128814697265625000e-01) (20, 3.83115005493164062500e+00) (21, 5.99446916580200195312e+00) (22, 2.06656002998352050781e+00) (23, 4.38094329833984375000e+00) (24, 5.68786163330078125000e+01) (25, 1.98043403625488281250e+01) (26, 1.81312572956085205078e+00) (27, 9.10597294569015502930e-03) (28, 4.23158931732177734375e+00) (29, 2.52840447425842285156e+00) (30, 1.19064319133758544922e+00) (31, 6.52284085750579833984e-01) (32, -8.13947439193725585938e-01) (33, 1.05279839038848876953e+00) (34, 6.22086238861083984375e+00) (35, -1.34565067291259765625e+00) (36, -1.61862623691558837891e+00) (37, -5.10993194580078125000e+00) (38, -2.16002678871154785156e+00) (39, -8.17941248416900634766e-01) (40, -3.39335471391677856445e-01) (41, -3.59626693725585937500e+01) (42, 9.55360889434814453125e-01) (43, -8.70743572711944580078e-01) (44, 1.39582455158233642578e-01) (45, -1.09995079040527343750e+00) (46, -1.90446224212646484375e+01) (47, -2.57254962921142578125e+01) (48, -6.75377578735351562500e+01) (49, -9.58723163604736328125e+00) (50, -8.25825110077857971191e-02) (51, -3.65536346435546875000e+01) (52, 1.40248370170593261719e+00) (53, 2.90852522850036621094e+00) (54, 1.80323469638824462891e+00) (55, 6.90734100341796875000e+00) (56, -2.57882028818130493164e-01) (57, 1.77128257751464843750e+01) (58, 5.91771888732910156250e+01) (59, 1.71923599243164062500e+01) (60, -9.29794311523437500000e-01) (61, 6.26874256134033203125e+00) (62, -6.55342400074005126953e-01) (63, -1.02692675590515136719e+00) (64, -8.97730731964111328125e+00) (65, -7.45554447174072265625e-01) (66, 5.14738988876342773438e+00) (67, -1.82966959476470947266e+00) (68, 1.51769208908081054688e+01) (69, -7.19851493835449218750e+00) (70, -5.35676288604736328125e+00) (71, -7.49075412750244140625e-01) (72, -4.14385414123535156250e+00) (73, -7.94477157592773437500e+01) (74, 1.07264626026153564453e+00) (75, -1.15667676925659179688e+01) (76, -6.68796586990356445312e+00) (77, 1.14992785453796386719e+00) (78, -7.41373538970947265625e+00) (79, -2.29532928466796875000e+01) (80, -5.45915889739990234375e+00) (81, -1.00802338123321533203e+00) (82, 1.61426746845245361328e+00) (83, -1.04279880523681640625e+01) (84, -1.48060207366943359375e+01) (85, -5.87879240512847900391e-01) (86, -9.25874292850494384766e-01) (87, -4.93242666125297546387e-02) (88, -1.69850807189941406250e+01) (89, -1.84933261871337890625e+01) (90, -3.18236565589904785156e+00) (91, -1.87082386016845703125e+01) (92, -9.09063994884490966797e-01) (93, 2.52432048320770263672e-01) (94, -8.83508026599884033203e-01) (95, -1.18318748474121093750e+00) (96, -5.47453939914703369141e-01) (97, -1.88138484954833984375e+00) (98, -3.70950627326965332031e+00) (99, -9.21475470066070556641e-01) (100, -7.99808681011199951172e-01) (101, -8.27319562435150146484e-01) (102, -3.22969222068786621094e+00) (103, 6.13794660568237304688e+00) (104, 2.28394222259521484375e+00) (0, 3.45515350341796875000e+02) (1, -1.47867944335937500000e+03) (2, 1.82386004924774169922e+00) (3, 3.35389862060546875000e+01) (4, 5.81960260868072509766e-01) (5, -1.49998828125000000000e+03) (6, 1.43298995494842529297e+00) (7, 8.42871856689453125000e+00) (8, 1.49989379882812500000e+03) (9, 9.64660525321960449219e-01) (10, 4.72779273986816406250e+01) (11, 1.97549247741699218750e+00) (12, 1.95905923843383789062e+00) (13, -1.02674583435058593750e+02) (14, 2.75293612480163574219e+00) (15, 1.46104812622070312500e-01) (16, -1.00338621139526367188e+01) (17, 6.31289434432983398438e+00) (18, 4.65049819946289062500e+01) (19, -8.78157556056976318359e-01) (20, 1.46947399902343750000e+03) (21, 1.47428503417968750000e+03) (22, 1.45326647949218750000e+03) (23, 4.65700531005859375000e+01) (24, 1.49989270019531250000e+03) (25, 1.50000000000000000000e+03) (26, 5.47521789550781250000e+02) (27, 1.21789685058593750000e+03) (28, 1.50000000000000000000e+03) (29, 1.50000000000000000000e+03) (30, 1.50000000000000000000e+03) (31, 1.37028417968750000000e+03) (32, 1.96099472045898437500e+01) (33, 3.81537780761718750000e+01) (34, -6.29163696289062500000e+02) (35, -9.90622100830078125000e+01) (36, -7.78882408142089843750e+00) (37, -1.21817064285278320312e+00) (38, -1.43090283870697021484e+00) (39, 1.07670199871063232422e+00) (40, 8.67857813835144042969e-01) (41, -1.23310615539550781250e+02) (42, 1.48418450355529785156e+00) (43, 6.26282393932342529297e-01) (44, 5.06495428085327148438e+00) (45, 3.20365637540817260742e-01) (46, -1.23145401000976562500e+02) (47, -1.22178020477294921875e+01) (48, -3.72415740966796875000e+02) (49, -7.32693023681640625000e+01) (50, 7.10863530635833740234e-01) (51, -5.61849174499511718750e+01) (52, 1.90414416790008544922e+00) (53, -1.72460956573486328125e+01) (54, 6.42676391601562500000e+01) (55, 2.29074417114257812500e+02) (56, 7.32550442218780517578e-01) (57, 8.81272460937500000000e+02) (58, 1.49943273925781250000e+03) (59, 6.11419334411621093750e+01) (60, -5.75754702091217041016e-01) (61, 4.43911804199218750000e+02) (62, -7.62033224105834960938e-01) (63, -1.25590074062347412109e+00) (64, -1.61342287063598632812e+00) (65, -6.65819123387336730957e-02) (66, -1.10958051681518554688e+00) (67, -1.53640193939208984375e+01) (68, 9.55814266204833984375e+00) (69, 5.86766898632049560547e-01) (70, -4.25414752960205078125e+00) (71, -2.42295050621032714844e+00) (72, -5.08545951843261718750e+01) (73, 2.20440902709960937500e+01) (74, 2.82168924808502197266e-01) (75, -1.11668787002563476562e+01) (76, 1.01252937316894531250e+00) (77, 1.32538807392120361328e+00) (78, -4.15735168457031250000e+02) (79, -1.11602661132812500000e+02) (80, -2.08017125725746154785e-01) (81, 7.10865378379821777344e-01) (82, 9.30500686168670654297e-01) (83, -3.92141914367675781250e+01) (84, -3.37379798889160156250e+01) (85, -6.32360503077507019043e-02) (86, 1.08634613454341888428e-01) (87, 4.16118830442428588867e-01) (88, -1.40909332275390625000e+02) (89, -1.50000000000000000000e+03) (90, -1.13183307647705078125e+00) (91, -5.18246887207031250000e+02) (92, 3.95688533782958984375e-01) (93, -4.94062416255474090576e-02) (94, -6.83126226067543029785e-02) (95, -8.71694624423980712891e-01) (96, 8.29840898513793945312e-01) (97, -5.57549238204956054688e-01) (98, -6.40738606452941894531e-01) (99, -2.58393198251724243164e-01) (100, -3.55771742761135101318e-02) (101, -1.92061036825180053711e-01) (102, -1.50000000000000000000e+03) (103, 1.50000000000000000000e+03) (104, 1.58179235458374023438e+00) (0, -1.49918994140625000000e+03) (1, -1.49991223144531250000e+03) (2, 1.11600923538208007812e+00) (3, 2.44257850646972656250e+01) (4, 1.59583008289337158203e+00) (5, 1.49972387695312500000e+03) (6, 2.46608972549438476562e+00) (7, 5.20540618896484375000e+01) (8, -1.50000000000000000000e+03) (9, 2.53897309303283691406e-01) (10, 3.51260113716125488281e+00) (11, 1.94038903713226318359e+00) (12, 1.89991247653961181641e+00) (13, 1.50000000000000000000e+03) (14, 1.25381441116333007812e+01) (15, 4.22046631574630737305e-01) (16, 1.49987426757812500000e+03) (17, 1.84869289398193359375e+00) (18, 1.70610466003417968750e+01) (19, -9.43031597137451171875e+00) (20, 5.50954528808593750000e+02) (21, 1.47620031738281250000e+03) (22, 1.50000000000000000000e+03) (23, 1.21112045288085937500e+02) (24, 1.44159680175781250000e+03) (25, -1.50000000000000000000e+03) (26, -1.50000000000000000000e+03) (27, 9.70718917846679687500e+01) (28, 1.49929943847656250000e+03) (29, -3.34791076660156250000e+02) (30, 1.49295800781250000000e+03) (31, 2.57906921386718750000e+02) (32, 3.07599983215332031250e+01) (33, -1.50000000000000000000e+03) (34, 1.49937341308593750000e+03) (35, 2.25839233398437500000e+02) (36, 5.61708569526672363281e-01) (37, 6.85409736633300781250e+00) (38, -4.31262016296386718750e+00) (39, 1.42510628700256347656e+00) (40, 2.25765872001647949219e+00) (41, -1.33831445312500000000e+03) (42, 2.25314140319824218750e+00) (43, 1.07835841178894042969e+00) (44, 2.47424583435058593750e+01) (45, 1.56702160835266113281e+00) (46, 1.49989526367187500000e+03) (47, 5.71410703659057617188e+00) (48, -1.49959533691406250000e+03) (49, 1.50000000000000000000e+03) (50, 8.30582439899444580078e-01) (51, 1.44482135772705078125e+01) (52, 1.96661841869354248047e+00) (53, 1.50000000000000000000e+03) (54, 2.17100692749023437500e+02) (55, -1.49968933105468750000e+03) (56, 1.89003181457519531250e+00) (57, 2.76279235839843750000e+02) (58, 1.49972912597656250000e+03) (59, 1.49987329101562500000e+03) (60, 7.56452381610870361328e-01) (61, -1.50000000000000000000e+03) (62, 1.12082087993621826172e+00) (63, 4.51867491006851196289e-01) (64, -2.51898932456970214844e+00) (65, 1.48347461223602294922e+00) (66, 5.85124731063842773438e+00) (67, 1.49986645507812500000e+03) (68, -1.50000000000000000000e+03) (69, 1.50038635730743408203e+00) (70, 8.97536456584930419922e-01) (71, 1.43839216232299804688e+00) (72, -4.42406266927719116211e-01) (73, 1.49918200683593750000e+03) (74, 2.01561784744262695312e+00) (75, -9.91602172851562500000e+01) (76, 7.26069569587707519531e-01) (77, 8.18114161491394042969e-01) (78, 1.49976867675781250000e+03) (79, 1.49989318847656250000e+03) (80, 4.51090186834335327148e-01) (81, -2.96700714111328125000e+02) (82, 1.09444999694824218750e+00) (83, -2.34355682373046875000e+02) (84, -1.12340676784515380859e+00) (85, 7.05274283885955810547e-01) (86, 1.56172788143157958984e+00) (87, 1.93527066707611083984e+00) (88, -7.94861389160156250000e+02) (89, -1.49961022949218750000e+03) (90, -4.01300281286239624023e-01) (91, -1.36731443405151367188e+01) (92, 2.29791426658630371094e+00) (93, 7.00070261955261230469e-01) (94, 9.78544414043426513672e-01) (95, -4.68788683414459228516e-01) (96, 1.99508416652679443359e+00) (97, 3.33795517683029174805e-01) (98, 1.17969587445259094238e-01) (99, 3.69134277105331420898e-01) (100, 1.52284526824951171875e+00) (101, 1.17397092282772064209e-01) (102, -1.24626794433593750000e+03) (103, 1.48733459472656250000e+03) (104, 1.93219840526580810547e-01) (0, 2.76575683593750000000e+02) (1, 7.52768754959106445312e-01) (2, 3.43087077140808105469e-01) (3, 1.22995805740356445312e+00) (4, 1.65021538734436035156e+00) (5, -3.20518341064453125000e+02) (6, 4.57754135131835937500e-01) (7, 1.47239148616790771484e+00) (8, 9.70801086425781250000e+01) (9, 6.30808949470520019531e-01) (10, 3.57785046100616455078e-01) (11, 4.62775993347167968750e+00) (12, 5.90256094932556152344e-01) (13, -9.78402252197265625000e+01) (14, 7.57174372673034667969e-01) (15, 2.46812552213668823242e-01) (16, -1.56092081069946289062e+01) (17, 7.60906457901000976562e-01) (18, 1.55758559703826904297e+00) (19, 4.34736490249633789062e-01) (20, -1.51031112670898437500e+01) (21, -1.03112640380859375000e+02) (22, 4.79969054460525512695e-01) (23, 1.69899356365203857422e+00) (24, -2.26319793701171875000e+02) (25, 4.51546249389648437500e+01) (26, 3.50914497375488281250e+01) (27, -6.10457599163055419922e-01) (28, -1.22078216075897216797e+00) (29, 2.00915718078613281250e+01) (30, 3.05280864238739013672e-01) (31, 1.22420704364776611328e+00) (32, 1.22125864028930664062e+00) (33, 3.84896802902221679688e+00) (34, 6.35747909545898437500e+01) (35, 1.65566825866699218750e+00) (36, 2.67960166931152343750e+00) (37, 3.20187401771545410156e+00) (38, 1.30613040924072265625e+00) (39, 1.72767853736877441406e+00) (40, 6.67408823966979980469e-01) (41, -1.63561840057373046875e+01) (42, 1.57801079750061035156e+00) (43, 7.08217024803161621094e-01) (44, 2.33138871192932128906e+00) (45, 1.15644705295562744141e+00) (46, -1.48110609054565429688e+01) (47, 5.59709739685058593750e+01) (48, 4.62455062866210937500e+01) (49, -8.18328704833984375000e+01) (50, 2.10118842124938964844e+00) (51, 5.54035472869873046875e+00) (52, 2.10619854927062988281e+00) (53, 6.77447204589843750000e+01) (54, 7.20545232295989990234e-01) (55, 5.71357536315917968750e+01) (56, 4.91670370101928710938e-01) (57, -5.74495978653430938721e-02) (58, -9.28417968750000000000e+00) (59, 3.54535751342773437500e+01) (60, 4.79647696018218994141e-01) (61, 1.18899822235107421875e+01) (62, 1.09953351318836212158e-01) (63, 2.01025918126106262207e-01) (64, -1.83461189270019531250e+00) (65, 4.81980383396148681641e-01) (66, 5.45309936523437500000e+02) (67, 2.02343836426734924316e-01) (68, -3.40335693359375000000e+01) (69, 2.77691211700439453125e+01) (70, 2.84165763854980468750e+00) (71, 7.77409315109252929688e-01) (72, 8.15250754356384277344e-01) (73, 7.51920013427734375000e+01) (74, 3.04434061050415039062e-01) (75, 3.65773010253906250000e+00) (76, -2.35206241607666015625e+01) (77, 2.15324974060058593750e+00) (78, 1.45241677761077880859e-01) (79, 8.34143543243408203125e+00) (80, 2.18367743492126464844e+00) (81, 1.58786439895629882812e+01) (82, 1.57480490207672119141e+00) (83, 1.39132127761840820312e+01) (84, -9.88801765441894531250e+00) (85, 4.11191215515136718750e+01) (86, 6.80665612220764160156e-01) (87, 1.58456730842590332031e+00) (88, 2.70829811096191406250e+01) (89, -4.53256492614746093750e+01) (90, 3.19360494613647460938e-01) (91, 1.64951503276824951172e+00) (92, 2.33086496591567993164e-01) (93, 1.83930218219757080078e+00) (94, 5.83053410053253173828e-01) (95, 2.04323768615722656250e+00) (96, 3.24362516403198242188e-01) (97, 7.49080836772918701172e-01) (98, 2.10602819919586181641e-01) (99, 5.69118022918701171875e-01) (100, 4.79372203350067138672e-01) (101, -9.65569615364074707031e-02) (102, -1.18815145492553710938e+01) (103, 2.94576663970947265625e+01) (104, 1.47641587257385253906e+00) (0, 1.44398284912109375000e+02) (1, 2.28627467155456542969e+00) (2, 3.50863504409790039062e+00) (3, -7.79480440542101860046e-03) (4, 1.57607984542846679688e+00) (5, 1.07085371017456054688e+01) (6, -5.70438027381896972656e-01) (7, -1.86712646484375000000e+00) (8, 1.94276428222656250000e+02) (9, -2.09817337989807128906e+00) (10, 1.26044616103172302246e-01) (11, 3.27212119102478027344e+00) (12, -2.31553006172180175781e+00) (13, -6.26535749435424804688e+00) (14, -1.72314137220382690430e-01) (15, -9.26629066467285156250e-01) (16, 4.00988483428955078125e+00) (17, -4.99076992273330688477e-01) (18, 7.38399744033813476562e-01) (19, 8.93546998500823974609e-01) (20, -2.46632728576660156250e+01) (21, -2.96335544586181640625e+01) (22, -2.18904852867126464844e+00) (23, -5.87220489978790283203e-01) (24, -8.23312683105468750000e+01) (25, -5.04754142761230468750e+01) (26, 2.30566930770874023438e+00) (27, 1.77073466777801513672e+00) (28, -2.54936385154724121094e+00) (29, 1.92400801181793212891e+00) (30, 3.37945103645324707031e-01) (31, -2.02924132347106933594e+00) (32, 1.31885015964508056641e+00) (33, -2.34509229660034179688e+00) (34, 1.35839309692382812500e+01) (35, -1.12228941917419433594e+00) (36, 2.90336370468139648438e+00) (37, 3.95184993743896484375e+00) (38, -7.32362926006317138672e-01) (39, 4.62953656911849975586e-01) (40, 2.64008951187133789062e+00) (41, 9.73047161102294921875e+00) (42, 2.25375580787658691406e+00) (43, 5.37993684411048889160e-02) (44, -1.06872987747192382812e+00) (45, -2.22987461090087890625e+00) (46, -5.92621803283691406250e-01) (47, 5.99696235656738281250e+01) (48, 5.03829860687255859375e+00) (49, 1.71490669250488281250e+00) (50, 1.34531092643737792969e+00) (51, -2.08496189117431640625e+00) (52, 1.29354548454284667969e+00) (53, -3.23238283395767211914e-01) (54, 2.52205586433410644531e+00) (55, 1.32690010070800781250e+01) (56, 4.41859579086303710938e+00) (57, 2.69029474258422851562e+00) (58, -1.55237004160881042480e-01) (59, -7.99045372009277343750e+00) (60, 3.63229942321777343750e+00) (61, 1.37731587886810302734e+00) (62, 1.88923731446266174316e-01) (63, 3.66843986511230468750e+00) (64, 1.55553758144378662109e+00) (65, 2.18928503990173339844e+00) (66, 5.10820083618164062500e+01) (67, 1.47737646102905273438e+00) (68, 3.48352760076522827148e-01) (69, 1.28027606010437011719e+00) (70, 2.02212190628051757812e+00) (71, -1.83996975421905517578e+00) (72, 3.68782591819763183594e+00) (73, 2.29827232360839843750e+01) (74, -8.07479396462440490723e-02) (75, -3.78040373325347900391e-01) (76, -3.39498698711395263672e-01) (77, 1.47349941730499267578e+00) (78, 7.06684827804565429688e-01) (79, 2.16382861137390136719e+00) (80, -2.60552763938903808594e+00) (81, -6.26145482063293457031e-01) (82, 3.46958249807357788086e-01) (83, 2.48573136329650878906e+00) (84, 7.52860486507415771484e-01) (85, -6.27065181732177734375e+00) (86, 2.38162851333618164062e+00) (87, -1.77918255329132080078e+00) (88, 1.24177861213684082031e+00) (89, 1.01829862594604492188e+00) (90, 3.66170018911361694336e-01) (91, 5.79599924385547637939e-02) (92, -6.22241199016571044922e-01) (93, -5.49870789051055908203e-01) (94, 2.27789139747619628906e+00) (95, -6.69821977615356445312e-01) (96, -1.68841934204101562500e+00) (97, -4.63128900527954101562e+00) (98, -5.43148517608642578125e-01) (99, -3.44245582818984985352e-01) (100, 1.62961900234222412109e+00) (101, -3.77117991447448730469e-01) (102, -1.28802688598632812500e+02) (103, 2.33103652954101562500e+02) (104, 1.46956217288970947266e+00) (0, -5.78336059570312500000e+02) (1, -1.48695104980468750000e+03) (2, 9.02086794376373291016e-01) (3, 3.58261656761169433594e+00) (4, 4.29147511720657348633e-01) (5, -1.37013549804687500000e+03) (6, 1.80299353599548339844e+00) (7, 3.19943451881408691406e+00) (8, 8.95630554199218750000e+02) (9, 3.81930017471313476562e+00) (10, 1.71127212047576904297e+00) (11, 3.62920618057250976562e+00) (12, 2.24647402763366699219e+00) (13, -4.48384033203125000000e+02) (14, 4.01297473907470703125e+00) (15, 2.65359354019165039062e+00) (16, -6.57753677368164062500e+01) (17, 6.00578641891479492188e+00) (18, -4.37448441982269287109e-01) (19, -8.25282764434814453125e+00) (20, 1.35933227539062500000e+03) (21, 1.42067956542968750000e+03) (22, -1.73780596256256103516e+00) (23, 1.86595654487609863281e+00) (24, 1.46836767578125000000e+03) (25, -3.50796386718750000000e+02) (26, 2.69162658691406250000e+02) (27, 4.48078582763671875000e+02) (28, 6.57798385620117187500e+01) (29, 1.28638854980468750000e+03) (30, 6.05028648376464843750e+01) (31, 1.10759674072265625000e+02) (32, 5.82752704620361328125e-01) (33, 1.05436639785766601562e+01) (34, -1.50000000000000000000e+03) (35, 2.40292549133300781250e+00) (36, -1.88490033149719238281e-01) (37, -5.21836638450622558594e-01) (38, -2.06598448753356933594e+00) (39, 1.01282283663749694824e-01) (40, 6.57851994037628173828e-01) (41, 4.55488319396972656250e+01) (42, 3.99250358343124389648e-01) (43, 1.78418719768524169922e+00) (44, 1.30950641632080078125e+01) (45, 6.76320314407348632812e-01) (46, -6.56895780563354492188e+00) (47, -1.17764625549316406250e+01) (48, 2.10553573608398437500e+02) (49, 7.01933135986328125000e+01) (50, 4.30524736642837524414e-01) (51, 2.63638138771057128906e+00) (52, 3.70581537485122680664e-01) (53, -1.65240249633789062500e+01) (54, 1.18084973144531250000e+03) (55, -3.16793945312500000000e+02) (56, 2.58399784564971923828e-01) (57, 1.43667517089843750000e+03) (58, 1.46868762207031250000e+03) (59, -2.16854171752929687500e+01) (60, 8.44825458526611328125e+00) (61, 2.12064163208007812500e+02) (62, 3.11914110183715820312e+00) (63, 4.02560853958129882812e+00) (64, 2.22488212585449218750e+01) (65, 1.19704711437225341797e+00) (66, 1.09321994781494140625e+01) (67, 2.42838549613952636719e+00) (68, -2.51983699798583984375e+01) (69, 7.44987368583679199219e-01) (70, 1.47574253082275390625e+01) (71, 1.43383777141571044922e+00) (72, 1.86144053936004638672e+00) (73, -3.66363677978515625000e+02) (74, 8.07952105998992919922e-01) (75, 1.37592887878417968750e+00) (76, 1.94592881202697753906e+00) (77, 4.38943281769752502441e-02) (78, 8.64841938018798828125e+00) (79, 1.61983322143554687500e+02) (80, -1.20306646823883056641e+00) (81, 1.97469174861907958984e-01) (82, 1.23896420001983642578e-01) (83, 2.65042901039123535156e+00) (84, -1.65405120849609375000e+01) (85, 5.10051846504211425781e-01) (86, 6.82315766811370849609e-01) (87, 2.38118246197700500488e-01) (88, 1.25688753128051757812e+01) (89, 2.42415405273437500000e+02) (90, 1.26392412185668945312e+00) (91, -6.20284301757812500000e+02) (92, 7.80018448829650878906e-01) (93, 1.02547395229339599609e+00) (94, 1.16473495960235595703e+00) (95, 1.35322952270507812500e+00) (96, -6.98603838682174682617e-02) (97, 1.17466711997985839844e+00) (98, 1.31464922428131103516e+00) (99, 7.01409697532653808594e-01) (100, 2.05985978245735168457e-01) (101, 1.41044187545776367188e+00) (102, -1.44354064941406250000e+03) (103, 1.46846081542968750000e+03) (104, 1.84982252120971679688e+00) (0, 8.70405151367187500000e+02) (1, -1.49521032714843750000e+03) (2, 1.23439836502075195312e+00) (3, 1.21409370422363281250e+02) (4, 1.50713014602661132812e+00) (5, -1.63956802368164062500e+02) (6, 3.40218663215637207031e+00) (7, 9.06365633010864257812e-01) (8, 1.49997521972656250000e+03) (9, 1.54845900833606719971e-02) (10, 5.52116775512695312500e+00) (11, 1.87137341499328613281e+00) (12, 1.89986824989318847656e+00) (13, -1.50000000000000000000e+03) (14, 4.62845230102539062500e+00) (15, 7.34194442629814147949e-02) (16, -1.50000000000000000000e+03) (17, 2.69886660575866699219e+00) (18, 3.99190185546875000000e+02) (19, -2.29399051666259765625e+01) (20, 1.25837902832031250000e+03) (21, 1.46732592773437500000e+03) (22, 1.48217260742187500000e+03) (23, 8.24385681152343750000e+02) (24, 1.49962683105468750000e+03) (25, 1.50000000000000000000e+03) (26, 1.50000000000000000000e+03) (27, 1.24764538574218750000e+03) (28, 1.49950537109375000000e+03) (29, 1.50000000000000000000e+03) (30, 1.48375476074218750000e+03) (31, 2.33647293090820312500e+02) (32, 4.21459484100341796875e+00) (33, -1.41258911132812500000e+03) (34, 1.49967553710937500000e+03) (35, 1.17569046020507812500e+01) (36, 1.31487369537353515625e+00) (37, 2.52532631158828735352e-01) (38, -1.16379690170288085938e+00) (39, 1.22442972660064697266e+00) (40, 1.56652891635894775391e+00) (41, -7.95405212402343750000e+02) (42, 1.71740472316741943359e+00) (43, 1.14926099777221679688e+00) (44, 6.58950614929199218750e+00) (45, 1.09158563613891601562e+00) (46, -1.50000000000000000000e+03) (47, -7.36547422409057617188e+00) (48, -1.50000000000000000000e+03) (49, -1.49954858398437500000e+03) (50, -1.79336100816726684570e-01) (51, -1.50000000000000000000e+03) (52, 1.72849261760711669922e+00) (53, 9.55154495239257812500e+01) (54, 5.68556396484375000000e+02) (55, 1.50000000000000000000e+03) (56, 3.39690351486206054688e+00) (57, 1.50000000000000000000e+03) (58, 1.49997827148437500000e+03) (59, -3.94365600585937500000e+02) (60, 6.55540168285369873047e-01) (61, 1.50000000000000000000e+03) (62, 1.40126734972000122070e-01) (63, -2.11460478603839874268e-02) (64, -2.24219009280204772949e-01) (65, 1.19887316226959228516e+00) (66, 6.74709367752075195312e+00) (67, -1.50000000000000000000e+03) (68, 1.50000000000000000000e+03) (69, 2.14568066596984863281e+00) (70, 3.09436142444610595703e-01) (71, 1.10103344917297363281e+00) (72, -9.98965740203857421875e-01) (73, 1.50000000000000000000e+03) (74, 1.81350862979888916016e+00) (75, -6.42758178710937500000e+01) (76, 1.24065661430358886719e+00) (77, 1.80008184909820556641e+00) (78, -5.77615844726562500000e+02) (79, 1.49967553710937500000e+03) (80, -1.93297588825225830078e+00) (81, 1.50000000000000000000e+03) (82, 2.27248549461364746094e+00) (83, -3.86299499511718750000e+02) (84, -2.48068561553955078125e+01) (85, 9.80610609054565429688e-01) (86, 1.39096212387084960938e+00) (87, 1.83032178878784179688e+00) (88, -5.59421768188476562500e+01) (89, -1.49986376953125000000e+03) (90, -7.78180301189422607422e-01) (91, -1.27352819824218750000e+03) (92, 1.86937713623046875000e+00) (93, 8.37026894092559814453e-01) (94, 7.52673387527465820312e-01) (95, -6.57135069370269775391e-01) (96, 1.77513968944549560547e+00) (97, 7.97952525317668914795e-04) (98, -2.89708524942398071289e-02) (99, -2.05988716334104537964e-03) (100, 1.41856801509857177734e+00) (101, -1.61237582564353942871e-01) (102, -1.50000000000000000000e+03) (103, 1.50000000000000000000e+03) (104, 3.85780036449432373047e-01) (0, -1.58926439285278320312e+01) (1, 5.83787155151367187500e+00) (2, -9.07722711563110351562e-01) (3, 9.10126686096191406250e+00) (4, 1.17047238349914550781e+00) (5, -3.49956488609313964844e+00) (6, -6.09278631210327148438e+00) (7, -5.44611752033233642578e-01) (8, -4.85836029052734375000e+00) (9, -9.33356583118438720703e-01) (10, -4.81417417526245117188e+00) (11, 2.54252105951309204102e-01) (12, -2.59269088506698608398e-01) (13, 1.26758646965026855469e+00) (14, -9.35243666172027587891e-01) (15, -1.80825006961822509766e+00) (16, -3.33694815635681152344e-01) (17, -2.78419423848390579224e-02) (18, 2.36626267433166503906e+00) (19, 1.55596387386322021484e+00) (20, 3.85580587387084960938e+00) (21, -3.44043493270874023438e+00) (22, -5.41059851646423339844e-01) (23, -2.08015963435173034668e-01) (24, 9.91138577461242675781e-01) (25, 1.48187959194183349609e+00) (26, 1.99816894531250000000e+00) (27, 7.39283323287963867188e-01) (28, -8.29129576683044433594e-01) (29, 1.73010969161987304688e+00) (30, 6.82975172996520996094e-01) (31, -6.60520935058593750000e+00) (32, -9.08100247383117675781e-01) (33, 3.24907183647155761719e-01) (34, 9.19287353754043579102e-02) (35, -1.62325352430343627930e-01) (36, 7.75241293013095855713e-03) (37, -8.56724083423614501953e-02) (38, -5.88316380977630615234e-01) (39, -4.90962207317352294922e-01) (40, 1.12879490852355957031e+00) (41, 7.76746571063995361328e-01) (42, 5.07019042968750000000e-01) (43, 2.05850052833557128906e+00) (44, -7.96877622604370117188e-01) (45, -4.02410656213760375977e-01) (46, 1.48376226425170898438e+00) (47, -8.64624753594398498535e-02) (48, -8.34356471896171569824e-02) (49, 1.69824063777923583984e+00) (50, 1.14836573600769042969e+00) (51, -1.06330225244164466858e-02) (52, -5.17985403537750244141e-01) (53, 2.84657269716262817383e-01) (54, -6.20777726173400878906e-01) (55, -1.52799797058105468750e+00) (56, 2.32330393791198730469e+00) (57, -1.20496392250061035156e+00) (58, 4.13333922624588012695e-01) (59, -8.04918706417083740234e-02) (60, 1.09545159339904785156e+00) (61, -1.44630515575408935547e+00) (62, 1.87711906433105468750e+00) (63, 1.86895072460174560547e+00) (64, 1.94131076335906982422e+00) (65, -6.14991366863250732422e-01) (66, -1.20968818664550781250e+00) (67, 1.86825394630432128906e+00) (68, -1.21294724941253662109e+00) (69, -8.61729204654693603516e-01) (70, 2.54251770675182342529e-02) (71, -8.52653861045837402344e-01) (72, 1.99692070484161376953e-01) (73, -9.56148147583007812500e-01) (74, -4.68155741691589355469e-01) (75, 4.90962177515029907227e-01) (76, 3.77094596624374389648e-01) (77, -9.43922638893127441406e-01) (78, 1.24243187904357910156e+00) (79, 2.11952519416809082031e+00) (80, -4.76512134075164794922e-01) (81, -7.73424208164215087891e-01) (82, -7.70836353302001953125e-01) (83, 1.62806880474090576172e+00) (84, -5.98077654838562011719e-01) (85, -7.54912734031677246094e-01) (86, -7.75379121303558349609e-01) (87, -9.41982984542846679688e-01) (88, 1.79009199142456054688e+00) (89, 3.94615322351455688477e-01) (90, 3.74660664238035678864e-03) (91, 7.22331166267395019531e-01) (92, -8.37548017501831054688e-01) (93, -9.13480341434478759766e-01) (94, -8.50686252117156982422e-01) (95, 1.68784201145172119141e-01) (96, -1.07960617542266845703e+00) (97, -3.50820899009704589844e-01) (98, -4.91982400417327880859e-02) (99, -7.30211198329925537109e-01) (100, -8.14016401767730712891e-01) (101, -7.62391746044158935547e-01) (102, 2.36006225585937500000e+02) (103, 2.29815322875976562500e+02) (104, 2.79978203773498535156e+00) (0, -2.41872768402099609375e+01) (1, 5.02921438217163085938e+00) (2, 2.16612482070922851562e+00) (3, 2.63914376497268676758e-01) (4, 3.67215365171432495117e-01) (5, 5.58130264282226562500e+01) (6, 1.90497624874114990234e+00) (7, 8.58769834041595458984e-01) (8, 6.41130981445312500000e+01) (9, 2.59638929367065429688e+00) (10, 1.88788282871246337891e+00) (11, 8.32093906402587890625e+00) (12, 3.33031088113784790039e-01) (13, 3.38939132690429687500e+01) (14, 2.52864837646484375000e+00) (15, 2.62380957603454589844e+00) (16, 1.34021482467651367188e+01) (17, 1.97118073701858520508e-01) (18, 7.72284328937530517578e-01) (19, 2.45532083511352539062e+00) (20, -1.87901134490966796875e+01) (21, -2.41131744384765625000e+01) (22, 1.88100204467773437500e+01) (23, 6.87383532524108886719e-01) (24, -3.31062011718750000000e+02) (25, -1.11607994079589843750e+02) (26, -4.49829864501953125000e+00) (27, -2.00525069236755371094e+00) (28, -3.31116914749145507812e+00) (29, -1.19702777862548828125e+01) (30, -3.41156458854675292969e+00) (31, -1.50799763202667236328e+00) (32, 3.56945693492889404297e-01) (33, 9.62459892034530639648e-02) (34, -7.77495346069335937500e+01) (35, 2.17054247856140136719e+00) (36, 1.93827927112579345703e+00) (37, 3.74380517005920410156e+00) (38, 9.16088402271270751953e-01) (39, 3.97006839513778686523e-01) (40, 4.18136149644851684570e-01) (41, -1.42243432998657226562e+01) (42, 1.00800432264804840088e-01) (43, 3.23208779096603393555e-01) (44, 4.30784130096435546875e+00) (45, 3.03896570205688476562e+00) (46, -4.71070861816406250000e+00) (47, 5.92052879333496093750e+01) (48, 8.55020217895507812500e+01) (49, 2.71609439849853515625e+01) (50, 6.26185059547424316406e-01) (51, 2.59050679206848144531e+00) (52, 1.18704782798886299133e-02) (53, -2.51371688842773437500e+01) (54, -4.24977242946624755859e-01) (55, 3.89744699001312255859e-01) (56, 1.68107545375823974609e+00) (57, -2.19927959442138671875e+01) (58, 9.96614813804626464844e-01) (59, -1.39770746231079101562e+01) (60, 2.39146065711975097656e+00) (61, 7.82250165939331054688e+00) (62, 2.59792566299438476562e+00) (63, 2.69989371299743652344e+00) (64, 1.69456214904785156250e+01) (65, 2.35898947715759277344e+00) (66, 4.76510925292968750000e+02) (67, 3.95400428771972656250e+00) (68, -2.47368564605712890625e+01) (69, 9.34838390350341796875e+00) (70, 1.07852382659912109375e+01) (71, 2.25681304931640625000e+00) (72, 2.57415771484375000000e+00) (73, 2.05433559417724609375e+01) (74, 6.56584352254867553711e-02) (75, 7.74279880523681640625e+00) (76, 2.84688019752502441406e+00) (77, -2.79308319091796875000e-01) (78, -1.91299831867218017578e+00) (79, 4.14156837463378906250e+01) (80, 5.03830373287200927734e-01) (81, -1.46580708026885986328e+00) (82, -1.24222204089164733887e-01) (83, 4.33627986907958984375e+00) (84, -4.50269967317581176758e-01) (85, 3.26002016663551330566e-03) (86, 1.48331594467163085938e+00) (87, -1.09527200460433959961e-01) (88, 1.92693786621093750000e+01) (89, 2.96527404785156250000e+01) (90, 2.05479645729064941406e+00) (91, 1.07802124023437500000e+01) (92, -2.26579368114471435547e-01) (93, 4.43490177392959594727e-01) (94, 2.05683350563049316406e+00) (95, 3.03765058517456054688e+00) (96, -3.03218245506286621094e-01) (97, 2.26270985603332519531e+00) (98, 2.03859353065490722656e+00) (99, 2.15271544456481933594e+00) (100, 1.52964675426483154297e+00) (101, 2.08526086807250976562e+00) (102, 7.62058258056640625000e+00) (103, -3.52772164344787597656e+00) (104, 4.62934970855712890625e-02) (0, -7.42105388641357421875e+00) (1, -8.70942115783691406250e+00) (2, -2.93393039703369140625e+00) (3, -7.94794261455535888672e-01) (4, 1.22345697879791259766e+00) (5, -1.29689681529998779297e+00) (6, 1.92701244354248046875e+00) (7, 1.08606214523315429688e+01) (8, -8.87501239776611328125e+00) (9, -4.65860456228256225586e-01) (10, 1.39149212837219238281e+00) (11, 1.23353612422943115234e+00) (12, -8.08507323265075683594e-01) (13, 1.29315924644470214844e+00) (14, -4.32642519474029541016e-01) (15, -7.26881682872772216797e-01) (16, 2.55157589912414550781e-01) (17, -2.13963001966476440430e-01) (18, 3.24150860309600830078e-01) (19, -8.89851629734039306641e-01) (20, 1.68459939956665039062e+00) (21, 8.28778743743896484375e+00) (22, 1.35885655879974365234e+00) (23, 3.95849037170410156250e+00) (24, 2.39873180389404296875e+01) (25, 1.42158794403076171875e+01) (26, 1.44078516960144042969e+00) (27, -3.31870853900909423828e-01) (28, 3.94540429115295410156e+00) (29, 5.96714639663696289062e+00) (30, 1.56143820285797119141e+00) (31, -1.05830216407775878906e+00) (32, -4.50267046689987182617e-01) (33, 1.27629578113555908203e+00) (34, -4.17183351516723632812e+00) (35, -1.46049988269805908203e+00) (36, -1.58943676948547363281e+00) (37, -2.27949452400207519531e+00) (38, -1.93902695178985595703e+00) (39, -1.22034120559692382812e+00) (40, -4.47777062654495239258e-01) (41, 1.01657021045684814453e+00) (42, 2.83425271511077880859e-01) (43, -8.17594885826110839844e-01) (44, -6.94190740585327148438e-01) (45, -1.27053332328796386719e+00) (46, -1.35745000839233398438e+00) (47, -6.90532255172729492188e+00) (48, -1.02885806560516357422e+00) (49, -2.52809262275695800781e+00) (50, -8.79060685634613037109e-01) (51, -9.21680867671966552734e-01) (52, 7.29691565036773681641e-01) (53, 1.49254882335662841797e+00) (54, -7.20190048217773437500e-01) (55, -9.46756839752197265625e+00) (56, -6.44459605216979980469e-01) (57, 1.86147332191467285156e-01) (58, 1.32973909378051757812e+00) (59, 4.97962474822998046875e-01) (60, -7.70612835884094238281e-01) (61, -1.73288691043853759766e+00) (62, -7.60042726993560791016e-01) (63, -8.88905405998229980469e-01) (64, -1.48631489276885986328e+00) (65, -7.86181151866912841797e-01) (66, 3.72396802902221679688e+00) (67, -7.72073328495025634766e-01) (68, 6.35395273566246032715e-02) (69, -2.79718089103698730469e+00) (70, -7.71822392940521240234e-01) (71, -1.48275995254516601562e+00) (72, -1.75187337398529052734e+00) (73, -1.21512012481689453125e+01) (74, 7.76257991790771484375e-01) (75, -8.08931255340576171875e+00) (76, 1.13501615524291992188e+01) (77, -6.86299860477447509766e-01) (78, -1.94623446464538574219e+00) (79, -1.40491858124732971191e-01) (80, -5.00975787639617919922e-01) (81, 4.80980968475341796875e+00) (82, 1.00658249855041503906e+00) (83, 1.16673338413238525391e+00) (84, -3.51998496055603027344e+00) (85, 2.24241781234741210938e+00) (86, -2.85569810867309570312e+00) (87, -1.49213850498199462891e-01) (88, -2.80657577514648437500e+00) (89, -3.10336351394653320312e-01) (90, -3.79140925407409667969e+00) (91, -3.54810619354248046875e+00) (92, 2.51014256477355957031e+00) (93, 5.64946889877319335938e+00) (94, -7.87658452987670898438e-01) (95, -9.96999919414520263672e-01) (96, 2.53943443298339843750e-01) (97, -2.25498461723327636719e+00) (98, -2.70333981513977050781e+00) (99, -3.96868729591369628906e+00) (100, 1.35779678821563720703e+00) (101, -1.93256080150604248047e+00) (102, -8.56583356857299804688e-01) (103, 3.80189800262451171875e+00) (104, 2.60150122642517089844e+00) (0, 1.50000000000000000000e+03) (1, -1.49942749023437500000e+03) (2, 8.90121519565582275391e-01) (3, 6.14799118041992187500e+01) (4, 1.79203987121582031250e+00) (5, -1.49984362792968750000e+03) (6, 2.95378684997558593750e+00) (7, 2.61776304244995117188e+00) (8, 1.50000000000000000000e+03) (9, 4.46383148431777954102e-01) (10, 2.86558413505554199219e+00) (11, 1.33660614490509033203e+00) (12, 2.47127366065979003906e+00) (13, -1.49987390136718750000e+03) (14, 6.28395128250122070312e+00) (15, 3.37372273206710815430e-01) (16, -1.49988085937500000000e+03) (17, 2.72569298744201660156e+00) (18, 1.45538342285156250000e+03) (19, -9.77846527099609375000e+00) (20, 7.74625671386718750000e+02) (21, 1.42308447265625000000e+03) (22, 1.49967456054687500000e+03) (23, 2.99091583251953125000e+02) (24, 1.47940100097656250000e+03) (25, 1.50000000000000000000e+03) (26, 1.50000000000000000000e+03) (27, 4.03080566406250000000e+02) (28, 1.50000000000000000000e+03) (29, 1.50000000000000000000e+03) (30, 1.50000000000000000000e+03) (31, 7.43615295410156250000e+02) (32, 2.24307956695556640625e+01) (33, 1.50000000000000000000e+03) (34, 1.49996142578125000000e+03) (35, 7.03453369140625000000e+01) (36, 1.71032726764678955078e+00) (37, 1.08510291576385498047e+00) (38, 1.16706919670104980469e+00) (39, 2.11135578155517578125e+00) (40, 1.55094170570373535156e+00) (41, -1.47368676757812500000e+03) (42, 2.43335127830505371094e+00) (43, 1.69760918617248535156e+00) (44, 5.71082353591918945312e+00) (45, 1.07406723499298095703e+00) (46, -1.49988293457031250000e+03) (47, -3.38165771484375000000e+02) (48, -1.49989050292968750000e+03) (49, -6.20304260253906250000e+02) (50, 9.94994759559631347656e-01) (51, -3.42416038513183593750e+01) (52, 2.48735117912292480469e+00) (53, 1.49994262695312500000e+03) (54, 1.49994262695312500000e+03) (55, 1.50000000000000000000e+03) (56, 1.26486575603485107422e+00) (57, 1.50000000000000000000e+03) (58, 1.50000000000000000000e+03) (59, 1.50000000000000000000e+03) (60, 4.84836667776107788086e-01) (61, 1.50000000000000000000e+03) (62, 4.30527716875076293945e-01) (63, -7.95261412858963012695e-02) (64, 3.84975463151931762695e-01) (65, 1.29249465465545654297e+00) (66, 6.03279590606689453125e+00) (67, -1.49978686523437500000e+03) (68, 1.50000000000000000000e+03) (69, 2.80420637130737304688e+00) (70, 3.37078005075454711914e-01) (71, 8.36081981658935546875e-01) (72, -5.41914880275726318359e-01) (73, 1.50000000000000000000e+03) (74, 1.84619164466857910156e+00) (75, -6.50632781982421875000e+01) (76, 7.68897712230682373047e-01) (77, 4.06346082687377929688e+00) (78, 4.09039586782455444336e-01) (79, -1.49985839843750000000e+03) (80, 1.09907007217407226562e+00) (81, 8.63438262939453125000e+01) (82, 5.88965272903442382812e+00) (83, -1.49978686523437500000e+03) (84, -1.53979682922363281250e+01) (85, 1.12817680835723876953e+00) (86, 1.28204572200775146484e+00) (87, 2.05722808837890625000e+00) (88, -1.49979431152343750000e+03) (89, -1.49978637695312500000e+03) (90, -5.71447730064392089844e-01) (91, -1.08235679626464843750e+02) (92, 1.81802082061767578125e+00) (93, 1.01120293140411376953e+00) (94, 7.64779567718505859375e-01) (95, 5.45544087886810302734e-01) (96, 2.29430055618286132812e+00) (97, 3.33708435297012329102e-01) (98, 5.23507297039031982422e-01) (99, 9.45428788661956787109e-01) (100, 1.86810922622680664062e+00) (101, 1.01329302787780761719e+00) (102, -1.50000000000000000000e+03) (103, 1.50000000000000000000e+03) (104, -1.60328913480043411255e-02) (0, 1.01511967182159423828e+00) (1, -3.10146784782409667969e+00) (2, 1.34858560562133789062e+00) (3, 2.46436023712158203125e+00) (4, 2.33438205718994140625e+00) (5, -8.10868859291076660156e-01) (6, 4.17968320846557617188e+00) (7, 1.17235004901885986328e+00) (8, -8.61849880218505859375e+00) (9, -3.79545140266418457031e+00) (10, 2.71080446243286132812e+00) (11, 2.36451234668493270874e-02) (12, 1.13795924186706542969e+00) (13, -8.45642089843750000000e+00) (14, -6.56770527362823486328e-01) (15, -3.82430052757263183594e+00) (16, 3.35304951667785644531e+00) (17, 4.08068466186523437500e+00) (18, -3.73595535755157470703e-01) (19, -2.64678597450256347656e+00) (20, 7.31604003906250000000e+00) (21, -2.31637358665466308594e+00) (22, 1.42401742935180664062e+00) (23, -1.39951872825622558594e+00) (24, -1.63242530822753906250e+01) (25, 4.69244861602783203125e+00) (26, -5.50090312957763671875e+00) (27, 4.11980533599853515625e+00) (28, -1.23946547508239746094e+00) (29, 6.93693220615386962891e-01) (30, 5.83915412425994873047e-01) (31, -3.22558975219726562500e+00) (32, -4.36401224136352539062e+00) (33, -4.18198394775390625000e+00) (34, 4.00303572416305541992e-01) (35, 5.34198188781738281250e+00) (36, -1.71442925930023193359e+00) (37, 2.58866620063781738281e+00) (38, 1.00495330989360809326e-01) (39, 4.19265508651733398438e+00) (40, 1.08528470993041992188e+00) (41, -2.43382644653320312500e+00) (42, -3.96275460720062255859e-01) (43, 7.46027529239654541016e-01) (44, 3.81521129608154296875e+00) (45, 2.64751225709915161133e-01) (46, -1.30171692371368408203e+00) (47, 1.57191145420074462891e+00) (48, -5.22352695465087890625e+00) (49, -4.02496290206909179688e+00) (50, -2.66361641883850097656e+00) (51, -3.11075735092163085938e+00) (52, 6.01685142517089843750e+00) (53, 3.97055298089981079102e-02) (54, -1.70995390415191650391e+00) (55, 7.14816141128540039062e+00) (56, -1.34899422526359558105e-01) (57, 3.77288937568664550781e+00) (58, -1.55480670928955078125e+00) (59, 5.76856970787048339844e-01) (60, -1.44258892536163330078e+00) (61, -1.17510318756103515625e+00) (62, -2.68733429908752441406e+00) (63, 8.02264034748077392578e-01) (64, 5.72774559259414672852e-02) (65, 1.46492469310760498047e+00) (66, -2.65573471784591674805e-01) (67, -3.98694872856140136719e-01) (68, 4.96067094802856445312e+00) (69, 2.47831255197525024414e-01) (70, -1.04385530948638916016e+00) (71, -1.60384762287139892578e+00) (72, -3.66477704048156738281e+00) (73, 3.63451910018920898438e+00) (74, 1.25755870342254638672e+00) (75, -6.71099647879600524902e-02) (76, 1.29426407814025878906e+00) (77, 1.33965432643890380859e+00) (78, -3.74683886766433715820e-02) (79, -1.84695971012115478516e+00) (80, 7.40406334400177001953e-01) (81, 1.13104236125946044922e+00) (82, 1.22437942028045654297e+00) (83, -1.09983658790588378906e+00) (84, 7.43316769599914550781e-01) (85, -3.35202544927597045898e-01) (86, -2.50670045614242553711e-01) (87, 9.33393761515617370605e-02) (88, -4.75749731063842773438e+00) (89, -1.84596443176269531250e+00) (90, -7.18365490436553955078e-01) (91, -7.92605042457580566406e-01) (92, -1.70681759715080261230e-01) (93, -4.06597793102264404297e-01) (94, -5.06569981575012207031e-01) (95, -6.14644408226013183594e-01) (96, 2.05157965421676635742e-01) (97, -7.06119418144226074219e-01) (98, -5.06615638732910156250e-01) (99, -3.82003396749496459961e-01) (100, -4.28518086671829223633e-01) (101, -4.56341117620468139648e-01) (102, -2.72712779045104980469e+00) (103, 5.33186197280883789062e+00) (104, 2.32628154754638671875e+00) (0, 3.42435503005981445312e+00) (1, -1.63730347156524658203e+00) (2, -4.87775593996047973633e-01) (3, -1.38973677158355712891e+00) (4, 6.55081927776336669922e-01) (5, 1.72328877449035644531e+00) (6, 1.37897717952728271484e+00) (7, 9.04967248439788818359e-01) (8, -7.30273544788360595703e-01) (9, 4.00900334119796752930e-01) (10, 1.59621965885162353516e+00) (11, 1.90259575843811035156e-01) (12, -4.14745390415191650391e-01) (13, -5.85996747016906738281e-01) (14, -1.96706190705299377441e-01) (15, -1.04073584079742431641e+00) (16, -1.73305764794349670410e-01) (17, 1.54890298843383789062e+00) (18, 3.15435856580734252930e-01) (19, -7.14251697063446044922e-01) (20, -4.68008667230606079102e-01) (21, -2.44637441635131835938e+00) (22, 1.63130176067352294922e+00) (23, 5.21175742149353027344e-01) (24, -3.00360727310180664062e+00) (25, 2.88332849740982055664e-01) (26, 6.24353229999542236328e-01) (27, -1.27388048171997070312e+00) (28, 8.80098164081573486328e-01) (29, -1.93931663036346435547e+00) (30, 4.55025464296340942383e-01) (31, -7.28734254837036132812e-01) (32, 1.31927239894866943359e+00) (33, 1.06556427478790283203e+00) (34, 3.13049107789993286133e-02) (35, -1.06775021553039550781e+00) (36, -2.10829567909240722656e+00) (37, 2.20340538024902343750e+00) (38, -3.43883812427520751953e-01) (39, 1.00600683689117431641e+00) (40, -1.48720884323120117188e+00) (41, 3.22800827026367187500e+00) (42, -4.73447173833847045898e-01) (43, 1.43224632740020751953e+00) (44, -8.00307452678680419922e-01) (45, 2.26320648193359375000e+00) (46, 2.64508104324340820312e+00) (47, 1.26943767070770263672e+00) (48, -3.45046210289001464844e+00) (49, -8.66247057914733886719e-01) (50, 1.26411592960357666016e+00) (51, 2.30521798133850097656e+00) (52, 1.84235021471977233887e-01) (53, 3.39869529008865356445e-01) (54, -1.10628437995910644531e+00) (55, 1.37426137924194335938e+00) (56, -1.47267484664916992188e+00) (57, -1.46436023712158203125e+00) (58, 8.00458729267120361328e-01) (59, 8.52852165699005126953e-01) (60, 1.24901497364044189453e+00) (61, 1.43825638294219970703e+00) (62, -9.41144376993179321289e-02) (63, -6.34864449501037597656e-01) (64, -8.43376696109771728516e-01) (65, -4.08559858798980712891e-01) (66, -6.41143739223480224609e-01) (67, -1.39677894115447998047e+00) (68, -8.18746626377105712891e-01) (69, -3.41405004262924194336e-01) (70, 5.09510576725006103516e-01) (71, -8.54056775569915771484e-02) (72, 1.53038513660430908203e+00) (73, 1.07330560684204101562e+00) (74, -8.70640873908996582031e-01) (75, -3.49815011024475097656e-01) (76, -3.79764437675476074219e-01) (77, -8.00638020038604736328e-01) (78, 1.28972625732421875000e+00) (79, -8.76210629940032958984e-01) (80, 6.09308660030364990234e-01) (81, -9.57910716533660888672e-01) (82, 5.65551459789276123047e-01) (83, -9.16532337665557861328e-01) (84, 1.20321333408355712891e+00) (85, 1.61811864376068115234e+00) (86, -9.08829391002655029297e-01) (87, -7.74015724658966064453e-01) (88, -6.33525788784027099609e-01) (89, 1.83279645442962646484e+00) (90, -8.21806848049163818359e-01) (91, -7.44938254356384277344e-01) (92, 1.13662219047546386719e+00) (93, -8.89103889465332031250e-01) (94, -1.18183761835098266602e-01) (95, 6.75514638423919677734e-01) (96, -1.40625989437103271484e+00) (97, -7.16113924980163574219e-01) (98, -1.81195005774497985840e-01) (99, 9.09276843070983886719e-01) (100, -6.80140316486358642578e-01) (101, 4.28380459547042846680e-01) (102, 3.19412636756896972656e+00) (103, 2.33604833483695983887e-01) (104, 2.21738886833190917969e+00) (0, 1.49554153442382812500e+02) (1, 5.31594562530517578125e+00) (2, 1.37878942489624023438e+00) (3, 4.28870058059692382812e+00) (4, 5.20628452301025390625e-01) (5, 1.10967073440551757812e+01) (6, 2.58974981307983398438e+00) (7, 1.94880139827728271484e+00) (8, 1.15395002365112304688e+01) (9, 7.44204998016357421875e+00) (10, -2.32371062040328979492e-01) (11, -7.52867937088012695312e+00) (12, -2.05347776412963867188e-01) (13, -2.98220787048339843750e+01) (14, 3.20768684148788452148e-01) (15, 2.47918701171875000000e+00) (16, 1.37034785747528076172e+00) (17, -1.93832874298095703125e-01) (18, -1.48262292146682739258e-01) (19, 2.39584279060363769531e+00) (20, -1.96394615173339843750e+01) (21, -2.42861690521240234375e+01) (22, 1.53647375106811523438e+00) (23, 1.44505965709686279297e+00) (24, -1.38549987792968750000e+02) (25, -9.39023284912109375000e+01) (26, -5.02200174331665039062e+00) (27, 9.97937619686126708984e-01) (28, -1.97417068481445312500e+00) (29, -4.35400629043579101562e+00) (30, -1.25603266060352325439e-02) (31, -1.30725288391113281250e+00) (32, 2.65312147140502929688e+00) (33, 1.42235136032104492188e+00) (34, -2.93934097290039062500e+01) (35, 3.39906668663024902344e+00) (36, 2.43348717689514160156e+00) (37, 4.72677326202392578125e+00) (38, 1.46758985519409179688e+00) (39, 1.57956552505493164062e+00) (40, 2.11369132995605468750e+00) (41, 3.23445701599121093750e+00) (42, 1.23555195331573486328e+00) (43, 2.37861537933349609375e+00) (44, 2.34279060363769531250e+00) (45, 3.02681875228881835938e+00) (46, 5.33448457717895507812e+00) (47, 5.98733139038085937500e+01) (48, 5.47931900024414062500e+01) (49, 3.42032957077026367188e+00) (50, 2.27570128440856933594e+00) (51, 3.01774168014526367188e+00) (52, 1.05105280876159667969e+00) (53, 5.03926098346710205078e-01) (54, 2.22447991371154785156e+00) (55, 2.28789653778076171875e+01) (56, 2.16950654983520507812e+00) (57, -2.44232368469238281250e+01) (58, -2.55458092689514160156e+00) (59, -7.47308158874511718750e+00) (60, 2.67911434173583984375e+00) (61, -5.03818082809448242188e+00) (62, 2.46887516975402832031e+00) (63, 2.66359400749206542969e+00) (64, 2.90764188766479492188e+00) (65, 2.58314609527587890625e+00) (66, 9.04483261108398437500e+01) (67, 2.37108802795410156250e+00) (68, -1.19482383728027343750e+01) (69, 2.47176527976989746094e+00) (70, 2.68427205085754394531e+00) (71, 2.60204696655273437500e+00) (72, 2.87690711021423339844e+00) (73, 6.71604614257812500000e+01) (74, 2.29580974578857421875e+00) (75, 2.42817831039428710938e+00) (76, 2.35299372673034667969e+00) (77, 5.07714450359344482422e-01) (78, 2.06979608535766601562e+00) (79, 3.95924973487854003906e+00) (80, 1.48359644412994384766e+00) (81, 9.25258278846740722656e-01) (82, 1.11187565326690673828e+00) (83, 2.89381885528564453125e+00) (84, 1.61616659164428710938e+00) (85, 1.31122803688049316406e+00) (86, 2.37969970703125000000e+00) (87, 1.77376461029052734375e+00) (88, 3.43033051490783691406e+00) (89, 2.72161502838134765625e+01) (90, 2.79594492912292480469e+00) (91, 4.24542903900146484375e+00) (92, 2.28524732589721679688e+00) (93, 2.57634186744689941406e+00) (94, 2.62000131607055664062e+00) (95, 2.59832835197448730469e+00) (96, 2.11325979232788085938e+00) (97, 2.86362433433532714844e+00) (98, 2.80718493461608886719e+00) (99, 1.95269978046417236328e+00) (100, 2.34031867980957031250e+00) (101, 2.35429263114929199219e+00) (102, 2.24731216430664062500e+01) (103, -1.11233463287353515625e+01) (104, -2.94298440217971801758e-01) (0, -1.48893439769744873047e+00) (1, 1.84685564041137695312e+00) (2, -4.82502251863479614258e-01) (3, -1.58175909519195556641e+00) (4, -3.41226905584335327148e-01) (5, -2.04526281356811523438e+00) (6, -1.15518069267272949219e+00) (7, -4.75734740495681762695e-01) (8, 9.95874643325805664062e-01) (9, -6.70314252376556396484e-01) (10, -5.61085715889930725098e-02) (11, -9.57530498504638671875e-01) (12, 1.50725221633911132812e+00) (13, -8.52567374706268310547e-01) (14, 2.05359697341918945312e+00) (15, -3.39874416589736938477e-01) (16, -3.63043189048767089844e-01) (17, 1.81042182445526123047e+00) (18, -5.92741310596466064453e-01) (19, -1.47955361753702163696e-02) (20, 1.72896969318389892578e+00) (21, 2.20112308859825134277e-01) (22, 1.08439254760742187500e+00) (23, 2.51627421379089355469e+00) (24, -9.91433620452880859375e-01) (25, 3.13300800323486328125e+00) (26, -9.82564628124237060547e-01) (27, -8.55988740921020507812e-01) (28, 2.64702391624450683594e+00) (29, 1.05330944061279296875e+00) (30, -1.54097652435302734375e+00) (31, -5.63169121742248535156e-02) (32, 7.69965872168540954590e-02) (33, -3.32429862022399902344e+00) (34, -3.42412281036376953125e+00) (35, 2.61427164077758789062e-01) (36, 7.69994795322418212891e-01) (37, -9.99862924218177795410e-02) (38, 4.50911194086074829102e-01) (39, 2.83750271797180175781e+00) (40, -1.12215805053710937500e+00) (41, -4.03069853782653808594e-01) (42, -1.83298635482788085938e+00) (43, -1.40755867958068847656e+00) (44, -6.12822473049163818359e-01) (45, -2.91306328773498535156e+00) (46, 5.08168220520019531250e-01) (47, 4.01818424463272094727e-01) (48, 4.31026071310043334961e-01) (49, -1.52328459080308675766e-03) (50, 2.93670129776000976562e+00) (51, -3.68653804063796997070e-01) (52, 3.49675267934799194336e-01) (53, -1.03680968284606933594e+00) (54, -1.15843641757965087891e+00) (55, 2.80316042900085449219e+00) (56, -1.10207331180572509766e+00) (57, 1.05767810344696044922e+00) (58, 2.55088901519775390625e+00) (59, -1.72557032108306884766e+00) (60, -1.48711159825325012207e-01) (61, 1.18798553943634033203e+00) (62, -1.71016287803649902344e+00) (63, -1.01261520385742187500e+00) (64, -1.05175636708736419678e-01) (65, -8.85327637195587158203e-01) (66, 6.09974741935729980469e-01) (67, -7.70457983016967773438e-01) (68, 5.22946214675903320312e+00) (69, -1.04582798480987548828e+00) (70, -1.81864929199218750000e+00) (71, -4.13341611623764038086e-01) (72, -1.09737765789031982422e+00) (73, 4.24605995416641235352e-01) (74, -1.38566529750823974609e+00) (75, -2.90353965759277343750e+00) (76, 1.94022226333618164062e+00) (77, -2.51752227544784545898e-01) (78, -1.61551463603973388672e+00) (79, 4.13237619400024414062e+00) (80, -2.59937429428100585938e+00) (81, -6.27700537443161010742e-02) (82, 4.78435069322586059570e-01) (83, -1.10527527332305908203e+00) (84, -3.47141242027282714844e+00) (85, 3.04713654518127441406e+00) (86, -6.86970770359039306641e-01) (87, 1.86970695853233337402e-01) (88, 1.38670516014099121094e+00) (89, 1.51368844509124755859e+00) (90, 1.34737181663513183594e+00) (91, 1.64166736602783203125e+00) (92, -1.47063243389129638672e+00) (93, -1.37816560268402099609e+00) (94, 9.28528308868408203125e-02) (95, 1.03350293636322021484e+00) (96, -8.95486652851104736328e-01) (97, -8.63239586353302001953e-01) (98, 6.75028681755065917969e-01) (99, 1.86918652057647705078e+00) (100, 1.08023548126220703125e+00) (101, -3.04668450355529785156e+00) (102, 1.94577002525329589844e+00) (103, 4.75248694419860839844e-02) (104, 2.62341380119323730469e+00) (0, 8.41247482299804687500e+01) (1, -1.39905187988281250000e+03) (2, 9.18372794985771179199e-02) (3, 1.37261927127838134766e+00) (4, 1.20816373825073242188e+00) (5, -1.49999987792968750000e+03) (6, -7.37774193286895751953e-01) (7, 8.49604511260986328125e+00) (8, 1.44747436523437500000e+03) (9, -6.75350713729858398438e+00) (10, 2.12177658081054687500e+00) (11, -5.85738062858581542969e-01) (12, -1.85829207301139831543e-01) (13, -1.12448371887207031250e+02) (14, -8.94849151372909545898e-02) (15, -5.73363244533538818359e-01) (16, -1.88845157623291015625e+01) (17, 1.31626725196838378906e-01) (18, 4.16195988655090332031e-01) (19, -1.33002567291259765625e+00) (20, 3.24453997611999511719e+00) (21, 1.48559675216674804688e+01) (22, 8.98960388183593750000e+02) (23, 5.02010631561279296875e+00) (24, 1.00072189331054687500e+02) (25, 5.73096679687500000000e+02) (26, 2.44397044181823730469e+00) (27, 1.74571657180786132812e+00) (28, 4.13325691223144531250e+00) (29, 2.59017252922058105469e+00) (30, 1.42330121994018554688e+00) (31, 1.32041621208190917969e+00) (32, 9.61692750453948974609e-01) (33, 1.39198732376098632812e+00) (34, -1.22733825683593750000e+03) (35, -4.44559097290039062500e-01) (36, 2.25189980119466781616e-03) (37, -4.94658374786376953125e+00) (38, -2.37930603027343750000e+02) (39, -1.65971231460571289062e+00) (40, 3.92588615417480468750e-01) (41, -2.06660795211791992188e+00) (42, 1.35750865936279296875e+00) (43, -5.80749213695526123047e-02) (44, -1.09872423112392425537e-01) (45, -4.77557301521301269531e-01) (46, -2.23968322753906250000e+02) (47, -2.56688232421875000000e+01) (48, -4.11031677246093750000e+02) (49, -2.11470088958740234375e+01) (50, 6.88946187496185302734e-01) (51, -9.51836109161376953125e-01) (52, 1.35274875164031982422e+00) (53, 4.98807001113891601562e+00) (54, 1.86879992485046386719e-01) (55, 3.15376403808593750000e+02) (56, 3.22310507297515869141e-01) (57, 7.36234069824218750000e+02) (58, 4.67425811767578125000e+02) (59, 1.90246948242187500000e+02) (60, -9.63835895061492919922e-01) (61, 1.90950241088867187500e+01) (62, -1.01233851909637451172e+00) (63, -1.39859414100646972656e+00) (64, -2.52440090179443359375e+01) (65, -4.37026470899581909180e-01) (66, 4.01990203857421875000e+01) (67, -7.54513740539550781250e+00) (68, 7.45557069778442382812e+00) (69, -6.79027652740478515625e+00) (70, 5.76017379760742187500e-01) (71, -4.78099316358566284180e-01) (72, -9.81881439685821533203e-01) (73, 2.23973556518554687500e+02) (74, 1.54610383510589599609e+00) (75, -1.90216147899627685547e+00) (76, 2.27985334396362304688e+00) (77, 1.50137364864349365234e+00) (78, -3.21586944580078125000e+02) (79, -6.38944892883300781250e+01) (80, 7.04105556011199951172e-01) (81, 1.04777216911315917969e+00) (82, -1.87757225036621093750e+01) (83, -1.33452575683593750000e+02) (84, -1.35212821960449218750e+01) (85, -9.56457901000976562500e+01) (86, -2.18113228678703308105e-01) (87, 1.36717116832733154297e+00) (88, -5.55304687500000000000e+02) (89, -3.53529998779296875000e+02) (90, -2.40556979179382324219e+00) (91, -8.52964477539062500000e+01) (92, -2.36859530210494995117e-01) (93, -4.75557744503021240234e-01) (94, -4.32462543249130249023e-01) (95, 3.35552513599395751953e-01) (96, 1.70932841300964355469e+00) (97, -3.77996146678924560547e-01) (98, -5.78212678432464599609e-01) (99, -3.49424552917480468750e+00) (100, 7.68248200416564941406e-01) (101, -7.07872986793518066406e-01) (102, -1.24130048751831054688e+01) (103, 1.96125087738037109375e+01) (104, 8.78502190113067626953e-01) (0, -7.49233290553092956543e-02) (1, 3.17594337463378906250e+00) (2, 1.21291115880012512207e-01) (3, 3.55908423662185668945e-01) (4, 3.30188423395156860352e-02) (5, 1.17627727985382080078e+00) (6, 1.24871814250946044922e+00) (7, -1.53029000759124755859e+00) (8, -1.18800246715545654297e+00) (9, -6.46574437618255615234e-01) (10, -6.89224183559417724609e-01) (11, 8.07215634267777204514e-04) (12, -8.23984742164611816406e-01) (13, -8.92329290509223937988e-02) (14, -8.25192451477050781250e-01) (15, 1.79870152473449707031e+00) (16, -7.04413652420043945312e-01) (17, -5.06511807441711425781e-01) (18, -7.08558797836303710938e-01) (19, -8.88850808143615722656e-01) (20, 2.07417741417884826660e-01) (21, 6.77687346935272216797e-01) (22, 6.88130795955657958984e-01) (23, -3.66165667772293090820e-01) (24, 5.40804862976074218750e-01) (25, 2.01251459121704101562e+00) (26, 2.91230082511901855469e+00) (27, 2.95049995183944702148e-01) (28, 2.03548803925514221191e-01) (29, -3.20388674736022949219e-01) (30, 1.69841325283050537109e+00) (31, 4.99624341726303100586e-01) (32, -6.64963304996490478516e-01) (33, 6.14752590656280517578e-01) (34, 1.75341701507568359375e+00) (35, 2.37000298500061035156e+00) (36, 1.39542078971862792969e+00) (37, -1.33953392505645751953e+00) (38, 1.68889403343200683594e+00) (39, -5.96314668655395507812e-01) (40, -1.56653031706809997559e-01) (41, -2.67438578605651855469e+00) (42, 1.13582322373986244202e-02) (43, -1.32348668575286865234e+00) (44, -3.96983265876770019531e-01) (45, 2.18303561210632324219e+00) (46, -1.46612346172332763672e+00) (47, -8.04400384426116943359e-01) (48, -1.41244041919708251953e+00) (49, -8.31166267395019531250e-01) (50, -1.35130131244659423828e+00) (51, -7.82566428184509277344e-01) (52, -8.69373738765716552734e-01) (53, 6.12704336643218994141e-01) (54, -7.71157205104827880859e-01) (55, -6.03771984577178955078e-01) (56, 9.51061010360717773438e-01) (57, 4.03401851654052734375e-02) (58, -1.79795658588409423828e+00) (59, 7.01937854290008544922e-01) (60, -2.71142534911632537842e-02) (61, -1.54506611824035644531e+00) (62, -5.23273050785064697266e-01) (63, 1.23409235477447509766e+00) (64, 1.05388939380645751953e+00) (65, 4.47830229997634887695e-01) (66, -3.91243481636047363281e+00) (67, -6.29564747214317321777e-02) (68, -3.99804979562759399414e-01) (69, 7.73909270763397216797e-01) (70, 1.95092216134071350098e-01) (71, 1.81609556078910827637e-01) (72, 4.54454392194747924805e-01) (73, -8.95047843456268310547e-01) (74, 1.34959292411804199219e+00) (75, 3.23133736848831176758e-01) (76, -1.93604660034179687500e+00) (77, 6.64592564105987548828e-01) (78, -6.33958041667938232422e-01) (79, -1.80063736438751220703e+00) (80, 8.44128429889678955078e-01) (81, 1.76793086528778076172e+00) (82, -4.93047714233398437500e-01) (83, 5.11549413204193115234e-01) (84, 2.05871295928955078125e+00) (85, -1.22948813438415527344e+00) (86, 1.11139426007866859436e-02) (87, -1.17596602439880371094e+00) (88, 4.88145560026168823242e-01) (89, -1.02246928215026855469e+00) (90, 1.99046269059181213379e-01) (91, 1.72243225574493408203e+00) (92, -2.16976195573806762695e-01) (93, -9.53384414315223693848e-02) (94, 8.16396415233612060547e-01) (95, -8.05403664708137512207e-02) (96, -2.52485871315002441406e+00) (97, -3.61473739147186279297e-01) (98, 5.70914626121520996094e-01) (99, -1.39857232570648193359e-01) (100, 9.78235244750976562500e-01) (101, 4.07874763011932373047e-01) (102, 2.30866851806640625000e+02) (103, 2.31903945922851562500e+02) (104, 1.18568956851959228516e+00) (105, 9.74444985389709472656e-01) (106, -2.95301437377929687500e+00) (107, -7.93146193027496337891e-01) (108, -2.00484657287597656250e+00) (109, -1.13024222850799560547e+00) (110, 2.80040830373764038086e-01) (111, -8.97613763809204101562e-01) (112, -1.89580166339874267578e+00) (113, 8.72811496257781982422e-01) (114, 3.60069870948791503906e-01) (115, -3.76904457807540893555e-01) (116, 1.54551935195922851562e+00) (117, -1.76328337192535400391e+00) (118, -3.34574699401855468750e-01) (119, 4.81995880603790283203e-01) (120, -1.61879193782806396484e+00) (121, -1.57306385040283203125e+00) (122, 2.40054631233215332031e+00) (123, 6.17152392864227294922e-01) (124, 4.11854457855224609375e+00) (125, -3.47005558013916015625e+00) (126, -1.13582563400268554688e+00) (127, -3.96980094909667968750e+00) (128, 4.07586902379989624023e-01) (129, -2.38181519508361816406e+00) (130, -2.57388830184936523438e-01) 
