FANN_FLO_2.1
num_layers=3
learning_rate=0.700000
connection_rate=1.000000
network_type=0
learning_momentum=0.000000
training_algorithm=2
train_error_function=1
train_stop_function=0
cascade_output_change_fraction=0.010000
quickprop_decay=-0.000100
quickprop_mu=1.750000
rprop_increase_factor=1.200000
rprop_decrease_factor=0.500000
rprop_delta_min=0.000000
rprop_delta_max=50.000000
rprop_delta_zero=0.100000
cascade_output_stagnation_epochs=12
cascade_candidate_change_fraction=0.010000
cascade_candidate_stagnation_epochs=12
cascade_max_out_epochs=150
cascade_max_cand_epochs=150
cascade_num_candidate_groups=2
bit_fail_limit=3.49999994039535522461e-01
cascade_candidate_limit=1.00000000000000000000e+03
cascade_weight_multiplier=4.00000005960464477539e-01
cascade_activation_functions_count=10
cascade_activation_functions=3 5 7 8 10 11 14 15 16 17 
cascade_activation_steepnesses_count=4
cascade_activation_steepnesses=2.50000000000000000000e-01 5.00000000000000000000e-01 7.50000000000000000000e-01 1.00000000000000000000e+00 
layer_sizes=105 26 2 
scale_included=0
neurons (num_inputs, activation_function, activation_steepness)=(0, 0, 0.00000000000000000000e+00) (0, 0, 0.00000000000000000000e+00) (0, 0, 0.00000000000000000000e+00) (0, 0, 0.00000000000000000000e+00) (0, 0, 0.00000000000000000000e+00) (0, 0, 0.00000000000000000000e+00) (0, 0, 0.00000000000000000000e+00) (0, 0, 0.00000000000000000000e+00) (0, 0, 0.00000000000000000000e+00) (0, 0, 0.00000000000000000000e+00) (0, 0, 0.00000000000000000000e+00) (0, 0, 0.00000000000000000000e+00) (0, 0, 0.00000000000000000000e+00) (0, 0, 0.00000000000000000000e+00) (0, 0, 0.00000000000000000000e+00) (0, 0, 0.00000000000000000000e+00) (0, 0, 0.00000000000000000000e+00) (0, 0, 0.00000000000000000000e+00) (0, 0, 0.00000000000000000000e+00) (0, 0, 0.00000000000000000000e+00) (0, 0, 0.00000000000000000000e+00) (0, 0, 0.00000000000000000000e+00) (0, 0, 0.00000000000000000000e+00) (0, 0, 0.00000000000000000000e+00) (0, 0, 0.00000000000000000000e+00) (0, 0, 0.00000000000000000000e+00) (0, 0, 0.00000000000000000000e+00) (0, 0, 0.00000000000000000000e+00) (0, 0, 0.00000000000000000000e+00) (0, 0, 0.00000000000000000000e+00) (0, 0, 0.00000000000000000000e+00) (0, 0, 0.00000000000000000000e+00) (0, 0, 0.00000000000000000000e+00) (0, 0, 0.00000000000000000000e+00) (0, 0, 0.00000000000000000000e+00) (0, 0, 0.00000000000000000000e+00) (0, 0, 0.00000000000000000000e+00) (0, 0, 0.00000000000000000000e+00) (0, 0, 0.00000000000000000000e+00) (0, 0, 0.00000000000000000000e+00) (0, 0, 0.00000000000000000000e+00) (0, 0, 0.00000000000000000000e+00) (0, 0, 0.00000000000000000000e+00) (0, 0, 0.00000000000000000000e+00) (0, 0, 0.00000000000000000000e+00) (0, 0, 0.00000000000000000000e+00) (0, 0, 0.00000000000000000000e+00) (0, 0, 0.00000000000000000000e+00) (0, 0, 0.00000000000000000000e+00) (0, 0, 0.00000000000000000000e+00) (0, 0, 0.00000000000000000000e+00) (0, 0, 0.00000000000000000000e+00) (0, 0, 0.00000000000000000000e+00) (0, 0, 0.00000000000000000000e+00) (0, 0, 0.00000000000000000000e+00) (0, 0, 0.00000000000000000000e+00) (0, 0, 0.00000000000000000000e+00) (0, 0, 0.00000000000000000000e+00) (0, 0, 0.00000000000000000000e+00) (0, 0, 0.00000000000000000000e+00) (0, 0, 0.00000000000000000000e+00) (0, 0, 0.00000000000000000000e+00) (0, 0, 0.00000000000000000000e+00) (0, 0, 0.00000000000000000000e+00) (0, 0, 0.00000000000000000000e+00) (0, 0, 0.00000000000000000000e+00) (0, 0, 0.00000000000000000000e+00) (0, 0, 0.00000000000000000000e+00) (0, 0, 0.00000000000000000000e+00) (0, 0, 0.00000000000000000000e+00) (0, 0, 0.00000000000000000000e+00) (0, 0, 0.00000000000000000000e+00) (0, 0, 0.00000000000000000000e+00) (0, 0, 0.00000000000000000000e+00) (0, 0, 0.00000000000000000000e+00) (0, 0, 0.00000000000000000000e+00) (0, 0, 0.00000000000000000000e+00) (0, 0, 0.00000000000000000000e+00) (0, 0, 0.00000000000000000000e+00) (0, 0, 0.00000000000000000000e+00) (0, 0, 0.00000000000000000000e+00) (0, 0, 0.00000000000000000000e+00) (0, 0, 0.00000000000000000000e+00) (0, 0, 0.00000000000000000000e+00) (0, 0, 0.00000000000000000000e+00) (0, 0, 0.00000000000000000000e+00) (0, 0, 0.00000000000000000000e+00) (0, 0, 0.00000000000000000000e+00) (0, 0, 0.00000000000000000000e+00) (0, 0, 0.00000000000000000000e+00) (0, 0, 0.00000000000000000000e+00) (0, 0, 0.00000000000000000000e+00) (0, 0, 0.00000000000000000000e+00) (0, 0, 0.00000000000000000000e+00) (0, 0, 0.00000000000000000000e+00) (0, 0, 0.00000000000000000000e+00) (0, 0, 0.00000000000000000000e+00) (0, 0, 0.00000000000000000000e+00) (0, 0, 0.00000000000000000000e+00) (0, 0, 0.00000000000000000000e+00) (0, 0, 0.00000000000000000000e+00) (0, 0, 0.00000000000000000000e+00) (0, 0, 0.00000000000000000000e+00) (0, 0, 0.00000000000000000000e+00) (0, 0, 0.00000000000000000000e+00) (105, 5, 5.00000000000000000000e-01) (105, 5, 5.00000000000000000000e-01) (105, 5, 5.00000000000000000000e-01) (105, 5, 5.00000000000000000000e-01) (105, 5, 5.00000000000000000000e-01) (105, 5, 5.00000000000000000000e-01) (105, 5, 5.00000000000000000000e-01) (105, 5, 5.00000000000000000000e-01) (105, 5, 5.00000000000000000000e-01) (105, 5, 5.00000000000000000000e-01) (105, 5, 5.00000000000000000000e-01) (105, 5, 5.00000000000000000000e-01) (105, 5, 5.00000000000000000000e-01) (105, 5, 5.00000000000000000000e-01) (105, 5, 5.00000000000000000000e-01) (105, 5, 5.00000000000000000000e-01) (105, 5, 5.00000000000000000000e-01) (105, 5, 5.00000000000000000000e-01) (105, 5, 5.00000000000000000000e-01) (105, 5, 5.00000000000000000000e-01) (105, 5, 5.00000000000000000000e-01) (105, 5, 5.00000000000000000000e-01) (105, 5, 5.00000000000000000000e-01) (105, 5, 5.00000000000000000000e-01) (105, 5, 5.00000000000000000000e-01) (0, 5, 0.00000000000000000000e+00) (26, 5, 5.00000000000000000000e-01) (0, 5, 0.00000000000000000000e+00) 
connections (connected_to_neuron, weight)=(0, -2.00636177062988281250e+01) (1, -6.87549710273742675781e-01) (2, 1.92191469669342041016e+00) (3, -2.62097358703613281250e-01) (4, 2.32521438598632812500e+00) (5, -4.88813698291778564453e-01) (6, 5.98947858810424804688e+00) (7, 1.16271007061004638672e+00) (8, -4.15887355804443359375e+00) (9, 1.15498387813568115234e+00) (10, 2.60002708435058593750e+00) (11, -4.57114028930664062500e+00) (12, 8.52420747280120849609e-01) (13, -1.52592992782592773438e+00) (14, -5.75418615341186523438e+00) (15, -2.37208709120750427246e-01) (16, 1.01878461837768554688e+01) (17, 2.61778998374938964844e+00) (18, 1.38020301237702369690e-02) (19, 1.10339319705963134766e+00) (20, -1.33286392688751220703e+00) (21, -1.46910250186920166016e-01) (22, -6.92547023296356201172e-01) (23, 3.39526629447937011719e+00) (24, 8.09332609176635742188e-01) (25, -9.40824127197265625000e+00) (26, 1.94345307350158691406e+00) (27, -1.72644138336181640625e-01) (28, -1.35251092910766601562e+00) (29, 1.55195844173431396484e+00) (30, 1.40579068660736083984e+00) (31, -5.72028279304504394531e-01) (32, -3.07054877281188964844e+00) (33, 1.48084306716918945312e+00) (34, -5.26090145111083984375e+00) (35, 9.00508537888526916504e-02) (36, 1.90915024280548095703e+00) (37, -9.15295124053955078125e-01) (38, 7.43442833423614501953e-01) (39, 1.06888639926910400391e+00) (40, 5.03709745407104492188e+00) (41, 2.37719011306762695312e+00) (42, 1.02656006813049316406e+00) (43, -3.57352447509765625000e+00) (44, 1.68460483551025390625e+01) (45, -3.67082405090332031250e+00) (46, 8.55764091014862060547e-01) (47, 2.90153551101684570312e+00) (48, 1.18422632217407226562e+01) (49, 1.89894831180572509766e+00) (50, 6.28095149993896484375e-01) (51, 1.13375484943389892578e+00) (52, 1.25568509101867675781e+00) (53, -8.66514325141906738281e-01) (54, 3.66736602783203125000e+00) (55, -2.81812834739685058594e+00) (56, -2.78818815946578979492e-01) (57, -4.50129556655883789062e+00) (58, 1.77050745487213134766e+00) (59, -3.45641875267028808594e+00) (60, -3.87416064739227294922e-01) (61, -1.75903475284576416016e+00) (62, 2.23424100875854492188e+00) (63, 2.31020379066467285156e+00) (64, 4.97604578733444213867e-01) (65, 2.25894951820373535156e+00) (66, 1.82595431804656982422e+00) (67, -2.40907907485961914062e-01) (68, 9.24932301044464111328e-01) (69, 6.80090785026550292969e-01) (70, 2.24292731285095214844e+00) (71, -1.80435359477996826172e+00) (72, 8.20368111133575439453e-01) (73, 7.54851698875427246094e-02) (74, -7.49702304601669311523e-02) (75, 7.24268734455108642578e-01) (76, -2.62894988059997558594e-01) (77, 2.34831476211547851562e+00) (78, 1.39338469505310058594e+00) (79, 1.02197062969207763672e+00) (80, -3.02460145950317382812e+00) (81, 1.06438362598419189453e+00) (82, 9.36480700969696044922e-01) (83, -2.20736956596374511719e+00) (84, -4.13603162765502929688e+00) (85, 4.53755170106887817383e-01) (86, 9.15771901607513427734e-01) (87, 9.18172657489776611328e-01) (88, -3.80039900541305541992e-01) (89, -4.75173324346542358398e-01) (90, -2.07565617561340332031e+00) (91, 6.53963208198547363281e-01) (92, -1.85714149475097656250e+00) (93, 2.37848424911499023438e+00) (94, 2.29668593406677246094e+00) (95, -1.10302686691284179688e-01) (96, 1.11451697349548339844e+00) (97, 1.96422302722930908203e+00) (98, -3.61933231353759765625e-01) (99, 9.35214817523956298828e-01) (100, 1.01813650131225585938e+00) (101, 1.91173708438873291016e+00) (102, -5.52643463015556335449e-02) (103, 2.22707533836364746094e+00) (104, -5.12288272380828857422e-01) (0, -1.52184200286865234375e+01) (1, -2.36378717422485351562e+00) (2, 2.59048533439636230469e+00) (3, 1.35246813297271728516e+00) (4, 9.79747235774993896484e-01) (5, -2.44469118118286132812e+00) (6, 7.47322750091552734375e+00) (7, -3.57863020896911621094e+00) (8, -7.49676227569580078125e+00) (9, 2.24731850624084472656e+00) (10, 1.90659987926483154297e+00) (11, 5.99927365779876708984e-01) (12, 1.38727352023124694824e-01) (13, -2.32054404914379119873e-02) (14, 7.96168372035026550293e-02) (15, -2.51200497150421142578e-01) (16, 3.12338447570800781250e+00) (17, 7.43948400020599365234e-01) (18, 6.38838633894920349121e-02) (19, -1.54861867427825927734e+00) (20, -2.01792597770690917969e+00) (21, 2.47139096260070800781e+00) (22, -3.48231703042984008789e-01) (23, 2.05093073844909667969e+00) (24, 3.16943216323852539062e+00) (25, -9.79418563842773437500e+00) (26, 1.57743096351623535156e+00) (27, 3.85528385639190673828e-01) (28, 3.52523612976074218750e+00) (29, -1.37673301696777343750e+01) (30, 2.23874807357788085938e+00) (31, 4.77135992050170898438e+00) (32, 1.82614469528198242188e+00) (33, -1.00874245166778564453e+00) (34, -3.67225623130798339844e+00) (35, 1.29449236392974853516e+00) (36, 3.97461700439453125000e+00) (37, -2.01630115509033203125e+00) (38, 7.60602414608001708984e-01) (39, 1.24412381649017333984e+00) (40, 2.76110601425170898438e+00) (41, 1.35528698563575744629e-01) (42, 1.42763328552246093750e+00) (43, 3.83190780878067016602e-01) (44, 3.25284242630004882812e+00) (45, 8.34565699100494384766e-01) (46, 1.36555814743041992188e+00) (47, 2.31599664688110351562e+00) (48, 2.17968487739562988281e+00) (49, 1.99962019920349121094e-01) (50, 6.76128387451171875000e-01) (51, 2.37375402450561523438e+00) (52, 2.99923181533813476562e+00) (53, -7.10460329055786132812e+00) (54, 3.01479721069335937500e+00) (55, -1.39046442508697509766e+00) (56, 2.59836459159851074219e+00) (57, -4.99502372741699218750e+00) (58, 8.25459659099578857422e-01) (59, 3.99752885103225708008e-01) (60, -6.02120995521545410156e-01) (61, -5.23111486434936523438e+00) (62, 2.45123815536499023438e+00) (63, -2.00169324874877929688e-01) (64, 2.52982902526855468750e+00) (65, 2.51352643966674804688e+00) (66, 3.44513797760009765625e+00) (67, 1.03720879554748535156e+00) (68, 3.88434815406799316406e+00) (69, 8.91564786434173583984e-01) (70, 2.03489041328430175781e+00) (71, 2.67282515764236450195e-01) (72, 1.79020273685455322266e+00) (73, 3.07407093048095703125e+00) (74, -7.35096931457519531250e-01) (75, -4.63130569458007812500e+00) (76, 2.04578113555908203125e+00) (77, 1.72109806537628173828e+00) (78, 1.18257367610931396484e+00) (79, -2.78647160530090332031e+00) (80, -2.81318974494934082031e+00) (81, 2.84379148483276367188e+00) (82, 2.37749695777893066406e+00) (83, -5.80641776323318481445e-02) (84, -4.07848387956619262695e-01) (85, -5.65371155738830566406e-01) (86, -3.20943504571914672852e-01) (87, 1.26653566956520080566e-01) (88, 2.09727334976196289062e+00) (89, -2.81358814239501953125e+00) (90, -3.35447311401367187500e+00) (91, 4.94653671979904174805e-01) (92, -5.72320520877838134766e-02) (93, 9.07641470432281494141e-01) (94, 9.55370128154754638672e-01) (95, -2.41777792572975158691e-01) (96, 8.93023788928985595703e-01) (97, -2.29341372847557067871e-01) (98, -1.81470060348510742188e+00) (99, -4.96988594532012939453e-01) (100, 9.53808844089508056641e-01) (101, -3.41234773397445678711e-01) (102, -1.64936736226081848145e-01) (103, 2.28363394737243652344e+00) (104, 6.95776700973510742188e-01) (0, -8.08113861083984375000e+00) (1, 5.72933793067932128906e-01) (2, -1.74520120024681091309e-01) (3, 7.20232188701629638672e-01) (4, -1.57286870479583740234e+00) (5, 1.68389868736267089844e+00) (6, 2.12101888656616210938e+00) (7, -3.99422526359558105469e-01) (8, 2.23237347602844238281e+00) (9, -8.33201780915260314941e-02) (10, 4.10996735095977783203e-01) (11, 1.71221184730529785156e+00) (12, -5.29143452644348144531e-01) (13, -8.47965657711029052734e-01) (14, 2.78875499963760375977e-01) (15, -3.48280847072601318359e-01) (16, 1.14968204498291015625e+00) (17, 1.92225027084350585938e+00) (18, 1.19617736339569091797e+00) (19, 3.54667156934738159180e-01) (20, -2.47743701934814453125e+00) (21, 1.95493388175964355469e+00) (22, -3.10014295578002929688e+00) (23, 1.11937987804412841797e+00) (24, 1.30381000041961669922e+00) (25, 1.02646720409393310547e+00) (26, 1.47973346710205078125e+00) (27, 1.79196679592132568359e+00) (28, 2.95819658786058425903e-02) (29, 1.54365670680999755859e+00) (30, -2.44081854820251464844e+00) (31, -2.68640661239624023438e+00) (32, 3.52763724327087402344e+00) (33, 9.86198127269744873047e-01) (34, 1.81974560022354125977e-01) (35, -5.65349340438842773438e-01) (36, 1.47700905799865722656e+00) (37, -6.50220692157745361328e-01) (38, 2.34810447692871093750e+00) (39, 3.54046845436096191406e+00) (40, 8.89492109417915344238e-02) (41, 7.26412594318389892578e-01) (42, 2.34620451927185058594e+00) (43, -2.10836124420166015625e+00) (44, 5.63810467720031738281e-01) (45, -8.36169123649597167969e-01) (46, -3.25423288345336914062e+00) (47, -8.17042827606201171875e-01) (48, -3.66187405586242675781e+00) (49, -5.85488653182983398438e+00) (50, 5.33674240112304687500e-01) (51, -5.19279956817626953125e-01) (52, -7.03692436218261718750e-01) (53, -2.01102542877197265625e+00) (54, -1.89086759090423583984e+00) (55, -2.42100071907043457031e+00) (56, 2.06259918212890625000e+00) (57, 4.10585117340087890625e+00) (58, -1.55002701282501220703e+00) (59, -2.94032263755798339844e+00) (60, 2.34449172019958496094e+00) (61, 3.04982304573059082031e+00) (62, 1.15999437868595123291e-01) (63, 4.76979821920394897461e-01) (64, -2.52704286575317382812e+00) (65, 8.60754072666168212891e-01) (66, -1.27134406566619873047e+00) (67, -2.50974082946777343750e+00) (68, -4.72533106803894042969e-01) (69, 1.51404726505279541016e+00) (70, -1.51150912046432495117e-01) (71, 8.77713978290557861328e-01) (72, -3.86380642652511596680e-01) (73, 1.33258759975433349609e+00) (74, 1.29290843009948730469e+00) (75, 1.04242897033691406250e+00) (76, -2.97658991813659667969e+00) (77, 9.01159703731536865234e-01) (78, 5.39017295837402343750e+00) (79, 1.14093732833862304688e+00) (80, -2.53595858812332153320e-01) (81, 2.24068120121955871582e-01) (82, -6.46339178085327148438e-01) (83, 4.76528501510620117188e+00) (84, -1.82549595832824707031e+00) (85, -2.70473170280456542969e+00) (86, 9.15319979190826416016e-01) (87, 9.98518645763397216797e-01) (88, -1.06477856636047363281e+00) (89, -2.66749292612075805664e-01) (90, 2.09086489677429199219e+00) (91, 1.08244514465332031250e+00) (92, -7.42651641368865966797e-01) (93, 8.43430399894714355469e-01) (94, 9.35743749141693115234e-01) (95, 7.63276696205139160156e-01) (96, 1.16465151309967041016e+00) (97, 9.00186359882354736328e-01) (98, -2.24984407424926757812e-01) (99, -8.90738308429718017578e-01) (100, 9.49674308300018310547e-01) (101, -1.12149190902709960938e+00) (102, -9.37127992510795593262e-02) (103, 2.35295319557189941406e+00) (104, 8.12381863594055175781e-01) (0, -1.50000000000000000000e+03) (1, 2.45018482208251953125e+00) (2, 1.18954527378082275391e+00) (3, 2.62234854698181152344e+00) (4, 4.73231649398803710938e+00) (5, 1.63322103023529052734e+00) (6, 2.77876734733581542969e+00) (7, 2.21220254898071289062e+00) (8, 1.41962540149688720703e+00) (9, 2.54338693618774414062e+00) (10, 2.84490370750427246094e+00) (11, 1.50000000000000000000e+03) (12, 1.32986295223236083984e+00) (13, 1.40848553180694580078e+00) (14, 1.35760307312011718750e+00) (15, 4.01208782196044921875e+00) (16, 2.89482045173645019531e+00) (17, 1.40144777297973632812e+00) (18, 3.32352733612060546875e+00) (19, 1.49933886718750000000e+03) (20, -1.50000000000000000000e+03) (21, 1.14399349689483642578e+00) (22, 4.81687164306640625000e+01) (23, 9.62251663208007812500e+00) (24, 8.69867630004882812500e+01) (25, 1.37116014957427978516e+00) (26, 1.49933728027343750000e+03) (27, 6.47379350662231445312e+00) (28, 3.35552024841308593750e+00) (29, 8.70195251464843750000e+02) (30, 1.84377288818359375000e+01) (31, 3.16988873481750488281e+00) (32, 3.01329708099365234375e+00) (33, 2.86981296539306640625e+00) (34, 1.50000000000000000000e+03) (35, -8.72826232910156250000e+02) (36, 5.63875341415405273438e+00) (37, 1.40084099769592285156e+00) (38, 2.98836612701416015625e+00) (39, 3.09310245513916015625e+00) (40, 3.30523419380187988281e+00) (41, 3.99174737930297851562e+00) (42, 1.41656768321990966797e+00) (43, 1.52077901363372802734e+00) (44, 3.39075803756713867188e+00) (45, 3.13643789291381835938e+00) (46, 5.03452453613281250000e+02) (47, 1.78511476516723632812e+00) (48, 1.49933728027343750000e+03) (49, 1.49933776855468750000e+03) (50, 1.16736688613891601562e+01) (51, 1.42452847957611083984e+00) (52, 1.73318314552307128906e+00) (53, 1.49933703613281250000e+03) (54, 1.52198207378387451172e+00) (55, 3.02967619895935058594e+00) (56, 2.76464080810546875000e+00) (57, 1.50000000000000000000e+03) (58, 1.49940576171875000000e+03) (59, 1.49894567871093750000e+03) (60, 1.19069909667968750000e+03) (61, 1.50000000000000000000e+03) (62, 2.63698291778564453125e+00) (63, 1.14702825546264648438e+01) (64, 2.02244257926940917969e+00) (65, 3.00482082366943359375e+00) (66, 2.14377716064453125000e+02) (67, -5.92275695800781250000e+02) (68, 1.26715145111083984375e+01) (69, 1.53797607421875000000e+02) (70, 2.74618601799011230469e+00) (71, 2.60552382469177246094e+00) (72, 2.78550338745117187500e+00) (73, 2.82644057273864746094e+00) (74, 2.70334935188293457031e+00) (75, 1.50000000000000000000e+03) (76, 1.50000000000000000000e+03) (77, 3.17779636383056640625e+00) (78, 5.27714061737060546875e+00) (79, 3.97090554237365722656e+00) (80, 1.50000000000000000000e+03) (81, 1.50000000000000000000e+03) (82, 1.49962243652343750000e+03) (83, 1.50000000000000000000e+03) (84, 3.84243316650390625000e+01) (85, 3.44977521896362304688e+00) (86, 3.07409524917602539062e+00) (87, 1.43342137336730957031e+00) (88, 1.50000000000000000000e+03) (89, 1.50000000000000000000e+03) (90, 1.50000000000000000000e+03) (91, 1.50000000000000000000e+03) (92, 1.36696071624755859375e+01) (93, 1.50000000000000000000e+03) (94, 3.06772537231445312500e+01) (95, 1.50000000000000000000e+03) (96, 2.60263037681579589844e+00) (97, 2.18928680419921875000e+01) (98, 1.50000000000000000000e+03) (99, 6.03600502014160156250e+01) (100, 4.54419342041015625000e+02) (101, 2.54636573791503906250e+00) (102, -1.56770210266113281250e+01) (103, 2.45659980773925781250e+01) (104, -7.72640883922576904297e-01) (0, -1.50000000000000000000e+03) (1, 2.57159876823425292969e+00) (2, 1.15908181667327880859e+00) (3, 2.73790907859802246094e+00) (4, 3.25110292434692382812e+00) (5, 1.64669752120971679688e+00) (6, 2.74058580398559570312e+00) (7, 2.18656563758850097656e+00) (8, 1.27423787117004394531e+00) (9, 2.49942302703857421875e+00) (10, 2.65872812271118164062e+00) (11, 1.50000000000000000000e+03) (12, 1.47212970256805419922e+00) (13, 1.54273569583892822266e+00) (14, 1.37793898582458496094e+00) (15, 2.89186668395996093750e+00) (16, 2.92740988731384277344e+00) (17, 1.48714125156402587891e+00) (18, 3.94128561019897460938e+00) (19, 6.01789672851562500000e+02) (20, -1.50000000000000000000e+03) (21, 1.17890059947967529297e+00) (22, 4.80826301574707031250e+01) (23, 9.63883590698242187500e+00) (24, 8.74150390625000000000e+01) (25, 1.58329737186431884766e+00) (26, 1.49933728027343750000e+03) (27, 3.03498744964599609375e+00) (28, 3.19426798820495605469e+00) (29, 1.50000000000000000000e+03) (30, 4.15460824966430664062e+00) (31, 3.20604062080383300781e+00) (32, 2.76878643035888671875e+00) (33, 3.54304742813110351562e+00) (34, 1.50000000000000000000e+03) (35, -8.72858825683593750000e+02) (36, 5.77984189987182617188e+00) (37, 1.45713913440704345703e+00) (38, 3.01039671897888183594e+00) (39, 2.88029432296752929688e+00) (40, 3.15753912925720214844e+00) (41, 3.92989587783813476562e+00) (42, 1.29101514816284179688e+00) (43, 1.43171596527099609375e+00) (44, 2.97283029556274414062e+00) (45, 3.13295030593872070312e+00) (46, 5.03441711425781250000e+02) (47, 1.78733277320861816406e+00) (48, 1.49933728027343750000e+03) (49, 1.49933776855468750000e+03) (50, 2.42178268432617187500e+01) (51, 1.38006246089935302734e+00) (52, 1.50792515277862548828e+00) (53, 1.49933703613281250000e+03) (54, 1.49295949935913085938e+00) (55, 3.11633992195129394531e+00) (56, 2.74656248092651367188e+00) (57, 1.50000000000000000000e+03) (58, 1.49940576171875000000e+03) (59, 8.56713317871093750000e+02) (60, 2.81241607666015625000e+02) (61, 3.06992095947265625000e+02) (62, 2.61413478851318359375e+00) (63, 4.53217077255249023438e+00) (64, 1.86023354530334472656e+00) (65, 3.03872275352478027344e+00) (66, 8.93008327484130859375e+00) (67, -1.50000000000000000000e+03) (68, 4.72345495223999023438e+00) (69, 1.70900802612304687500e+01) (70, 2.72201919555664062500e+00) (71, 2.48064970970153808594e+00) (72, 2.92924189567565917969e+00) (73, 2.88488507270812988281e+00) (74, 2.74124002456665039062e+00) (75, 1.50000000000000000000e+03) (76, 1.50000000000000000000e+03) (77, 3.22174668312072753906e+00) (78, 5.22130632400512695312e+00) (79, 3.90334367752075195312e+00) (80, 1.50000000000000000000e+03) (81, 1.50000000000000000000e+03) (82, 1.49962243652343750000e+03) (83, 1.50000000000000000000e+03) (84, 1.89451942443847656250e+01) (85, 3.26620101928710937500e+00) (86, 3.05906724929809570312e+00) (87, 1.33241856098175048828e+00) (88, 1.08558006286621093750e+02) (89, 1.50000000000000000000e+03) (90, 1.50000000000000000000e+03) (91, 3.02311462402343750000e+02) (92, 4.97278785705566406250e+00) (93, 1.50000000000000000000e+03) (94, 3.07198829650878906250e+01) (95, 1.50000000000000000000e+03) (96, 2.55091595649719238281e+00) (97, 6.70185041427612304688e+00) (98, 1.50000000000000000000e+03) (99, 1.44791517257690429688e+01) (100, 9.37797470092773437500e+01) (101, 2.53164148330688476562e+00) (102, -1.58258399963378906250e+01) (103, 2.46072139739990234375e+01) (104, -7.62524068355560302734e-01) (0, 1.50000000000000000000e+03) (1, -6.19153141975402832031e-01) (2, 5.90873777866363525391e-01) (3, -9.13407325744628906250e-01) (4, -4.11371755599975585938e+00) (5, 3.50645333528518676758e-01) (6, -9.32501435279846191406e-01) (7, -4.12511616945266723633e-01) (8, -4.19620335102081298828e-01) (9, -8.16763103008270263672e-01) (10, -1.49800944328308105469e+00) (11, -1.50000000000000000000e+03) (12, 3.72484236955642700195e-01) (13, 3.54615896940231323242e-01) (14, 4.18777942657470703125e-01) (15, -7.24893951416015625000e+00) (16, -1.15891933441162109375e+00) (17, 4.67251390218734741211e-01) (18, -9.78518426418304443359e-01) (19, -1.49738830566406250000e+03) (20, 1.50000000000000000000e+03) (21, 8.15881490707397460938e-01) (22, -2.66915273666381835938e+00) (23, -8.70418548583984375000e-01) (24, -1.31310760974884033203e+00) (25, 3.97371232509613037109e-01) (26, -1.49933166503906250000e+03) (27, -4.89958143234252929688e+00) (28, -9.69256281852722167969e-01) (29, -1.32629418945312500000e+03) (30, -5.49116611480712890625e+00) (31, -1.75319159030914306641e+00) (32, -9.82450485229492187500e-01) (33, -9.30332362651824951172e-01) (34, -1.50000000000000000000e+03) (35, 1.09296704101562500000e+03) (36, -2.95195484161376953125e+00) (37, 4.60614860057830810547e-01) (38, -9.85278964042663574219e-01) (39, -8.59358024597167968750e+00) (40, -2.60264396667480468750e+01) (41, -1.83427309989929199219e+00) (42, 4.38386350870132446289e-01) (43, 4.97294843196868896484e-01) (44, -1.15648198127746582031e+00) (45, -1.00798738002777099609e+00) (46, -4.85601806640625000000e+02) (47, 2.22857877612113952637e-01) (48, -1.49933264160156250000e+03) (49, -1.49933386230468750000e+03) (50, -1.88565216064453125000e+02) (51, 4.67389792203903198242e-01) (52, -2.79102897644042968750e+00) (53, -1.49933215332031250000e+03) (54, 3.17313998937606811523e-01) (55, -1.01085448265075683594e+00) (56, -1.00438749790191650391e+00) (57, -1.49259570312500000000e+03) (58, -1.49937524414062500000e+03) (59, -1.49893591308593750000e+03) (60, -1.49946582031250000000e+03) (61, -1.50000000000000000000e+03) (62, -7.65092253684997558594e-01) (63, -1.20895675659179687500e+02) (64, -3.94815540313720703125e+00) (65, -2.88323783874511718750e+00) (66, -7.15564636230468750000e+02) (67, 4.48409790039062500000e+02) (68, -1.48553955078125000000e+02) (69, -1.50000000000000000000e+03) (70, -8.86318266391754150391e-01) (71, -7.17134118080139160156e-01) (72, -9.88703429698944091797e-01) (73, -8.90792310237884521484e-01) (74, -8.40980410575866699219e-01) (75, -1.50000000000000000000e+03) (76, -1.50000000000000000000e+03) (77, -2.42070126533508300781e+00) (78, -2.40574550628662109375e+00) (79, -1.15617811679840087891e+00) (80, -1.50000000000000000000e+03) (81, -1.50000000000000000000e+03) (82, -1.49960400390625000000e+03) (83, -1.49667639160156250000e+03) (84, -1.50000000000000000000e+03) (85, -6.42253112792968750000e+00) (86, -1.44869601726531982422e+00) (87, 3.53546828031539916992e-01) (88, -1.50000000000000000000e+03) (89, -1.50000000000000000000e+03) (90, -1.50000000000000000000e+03) (91, -1.50000000000000000000e+03) (92, -6.74133834838867187500e+01) (93, -1.50000000000000000000e+03) (94, -5.75299034118652343750e+01) (95, -1.50000000000000000000e+03) (96, -8.13948929309844970703e-01) (97, -1.11702728271484375000e+02) (98, -1.50000000000000000000e+03) (99, -1.01236920166015625000e+03) (100, -1.36527062988281250000e+03) (101, -7.87426650524139404297e-01) (102, 2.53506870269775390625e+01) (103, -1.63720645904541015625e+01) (104, 2.64891552925109863281e+00) (0, 1.50000000000000000000e+03) (1, -6.55285418033599853516e-01) (2, 5.43943464756011962891e-01) (3, -8.41727435588836669922e-01) (4, -2.37498641014099121094e+00) (5, 3.09339135885238647461e-01) (6, -8.87374043464660644531e-01) (7, -3.15557539463043212891e-01) (8, -2.53173565864562988281e+00) (9, -7.11709380149841308594e-01) (10, -1.16715788841247558594e+00) (11, -1.50000000000000000000e+03) (12, 4.64468896389007568359e-01) (13, 4.12300705909729003906e-01) (14, 5.09039700031280517578e-01) (15, -3.70499157905578613281e+00) (16, -1.21079003810882568359e+00) (17, 4.02336180210113525391e-01) (18, -1.07609844207763671875e+00) (19, -1.49738830566406250000e+03) (20, 1.50000000000000000000e+03) (21, 8.29245865345001220703e-01) (22, -2.62784337997436523438e+00) (23, -1.05232489109039306641e+00) (24, -1.12837743759155273438e+00) (25, 4.94637817144393920898e-01) (26, -1.49933166503906250000e+03) (27, -2.59553384780883789062e+00) (28, -1.00573289394378662109e+00) (29, -2.55560211181640625000e+02) (30, -8.20824623107910156250e+00) (31, -2.18928861618041992188e+00) (32, -1.05441701412200927734e+00) (33, -9.16406214237213134766e-01) (34, -1.50000000000000000000e+03) (35, 1.09283483886718750000e+03) (36, -3.00078964233398437500e+00) (37, 3.64436209201812744141e-01) (38, -1.04865229129791259766e+00) (39, -2.26001715660095214844e+00) (40, -3.70942664146423339844e+00) (41, -1.78220260143280029297e+00) (42, 3.67538362741470336914e-01) (43, 4.01015430688858032227e-01) (44, -1.18820583820343017578e+00) (45, -1.04241371154785156250e+00) (46, -3.49910766601562500000e+02) (47, 2.36373052000999450684e-01) (48, -1.49933264160156250000e+03) (49, -1.49933386230468750000e+03) (50, -8.06055221557617187500e+01) (51, 4.58576649427413940430e-01) (52, -4.51689195632934570312e+00) (53, -1.49933215332031250000e+03) (54, 2.94941425323486328125e-01) (55, -1.11788177490234375000e+00) (56, -9.62652385234832763672e-01) (57, -1.49259570312500000000e+03) (58, -1.49937524414062500000e+03) (59, -6.86928161621093750000e+02) (60, -9.44258422851562500000e+02) (61, -1.48439978027343750000e+03) (62, -6.91492378711700439453e-01) (63, -2.23875007629394531250e+01) (64, -1.15432476997375488281e+00) (65, -1.00415897369384765625e+00) (66, -1.32509246826171875000e+02) (67, 1.50000000000000000000e+03) (68, -2.70260543823242187500e+01) (69, -6.61188415527343750000e+02) (70, -7.83848941326141357422e-01) (71, -7.68460035324096679688e-01) (72, -9.45441603660583496094e-01) (73, -8.56497704982757568359e-01) (74, -8.82773697376251220703e-01) (75, -1.50000000000000000000e+03) (76, -1.50000000000000000000e+03) (77, -1.35897243022918701172e+00) (78, -2.45777773857116699219e+00) (79, -1.24175739288330078125e+00) (80, -1.50000000000000000000e+03) (81, -1.50000000000000000000e+03) (82, -1.49960400390625000000e+03) (83, -1.49667639160156250000e+03) (84, -1.50000000000000000000e+03) (85, -1.63778805732727050781e+00) (86, -1.09970831871032714844e+00) (87, 4.47209030389785766602e-01) (88, -1.50000000000000000000e+03) (89, -1.50000000000000000000e+03) (90, -1.50000000000000000000e+03) (91, -1.50000000000000000000e+03) (92, -1.26686382293701171875e+01) (93, -1.50000000000000000000e+03) (94, -2.02311058044433593750e+01) (95, -1.50000000000000000000e+03) (96, -7.51392722129821777344e-01) (97, -4.70823287963867187500e+01) (98, -1.50000000000000000000e+03) (99, -4.71284423828125000000e+02) (100, -4.47186920166015625000e+02) (101, -6.92325651645660400391e-01) (102, 2.54121227264404296875e+01) (103, -1.63351898193359375000e+01) (104, 2.65719771385192871094e+00) (0, -6.55015277862548828125e+00) (1, -1.98083925247192382812e+00) (2, 1.93150222301483154297e+00) (3, 1.59563541412353515625e-01) (4, 1.03425633907318115234e+00) (5, -1.44797646999359130859e+00) (6, 1.95894753932952880859e+00) (7, 1.99920690059661865234e+00) (8, 5.99819540977478027344e-01) (9, -2.38585382699966430664e-01) (10, -3.09716820716857910156e+00) (11, 1.95363104343414306641e+00) (12, 1.56481251120567321777e-01) (13, 2.53809165954589843750e+00) (14, -2.03762859106063842773e-01) (15, -1.13838207721710205078e+00) (16, 3.11696171760559082031e+00) (17, 8.99450242519378662109e-01) (18, 1.97484564781188964844e+00) (19, -4.94817882776260375977e-01) (20, -3.61567449569702148438e+00) (21, -2.84551203250885009766e-01) (22, -1.86288881301879882812e+00) (23, -2.68280768394470214844e+00) (24, 6.20379567146301269531e-01) (25, 3.06062388420104980469e+00) (26, -2.28664636611938476562e+00) (27, 1.65523004531860351562e+00) (28, -2.17118811607360839844e+00) (29, -7.23317265510559082031e-01) (30, 1.82535856962203979492e-01) (31, -1.77388072013854980469e+00) (32, 3.32580065727233886719e+00) (33, 2.93189942836761474609e-01) (34, 3.79260802268981933594e+00) (35, 5.19972026348114013672e-01) (36, -2.01394367218017578125e+00) (37, 1.62957251071929931641e+00) (38, 1.66104924678802490234e+00) (39, 1.77128121256828308105e-01) (40, -4.63979363441467285156e-01) (41, 1.10124301910400390625e+00) (42, 1.03440320491790771484e+00) (43, 4.87142652273178100586e-01) (44, -1.28221428394317626953e+00) (45, -7.29874297976493835449e-02) (46, -3.13731461763381958008e-01) (47, 1.02532076835632324219e+00) (48, -3.17120146751403808594e+00) (49, -3.93087327480316162109e-01) (50, -2.19891762733459472656e+00) (51, 2.31024241447448730469e+00) (52, 2.57911109924316406250e+00) (53, -4.25709819793701171875e+00) (54, -7.95046806335449218750e-01) (55, 1.09717535972595214844e+00) (56, 1.03892409801483154297e+00) (57, -2.00669598579406738281e+00) (58, 2.56446838378906250000e+00) (59, -3.05049586296081542969e+00) (60, 5.61402440071105957031e-01) (61, 4.97286647558212280273e-01) (62, 5.49591243267059326172e-01) (63, 4.33313995599746704102e-01) (64, -1.41644215583801269531e+00) (65, -2.64330565929412841797e-01) (66, -1.16413962841033935547e+00) (67, -2.38972330093383789062e+00) (68, -1.30983248353004455566e-01) (69, 2.01583933830261230469e+00) (70, 1.10622167587280273438e+00) (71, 2.18874216079711914062e+00) (72, 1.97024655342102050781e+00) (73, 8.25077533721923828125e-01) (74, 2.96028345823287963867e-01) (75, -2.74971097707748413086e-01) (76, 1.10631656646728515625e+00) (77, 1.23123717308044433594e+00) (78, 1.12229633331298828125e+00) (79, -1.51214540004730224609e-01) (80, 2.03779721260070800781e+00) (81, 8.45278322696685791016e-01) (82, 8.40908408164978027344e-01) (83, -1.50611686706542968750e+00) (84, -4.30800050497055053711e-01) (85, -2.50240612030029296875e+00) (86, -6.06365978717803955078e-01) (87, -5.34580424427986145020e-02) (88, -3.08069801330566406250e+00) (89, 3.08136016130447387695e-01) (90, 9.66795265674591064453e-01) (91, 1.08942854404449462891e+00) (92, 1.13998985290527343750e+00) (93, -3.59633564949035644531e-01) (94, -2.82944321632385253906e-01) (95, -1.49542272090911865234e-01) (96, -9.37109172344207763672e-01) (97, 2.13434815406799316406e+00) (98, -3.24099570512771606445e-01) (99, -4.81037190183997154236e-03) (100, -4.10042434930801391602e-01) (101, 2.22857928276062011719e+00) (102, 2.32117629051208496094e+00) (103, -2.91416436433792114258e-01) (104, 2.05095505714416503906e+00) (0, 5.67630767822265625000e+00) (1, -5.43024659156799316406e-01) (2, -5.26987850666046142578e-01) (3, 3.30963158607482910156e+00) (4, -5.31469166278839111328e-01) (5, -7.14648425579071044922e-01) (6, -5.84206819534301757812e-01) (7, -6.29850327968597412109e-01) (8, -2.48872900009155273438e+00) (9, -5.68800747394561767578e-01) (10, -5.30812978744506835938e-01) (11, -6.78230464458465576172e-01) (12, -5.91070234775543212891e-01) (13, -5.95042991638183593750e+00) (14, -4.70367193222045898438e-01) (15, -7.64835119247436523438e-01) (16, -7.15564668178558349609e-01) (17, -7.57179319858551025391e-01) (18, -6.17383778095245361328e-01) (19, -5.97247123718261718750e-01) (20, 6.52654051780700683594e-01) (21, 9.45947945117950439453e-01) (22, -4.91610139608383178711e-01) (23, -7.19145774841308593750e-01) (24, 6.09944581985473632812e-01) (25, 1.19568884372711181641e+00) (26, 5.64482986927032470703e-01) (27, -6.86866402626037597656e-01) (28, 7.45617270469665527344e-01) (29, -5.48469305038452148438e-01) (30, -4.41465169191360473633e-01) (31, -6.95689916610717773438e-01) (32, 7.53040254116058349609e-01) (33, -6.92559778690338134766e-01) (34, 1.09067416191101074219e+00) (35, -6.16212069988250732422e-01) (36, -6.52036309242248535156e-01) (37, -6.72306597232818603516e-01) (38, -7.26342618465423583984e-01) (39, -5.87186038494110107422e-01) (40, -5.83681941032409667969e-01) (41, 5.49915647506713867188e+00) (42, -5.90502381324768066406e-01) (43, 7.23354518413543701172e-01) (44, -7.26636767387390136719e-01) (45, -8.45896720886230468750e-01) (46, 8.44349205493927001953e-01) (47, -4.08320814371109008789e-01) (48, 2.26486349105834960938e+00) (49, -5.93046069145202636719e-01) (50, -8.36501002311706542969e-01) (51, -6.05594992637634277344e-01) (52, 2.43805244565010070801e-01) (53, -1.37642361223697662354e-02) (54, 4.66870486736297607422e-01) (55, 2.69398283958435058594e+00) (56, 1.67182385921478271484e+00) (57, -8.67779064178466796875e+00) (58, 1.03871560096740722656e+00) (59, 4.01174974441528320312e+00) (60, -7.24130868911743164062e-01) (61, -1.68266379833221435547e+00) (62, -4.81882661581039428711e-01) (63, -4.59857165813446044922e-01) (64, 2.60554385185241699219e+00) (65, -5.35718679428100585938e-01) (66, 5.31176805496215820312e+00) (67, 1.40671491622924804688e+00) (68, 5.32042682170867919922e-01) (69, 2.77992177009582519531e+00) (70, 1.34622251987457275391e+00) (71, -7.26273238658905029297e-01) (72, 1.86096243560314178467e-02) (73, 2.03323912620544433594e+00) (74, -5.39131224155426025391e-01) (75, -1.53681993484497070312e+00) (76, 5.65857529640197753906e-01) (77, -6.66228473186492919922e-01) (78, -3.01459789276123046875e+00) (79, -3.43524599075317382812e+00) (80, 7.98311185836791992188e+00) (81, 5.15289068222045898438e+00) (82, 2.13813900947570800781e+00) (83, 2.52973103523254394531e+00) (84, -2.71540021896362304688e+00) (85, 3.59537529945373535156e+00) (86, -4.98026192188262939453e-01) (87, -4.44576770067214965820e-01) (88, 9.21031773090362548828e-01) (89, 2.56505632400512695312e+00) (90, 8.07327806949615478516e-01) (91, 1.73487794399261474609e+00) (92, 3.86433362960815429688e+00) (93, -1.73025608062744140625e+00) (94, -6.30369782447814941406e-01) (95, -1.46198415756225585938e+00) (96, -4.25313085317611694336e-01) (97, -1.17802524566650390625e+00) (98, 8.31152498722076416016e-01) (99, -8.15196812152862548828e-01) (100, -5.88064730167388916016e-01) (101, 5.00062799453735351562e+00) (102, -2.14539384841918945312e+00) (103, 5.21993112564086914062e+00) (104, 2.43165493011474609375e+00) (0, 1.50000000000000000000e+03) (1, -6.53243064880371093750e-01) (2, 5.59872746467590332031e-01) (3, -8.27350974082946777344e-01) (4, -2.38548707962036132812e+00) (5, 3.54999750852584838867e-01) (6, -8.21709096431732177734e-01) (7, -4.32229459285736083984e-01) (8, -3.74774336814880371094e-01) (9, -8.06438922882080078125e-01) (10, -1.05797719955444335938e+00) (11, -1.50000000000000000000e+03) (12, 4.25619840621948242188e-01) (13, 4.51790034770965576172e-01) (14, 5.24645626544952392578e-01) (15, -3.46616744995117187500e+00) (16, -9.69193279743194580078e-01) (17, 4.08951610326766967773e-01) (18, -9.75410997867584228516e-01) (19, -1.49738830566406250000e+03) (20, 1.50000000000000000000e+03) (21, 9.25397038459777832031e-01) (22, -3.89043736457824707031e+00) (23, -9.02698755264282226562e-01) (24, -1.28499412536621093750e+00) (25, 4.84111070632934570312e-01) (26, -1.49933166503906250000e+03) (27, -1.98735189437866210938e+00) (28, -8.91545116901397705078e-01) (29, -6.06220764160156250000e+02) (30, -5.40515708923339843750e+00) (31, -1.77071630954742431641e+00) (32, -9.80689823627471923828e-01) (33, -8.63097548484802246094e-01) (34, -1.50000000000000000000e+03) (35, 1.09285424804687500000e+03) (36, -3.05872821807861328125e+00) (37, 4.40440386533737182617e-01) (38, -1.08762097358703613281e+00) (39, -1.94966709613800048828e+00) (40, -3.09091925621032714844e+00) (41, -1.74779081344604492188e+00) (42, 4.45313125848770141602e-01) (43, 4.50100660324096679688e-01) (44, -1.12313759326934814453e+00) (45, -9.24497663974761962891e-01) (46, -3.50033630371093750000e+02) (47, 3.04332107305526733398e-01) (48, -1.49933264160156250000e+03) (49, -1.49933386230468750000e+03) (50, -3.53505668640136718750e+01) (51, 4.29088085889816284180e-01) (52, -2.94760036468505859375e+00) (53, -1.49933215332031250000e+03) (54, 3.58132839202880859375e-01) (55, -1.15793609619140625000e+00) (56, -9.18096482753753662109e-01) (57, -1.49259570312500000000e+03) (58, -1.49937524414062500000e+03) (59, -1.13939648437500000000e+03) (60, -1.49946582031250000000e+03) (61, -1.48173486328125000000e+03) (62, -8.50589811801910400391e-01) (63, -2.19540462493896484375e+01) (64, -1.02825248241424560547e+00) (65, -1.12812077999114990234e+00) (66, -1.26955490112304687500e+02) (67, 1.10165722656250000000e+03) (68, -2.67070980072021484375e+01) (69, -6.58871582031250000000e+02) (70, -9.04233932495117187500e-01) (71, -7.65707373619079589844e-01) (72, -1.00178670883178710938e+00) (73, -1.03238379955291748047e+00) (74, -8.64782869815826416016e-01) (75, -1.50000000000000000000e+03) (76, -1.50000000000000000000e+03) (77, -1.17280614376068115234e+00) (78, -2.32847809791564941406e+00) (79, -1.21424651145935058594e+00) (80, -1.50000000000000000000e+03) (81, -1.50000000000000000000e+03) (82, -1.49960400390625000000e+03) (83, -1.49667639160156250000e+03) (84, -8.24556091308593750000e+02) (85, -2.06230235099792480469e+00) (86, -1.11720371246337890625e+00) (87, 4.15917307138442993164e-01) (88, -1.50000000000000000000e+03) (89, -1.50000000000000000000e+03) (90, -1.50000000000000000000e+03) (91, -1.50000000000000000000e+03) (92, -1.24925794601440429688e+01) (93, -1.50000000000000000000e+03) (94, -2.01780242919921875000e+01) (95, -1.50000000000000000000e+03) (96, -7.00095176696777343750e-01) (97, -2.02403526306152343750e+01) (98, -1.50000000000000000000e+03) (99, -1.97032546997070312500e+02) (100, -4.47101959228515625000e+02) (101, -8.41762423515319824219e-01) (102, 2.53593101501464843750e+01) (103, -1.63579502105712890625e+01) (104, 2.50005745887756347656e+00) (0, -1.50000000000000000000e+03) (1, 2.60268592834472656250e+00) (2, 1.16120553016662597656e+00) (3, 2.73826122283935546875e+00) (4, 4.83629798889160156250e+00) (5, 1.68485176563262939453e+00) (6, 2.68443822860717773438e+00) (7, 2.31274724006652832031e+00) (8, 1.82746648788452148438e+00) (9, 2.57207989692687988281e+00) (10, 2.82921314239501953125e+00) (11, 1.50000000000000000000e+03) (12, 1.42742669582366943359e+00) (13, 1.40584087371826171875e+00) (14, 1.24594557285308837891e+00) (15, 4.14915895462036132812e+00) (16, 2.85757088661193847656e+00) (17, 1.50275051593780517578e+00) (18, 3.83248853683471679688e+00) (19, 1.49933886718750000000e+03) (20, -1.50000000000000000000e+03) (21, 1.19780707359313964844e+00) (22, 4.72630348205566406250e+01) (23, 9.56773376464843750000e+00) (24, 8.49432373046875000000e+01) (25, 1.52335023880004882812e+00) (26, 1.49933728027343750000e+03) (27, 4.19450664520263671875e+00) (28, 3.34609508514404296875e+00) (29, 1.50000000000000000000e+03) (30, 5.64640808105468750000e+00) (31, 3.93134355545043945312e+00) (32, 2.79421353340148925781e+00) (33, 2.91475915908813476562e+00) (34, 1.50000000000000000000e+03) (35, -8.72856994628906250000e+02) (36, 5.71069240570068359375e+00) (37, 1.46164059638977050781e+00) (38, 2.98999238014221191406e+00) (39, 3.04660940170288085938e+00) (40, 3.45410490036010742188e+00) (41, 4.08888626098632812500e+00) (42, 1.33519911766052246094e+00) (43, 1.44949948787689208984e+00) (44, 3.00172090530395507812e+00) (45, 3.07385659217834472656e+00) (46, 4.98584594726562500000e+02) (47, 1.74009490013122558594e+00) (48, 1.49933728027343750000e+03) (49, 1.49933776855468750000e+03) (50, 1.16369895935058593750e+01) (51, 1.27426159381866455078e+00) (52, 1.88616228103637695312e+00) (53, 1.49933703613281250000e+03) (54, 1.45407962799072265625e+00) (55, 3.09924626350402832031e+00) (56, 2.79769706726074218750e+00) (57, 1.50000000000000000000e+03) (58, 1.49940576171875000000e+03) (59, 1.49894567871093750000e+03) (60, 1.02057110595703125000e+03) (61, 1.50000000000000000000e+03) (62, 2.49369502067565917969e+00) (63, 1.21125736236572265625e+01) (64, 1.97003173828125000000e+00) (65, 3.12544107437133789062e+00) (66, 1.60813732147216796875e+01) (67, -1.12698156738281250000e+03) (68, 1.33213558197021484375e+01) (69, 7.50062332153320312500e+01) (70, 2.75962877273559570312e+00) (71, 2.59594559669494628906e+00) (72, 2.82974314689636230469e+00) (73, 2.72509598731994628906e+00) (74, 2.76369190216064453125e+00) (75, 1.50000000000000000000e+03) (76, 1.50000000000000000000e+03) (77, 3.11547994613647460938e+00) (78, 5.30815649032592773438e+00) (79, 4.03222227096557617188e+00) (80, 1.50000000000000000000e+03) (81, 1.50000000000000000000e+03) (82, 1.49962243652343750000e+03) (83, 1.50000000000000000000e+03) (84, 8.81923751831054687500e+01) (85, 3.47607111930847167969e+00) (86, 3.07471466064453125000e+00) (87, 1.42600023746490478516e+00) (88, 1.50000000000000000000e+03) (89, 1.50000000000000000000e+03) (90, 1.50000000000000000000e+03) (91, 1.15396215820312500000e+03) (92, 1.44156942367553710938e+01) (93, 1.50000000000000000000e+03) (94, 3.07429885864257812500e+01) (95, 1.50000000000000000000e+03) (96, 2.52615809440612792969e+00) (97, 2.20213146209716796875e+01) (98, 1.50000000000000000000e+03) (99, 9.17111282348632812500e+01) (100, 4.54441986083984375000e+02) (101, 2.55616307258605957031e+00) (102, -1.56927242279052734375e+01) (103, 2.44460067749023437500e+01) (104, -7.57682323455810546875e-01) (0, -2.86163234710693359375e+01) (1, 1.87847185134887695312e+00) (2, 1.11950111389160156250e+00) (3, 2.23609924316406250000e+00) (4, 2.19240665435791015625e+00) (5, 1.27978670597076416016e+00) (6, 4.74500775337219238281e-01) (7, 4.81760442256927490234e-01) (8, -1.44307816028594970703e+00) (9, 1.82189321517944335938e+00) (10, 1.77798461914062500000e+01) (11, 4.22804415225982666016e-01) (12, 1.21301877498626708984e+00) (13, 1.40943372249603271484e+00) (14, 4.05015677213668823242e-01) (15, 2.02154636383056640625e+00) (16, 1.75227355957031250000e+00) (17, 1.40841078758239746094e+00) (18, 4.91141986846923828125e+00) (19, 2.03931407928466796875e+01) (20, -1.95252170562744140625e+01) (21, -1.62116062641143798828e+00) (22, 4.78902244567871093750e+01) (23, -4.07661724090576171875e+00) (24, 1.66093170166015625000e+02) (25, 1.47822046279907226562e+00) (26, 2.67317066192626953125e+01) (27, 9.61649036407470703125e+00) (28, 3.24394941329956054688e+00) (29, 9.49261379241943359375e+00) (30, 1.21559791564941406250e+01) (31, 3.33385229110717773438e-01) (32, 1.56038939952850341797e+00) (33, 1.01637933403253555298e-02) (34, 2.62469148635864257812e+00) (35, -1.93904647827148437500e+01) (36, 2.40664839744567871094e+00) (37, 2.27344655990600585938e+00) (38, 2.00540351867675781250e+00) (39, 2.14141750335693359375e+00) (40, 1.46818172931671142578e+00) (41, -9.31754186749458312988e-02) (42, 1.00159144401550292969e+00) (43, -1.08306534588336944580e-01) (44, -8.55457782745361328125e-02) (45, -1.61916947364807128906e+00) (46, -4.49011659622192382812e+00) (47, -6.39637470245361328125e+00) (48, 3.37175726890563964844e+00) (49, 2.29848599433898925781e+00) (50, 4.96777725219726562500e+00) (51, 1.26468575000762939453e+00) (52, 2.48548835515975952148e-01) (53, 2.37160611152648925781e+00) (54, 1.18026888370513916016e+00) (55, -2.37388634681701660156e+00) (56, 1.11634385585784912109e+00) (57, 2.13705468177795410156e+00) (58, 2.41484117507934570312e+00) (59, 1.13277003169059753418e-01) (60, 1.36144149303436279297e+00) (61, 1.33784782886505126953e+00) (62, 1.05532848834991455078e+00) (63, 1.11330819129943847656e+00) (64, -2.22146868705749511719e-01) (65, 1.13061273097991943359e+00) (66, 1.43075215816497802734e+00) (67, 3.42275112867355346680e-01) (68, 1.07225143909454345703e+00) (69, 1.38312935829162597656e+00) (70, 9.85288739204406738281e-01) (71, 5.39411664009094238281e-01) (72, 1.99387025833129882812e+00) (73, 1.85305559635162353516e+00) (74, 1.96363377571105957031e+00) (75, 1.32962834835052490234e+00) (76, 1.19617152214050292969e+00) (77, 1.22541296482086181641e+00) (78, 9.03616130352020263672e-01) (79, 3.13028359413146972656e+00) (80, 2.98797607421875000000e+00) (81, 1.42370033264160156250e+00) (82, 1.33027148246765136719e+00) (83, 3.98258852958679199219e+00) (84, 2.31894111633300781250e+00) (85, 2.09704899787902832031e+00) (86, 1.15872681140899658203e+00) (87, 1.04981386661529541016e+00) (88, 3.32444310188293457031e+00) (89, 2.40658497810363769531e+00) (90, 2.30966734886169433594e+00) (91, 2.37423086166381835938e+00) (92, 2.14299082756042480469e+00) (93, 1.26755297183990478516e+00) (94, 1.22107422351837158203e+00) (95, 2.15298914909362792969e+00) (96, 1.01650238037109375000e+00) (97, 1.05430722236633300781e+00) (98, 1.27024459838867187500e+00) (99, 2.14916133880615234375e+00) (100, 1.23413836956024169922e+00) (101, 1.05854272842407226562e+00) (102, -4.71201801300048828125e+00) (103, 1.10193786621093750000e+01) (104, 8.06001722812652587891e-01) (0, 5.61546897888183593750e+00) (1, 1.53195488452911376953e+00) (2, 2.66712933778762817383e-01) (3, -8.81589114665985107422e-01) (4, 8.80407571792602539062e-01) (5, 1.81756460666656494141e+00) (6, 4.67238098382949829102e-01) (7, 1.30752515792846679688e+00) (8, -1.13737154006958007812e+00) (9, 1.26949226856231689453e+00) (10, -3.00558614730834960938e+00) (11, -1.69274067878723144531e+00) (12, 1.06145775318145751953e+00) (13, -1.02860164642333984375e+00) (14, -9.03053700923919677734e-01) (15, 9.26944434642791748047e-01) (16, -4.77505236864089965820e-01) (17, -5.65661072731018066406e-01) (18, -1.01855051517486572266e+00) (19, -5.88356256484985351562e-01) (20, -3.23780369758605957031e+00) (21, 1.07955849170684814453e+00) (22, 6.30115211009979248047e-01) (23, 1.47466337680816650391e+00) (24, 9.71333205699920654297e-01) (25, -1.50943601131439208984e+00) (26, -4.39004373550415039062e+00) (27, 9.16528105735778808594e-01) (28, 3.72541618347167968750e+00) (29, 1.28196215629577636719e+00) (30, -5.34787535667419433594e-01) (31, -9.91196930408477783203e-01) (32, -3.44600826501846313477e-01) (33, -5.09495198726654052734e-01) (34, 1.19401663541793823242e-01) (35, 8.04616510868072509766e-01) (36, -3.68504285812377929688e-01) (37, -3.06838721036911010742e-01) (38, -5.38293004035949707031e-01) (39, -5.43125271797180175781e-01) (40, -4.58691656589508056641e-01) (41, 7.22323477268218994141e-01) (42, -3.04191499948501586914e-01) (43, -7.70166143774986267090e-02) (44, -2.72157520055770874023e-01) (45, -6.61766588687896728516e-01) (46, -1.51138806343078613281e+00) (47, -4.27793741226196289062e-01) (48, -2.42264289408922195435e-02) (49, -1.32981151342391967773e-01) (50, 8.06850135326385498047e-01) (51, 3.07872295379638671875e+00) (52, -3.75200062990188598633e-01) (53, -1.18831455707550048828e+00) (54, 6.86339616775512695312e-01) (55, 4.47709649801254272461e-01) (56, 2.04511240124702453613e-01) (57, 3.85085135698318481445e-01) (58, -1.98519158363342285156e+00) (59, -5.20107448101043701172e-01) (60, 1.04505836963653564453e+00) (61, 8.74019026756286621094e-01) (62, 2.31569051742553710938e+00) (63, 1.04047930240631103516e+00) (64, -8.86965870857238769531e-01) (65, -2.38231480121612548828e-01) (66, 4.56419378519058227539e-01) (67, -4.92793887853622436523e-01) (68, 1.12827134132385253906e+00) (69, -1.12744122743606567383e-01) (70, -1.75890654325485229492e-01) (71, 1.26619374752044677734e+00) (72, -2.25304573774337768555e-01) (73, 7.70790636539459228516e-01) (74, -1.16604261100292205811e-01) (75, -1.09201288223266601562e+00) (76, 1.91169416904449462891e+00) (77, 1.10928440093994140625e+00) (78, -4.28925603628158569336e-01) (79, -4.95696634054183959961e-01) (80, 1.83517970144748687744e-02) (81, -1.01672899723052978516e+00) (82, 2.44855690002441406250e+00) (83, -2.22113060951232910156e+00) (84, -3.81169497966766357422e-01) (85, 8.92480671405792236328e-01) (86, 6.20924115180969238281e-01) (87, 2.56033420562744140625e+00) (88, -1.74881172180175781250e+00) (89, -2.51327967643737792969e+00) (90, -1.86083507537841796875e+00) (91, 5.71741640567779541016e-01) (92, -1.54057919979095458984e-01) (93, -9.58553135395050048828e-01) (94, 9.53735888004302978516e-01) (95, -2.37288022041320800781e+00) (96, 1.49251067638397216797e+00) (97, -4.64050084352493286133e-01) (98, -1.33357965946197509766e+00) (99, 2.11629796028137207031e+00) (100, 9.98445570468902587891e-01) (101, 2.20825099945068359375e+00) (102, -1.09911525249481201172e+00) (103, 3.48520970344543457031e+00) (104, -4.75661784410476684570e-01) (0, -1.76213550567626953125e+01) (1, -2.10015818476676940918e-01) (2, -1.07081897556781768799e-01) (3, 3.70682930946350097656e+00) (4, 1.05633068084716796875e+00) (5, 9.93665754795074462891e-01) (6, -6.20080493390560150146e-02) (7, 4.10326272249221801758e-01) (8, -3.14590215682983398438e+00) (9, -1.02958008646965026855e-01) (10, -1.44198819994926452637e-01) (11, -3.42959821224212646484e-01) (12, -2.45806217193603515625e-01) (13, -2.45800819247961044312e-02) (14, -1.37795910239219665527e-01) (15, -3.66290479898452758789e-01) (16, -2.89399534463882446289e-01) (17, -3.06374639272689819336e-01) (18, -3.58233153820037841797e-01) (19, -1.40577733516693115234e-01) (20, -6.16372013092041015625e+00) (21, 5.27739226818084716797e-02) (22, -3.64307910203933715820e-01) (23, -5.28307378292083740234e-01) (24, -1.12049615383148193359e+00) (25, -2.73595285415649414062e+00) (26, -5.01768290996551513672e-01) (27, -3.35061222314834594727e-01) (28, -3.13535928726196289062e-01) (29, -2.00972408056259155273e-01) (30, -2.74312049150466918945e-01) (31, -3.39944094419479370117e-01) (32, -3.87472003698348999023e-01) (33, -4.39789921045303344727e-01) (34, 6.46447181701660156250e-01) (35, -3.93724650144577026367e-01) (36, -3.56200635433197021484e-01) (37, -3.68670314550399780273e-01) (38, -3.96063953638076782227e-01) (39, -3.34981620311737060547e-01) (40, 8.64019870758056640625e-01) (41, -3.02444648742675781250e+00) (42, 2.42496371269226074219e+00) (43, -2.73506462574005126953e-01) (44, -4.43768531084060668945e-01) (45, -1.60569810867309570312e+00) (46, 5.74032163619995117188e+00) (47, 8.76774370670318603516e-01) (48, 3.46999263763427734375e+00) (49, 1.08465731143951416016e+00) (50, -1.37157827615737915039e-01) (51, -4.13379594683647155762e-02) (52, 2.49644279479980468750e+00) (53, 1.25910770893096923828e+00) (54, 3.24527263641357421875e+00) (55, 3.47011756896972656250e+00) (56, 3.05279397964477539062e+00) (57, 1.37559068202972412109e+00) (58, 6.60478055477142333984e-01) (59, -3.78843992948532104492e-01) (60, 9.98168110847473144531e-01) (61, 8.29851806163787841797e-01) (62, -1.33305162191390991211e-01) (63, 1.23651492595672607422e+00) (64, -3.33714556694030761719e+00) (65, -1.26332089304924011230e-01) (66, -1.46001482009887695312e+00) (67, 6.26493024826049804688e+00) (68, 3.60572159290313720703e-01) (69, -1.51753938198089599609e+00) (70, 1.30139827728271484375e+00) (71, 1.22556042671203613281e+00) (72, 6.73434361815452575684e-02) (73, -4.75636911392211914062e+00) (74, 1.12519109249114990234e+00) (75, 6.84664309024810791016e-01) (76, 7.30946540832519531250e+00) (77, -1.30471855401992797852e-01) (78, 2.05346155166625976562e+00) (79, -1.33092288970947265625e+01) (80, 4.47713422775268554688e+00) (81, -2.05542278289794921875e+00) (82, 2.66006231307983398438e-01) (83, 6.44120931625366210938e+00) (84, 2.66444206237792968750e+00) (85, 2.34343862533569335938e+00) (86, -2.39635691046714782715e-01) (87, 7.46002122759819030762e-02) (88, -7.72426575422286987305e-02) (89, -3.55853289365768432617e-01) (90, 5.38435280323028564453e-01) (91, 7.77720689773559570312e-01) (92, 4.67758131027221679688e+00) (93, 3.89112448692321777344e+00) (94, -2.94253557920455932617e-01) (95, -1.23547887802124023438e+00) (96, -8.99097695946693420410e-02) (97, -1.06161570549011230469e+00) (98, -9.43350136280059814453e-01) (99, 1.80906212329864501953e+00) (100, -2.45263814926147460938e-01) (101, 1.62855505943298339844e+00) (102, -4.09308731555938720703e-01) (103, 2.52353763580322265625e+00) (104, 5.33286929130554199219e-01) (0, 2.46338438987731933594e+00) (1, 3.97315248847007751465e-02) (2, 3.29291999340057373047e-01) (3, 3.71823698282241821289e-01) (4, -1.19576132297515869141e+00) (5, -1.83791592717170715332e-02) (6, 2.34967172145843505859e-01) (7, -7.97783732414245605469e-01) (8, 3.65029603242874145508e-01) (9, 1.85849562287330627441e-01) (10, 5.85540831089019775391e-01) (11, -3.90092432498931884766e-01) (12, -2.92744785547256469727e-01) (13, 6.24661386013031005859e-01) (14, 3.89375835657119750977e-01) (15, -7.50593483448028564453e-01) (16, 4.09526303410530090332e-02) (17, 9.88496005535125732422e-01) (18, -5.00112652778625488281e-01) (19, -4.84303623437881469727e-01) (20, 6.21860563755035400391e-01) (21, 1.29660427570343017578e+00) (22, 9.13106203079223632812e-02) (23, -1.74490129947662353516e+00) (24, -4.49000447988510131836e-01) (25, 4.84257727861404418945e-01) (26, 6.74719095230102539062e-01) (27, 8.44736635684967041016e-01) (28, -4.40679520368576049805e-01) (29, 4.43846851587295532227e-01) (30, 5.36375761032104492188e-01) (31, 7.88430750370025634766e-01) (32, -6.73503518104553222656e-01) (33, -1.59446761012077331543e-01) (34, 2.35058426856994628906e-01) (35, 4.95269387960433959961e-01) (36, -1.26240730285644531250e-01) (37, -9.41733002662658691406e-01) (38, 6.78053796291351318359e-01) (39, 3.46082299947738647461e-01) (40, -6.04536950588226318359e-01) (41, -2.50984072685241699219e+00) (42, 7.14222431182861328125e-01) (43, -1.41582357883453369141e+00) (44, 4.65944916009902954102e-01) (45, -5.68995773792266845703e-01) (46, 4.58939641714096069336e-01) (47, 1.08634376525878906250e+00) (48, 1.97884929180145263672e+00) (49, 1.23148119449615478516e+00) (50, -3.92905563116073608398e-01) (51, -9.40989613533020019531e-01) (52, -8.40647399425506591797e-01) (53, 5.88863790035247802734e-01) (54, -2.32124671339988708496e-01) (55, 4.81790214776992797852e-01) (56, -4.04555171728134155273e-01) (57, -4.34184879064559936523e-01) (58, -6.92956626415252685547e-01) (59, 9.36413466930389404297e-01) (60, -6.91220045089721679688e-01) (61, -1.34259009361267089844e+00) (62, 4.81235887855291366577e-03) (63, -5.21887063980102539062e-01) (64, 1.28868961334228515625e+00) (65, -5.14556646347045898438e-01) (66, 6.05749011039733886719e-01) (67, 1.11344504356384277344e+00) (68, 8.44955086708068847656e-01) (69, -5.65714120864868164062e-01) (70, 8.31035971641540527344e-01) (71, -2.97822117805480957031e-01) (72, -4.35900270938873291016e-01) (73, -1.07308876514434814453e+00) (74, -4.25360530614852905273e-01) (75, 6.59405052661895751953e-01) (76, -5.77722370624542236328e-01) (77, 8.25648784637451171875e-01) (78, -4.47126150131225585938e-01) (79, -7.66715705394744873047e-01) (80, -4.33482050895690917969e-01) (81, 7.92869031429290771484e-01) (82, 3.45514237880706787109e-01) (83, 7.64114081859588623047e-01) (84, -8.56862664222717285156e-01) (85, -5.39664924144744873047e-01) (86, 3.57898116111755371094e-01) (87, 5.57303369045257568359e-01) (88, 8.56368958950042724609e-01) (89, -7.22967147827148437500e-01) (90, -7.01302886009216308594e-01) (91, 5.70274174213409423828e-01) (92, -5.99793910980224609375e-01) (93, 6.13650381565093994141e-01) (94, 6.63859963417053222656e-01) (95, -7.96013236045837402344e-01) (96, 2.11360359191894531250e+00) (97, 7.17727482318878173828e-01) (98, -5.75291156768798828125e-01) (99, -5.96669971942901611328e-01) (100, -6.90712928771972656250e-01) (101, -4.81877774000167846680e-01) (102, -2.66003441810607910156e+00) (103, 5.08619308471679687500e+00) (104, 2.34000873565673828125e+00) (0, -1.50000000000000000000e+03) (1, 2.59890031814575195312e+00) (2, 1.34429812431335449219e+00) (3, 2.61022877693176269531e+00) (4, 4.85806798934936523438e+00) (5, 1.64961493015289306641e+00) (6, 2.71951103210449218750e+00) (7, 2.27329897880554199219e+00) (8, 1.51591932773590087891e+00) (9, 2.48196601867675781250e+00) (10, 2.84659266471862792969e+00) (11, 1.50000000000000000000e+03) (12, 1.44126951694488525391e+00) (13, 1.40082716941833496094e+00) (14, 1.37591040134429931641e+00) (15, 3.41665101051330566406e+00) (16, 2.91688227653503417969e+00) (17, 1.35356748104095458984e+00) (18, 3.92307209968566894531e+00) (19, 1.49933886718750000000e+03) (20, -1.50000000000000000000e+03) (21, 1.21707522869110107422e+00) (22, 4.86999588012695312500e+01) (23, 9.61669540405273437500e+00) (24, 8.68444976806640625000e+01) (25, 1.62711346149444580078e+00) (26, 1.49933728027343750000e+03) (27, 6.60321426391601562500e+00) (28, 3.36334919929504394531e+00) (29, 1.50000000000000000000e+03) (30, 9.43128204345703125000e+00) (31, 3.96522998809814453125e+00) (32, 2.99834036827087402344e+00) (33, 2.87096571922302246094e+00) (34, 1.50000000000000000000e+03) (35, -8.72909667968750000000e+02) (36, 5.75787830352783203125e+00) (37, 1.46011447906494140625e+00) (38, 3.00955414772033691406e+00) (39, 4.26501941680908203125e+00) (40, 6.13228750228881835938e+00) (41, 3.97702527046203613281e+00) (42, 1.42564213275909423828e+00) (43, 1.49867391586303710938e+00) (44, 3.13535308837890625000e+00) (45, 2.98812985420227050781e+00) (46, 5.03440673828125000000e+02) (47, 1.64870548248291015625e+00) (48, 1.49933728027343750000e+03) (49, 1.49933776855468750000e+03) (50, 5.29464683532714843750e+01) (51, 1.33658766746520996094e+00) (52, 2.43177533149719238281e+00) (53, 1.49933703613281250000e+03) (54, 1.48893046379089355469e+00) (55, 3.13609242439270019531e+00) (56, 2.77053809165954589844e+00) (57, 1.50000000000000000000e+03) (58, 1.49940576171875000000e+03) (59, 1.49894567871093750000e+03) (60, 1.23961853027343750000e+03) (61, 1.50000000000000000000e+03) (62, 2.64728856086730957031e+00) (63, 1.15305376052856445312e+01) (64, 2.34553647041320800781e+00) (65, 3.00912499427795410156e+00) (66, 7.90228652954101562500e+01) (67, -5.92153137207031250000e+02) (68, 3.45392074584960937500e+01) (69, 3.66938018798828125000e+02) (70, 2.77300262451171875000e+00) (71, 2.48884844779968261719e+00) (72, 2.93243813514709472656e+00) (73, 2.77319550514221191406e+00) (74, 2.70626926422119140625e+00) (75, 1.50000000000000000000e+03) (76, 1.50000000000000000000e+03) (77, 3.17584896087646484375e+00) (78, 5.31906032562255859375e+00) (79, 3.97932529449462890625e+00) (80, 1.50000000000000000000e+03) (81, 1.50000000000000000000e+03) (82, 1.49962243652343750000e+03) (83, 1.50000000000000000000e+03) (84, 4.93969177246093750000e+02) (85, 4.16132688522338867188e+00) (86, 3.12748479843139648438e+00) (87, 1.32551443576812744141e+00) (88, 1.50000000000000000000e+03) (89, 1.50000000000000000000e+03) (90, 1.50000000000000000000e+03) (91, 1.50000000000000000000e+03) (92, 1.37010202407836914062e+01) (93, 1.50000000000000000000e+03) (94, 3.06260833740234375000e+01) (95, 1.50000000000000000000e+03) (96, 2.49526071548461914062e+00) (97, 2.19961776733398437500e+01) (98, 1.50000000000000000000e+03) (99, 6.03638343811035156250e+01) (100, 4.54404876708984375000e+02) (101, 2.51899909973144531250e+00) (102, -1.58379173278808593750e+01) (103, 2.46251201629638671875e+01) (104, -8.28137636184692382812e-01) (0, 8.01535797119140625000e+00) (1, 1.10200440883636474609e+00) (2, -1.81450009346008300781e+00) (3, -5.57161033153533935547e-01) (4, -5.63436448574066162109e-01) (5, -4.03506135940551757812e+00) (6, 7.42347419261932373047e-01) (7, -1.50081634521484375000e+00) (8, 2.41904780268669128418e-01) (9, -2.62612867355346679688e+00) (10, 4.37428283691406250000e+00) (11, -5.88121056556701660156e-01) (12, 1.16445970535278320312e+00) (13, -2.15144228935241699219e+00) (14, 2.98915815353393554688e+00) (15, 3.05892735719680786133e-01) (16, -1.40584158897399902344e+00) (17, 5.16170799732208251953e-01) (18, -1.27903425693511962891e+00) (19, 6.98450267314910888672e-01) (20, 6.15950632095336914062e+00) (21, 1.27487525343894958496e-01) (22, -4.45561110973358154297e-01) (23, 5.45321583747863769531e-01) (24, 1.44000530242919921875e+00) (25, -1.33165645599365234375e+00) (26, 4.01989698410034179688e+00) (27, 2.49154281616210937500e+00) (28, 2.79972791671752929688e-01) (29, 3.82186031341552734375e+00) (30, 1.78318285942077636719e+00) (31, -1.77381873130798339844e+00) (32, 2.54313796758651733398e-01) (33, 1.53931713104248046875e+00) (34, -1.97046136856079101562e+00) (35, 1.11103641986846923828e+00) (36, 2.72423338890075683594e+00) (37, -1.83101427555084228516e+00) (38, -4.65043559670448303223e-02) (39, 1.76877081394195556641e+00) (40, 4.00012826919555664062e+00) (41, 1.22182035446166992188e+00) (42, 1.01782202720642089844e+00) (43, -1.56577324867248535156e+00) (44, -3.09304207563400268555e-01) (45, 3.74762743711471557617e-01) (46, 1.70003309845924377441e-01) (47, -1.64285051822662353516e+00) (48, 3.69330376386642456055e-01) (49, -2.09729075431823730469e+00) (50, 2.71450138092041015625e+00) (51, -2.09903931617736816406e+00) (52, -5.20749270915985107422e-01) (53, 8.39905321598052978516e-01) (54, 1.27050495147705078125e+00) (55, 1.20773839950561523438e+00) (56, 8.21135699748992919922e-01) (57, 7.87283957004547119141e-01) (58, -1.64638221263885498047e+00) (59, 1.17534911632537841797e+00) (60, 1.85623562335968017578e+00) (61, -6.06729924678802490234e-01) (62, -1.67660161852836608887e-01) (63, -7.21443176269531250000e-01) (64, -4.63126063346862792969e-01) (65, 7.01633095741271972656e-01) (66, 6.56401932239532470703e-01) (67, 7.04595029354095458984e-01) (68, -4.97974187135696411133e-01) (69, -6.55803978443145751953e-01) (70, -9.48835134506225585938e-01) (71, 8.23677599430084228516e-01) (72, -2.25570487976074218750e+00) (73, 1.15780577063560485840e-01) (74, 9.97613191604614257812e-01) (75, 6.82385981082916259766e-01) (76, 2.03131273388862609863e-01) (77, -6.46515369415283203125e-01) (78, 9.29940998554229736328e-01) (79, -4.24219191074371337891e-01) (80, -5.93377470970153808594e-01) (81, 6.51028752326965332031e-01) (82, -4.28117245435714721680e-01) (83, -6.76730811595916748047e-01) (84, -7.52397894859313964844e-01) (85, -7.69546031951904296875e-01) (86, -5.52505731582641601562e-01) (87, -6.77689433097839355469e-01) (88, -7.36795365810394287109e-01) (89, -6.21260285377502441406e-01) (90, -7.09420561790466308594e-01) (91, -6.73396706581115722656e-01) (92, -5.76989769935607910156e-01) (93, -5.72897434234619140625e-01) (94, -5.88950395584106445312e-01) (95, -7.81533002853393554688e-01) (96, 1.07334482669830322266e+00) (97, -5.55437505245208740234e-01) (98, -6.86482548713684082031e-01) (99, -5.57062923908233642578e-01) (100, -7.45738685131072998047e-01) (101, -6.63644433021545410156e-01) (102, 2.88157825469970703125e+01) (103, -1.92581653594970703125e+01) (104, 2.44808673858642578125e+00) (0, 1.49968286132812500000e+03) (1, -6.45170748233795166016e-01) (2, 2.68617719411849975586e-01) (3, -7.42217659950256347656e-01) (4, -1.16826200485229492188e+00) (5, 8.97783637046813964844e-02) (6, -9.29987668991088867188e-01) (7, -9.50373888015747070312e-01) (8, -2.91426479816436767578e-01) (9, -6.72859609127044677734e-01) (10, -8.36689710617065429688e-01) (11, -1.31763613224029541016e+00) (12, 1.25092878937721252441e-01) (13, -1.18396513164043426514e-01) (14, 2.48413644731044769287e-02) (15, -8.24830710887908935547e-01) (16, -9.69302773475646972656e-01) (17, 5.89649453759193420410e-02) (18, -1.09884572029113769531e+00) (19, -9.59522873163223266602e-02) (20, 1.49910229492187500000e+03) (21, 2.23771476745605468750e+00) (22, -1.22470164299011230469e+00) (23, -1.08960235118865966797e+00) (24, -1.16807162761688232422e+00) (25, 6.47801607847213745117e-02) (26, -2.21507966518402099609e-01) (27, -1.07695293426513671875e+00) (28, -1.22692584991455078125e+00) (29, -1.63472387939691543579e-02) (30, -1.21370160579681396484e+00) (31, -1.12235176563262939453e+00) (32, -1.27526342868804931641e+00) (33, -1.22127377986907958984e+00) (34, -1.41292834281921386719e+00) (35, 1.07442687988281250000e+03) (36, -3.44284391403198242188e+00) (37, -3.44266355037689208984e-01) (38, -1.35646033287048339844e+00) (39, -1.47850835323333740234e+00) (40, -1.11769092082977294922e+00) (41, -1.22870407104492187500e+01) (42, 9.19309109449386596680e-02) (43, -2.07054525613784790039e-01) (44, -1.21426749229431152344e+00) (45, -1.36621093750000000000e+00) (46, -2.54506118774414062500e+02) (47, -1.47772526741027832031e+00) (48, -5.36434769630432128906e-01) (49, -6.29442691802978515625e-01) (50, -1.29028606414794921875e+00) (51, -1.79731505340896546841e-04) (52, -1.10210351645946502686e-01) (53, -2.95053195953369140625e+00) (54, -3.26610177755355834961e-01) (55, -4.54371929168701171875e+00) (56, -1.68043410778045654297e+00) (57, -1.49259570312500000000e+03) (58, -8.63307983398437500000e+02) (59, 1.00139093399047851562e+00) (60, -3.26705026626586914062e+00) (61, -1.29915939331054687500e+02) (62, -5.79468190670013427734e-01) (63, -2.34567427635192871094e+00) (64, -1.79580092430114746094e-01) (65, -1.43377983570098876953e+00) (66, -1.12113761901855468750e+00) (67, 1.50000000000000000000e+03) (68, -1.06237089633941650391e+00) (69, -1.33220291137695312500e+00) (70, -1.51111495494842529297e+00) (71, -6.18620157241821289062e-01) (72, -1.12972128391265869141e+00) (73, -1.08526349067687988281e+00) (74, -1.05257618427276611328e+00) (75, -1.50000000000000000000e+03) (76, -1.50000000000000000000e+03) (77, -1.50239026546478271484e+00) (78, -3.72390675544738769531e+00) (79, -1.37038516998291015625e+00) (80, -1.49981018066406250000e+03) (81, -1.19666118621826171875e+01) (82, -6.85796264648437500000e+02) (83, -1.49667639160156250000e+03) (84, -8.26885223388671875000e-01) (85, -8.17138016223907470703e-01) (86, -1.57578992843627929688e+00) (87, 5.64373075962066650391e-01) (88, -1.12293970584869384766e+00) (89, -1.04298484325408935547e+00) (90, -1.08923673629760742188e+00) (91, -6.24763679504394531250e+00) (92, -2.33161449432373046875e+00) (93, -1.50000000000000000000e+03) (94, -2.07097887992858886719e+00) (95, -1.13632273674011230469e+00) (96, -6.37482643127441406250e-01) (97, -1.34727001190185546875e+00) (98, -1.50000000000000000000e+03) (99, -1.53288686275482177734e+00) (100, -6.89843559265136718750e+00) (101, -7.97629177570343017578e-01) (102, 9.80771541595458984375e+00) (103, -4.35615348815917968750e+00) (104, 2.74187564849853515625e+00) (0, 1.83485388755798339844e+00) (1, 1.37596607208251953125e+00) (2, -4.58894401788711547852e-01) (3, 4.77486709132790565491e-03) (4, -5.82259595394134521484e-01) (5, -8.23222160339355468750e-01) (6, -5.13916552066802978516e-01) (7, 2.52659392356872558594e+00) (8, -4.66182172298431396484e-01) (9, -3.66393715143203735352e-01) (10, 4.38346356153488159180e-01) (11, 3.75087931752204895020e-02) (12, 9.02666926383972167969e-01) (13, -7.66963958740234375000e-01) (14, 8.15037667751312255859e-01) (15, -6.33600652217864990234e-01) (16, -7.38837659358978271484e-01) (17, 2.78724491596221923828e-01) (18, 1.21745802462100982666e-01) (19, 7.57557094097137451172e-01) (20, 4.01658982038497924805e-01) (21, -3.30669820308685302734e-01) (22, 3.82015258073806762695e-01) (23, 6.94981634616851806641e-01) (24, -7.29684352874755859375e-01) (25, 1.11612236499786376953e+00) (26, -5.73126435279846191406e-01) (27, -6.70773267745971679688e-01) (28, -6.06068193912506103516e-01) (29, -7.24961161613464355469e-01) (30, -3.92500966787338256836e-01) (31, 2.19511464238166809082e-01) (32, -6.95579648017883300781e-01) (33, -6.00915729999542236328e-01) (34, -4.02226477861404418945e-01) (35, -4.31026011705398559570e-01) (36, -8.42272102832794189453e-01) (37, 4.59975332021713256836e-01) (38, -9.49451804161071777344e-01) (39, -1.16394959390163421631e-01) (40, 3.08967679738998413086e-01) (41, 7.80680119991302490234e-01) (42, 9.08354580402374267578e-01) (43, 2.21564698219299316406e+00) (44, -4.84038889408111572266e-01) (45, -9.17068123817443847656e-01) (46, -2.44608134031295776367e-01) (47, -1.99317979812622070312e+00) (48, 2.64454543590545654297e-01) (49, -3.04548531770706176758e-01) (50, -6.80271983146667480469e-01) (51, -2.03367676585912704468e-02) (52, 4.02131348848342895508e-01) (53, 5.46232938766479492188e-01) (54, 9.75958526134490966797e-01) (55, -8.68165850639343261719e-01) (56, 8.44335556030273437500e-01) (57, -5.62692224979400634766e-01) (58, 6.52573466300964355469e-01) (59, 5.02730965614318847656e-01) (60, -6.42210304737091064453e-01) (61, 1.23196996748447418213e-01) (62, 7.89804756641387939453e-01) (63, -5.88945925235748291016e-01) (64, 6.35924279689788818359e-01) (65, -5.82434654235839843750e-01) (66, -1.16380953788757324219e+00) (67, 9.44957137107849121094e-01) (68, 3.84222984313964843750e-01) (69, 2.06631675362586975098e-01) (70, 9.20410692691802978516e-01) (71, 6.36636495590209960938e-01) (72, -6.50289893150329589844e-01) (73, 3.87495696544647216797e-01) (74, 7.02820122241973876953e-01) (75, 1.01079642772674560547e-01) (76, -5.27005434036254882812e-01) (77, -5.54350554943084716797e-01) (78, -7.44250565767288208008e-02) (79, 6.73210740089416503906e-01) (80, 3.43053311109542846680e-01) (81, -6.26999080181121826172e-01) (82, -7.51341760158538818359e-01) (83, -1.11672210693359375000e+00) (84, -4.67016160488128662109e-01) (85, -1.06771841645240783691e-01) (86, -6.02990984916687011719e-01) (87, 7.39753305912017822266e-01) (88, -2.00252458453178405762e-01) (89, 5.33123016357421875000e-01) (90, 9.94273900985717773438e-01) (91, -8.55691254138946533203e-01) (92, 5.96411585807800292969e-01) (93, -4.85453963279724121094e-01) (94, -5.56289911270141601562e-01) (95, 9.16174054145812988281e-01) (96, 8.86678993701934814453e-01) (97, -6.31906807422637939453e-01) (98, -4.01369512081146240234e-01) (99, -7.16990768909454345703e-01) (100, -6.49671077728271484375e-01) (101, 7.75900840759277343750e-01) (102, 4.73184734582901000977e-01) (103, 1.34481847286224365234e+00) (104, 1.22985684871673583984e+00) (0, -1.50000000000000000000e+03) (1, 2.23543643951416015625e+00) (2, 1.09362423419952392578e+00) (3, 2.45332264900207519531e+00) (4, 2.46475481986999511719e+00) (5, 1.86802887916564941406e+00) (6, 2.62796473503112792969e+00) (7, 2.26815986633300781250e+00) (8, 2.75860762596130371094e+00) (9, 2.52066707611083984375e+00) (10, 2.62683749198913574219e+00) (11, 3.32346963882446289062e+00) (12, 1.26772332191467285156e+00) (13, 1.84132909774780273438e+00) (14, 1.25430858135223388672e+00) (15, 2.28949832916259765625e+00) (16, 3.02601981163024902344e+00) (17, 1.38325357437133789062e+00) (18, 3.23074150085449218750e+00) (19, 1.50896728038787841797e+00) (20, -1.50000000000000000000e+03) (21, 3.05529087781906127930e-01) (22, 3.20364499092102050781e+00) (23, 3.15961170196533203125e+00) (24, 2.75233697891235351562e+00) (25, 1.73469161987304687500e+00) (26, 1.90653038024902343750e+00) (27, 3.10623407363891601562e+00) (28, 3.08355784416198730469e+00) (29, 2.36286401748657226562e+00) (30, 2.71830296516418457031e+00) (31, 3.17665982246398925781e+00) (32, 3.21998953819274902344e+00) (33, 3.22137999534606933594e+00) (34, 3.44123125076293945312e+00) (35, -7.71113159179687500000e+02) (36, 6.18791246414184570312e+00) (37, 1.87922382354736328125e+00) (38, 3.40434622764587402344e+00) (39, 3.29919147491455078125e+00) (40, 3.03681039810180664062e+00) (41, 2.89560914039611816406e+00) (42, 1.32337367534637451172e+00) (43, 1.76971697807312011719e+00) (44, 3.11879944801330566406e+00) (45, 3.58555006980895996094e+00) (46, 3.63938110351562500000e+02) (47, 3.91278982162475585938e+00) (48, 1.93936920166015625000e+00) (49, 2.30659198760986328125e+00) (50, 3.31385874748229980469e+00) (51, 1.23425424098968505859e+00) (52, 1.40940415859222412109e+00) (53, 1.95070123672485351562e+00) (54, 1.26385152339935302734e+00) (55, 4.24882507324218750000e+00) (56, 2.69777297973632812500e+00) (57, 1.50000000000000000000e+03) (58, 1.49940576171875000000e+03) (59, 4.16732719168066978455e-03) (60, 1.82522892951965332031e+00) (61, 1.47897628784179687500e+02) (62, 2.37340068817138671875e+00) (63, 2.64064002037048339844e+00) (64, 1.78159022331237792969e+00) (65, 2.55086612701416015625e+00) (66, 2.84360146522521972656e+00) (67, -1.49061059570312500000e+03) (68, 2.49440264701843261719e+00) (69, 2.41618537902832031250e+00) (70, 2.49495267868041992188e+00) (71, 2.39316344261169433594e+00) (72, 2.63898634910583496094e+00) (73, 2.93512725830078125000e+00) (74, 2.41559028625488281250e+00) (75, 1.50000000000000000000e+03) (76, 1.50000000000000000000e+03) (77, 2.70151114463806152344e+00) (78, 5.13604974746704101562e+00) (79, 2.52573776245117187500e+00) (80, 1.50000000000000000000e+03) (81, 2.76032733917236328125e+00) (82, 1.79388565063476562500e+02) (83, 1.50000000000000000000e+03) (84, 2.59534239768981933594e+00) (85, 2.47952270507812500000e+00) (86, 2.63247251510620117188e+00) (87, 1.12160885334014892578e+00) (88, 2.88687992095947265625e+00) (89, 2.54481983184814453125e+00) (90, 2.71923494338989257812e+00) (91, 3.12543058395385742188e+00) (92, 2.58742332458496093750e+00) (93, 1.50000000000000000000e+03) (94, 2.59892487525939941406e+00) (95, 2.58977437019348144531e+00) (96, 2.39070630073547363281e+00) (97, 2.46071839332580566406e+00) (98, 1.50000000000000000000e+03) (99, 2.63817000389099121094e+00) (100, 2.42661743164062500000e+02) (101, 2.08022761344909667969e+00) (102, -1.89114360809326171875e+01) (103, 2.93705921173095703125e+01) (104, -4.69519495964050292969e-01) (0, 1.54565515518188476562e+01) (1, 2.39474153518676757812e+00) (2, 1.28052175045013427734e+00) (3, -2.72132456302642822266e-01) (4, 2.38959074020385742188e+00) (5, 2.26885914802551269531e+00) (6, 9.45262372493743896484e-01) (7, -8.09209719300270080566e-02) (8, -2.60895872116088867188e+00) (9, 9.34197604656219482422e-01) (10, -4.31361585855484008789e-01) (11, 1.02456796169281005859e+00) (12, 1.09942042827606201172e+00) (13, 1.00365018844604492188e+00) (14, 6.40327017754316329956e-03) (15, 1.45931506156921386719e+00) (16, 1.82354062795639038086e-01) (17, 4.96150940656661987305e-01) (18, 1.44715535640716552734e+00) (19, 1.29816174507141113281e+00) (20, -9.83533954620361328125e+00) (21, 2.03750893473625183105e-01) (22, 1.42891049385070800781e+00) (23, 1.92925405502319335938e+00) (24, 1.31715214252471923828e+00) (25, 1.33627712726593017578e-01) (26, 1.08660268783569335938e+00) (27, 8.75690460205078125000e-01) (28, 7.16368556022644042969e-01) (29, 3.97373765707015991211e-01) (30, 1.08289337158203125000e+00) (31, -4.22859281301498413086e-01) (32, 9.28254902362823486328e-01) (33, 2.13723793625831604004e-01) (34, 7.31694400310516357422e-01) (35, -5.83799406886100769043e-02) (36, -2.71154314279556274414e-01) (37, -4.22404974699020385742e-01) (38, -4.84549045562744140625e-01) (39, -4.42130237817764282227e-01) (40, 1.39836788177490234375e+00) (41, 5.47221079468727111816e-02) (42, 9.73811924457550048828e-01) (43, 1.35206818580627441406e-01) (44, 2.01831269264221191406e+00) (45, -4.62736099958419799805e-01) (46, 1.57859742641448974609e+00) (47, 3.19819736480712890625e+00) (48, -1.93045997619628906250e+00) (49, -5.53646862506866455078e-01) (50, -7.12770104408264160156e-01) (51, 1.70071288943290710449e-01) (52, 1.51090812683105468750e+00) (53, 3.65357923507690429688e+00) (54, 3.04979991912841796875e+00) (55, 1.12123429775238037109e+00) (56, 9.69471871852874755859e-01) (57, -2.65525131225585937500e+01) (58, 1.65450918674468994141e+00) (59, 6.07879340648651123047e-01) (60, 1.62441027164459228516e+00) (61, -1.52481734752655029297e+00) (62, 1.88256776332855224609e+00) (63, 1.73845922946929931641e+00) (64, -6.00287866592407226562e+00) (65, 1.81626892089843750000e+00) (66, 1.13935375213623046875e+00) (67, 6.68032526969909667969e-01) (68, 1.75561642646789550781e+00) (69, -3.07297557592391967773e-01) (70, -3.75913739204406738281e-01) (71, 2.20706748962402343750e+00) (72, 1.34872281551361083984e+00) (73, 1.69861152768135070801e-01) (74, -9.91844832897186279297e-02) (75, 9.22856986522674560547e-01) (76, -2.09270882606506347656e+00) (77, 4.07286071777343750000e+00) (78, 2.26077422499656677246e-01) (79, 6.81642055511474609375e+00) (80, 9.11570608615875244141e-01) (81, 4.28818017244338989258e-01) (82, 6.92322492599487304688e-01) (83, -5.92750787734985351562e+00) (84, -4.93660020828247070312e+00) (85, -3.22476118803024291992e-01) (86, -5.46186387538909912109e-01) (87, 9.08147275447845458984e-01) (88, -7.01544165611267089844e-01) (89, 3.83595257997512817383e-01) (90, -1.12520313262939453125e+00) (91, -3.49353253841400146484e-02) (92, -3.55504179000854492188e+00) (93, 1.32216358184814453125e+00) (94, 8.86183679103851318359e-01) (95, 5.10187670588493347168e-02) (96, 9.10311698913574218750e-01) (97, 1.52194237709045410156e+00) (98, 5.33858776092529296875e-01) (99, -2.79412955045700073242e-01) (100, 1.77728903293609619141e+00) (101, 1.26746439933776855469e+00) (102, 1.99604380130767822266e+00) (103, -4.22862917184829711914e-03) (104, -4.21223510056734085083e-03) (0, -7.85985231399536132812e+00) (1, -1.36602032184600830078e+00) (2, -2.02208781242370605469e+00) (3, -3.52264165878295898438e+00) (4, 1.89589038491249084473e-01) (5, -3.28041106462478637695e-01) (6, -7.26019144058227539062e-01) (7, 6.83211326599121093750e+00) (8, -9.68392908573150634766e-01) (9, 5.13178050518035888672e-01) (10, -6.51518464088439941406e-01) (11, 2.39258503913879394531e+00) (12, -7.60039269924163818359e-01) (13, 1.87849211692810058594e+00) (14, 6.40781283378601074219e-01) (15, -2.94578939676284790039e-01) (16, -4.75983679294586181641e-01) (17, 1.39477938413619995117e-01) (18, 1.92181432247161865234e+00) (19, 6.37457966804504394531e-01) (20, 2.08684802055358886719e+00) (21, 2.30164384841918945312e+00) (22, 1.80070912837982177734e+00) (23, 1.99637365341186523438e+00) (24, 6.19861125946044921875e-01) (25, 1.81539559364318847656e+00) (26, 5.95842897891998291016e-01) (27, 5.22645354270935058594e-01) (28, -3.00060361623764038086e-01) (29, -3.07464987039566040039e-01) (30, 6.91272556781768798828e-01) (31, -9.27558004856109619141e-01) (32, -5.45084476470947265625e-01) (33, -5.04194140434265136719e-01) (34, -8.40316414833068847656e-01) (35, -4.23182845115661621094e-01) (36, -6.09629213809967041016e-01) (37, -5.20925581455230712891e-01) (38, -8.07554900646209716797e-01) (39, 4.47357326745986938477e-01) (40, 6.48382127285003662109e-01) (41, 7.96079576015472412109e-01) (42, 4.31432574987411499023e-01) (43, -3.37603658437728881836e-01) (44, 5.50678789615631103516e-01) (45, 3.95704686641693115234e-01) (46, 7.46850669384002685547e-01) (47, 1.56595265865325927734e+00) (48, 1.08300876617431640625e+00) (49, 4.99635010957717895508e-01) (50, -7.96698153018951416016e-01) (51, 1.16067349910736083984e+00) (52, 4.29282456636428833008e-01) (53, 1.12275540828704833984e+00) (54, 3.17822873592376708984e-01) (55, -6.61110997200012207031e-01) (56, 1.61608949303627014160e-01) (57, 6.05677306652069091797e-01) (58, -2.30968520045280456543e-01) (59, 8.79713833332061767578e-01) (60, 5.04933595657348632812e-01) (61, -7.10077881813049316406e-01) (62, -5.99710941314697265625e-01) (63, -7.88154423236846923828e-01) (64, -7.15978741645812988281e-01) (65, -7.98391520977020263672e-01) (66, -8.57338786125183105469e-01) (67, -3.46200108528137207031e-01) (68, 1.53370842337608337402e-01) (69, -8.04444551467895507812e-01) (70, 8.99498045444488525391e-01) (71, -3.44938158988952636719e-01) (72, -8.10722410678863525391e-01) (73, -7.41403579711914062500e-01) (74, -6.92215144634246826172e-01) (75, -6.59439682960510253906e-01) (76, -6.77502036094665527344e-01) (77, -5.98516523838043212891e-01) (78, -4.47115033864974975586e-01) (79, -6.87371015548706054688e-01) (80, -6.70251071453094482422e-01) (81, -4.94572788476943969727e-01) (82, -4.09069895744323730469e-01) (83, -7.35783278942108154297e-01) (84, -7.90246605873107910156e-01) (85, -6.90229296684265136719e-01) (86, -7.65966236591339111328e-01) (87, -5.82263112068176269531e-01) (88, -7.56348252296447753906e-01) (89, -7.02837646007537841797e-01) (90, -8.20754110813140869141e-01) (91, -7.64404296875000000000e-01) (92, -7.26959168910980224609e-01) (93, -6.49648189544677734375e-01) (94, -6.63554251194000244141e-01) (95, -7.40087926387786865234e-01) (96, -5.65565884113311767578e-01) (97, -6.14399552345275878906e-01) (98, -8.39750170707702636719e-01) (99, -6.67902827262878417969e-01) (100, -7.16567277908325195312e-01) (101, -5.17626106739044189453e-01) (102, 1.33097779750823974609e+00) (103, 1.80460381507873535156e+00) (104, 2.40616559982299804688e+00) (0, -1.70115661621093750000e+01) (1, -4.30318593978881835938e-01) (2, 1.18757021427154541016e+00) (3, -2.44633089751005172729e-02) (4, 1.38221752643585205078e+00) (5, -1.54198616743087768555e-01) (6, -1.38025015592575073242e-01) (7, -1.44159749150276184082e-01) (8, -1.65183806419372558594e+00) (9, 3.38491499423980712891e-01) (10, 1.42923220992088317871e-01) (11, -1.25126659870147705078e-01) (12, -1.86001256108283996582e-01) (13, 1.51118016242980957031e+00) (14, -6.31311982870101928711e-02) (15, 1.41976761817932128906e+00) (16, 1.08953276649117469788e-02) (17, -5.20793020725250244141e-01) (18, 2.07621192932128906250e+00) (19, 6.53861612081527709961e-02) (20, -7.78837490081787109375e+00) (21, 4.53185558319091796875e-01) (22, 1.67309701442718505859e-01) (23, 1.41851559281349182129e-01) (24, 1.69436299800872802734e+00) (25, -6.63684010505676269531e-01) (26, 1.81125819683074951172e-01) (27, 1.79424211382865905762e-01) (28, 1.92815974354743957520e-01) (29, 6.42776131629943847656e-01) (30, -2.29964685440063476562e+00) (31, -2.58692145347595214844e-01) (32, 1.07478857040405273438e-01) (33, 5.97267337143421173096e-02) (34, 2.03252601623535156250e+00) (35, 6.30032941699028015137e-02) (36, 9.93301495909690856934e-02) (37, -2.98710107803344726562e-01) (38, -4.32688832283020019531e-01) (39, 5.24531118571758270264e-02) (40, 1.20384013652801513672e+00) (41, -5.35408973693847656250e+00) (42, 2.65146851539611816406e+00) (43, 7.50256478786468505859e-02) (44, 1.32404017448425292969e+00) (45, -2.73597121238708496094e-01) (46, 3.65289115905761718750e+00) (47, 1.17916989326477050781e+00) (48, -5.04014873504638671875e+00) (49, 1.16105273365974426270e-01) (50, 5.88158629834651947021e-02) (51, -9.86970737576484680176e-02) (52, -7.27558061480522155762e-02) (53, 3.70108342170715332031e+00) (54, 1.57677578926086425781e+00) (55, -8.70738446712493896484e-01) (56, 7.86546319723129272461e-02) (57, -3.16133666038513183594e+00) (58, 5.99738073348999023438e+00) (59, 1.43259692192077636719e+00) (60, 1.00673854351043701172e+00) (61, 1.68924987316131591797e+00) (62, -6.60017579793930053711e-02) (63, -9.55747440457344055176e-02) (64, -3.19804263114929199219e+00) (65, 1.41687512397766113281e+00) (66, -2.07200980186462402344e+00) (67, 5.97971153259277343750e+00) (68, 1.06792032718658447266e+00) (69, -2.37327173352241516113e-01) (70, -1.42947696149349212646e-02) (71, -4.82505746185779571533e-02) (72, 1.21947228908538818359e+00) (73, -1.60902190208435058594e+00) (74, 8.12055706977844238281e-01) (75, 2.01498985290527343750e+00) (76, -3.87716555595397949219e+00) (77, 2.40273833274841308594e+00) (78, -9.06458473205566406250e+00) (79, 1.25209083557128906250e+01) (80, -5.63792228698730468750e-01) (81, 3.37694346904754638672e-01) (82, 1.78226411342620849609e-01) (83, 7.26152956485748291016e-01) (84, 1.40989804267883300781e+00) (85, -3.46049714088439941406e+00) (86, 3.27806770801544189453e-01) (87, 2.02115821838378906250e+00) (88, 3.43851876258850097656e+00) (89, -1.18495821952819824219e+00) (90, 4.14929342269897460938e+00) (91, -2.07005429267883300781e+00) (92, -1.79162859916687011719e+00) (93, 5.65206944942474365234e-01) (94, 9.92713510990142822266e-01) (95, 9.05620753765106201172e-01) (96, -4.79048132896423339844e-01) (97, -2.81658470630645751953e-01) (98, 4.90757608413696289062e+00) (99, 3.97586196660995483398e-01) (100, -1.83203015476465225220e-02) (101, 1.89510500431060791016e+00) (102, 1.24513936042785644531e+00) (103, 6.46394133567810058594e-01) (104, 5.81587195396423339844e-01) (0, -1.87975845336914062500e+01) (1, -3.79767537117004394531e-01) (2, 1.41324949264526367188e+00) (3, 2.65139865875244140625e+00) (4, 9.68269035220146179199e-02) (5, 7.00122535228729248047e-01) (6, 2.34401106834411621094e-01) (7, -3.37734889984130859375e+00) (8, -8.17260646820068359375e+00) (9, 1.60463586449623107910e-01) (10, 2.31494367122650146484e-01) (11, -5.54992556571960449219e-02) (12, 1.14331707358360290527e-01) (13, 7.01454305648803710938e+00) (14, -3.33386778831481933594e-01) (15, 2.39324584603309631348e-01) (16, -6.48032724857330322266e-01) (17, 6.04947328567504882812e-01) (18, 3.57470393180847167969e-01) (19, -7.88794517517089843750e-01) (20, -8.41805100440979003906e-01) (21, 1.50596046447753906250e+00) (22, -2.45220169425010681152e-01) (23, -2.07218706607818603516e-01) (24, 1.47306963801383972168e-01) (25, -5.56688213348388671875e+00) (26, 1.33149039745330810547e+00) (27, 2.59945929050445556641e-01) (28, 2.43411988019943237305e-01) (29, -1.27499401569366455078e+00) (30, 2.49659085273742675781e+00) (31, -8.01218390464782714844e-01) (32, 5.58783113956451416016e-01) (33, 5.45789337158203125000e+00) (34, -1.98694729804992675781e+00) (35, 2.83655619621276855469e+00) (36, 1.32785081863403320312e+00) (37, -3.29332739114761352539e-01) (38, -3.33104610443115234375e-01) (39, -4.76360619068145751953e-01) (40, 5.92806577682495117188e-01) (41, -7.12648749351501464844e-01) (42, 1.77693438529968261719e+00) (43, 7.30459690093994140625e-01) (44, 1.59076929092407226562e+00) (45, -8.10580492019653320312e-01) (46, 3.38972973823547363281e+00) (47, -1.09570637345314025879e-01) (48, -1.44681298732757568359e+00) (49, 2.59002059698104858398e-01) (50, -5.50831258296966552734e-01) (51, 1.52886974811553955078e+00) (52, 1.44500946998596191406e+00) (53, -9.01083409786224365234e-01) (54, 3.18903297185897827148e-01) (55, -5.98210096359252929688e+00) (56, 1.63941180706024169922e+00) (57, -8.81082534790039062500e-01) (58, -1.46187770366668701172e+00) (59, 4.47620201110839843750e+00) (60, 7.04333186149597167969e-01) (61, 9.97544944286346435547e-01) (62, 2.02375680208206176758e-01) (63, 9.93383750319480895996e-02) (64, -7.40632724761962890625e+00) (65, 1.31914043426513671875e+00) (66, -3.41295003890991210938e+00) (67, 1.65886962413787841797e+00) (68, -3.61797094345092773438e+00) (69, 2.51973557472229003906e+00) (70, 1.71527922153472900391e+00) (71, 1.45359337329864501953e+00) (72, 1.30644237995147705078e+00) (73, -2.45542454719543457031e+00) (74, 2.05640435218811035156e+00) (75, 8.09652519226074218750e+00) (76, 4.27019548416137695312e+00) (77, 1.61422938108444213867e-01) (78, -1.25767636299133300781e+00) (79, -1.74701666831970214844e+00) (80, 1.58746182918548583984e+00) (81, 2.19905138015747070312e+00) (82, -2.17175126075744628906e+00) (83, -2.20952057838439941406e+00) (84, 2.33372187614440917969e+00) (85, -3.94938588142395019531e-01) (86, 8.39588463306427001953e-01) (87, -1.64862528443336486816e-01) (88, 4.36732530593872070312e+00) (89, 7.17742979526519775391e-01) (90, -5.75579881668090820312e-01) (91, 2.19285535812377929688e+00) (92, -1.43802464008331298828e-01) (93, 1.06371712684631347656e+00) (94, 1.84032872319221496582e-01) (95, -2.13922202587127685547e-01) (96, 1.26552700996398925781e+00) (97, -1.13322925567626953125e+00) (98, 3.79514288902282714844e+00) (99, 2.00585556030273437500e+00) (100, 1.32454442977905273438e+00) (101, -9.89567995071411132812e-01) (102, -5.51952898502349853516e-01) (103, 3.14885425567626953125e+00) (104, 3.30267459154129028320e-01) (0, -1.83466160297393798828e+00) (1, -9.69705820083618164062e-01) (2, 8.45639228820800781250e-01) (3, 2.17487022280693054199e-01) (4, 5.48633158206939697266e-01) (5, -7.67516374588012695312e-01) (6, -7.91805207729339599609e-01) (7, -6.43439531326293945312e-01) (8, 1.10002923011779785156e+00) (9, 7.61359274387359619141e-01) (10, 6.67361140251159667969e-01) (11, 6.21234357357025146484e-01) (12, 7.22758710384368896484e-01) (13, 9.34142708778381347656e-01) (14, 7.50373899936676025391e-01) (15, 5.17590522766113281250e-01) (16, -3.56328904628753662109e-01) (17, 8.05545926094055175781e-01) (18, 8.01886260509490966797e-01) (19, 4.64876979589462280273e-01) (20, 4.48318451642990112305e-01) (21, 1.75202500820159912109e+00) (22, 2.94638872146606445312e-01) (23, -5.95012366771697998047e-01) (24, 6.23257994651794433594e-01) (25, 7.58356392383575439453e-01) (26, -5.26591479778289794922e-01) (27, -6.73934817314147949219e-01) (28, -5.55087208747863769531e-01) (29, -4.99518364667892456055e-01) (30, 1.98869931697845458984e+00) (31, -5.31937837600708007812e-01) (32, -5.45515716075897216797e-01) (33, 6.77316725254058837891e-01) (34, 8.28489005565643310547e-01) (35, 5.26635766029357910156e-01) (36, -6.87445580959320068359e-01) (37, 7.43033468723297119141e-01) (38, 6.56800091266632080078e-01) (39, -7.26280748844146728516e-01) (40, -1.88626483082771301270e-01) (41, -1.92969754338264465332e-01) (42, 7.36036121845245361328e-01) (43, 1.33142101764678955078e+00) (44, -5.81226110458374023438e-01) (45, 7.18763411045074462891e-01) (46, 7.45127350091934204102e-02) (47, 1.74626088142395019531e+00) (48, 1.53032147884368896484e+00) (49, 7.30781257152557373047e-01) (50, 6.81387841701507568359e-01) (51, 8.70773255825042724609e-01) (52, -6.99002742767333984375e-01) (53, 5.94545006752014160156e-01) (54, 6.86989486217498779297e-01) (55, -2.02629521489143371582e-01) (56, -4.98777657747268676758e-01) (57, 7.61574745178222656250e-01) (58, -5.02196475863456726074e-02) (59, -4.33284521102905273438e-01) (60, -5.99225699901580810547e-01) (61, 1.18218198418617248535e-01) (62, -3.40661913156509399414e-01) (63, -7.62847244739532470703e-01) (64, 5.42302094399929046631e-02) (65, -6.72879099845886230469e-01) (66, 8.00149917602539062500e-01) (67, -1.16800439357757568359e+00) (68, -5.78459501266479492188e-01) (69, -7.04795241355895996094e-01) (70, -5.47869086265563964844e-01) (71, -4.43993806838989257812e-01) (72, -6.28479361534118652344e-01) (73, -3.86913239955902099609e-01) (74, -4.59290891885757446289e-01) (75, -6.63071513175964355469e-01) (76, 2.47084066271781921387e-01) (77, -5.77998161315917968750e-01) (78, 1.20768165215849876404e-02) (79, -3.14240425825119018555e-01) (80, -9.32186782360076904297e-01) (81, -2.79022276401519775391e-01) (82, -4.64608758687973022461e-01) (83, -4.83048379421234130859e-01) (84, 5.29637038707733154297e-01) (85, -3.10959309339523315430e-01) (86, 5.65613269805908203125e-01) (87, 6.48785352706909179688e-01) (88, -1.35564959049224853516e+00) (89, -7.03581869602203369141e-01) (90, -8.13883185386657714844e-01) (91, -1.00667488574981689453e+00) (92, -7.51320779323577880859e-01) (93, 3.56212228536605834961e-01) (94, -6.87786757946014404297e-01) (95, 6.48019075393676757812e-01) (96, -4.59148436784744262695e-01) (97, 7.18790769577026367188e-01) (98, -6.66614949703216552734e-01) (99, -6.71227037906646728516e-01) (100, -8.30673635005950927734e-01) (101, 7.29372620582580566406e-01) (102, 1.53123378753662109375e-01) (103, 1.65056502819061279297e+00) (104, 2.36548066139221191406e+00) (105, 2.73398876190185546875e+00) (106, 2.71872687339782714844e+00) (107, 2.99646878242492675781e+00) (108, -8.19064319133758544922e-01) (109, -8.04686844348907470703e-01) (110, 2.59130787849426269531e+00) (111, 2.62828087806701660156e+00) (112, 2.05406665802001953125e+00) (113, 2.65629339218139648438e+00) (114, 2.61407828330993652344e+00) (115, -8.41880917549133300781e-01) (116, -1.60046720504760742188e+00) (117, 3.78048419952392578125e+00) (118, 1.68907797336578369141e+00) (119, 4.03890991210937500000e+00) (120, -8.36166203022003173828e-01) (121, 2.73487162590026855469e+00) (122, 1.89454615116119384766e+00) (123, 3.14371800422668457031e+00) (124, -3.41377288103103637695e-01) (125, 1.95214092731475830078e+00) (126, 1.56197559833526611328e+00) (127, 2.83943414688110351562e+00) (128, 2.79717707633972167969e+00) (129, 4.32161045074462890625e+00) (130, 2.52919960021972656250e+00) 
