FANN_FLO_2.1
num_layers=3
learning_rate=0.700000
connection_rate=1.000000
network_type=0
learning_momentum=0.000000
training_algorithm=2
train_error_function=1
train_stop_function=0
cascade_output_change_fraction=0.010000
quickprop_decay=-0.000100
quickprop_mu=1.750000
rprop_increase_factor=1.200000
rprop_decrease_factor=0.500000
rprop_delta_min=0.000000
rprop_delta_max=50.000000
rprop_delta_zero=0.100000
cascade_output_stagnation_epochs=12
cascade_candidate_change_fraction=0.010000
cascade_candidate_stagnation_epochs=12
cascade_max_out_epochs=150
cascade_max_cand_epochs=150
cascade_num_candidate_groups=2
bit_fail_limit=3.49999994039535522461e-01
cascade_candidate_limit=1.00000000000000000000e+03
cascade_weight_multiplier=4.00000005960464477539e-01
cascade_activation_functions_count=10
cascade_activation_functions=3 5 7 8 10 11 14 15 16 17 
cascade_activation_steepnesses_count=4
cascade_activation_steepnesses=2.50000000000000000000e-01 5.00000000000000000000e-01 7.50000000000000000000e-01 1.00000000000000000000e+00 
layer_sizes=105 26 2 
scale_included=0
neurons (num_inputs, activation_function, activation_steepness)=(0, 0, 0.00000000000000000000e+00) (0, 0, 0.00000000000000000000e+00) (0, 0, 0.00000000000000000000e+00) (0, 0, 0.00000000000000000000e+00) (0, 0, 0.00000000000000000000e+00) (0, 0, 0.00000000000000000000e+00) (0, 0, 0.00000000000000000000e+00) (0, 0, 0.00000000000000000000e+00) (0, 0, 0.00000000000000000000e+00) (0, 0, 0.00000000000000000000e+00) (0, 0, 0.00000000000000000000e+00) (0, 0, 0.00000000000000000000e+00) (0, 0, 0.00000000000000000000e+00) (0, 0, 0.00000000000000000000e+00) (0, 0, 0.00000000000000000000e+00) (0, 0, 0.00000000000000000000e+00) (0, 0, 0.00000000000000000000e+00) (0, 0, 0.00000000000000000000e+00) (0, 0, 0.00000000000000000000e+00) (0, 0, 0.00000000000000000000e+00) (0, 0, 0.00000000000000000000e+00) (0, 0, 0.00000000000000000000e+00) (0, 0, 0.00000000000000000000e+00) (0, 0, 0.00000000000000000000e+00) (0, 0, 0.00000000000000000000e+00) (0, 0, 0.00000000000000000000e+00) (0, 0, 0.00000000000000000000e+00) (0, 0, 0.00000000000000000000e+00) (0, 0, 0.00000000000000000000e+00) (0, 0, 0.00000000000000000000e+00) (0, 0, 0.00000000000000000000e+00) (0, 0, 0.00000000000000000000e+00) (0, 0, 0.00000000000000000000e+00) (0, 0, 0.00000000000000000000e+00) (0, 0, 0.00000000000000000000e+00) (0, 0, 0.00000000000000000000e+00) (0, 0, 0.00000000000000000000e+00) (0, 0, 0.00000000000000000000e+00) (0, 0, 0.00000000000000000000e+00) (0, 0, 0.00000000000000000000e+00) (0, 0, 0.00000000000000000000e+00) (0, 0, 0.00000000000000000000e+00) (0, 0, 0.00000000000000000000e+00) (0, 0, 0.00000000000000000000e+00) (0, 0, 0.00000000000000000000e+00) (0, 0, 0.00000000000000000000e+00) (0, 0, 0.00000000000000000000e+00) (0, 0, 0.00000000000000000000e+00) (0, 0, 0.00000000000000000000e+00) (0, 0, 0.00000000000000000000e+00) (0, 0, 0.00000000000000000000e+00) (0, 0, 0.00000000000000000000e+00) (0, 0, 0.00000000000000000000e+00) (0, 0, 0.00000000000000000000e+00) (0, 0, 0.00000000000000000000e+00) (0, 0, 0.00000000000000000000e+00) (0, 0, 0.00000000000000000000e+00) (0, 0, 0.00000000000000000000e+00) (0, 0, 0.00000000000000000000e+00) (0, 0, 0.00000000000000000000e+00) (0, 0, 0.00000000000000000000e+00) (0, 0, 0.00000000000000000000e+00) (0, 0, 0.00000000000000000000e+00) (0, 0, 0.00000000000000000000e+00) (0, 0, 0.00000000000000000000e+00) (0, 0, 0.00000000000000000000e+00) (0, 0, 0.00000000000000000000e+00) (0, 0, 0.00000000000000000000e+00) (0, 0, 0.00000000000000000000e+00) (0, 0, 0.00000000000000000000e+00) (0, 0, 0.00000000000000000000e+00) (0, 0, 0.00000000000000000000e+00) (0, 0, 0.00000000000000000000e+00) (0, 0, 0.00000000000000000000e+00) (0, 0, 0.00000000000000000000e+00) (0, 0, 0.00000000000000000000e+00) (0, 0, 0.00000000000000000000e+00) (0, 0, 0.00000000000000000000e+00) (0, 0, 0.00000000000000000000e+00) (0, 0, 0.00000000000000000000e+00) (0, 0, 0.00000000000000000000e+00) (0, 0, 0.00000000000000000000e+00) (0, 0, 0.00000000000000000000e+00) (0, 0, 0.00000000000000000000e+00) (0, 0, 0.00000000000000000000e+00) (0, 0, 0.00000000000000000000e+00) (0, 0, 0.00000000000000000000e+00) (0, 0, 0.00000000000000000000e+00) (0, 0, 0.00000000000000000000e+00) (0, 0, 0.00000000000000000000e+00) (0, 0, 0.00000000000000000000e+00) (0, 0, 0.00000000000000000000e+00) (0, 0, 0.00000000000000000000e+00) (0, 0, 0.00000000000000000000e+00) (0, 0, 0.00000000000000000000e+00) (0, 0, 0.00000000000000000000e+00) (0, 0, 0.00000000000000000000e+00) (0, 0, 0.00000000000000000000e+00) (0, 0, 0.00000000000000000000e+00) (0, 0, 0.00000000000000000000e+00) (0, 0, 0.00000000000000000000e+00) (0, 0, 0.00000000000000000000e+00) (0, 0, 0.00000000000000000000e+00) (0, 0, 0.00000000000000000000e+00) (0, 0, 0.00000000000000000000e+00) (105, 5, 5.00000000000000000000e-01) (105, 5, 5.00000000000000000000e-01) (105, 5, 5.00000000000000000000e-01) (105, 5, 5.00000000000000000000e-01) (105, 5, 5.00000000000000000000e-01) (105, 5, 5.00000000000000000000e-01) (105, 5, 5.00000000000000000000e-01) (105, 5, 5.00000000000000000000e-01) (105, 5, 5.00000000000000000000e-01) (105, 5, 5.00000000000000000000e-01) (105, 5, 5.00000000000000000000e-01) (105, 5, 5.00000000000000000000e-01) (105, 5, 5.00000000000000000000e-01) (105, 5, 5.00000000000000000000e-01) (105, 5, 5.00000000000000000000e-01) (105, 5, 5.00000000000000000000e-01) (105, 5, 5.00000000000000000000e-01) (105, 5, 5.00000000000000000000e-01) (105, 5, 5.00000000000000000000e-01) (105, 5, 5.00000000000000000000e-01) (105, 5, 5.00000000000000000000e-01) (105, 5, 5.00000000000000000000e-01) (105, 5, 5.00000000000000000000e-01) (105, 5, 5.00000000000000000000e-01) (105, 5, 5.00000000000000000000e-01) (0, 5, 0.00000000000000000000e+00) (26, 5, 5.00000000000000000000e-01) (0, 5, 0.00000000000000000000e+00) 
connections (connected_to_neuron, weight)=(0, -1.50000000000000000000e+03) (1, -1.49953967285156250000e+03) (2, -1.42738464355468750000e+03) (3, 1.49996691894531250000e+03) (4, -1.49999707031250000000e+03) (5, -1.45882641601562500000e+03) (6, 1.33550549316406250000e+03) (7, -1.49999780273437500000e+03) (8, -1.49945458984375000000e+03) (9, -1.49999865722656250000e+03) (10, 1.50000000000000000000e+03) (11, 1.47939514160156250000e+03) (12, 1.50000000000000000000e+03) (13, 1.50000000000000000000e+03) (14, 1.50000000000000000000e+03) (15, -1.49999865722656250000e+03) (16, -1.49070153808593750000e+03) (17, -1.49995166015625000000e+03) (18, -1.50000000000000000000e+03) (19, -1.49999841308593750000e+03) (20, -1.49999450683593750000e+03) (21, -1.50000000000000000000e+03) (22, -1.49167065429687500000e+03) (23, -1.50000000000000000000e+03) (24, -1.50000000000000000000e+03) (25, -1.49920288085937500000e+03) (26, -1.48721520996093750000e+03) (27, -1.45319042968750000000e+03) (28, -1.50000000000000000000e+03) (29, -1.30631774902343750000e+03) (30, 1.49999987792968750000e+03) (31, -1.49997607421875000000e+03) (32, 1.50000000000000000000e+03) (33, -1.49999743652343750000e+03) (34, -1.49913024902343750000e+03) (35, 1.50000000000000000000e+03) (36, 1.50000000000000000000e+03) (37, 1.50000000000000000000e+03) (38, 1.50000000000000000000e+03) (39, 1.50000000000000000000e+03) (40, 1.50000000000000000000e+03) (41, 1.50000000000000000000e+03) (42, -1.13201904296875000000e+03) (43, -1.49540991210937500000e+03) (44, -1.45319042968750000000e+03) (45, -1.45319042968750000000e+03) (46, -1.50000000000000000000e+03) (47, -1.50000000000000000000e+03) (48, -1.49920312500000000000e+03) (49, -1.50000000000000000000e+03) (50, -1.50000000000000000000e+03) (51, -1.50000000000000000000e+03) (52, -1.50000000000000000000e+03) (53, -1.47048559570312500000e+03) (54, -1.48898388671875000000e+03) (55, -1.49855419921875000000e+03) (56, -1.23183728027343750000e+03) (57, 1.49999987792968750000e+03) (58, -1.49540991210937500000e+03) (59, 1.49999987792968750000e+03) (60, -1.48898388671875000000e+03) (61, -1.49849401855468750000e+03) (62, -1.43022009277343750000e+03) (63, -1.49540991210937500000e+03) (64, -5.16699035644531250000e+02) (65, 1.44536645507812500000e+03) (66, 1.49999206542968750000e+03) (67, 1.50000000000000000000e+03) (68, 1.49999987792968750000e+03) (69, -1.33931774902343750000e+03) (70, -9.51859313964843750000e+02) (71, -1.44948522949218750000e+03) (72, -1.49999938964843750000e+03) (73, -1.42340222167968750000e+03) (74, -1.41093750000000000000e+03) (75, -1.49607128906250000000e+03) (76, -1.49999951171875000000e+03) (77, -1.49641674804687500000e+03) (78, 1.50000000000000000000e+03) (79, -1.45319042968750000000e+03) (80, -1.49540991210937500000e+03) (81, -1.49540991210937500000e+03) (82, -1.49999865722656250000e+03) (83, -1.49275561523437500000e+03) (84, -1.47070446777343750000e+03) (85, -1.48770227050781250000e+03) (86, -1.49808728027343750000e+03) (87, 1.49956115722656250000e+03) (88, -1.48898388671875000000e+03) (89, -1.50000000000000000000e+03) (90, -1.49540991210937500000e+03) (91, -1.50000000000000000000e+03) (92, 1.49956823730468750000e+03) (93, -1.49869714355468750000e+03) (94, 1.49942114257812500000e+03) (95, -1.49999938964843750000e+03) (96, -3.17343654632568359375e+01) (97, -1.49999963378906250000e+03) (98, -1.49987878417968750000e+03) (99, 1.03889318847656250000e+03) (100, 2.00378641486167907715e-01) (101, -8.73647094726562500000e+02) (102, -1.37088830566406250000e+03) (103, 1.45458776855468750000e+03) (104, 2.90206336975097656250e+00) (0, 2.37729244232177734375e+01) (1, -1.75525512695312500000e+01) (2, -1.74605522155761718750e+01) (3, 4.22232580184936523438e+00) (4, -1.26750183105468750000e+00) (5, 2.63926148414611816406e+00) (6, -3.46928863525390625000e+01) (7, -4.53911095857620239258e-01) (8, 3.44531923532485961914e-01) (9, -6.11973814666271209717e-02) (10, -1.72606067657470703125e+01) (11, 1.31465336307883262634e-02) (12, -2.56778869628906250000e+01) (13, 6.66951894760131835938e+00) (14, -1.76962318420410156250e+01) (15, 3.88702489435672760010e-02) (16, -3.90282630920410156250e+01) (17, -3.64539361000061035156e+00) (18, 9.00762462615966796875e+00) (19, -1.82244377136230468750e+01) (20, -3.05386877059936523438e+00) (21, -3.13862243652343750000e+02) (22, 4.48042273521423339844e-01) (23, 6.31092023849487304688e+00) (24, -2.65902214050292968750e+01) (25, -1.05797643661499023438e+01) (26, -2.87437033653259277344e+00) (27, -6.92519617080688476562e+00) (28, -1.95590858459472656250e+01) (29, -1.59245529174804687500e+01) (30, -4.75227260589599609375e+00) (31, -9.32779121398925781250e+00) (32, -1.72721481323242187500e+01) (33, 6.92512130737304687500e+00) (34, 9.63263130187988281250e+00) (35, 1.76524758338928222656e+00) (36, -1.01927051544189453125e+01) (37, 1.14089798927307128906e+00) (38, 5.13993978500366210938e+00) (39, -8.79053711891174316406e-01) (40, -7.67057180404663085938e+00) (41, -1.30586404800415039062e+01) (42, 5.78340113162994384766e-01) (43, 4.16162347793579101562e+00) (44, -1.17464482784271240234e+00) (45, 5.36164999008178710938e+00) (46, -7.92148056030273437500e+01) (47, 1.86847343444824218750e+01) (48, -1.01471319198608398438e+01) (49, 5.23967170715332031250e+00) (50, 9.63679122924804687500e+00) (51, -1.84442932128906250000e+02) (52, -4.11995935440063476562e+00) (53, 1.24197711944580078125e+01) (54, -3.23722839355468750000e+01) (55, -5.43246698379516601562e+00) (56, -5.24640750885009765625e+00) (57, -1.67753658294677734375e+01) (58, 9.12663555145263671875e+00) (59, 2.60450839996337890625e+00) (60, 1.25638291239738464355e-01) (61, -2.92876935005187988281e+00) (62, 1.18874006271362304688e+01) (63, 1.61788593977689743042e-02) (64, -4.16649818420410156250e-01) (65, -2.22361057996749877930e-01) (66, -6.18221139907836914062e+00) (67, -1.23403286933898925781e+00) (68, -6.42214918136596679688e+00) (69, 3.97952771186828613281e+00) (70, -9.03324508666992187500e+00) (71, -1.04705047607421875000e+00) (72, 1.49263525009155273438e+01) (73, 1.66419391632080078125e+01) (74, -3.48385071754455566406e+00) (75, 8.53138828277587890625e+00) (76, 3.75403523445129394531e+00) (77, -4.77375805377960205078e-01) (78, -9.30604553222656250000e+00) (79, 1.97732486724853515625e+01) (80, 6.69343996047973632812e+00) (81, 1.04261693954467773438e+01) (82, -1.70190274715423583984e+00) (83, -2.08383822441101074219e+00) (84, -4.08553695678710937500e+00) (85, 1.95514202117919921875e+00) (86, -2.00982272624969482422e-01) (87, -2.29072723388671875000e+01) (88, 3.01329895019531250000e+02) (89, 1.65916693210601806641e+00) (90, 1.71652841567993164062e+00) (91, 1.11385941505432128906e+00) (92, 1.98500204086303710938e+00) (93, -1.19889032840728759766e+00) (94, -1.31019353866577148438e+00) (95, 4.13232505321502685547e-01) (96, -1.48735599517822265625e+01) (97, 3.59258723258972167969e+00) (98, 4.64648818969726562500e+00) (99, -3.52638673782348632812e+00) (100, -1.81994068622589111328e+00) (101, -7.52528846263885498047e-01) (102, 4.98452301025390625000e+02) (103, 1.33475339412689208984e+00) (104, 6.19188642501831054688e+00) (0, -1.50000000000000000000e+03) (1, -1.49953967285156250000e+03) (2, -1.42738464355468750000e+03) (3, 1.49996691894531250000e+03) (4, -1.49999707031250000000e+03) (5, -1.45882641601562500000e+03) (6, 1.33550549316406250000e+03) (7, -1.49999780273437500000e+03) (8, -1.49945458984375000000e+03) (9, -1.49999865722656250000e+03) (10, 1.50000000000000000000e+03) (11, 1.47939514160156250000e+03) (12, 1.50000000000000000000e+03) (13, 1.50000000000000000000e+03) (14, 1.50000000000000000000e+03) (15, -1.49999865722656250000e+03) (16, -1.49070153808593750000e+03) (17, -1.49995166015625000000e+03) (18, -1.50000000000000000000e+03) (19, -1.49999841308593750000e+03) (20, -1.49999450683593750000e+03) (21, -1.50000000000000000000e+03) (22, -1.49167065429687500000e+03) (23, -1.50000000000000000000e+03) (24, -1.50000000000000000000e+03) (25, -1.49920288085937500000e+03) (26, -1.48721520996093750000e+03) (27, -1.45319042968750000000e+03) (28, -1.50000000000000000000e+03) (29, -1.30631774902343750000e+03) (30, 1.49999987792968750000e+03) (31, -1.49997607421875000000e+03) (32, 1.50000000000000000000e+03) (33, -1.49999743652343750000e+03) (34, -1.49913024902343750000e+03) (35, 1.50000000000000000000e+03) (36, 1.50000000000000000000e+03) (37, 1.50000000000000000000e+03) (38, 1.50000000000000000000e+03) (39, 1.50000000000000000000e+03) (40, 1.50000000000000000000e+03) (41, 1.50000000000000000000e+03) (42, -1.13201855468750000000e+03) (43, -1.49540991210937500000e+03) (44, -1.45319042968750000000e+03) (45, -1.45319042968750000000e+03) (46, -1.50000000000000000000e+03) (47, -1.50000000000000000000e+03) (48, -1.49920312500000000000e+03) (49, -1.50000000000000000000e+03) (50, -1.50000000000000000000e+03) (51, -1.50000000000000000000e+03) (52, -1.50000000000000000000e+03) (53, -1.47048559570312500000e+03) (54, -1.48898388671875000000e+03) (55, -1.49855419921875000000e+03) (56, -1.23183728027343750000e+03) (57, 1.49999987792968750000e+03) (58, -1.49540991210937500000e+03) (59, 1.49999987792968750000e+03) (60, -1.48898388671875000000e+03) (61, -1.49849401855468750000e+03) (62, -1.43022009277343750000e+03) (63, -1.49540991210937500000e+03) (64, -5.16699035644531250000e+02) (65, -1.45874975585937500000e+03) (66, 1.49999206542968750000e+03) (67, 1.50000000000000000000e+03) (68, 1.49999987792968750000e+03) (69, -1.33931774902343750000e+03) (70, -1.49232434082031250000e+03) (71, -1.44948522949218750000e+03) (72, -1.49999938964843750000e+03) (73, -1.42340222167968750000e+03) (74, -1.41093750000000000000e+03) (75, -1.49607128906250000000e+03) (76, -1.49999951171875000000e+03) (77, -1.49641674804687500000e+03) (78, 1.50000000000000000000e+03) (79, -1.45319042968750000000e+03) (80, -1.49540991210937500000e+03) (81, -1.49540991210937500000e+03) (82, -1.49999865722656250000e+03) (83, -1.49275561523437500000e+03) (84, -1.47070446777343750000e+03) (85, -1.48770227050781250000e+03) (86, -1.49808728027343750000e+03) (87, -1.48680895996093750000e+03) (88, -1.48898388671875000000e+03) (89, -1.50000000000000000000e+03) (90, -1.49540991210937500000e+03) (91, -1.50000000000000000000e+03) (92, -1.49631835937500000000e+03) (93, -1.49869714355468750000e+03) (94, -1.47952661132812500000e+03) (95, -1.49999938964843750000e+03) (96, 3.07067394256591796875e+00) (97, -1.49999963378906250000e+03) (98, -1.49987878417968750000e+03) (99, -1.49153991699218750000e+03) (100, -2.49300217628479003906e+00) (101, -1.49999951171875000000e+03) (102, -1.37088830566406250000e+03) (103, 1.45458776855468750000e+03) (104, 4.88992422819137573242e-01) (0, -3.38826346397399902344e+00) (1, 1.91476643085479736328e+00) (2, -4.28275966644287109375e+00) (3, 5.89374971389770507812e+00) (4, -2.23774552345275878906e+00) (5, 6.44597232341766357422e-01) (6, -2.15213990211486816406e+00) (7, -1.77098000049591064453e+00) (8, -4.90637570619583129883e-01) (9, 1.39298188686370849609e+00) (10, -2.42234539985656738281e+00) (11, 1.91807612776756286621e-01) (12, 7.17331743240356445312e+00) (13, -3.84025907516479492188e+00) (14, 5.40915107727050781250e+00) (15, -1.21305644512176513672e+00) (16, 2.97959256172180175781e+00) (17, -1.93898642063140869141e+00) (18, 2.10895776748657226562e+00) (19, 2.01610803604125976562e+00) (20, -5.56907606124877929688e+00) (21, 6.45704936981201171875e+00) (22, 1.01513721048831939697e-01) (23, -2.21649336814880371094e+00) (24, 1.55725872516632080078e+00) (25, 3.84606647491455078125e+00) (26, 1.66004300117492675781e+00) (27, -3.70675873756408691406e+00) (28, -1.09096908569335937500e+00) (29, -3.66044616699218750000e+00) (30, 1.25772404670715332031e+00) (31, -2.87274384498596191406e+00) (32, 3.27283525466918945312e+00) (33, 2.12634849548339843750e+00) (34, 1.10230052471160888672e+00) (35, 2.93648052215576171875e+00) (36, -1.65345931053161621094e+00) (37, -1.04653990268707275391e+00) (38, 2.02133488655090332031e+00) (39, 2.83954054117202758789e-01) (40, -2.29905152320861816406e+00) (41, -7.05066144466400146484e-01) (42, -4.84840440750122070312e+00) (43, 5.48623180389404296875e+00) (44, -5.78937005996704101562e+00) (45, 4.19191884994506835938e+00) (46, 3.00032794475555419922e-01) (47, -7.39635944366455078125e-01) (48, -5.01647424697875976562e+00) (49, -4.50074577331542968750e+00) (50, 6.62673637270927429199e-02) (51, -3.27069616317749023438e+00) (52, -4.89648389816284179688e+00) (53, -3.68325448036193847656e+00) (54, -4.72773027420043945312e+00) (55, -2.21453785896301269531e+00) (56, -3.81362128257751464844e+00) (57, -7.74399459362030029297e-01) (58, 4.67026472091674804688e+00) (59, 1.02874584197998046875e+01) (60, 3.37621974945068359375e+00) (61, -6.51623487472534179688e+00) (62, -4.59297275543212890625e+00) (63, -1.86143910884857177734e+00) (64, -7.10556459426879882812e+00) (65, -4.89621192216873168945e-01) (66, -3.73886615037918090820e-01) (67, 1.43227130174636840820e-01) (68, 4.12782222032546997070e-01) (69, 2.23856520652770996094e+00) (70, -2.94139909744262695312e+00) (71, 2.36936092376708984375e+00) (72, 5.36777019500732421875e+00) (73, 5.00150442123413085938e-01) (74, 3.25034465640783309937e-03) (75, 1.97091531753540039062e+00) (76, -2.82882022857666015625e+00) (77, 2.64306259155273437500e+00) (78, -2.21778321266174316406e+00) (79, 5.96241652965545654297e-01) (80, 4.70459079742431640625e+00) (81, 2.79846572875976562500e+00) (82, -1.52080380916595458984e+00) (83, -1.74212348461151123047e+00) (84, 1.97432720661163330078e+00) (85, 1.11096441745758056641e+00) (86, -1.86514770984649658203e+00) (87, -1.50592434406280517578e+00) (88, 2.87788093090057373047e-01) (89, -5.24056386947631835938e+00) (90, 1.90275096893310546875e+00) (91, -2.84427672624588012695e-01) (92, 8.49639356136322021484e-01) (93, 1.26825392246246337891e+00) (94, -1.17399409413337707520e-01) (95, 4.23953390121459960938e+00) (96, -1.79957294464111328125e+00) (97, -1.52532112598419189453e+00) (98, -4.34129810333251953125e+00) (99, 2.12373399734497070312e+00) (100, 9.26361799240112304688e-01) (101, 2.38443279266357421875e+00) (102, 5.28662109375000000000e+02) (103, 5.20828796386718750000e+02) (104, 3.35142540931701660156e+00) (0, -1.50000000000000000000e+03) (1, -1.49923498535156250000e+03) (2, -1.48987780761718750000e+03) (3, 1.14441442871093750000e+03) (4, -1.48330627441406250000e+03) (5, -1.49927380371093750000e+03) (6, -1.46814526367187500000e+03) (7, -1.49995166015625000000e+03) (8, -1.49573937988281250000e+03) (9, -1.48531884765625000000e+03) (10, -1.47422766113281250000e+03) (11, -1.46853552246093750000e+03) (12, 3.92964904785156250000e+02) (13, 1.50000000000000000000e+03) (14, 1.40913586425781250000e+03) (15, -1.48463537597656250000e+03) (16, -1.49999328613281250000e+03) (17, -1.48533642578125000000e+03) (18, -1.49997851562500000000e+03) (19, -1.33934899902343750000e+03) (20, -1.49042150878906250000e+03) (21, -1.49996508789062500000e+03) (22, -1.49390759277343750000e+03) (23, -1.50000000000000000000e+03) (24, -1.50000000000000000000e+03) (25, 1.40101123046875000000e+03) (26, 1.20679760742187500000e+03) (27, -1.49999853515625000000e+03) (28, -1.50000000000000000000e+03) (29, 1.01800347900390625000e+03) (30, 1.08839160156250000000e+03) (31, -1.41380224609375000000e+03) (32, 1.50000000000000000000e+03) (33, -1.47385839843750000000e+03) (34, -7.65344333648681640625e+00) (35, 1.50000000000000000000e+03) (36, 3.57218971252441406250e+01) (37, 1.50000000000000000000e+03) (38, 7.86250793457031250000e+02) (39, 1.50000000000000000000e+03) (40, 1.50000000000000000000e+03) (41, 1.50000000000000000000e+03) (42, 1.32263500976562500000e+03) (43, -1.49021020507812500000e+03) (44, 1.39630383300781250000e+03) (45, 1.48989782714843750000e+03) (46, -1.50000000000000000000e+03) (47, -1.10349864959716796875e+01) (48, 1.45363671875000000000e+03) (49, -1.49998339843750000000e+03) (50, -1.50000000000000000000e+03) (51, -1.50000000000000000000e+03) (52, -1.50000000000000000000e+03) (53, -1.49999536132812500000e+03) (54, -7.65053955078125000000e+02) (55, -1.44794653320312500000e+03) (56, 1.43787316894531250000e+03) (57, -1.42674609375000000000e+03) (58, -1.49999755859375000000e+03) (59, -1.24105383300781250000e+03) (60, 1.45095166015625000000e+03) (61, -1.45411950683593750000e+03) (62, 1.48258959960937500000e+03) (63, 1.44494323730468750000e+03) (64, -1.49121142578125000000e+03) (65, 1.49999414062500000000e+03) (66, 1.50000000000000000000e+03) (67, 1.49999987792968750000e+03) (68, -1.41993884277343750000e+03) (69, -1.49944482421875000000e+03) (70, 1.50000000000000000000e+03) (71, 1.45454833984375000000e+03) (72, -1.49998620605468750000e+03) (73, 1.49860656738281250000e+03) (74, 1.45267211914062500000e+03) (75, 1.39393139648437500000e+03) (76, 1.53464670181274414062e+01) (77, 1.43332714843750000000e+03) (78, -6.09515075683593750000e+02) (79, 1.49258508300781250000e+03) (80, 1.49704687500000000000e+03) (81, 1.47061230468750000000e+03) (82, 3.97022705078125000000e+02) (83, -1.35044409179687500000e+03) (84, 1.49798266601562500000e+03) (85, 1.49563867187500000000e+03) (86, 9.64080139160156250000e+02) (87, 1.49857958984375000000e+03) (88, -1.49992382812500000000e+03) (89, -1.49998681640625000000e+03) (90, 1.49266162109375000000e+03) (91, -1.49900781250000000000e+03) (92, 1.49990332031250000000e+03) (93, 1.49226708984375000000e+03) (94, 1.49911218261718750000e+03) (95, 1.49705285644531250000e+03) (96, 1.46233880519866943359e+00) (97, 1.49880786132812500000e+03) (98, 1.49466662597656250000e+03) (99, 1.48769702148437500000e+03) (100, 4.00606353759765625000e+02) (101, 1.49957824707031250000e+03) (102, -1.49985205078125000000e+03) (103, 1.49999511718750000000e+03) (104, -3.75140935182571411133e-01) (0, -1.49566674804687500000e+03) (1, -1.49979797363281250000e+03) (2, -1.46539465332031250000e+03) (3, 4.83342956542968750000e+02) (4, 1.09591320800781250000e+03) (5, 1.47697412109375000000e+03) (6, -8.86732360839843750000e+02) (7, -1.07886206054687500000e+03) (8, 1.43647277832031250000e+03) (9, 1.49994287109375000000e+03) (10, 1.12877075195312500000e+03) (11, -1.47138757324218750000e+03) (12, 1.41365905761718750000e+03) (13, 1.50000000000000000000e+03) (14, -4.72037322998046875000e+02) (15, 1.49998400878906250000e+03) (16, -1.49701452636718750000e+03) (17, 1.49997119140625000000e+03) (18, -1.50000000000000000000e+03) (19, 1.49986657714843750000e+03) (20, 1.49968408203125000000e+03) (21, -1.50000000000000000000e+03) (22, 5.82295776367187500000e+02) (23, -1.50000000000000000000e+03) (24, -1.50000000000000000000e+03) (25, 1.41398193359375000000e+03) (26, 1.49568518066406250000e+03) (27, -1.49453442382812500000e+03) (28, -1.50000000000000000000e+03) (29, -4.36669502258300781250e+01) (30, -5.10472290039062500000e+02) (31, 1.50000000000000000000e+03) (32, 1.50000000000000000000e+03) (33, 1.49998791503906250000e+03) (34, 1.49941210937500000000e+03) (35, 1.50000000000000000000e+03) (36, 1.50000000000000000000e+03) (37, 1.50000000000000000000e+03) (38, 1.50000000000000000000e+03) (39, 1.50000000000000000000e+03) (40, 1.50000000000000000000e+03) (41, 1.50000000000000000000e+03) (42, 1.32311694335937500000e+03) (43, -5.36963256835937500000e+02) (44, -1.48887683105468750000e+03) (45, -1.48688208007812500000e+03) (46, -1.50000000000000000000e+03) (47, -1.50000000000000000000e+03) (48, 1.48816198730468750000e+03) (49, -1.50000000000000000000e+03) (50, -1.50000000000000000000e+03) (51, -1.50000000000000000000e+03) (52, -1.50000000000000000000e+03) (53, -1.45242553710937500000e+03) (54, -1.48670922851562500000e+03) (55, -1.89987701416015625000e+02) (56, 1.43650415039062500000e+03) (57, -1.49939953613281250000e+03) (58, -1.49680554199218750000e+03) (59, -1.49977819824218750000e+03) (60, -1.33710900878906250000e+03) (61, -1.49688854980468750000e+03) (62, 1.47826611328125000000e+03) (63, -1.43933874511718750000e+03) (64, -1.49999023437500000000e+03) (65, 1.49983276367187500000e+03) (66, -3.54967132568359375000e+02) (67, -1.41748254394531250000e+03) (68, -1.49891210937500000000e+03) (69, -1.49992565917968750000e+03) (70, 1.49984985351562500000e+03) (71, 1.49976318359375000000e+03) (72, -1.39314697265625000000e+03) (73, 1.46055200195312500000e+03) (74, 1.48187536621093750000e+03) (75, 1.41194726562500000000e+03) (76, 1.47612622070312500000e+03) (77, -9.67752868652343750000e+02) (78, -1.32131945800781250000e+03) (79, -1.49874743652343750000e+03) (80, 1.58168701171875000000e+02) (81, 7.88105407714843750000e+02) (82, 1.49812731933593750000e+03) (83, -1.22276818847656250000e+03) (84, 1.49878161621093750000e+03) (85, -1.49855810546875000000e+03) (86, 4.36978149414062500000e+02) (87, 1.49977392578125000000e+03) (88, -1.20644848632812500000e+03) (89, -1.49996240234375000000e+03) (90, -3.47708892822265625000e+02) (91, -1.49700024414062500000e+03) (92, 1.49879382324218750000e+03) (93, 5.12768432617187500000e+02) (94, 1.49880371093750000000e+03) (95, 1.49991198730468750000e+03) (96, 8.66431415081024169922e-01) (97, 1.49986816406250000000e+03) (98, 1.49991638183593750000e+03) (99, 1.48749108886718750000e+03) (100, 4.00258911132812500000e+02) (101, 1.49880407714843750000e+03) (102, -1.49893896484375000000e+03) (103, 1.49974389648437500000e+03) (104, 4.79806168004870414734e-03) (0, -1.50000000000000000000e+03) (1, -1.49953967285156250000e+03) (2, -1.42738464355468750000e+03) (3, 1.49996691894531250000e+03) (4, -1.49999707031250000000e+03) (5, -1.45882641601562500000e+03) (6, 1.33550549316406250000e+03) (7, -1.49999780273437500000e+03) (8, -1.49945458984375000000e+03) (9, -1.49999865722656250000e+03) (10, 1.50000000000000000000e+03) (11, 1.47939514160156250000e+03) (12, 1.50000000000000000000e+03) (13, 1.50000000000000000000e+03) (14, 1.50000000000000000000e+03) (15, -1.49999865722656250000e+03) (16, -1.49070153808593750000e+03) (17, -1.49995166015625000000e+03) (18, -1.50000000000000000000e+03) (19, -1.49999841308593750000e+03) (20, -1.49999450683593750000e+03) (21, -1.50000000000000000000e+03) (22, -1.49167065429687500000e+03) (23, -1.50000000000000000000e+03) (24, -1.50000000000000000000e+03) (25, -1.49920288085937500000e+03) (26, -1.48721520996093750000e+03) (27, -1.45319042968750000000e+03) (28, -1.50000000000000000000e+03) (29, -1.30631774902343750000e+03) (30, 1.49999987792968750000e+03) (31, -1.49997607421875000000e+03) (32, 1.50000000000000000000e+03) (33, -1.49999743652343750000e+03) (34, -1.49913024902343750000e+03) (35, 1.50000000000000000000e+03) (36, 1.50000000000000000000e+03) (37, 1.50000000000000000000e+03) (38, 1.50000000000000000000e+03) (39, 1.50000000000000000000e+03) (40, 1.50000000000000000000e+03) (41, 1.50000000000000000000e+03) (42, -1.13203088378906250000e+03) (43, -1.49540991210937500000e+03) (44, -1.45319042968750000000e+03) (45, -1.45319042968750000000e+03) (46, -1.50000000000000000000e+03) (47, -1.50000000000000000000e+03) (48, -1.49920312500000000000e+03) (49, -1.50000000000000000000e+03) (50, -1.50000000000000000000e+03) (51, -1.50000000000000000000e+03) (52, -1.50000000000000000000e+03) (53, -1.47048559570312500000e+03) (54, -1.48898388671875000000e+03) (55, -1.49855419921875000000e+03) (56, -1.23183728027343750000e+03) (57, 1.49999987792968750000e+03) (58, -1.49540991210937500000e+03) (59, 1.49999987792968750000e+03) (60, -1.48898388671875000000e+03) (61, -1.49849401855468750000e+03) (62, -1.43022009277343750000e+03) (63, -1.49540991210937500000e+03) (64, -5.16699035644531250000e+02) (65, -1.45874975585937500000e+03) (66, 1.49999206542968750000e+03) (67, 1.50000000000000000000e+03) (68, 1.49999987792968750000e+03) (69, -1.33931774902343750000e+03) (70, -1.49232434082031250000e+03) (71, -1.44948522949218750000e+03) (72, -1.49999938964843750000e+03) (73, -1.42340222167968750000e+03) (74, -1.41093750000000000000e+03) (75, -1.49607128906250000000e+03) (76, -1.49999951171875000000e+03) (77, -1.49641674804687500000e+03) (78, 1.50000000000000000000e+03) (79, -1.45319042968750000000e+03) (80, -1.49540991210937500000e+03) (81, -1.49540991210937500000e+03) (82, -1.49999865722656250000e+03) (83, -1.49275561523437500000e+03) (84, -1.47070446777343750000e+03) (85, -1.48770227050781250000e+03) (86, -1.49808728027343750000e+03) (87, -1.48680895996093750000e+03) (88, -1.48898388671875000000e+03) (89, -1.50000000000000000000e+03) (90, -1.49540991210937500000e+03) (91, -1.50000000000000000000e+03) (92, -1.49631835937500000000e+03) (93, -1.49869714355468750000e+03) (94, -1.47952661132812500000e+03) (95, -1.49999938964843750000e+03) (96, 4.45201635360717773438e+00) (97, -1.49999963378906250000e+03) (98, -1.49987878417968750000e+03) (99, -1.49153991699218750000e+03) (100, -1.35889828205108642578e+00) (101, -1.49999951171875000000e+03) (102, -1.37088830566406250000e+03) (103, 1.45458776855468750000e+03) (104, 1.16833770275115966797e+00) (0, -1.35509729003906250000e+03) (1, -1.47854370117187500000e+03) (2, -1.49854492187500000000e+03) (3, 1.16866223144531250000e+03) (4, 1.50000000000000000000e+03) (5, 1.47532666015625000000e+03) (6, -8.77268920898437500000e+02) (7, -1.49738464355468750000e+03) (8, 1.89602996826171875000e+02) (9, 1.49624548339843750000e+03) (10, 1.50000000000000000000e+03) (11, -1.47542053222656250000e+03) (12, 1.49656958007812500000e+03) (13, 1.50000000000000000000e+03) (14, -1.89087509155273437500e+02) (15, 1.49909570312500000000e+03) (16, -1.46381506347656250000e+03) (17, 1.48216894531250000000e+03) (18, -1.49995629882812500000e+03) (19, 1.48675830078125000000e+03) (20, -1.49737829589843750000e+03) (21, -1.49995629882812500000e+03) (22, -1.49350146484375000000e+03) (23, -1.50000000000000000000e+03) (24, -1.50000000000000000000e+03) (25, -1.44299243164062500000e+03) (26, 1.15664404296875000000e+03) (27, -1.49996997070312500000e+03) (28, -1.50000000000000000000e+03) (29, 8.98242492675781250000e+02) (30, 8.80770019531250000000e+02) (31, 1.27743164062500000000e+03) (32, -5.21911193847656250000e+02) (33, 1.49033569335937500000e+03) (34, -1.07974267578125000000e+03) (35, 1.50000000000000000000e+03) (36, 1.50000000000000000000e+03) (37, 4.36229949951171875000e+02) (38, 1.50000000000000000000e+03) (39, 4.74312225341796875000e+02) (40, 1.50000000000000000000e+03) (41, 1.50000000000000000000e+03) (42, 1.32395007324218750000e+03) (43, 1.38044873046875000000e+03) (44, -1.48528723144531250000e+03) (45, -1.49999938964843750000e+03) (46, -1.50000000000000000000e+03) (47, -1.50000000000000000000e+03) (48, -8.55956420898437500000e+02) (49, -1.49998632812500000000e+03) (50, -1.50000000000000000000e+03) (51, -1.50000000000000000000e+03) (52, -1.50000000000000000000e+03) (53, -1.26197265625000000000e+03) (54, -1.12900537109375000000e+03) (55, -7.78701965332031250000e+02) (56, 1.43679187011718750000e+03) (57, -1.38263854980468750000e+03) (58, -1.49085644531250000000e+03) (59, -1.42246826171875000000e+03) (60, -1.49801635742187500000e+03) (61, -1.40335485839843750000e+03) (62, 1.47679589843750000000e+03) (63, 1.44518518066406250000e+03) (64, -1.38335339355468750000e+03) (65, 1.49998510742187500000e+03) (66, -1.05840136718750000000e+03) (67, -1.31302282714843750000e+03) (68, -1.37579870605468750000e+03) (69, -1.48745312500000000000e+03) (70, 1.49999975585937500000e+03) (71, 1.49999975585937500000e+03) (72, -1.43589892578125000000e+03) (73, 1.46006909179687500000e+03) (74, 1.48253881835937500000e+03) (75, -7.60106872558593750000e+02) (76, 1.47303466796875000000e+03) (77, -1.31925781250000000000e+02) (78, -1.47953588867187500000e+03) (79, 1.48144592285156250000e+03) (80, -4.40956383943557739258e-01) (81, -1.43606079101562500000e+03) (82, 1.49863964843750000000e+03) (83, -1.49353869628906250000e+03) (84, 1.49997326660156250000e+03) (85, 1.49346374511718750000e+03) (86, -1.48854113769531250000e+03) (87, 1.49999902343750000000e+03) (88, -1.48977221679687500000e+03) (89, -1.50000000000000000000e+03) (90, 1.49537426757812500000e+03) (91, -1.50000000000000000000e+03) (92, 1.49997229003906250000e+03) (93, -1.43850378417968750000e+03) (94, 1.49998486328125000000e+03) (95, 1.49953417968750000000e+03) (96, 1.43303167819976806641e+00) (97, 1.49985876464843750000e+03) (98, 1.49745251464843750000e+03) (99, 1.48840258789062500000e+03) (100, 4.01613342285156250000e+02) (101, 1.49997680664062500000e+03) (102, -1.49959948730468750000e+03) (103, 1.49999743652343750000e+03) (104, -3.72614115476608276367e-01) (0, -1.50000000000000000000e+03) (1, -1.49953967285156250000e+03) (2, -1.42738464355468750000e+03) (3, 1.49996691894531250000e+03) (4, -1.49999707031250000000e+03) (5, -1.45882641601562500000e+03) (6, 1.33550549316406250000e+03) (7, -1.49999780273437500000e+03) (8, -1.49945458984375000000e+03) (9, -1.49999865722656250000e+03) (10, 1.50000000000000000000e+03) (11, 1.47939514160156250000e+03) (12, 1.50000000000000000000e+03) (13, 1.50000000000000000000e+03) (14, 1.50000000000000000000e+03) (15, -1.49999865722656250000e+03) (16, -1.49070153808593750000e+03) (17, -1.49995166015625000000e+03) (18, -1.50000000000000000000e+03) (19, -1.49999841308593750000e+03) (20, -1.49999450683593750000e+03) (21, -1.50000000000000000000e+03) (22, -1.49167065429687500000e+03) (23, -1.50000000000000000000e+03) (24, -1.50000000000000000000e+03) (25, -1.49920288085937500000e+03) (26, -1.48721520996093750000e+03) (27, -1.45319042968750000000e+03) (28, -1.50000000000000000000e+03) (29, -1.30631774902343750000e+03) (30, 1.49999987792968750000e+03) (31, -1.49997607421875000000e+03) (32, 1.50000000000000000000e+03) (33, -1.49999743652343750000e+03) (34, -1.49913024902343750000e+03) (35, 1.50000000000000000000e+03) (36, 1.50000000000000000000e+03) (37, 1.50000000000000000000e+03) (38, 1.50000000000000000000e+03) (39, 1.50000000000000000000e+03) (40, 1.50000000000000000000e+03) (41, 1.50000000000000000000e+03) (42, -1.13203088378906250000e+03) (43, -1.49540991210937500000e+03) (44, -1.45319042968750000000e+03) (45, -1.45319042968750000000e+03) (46, -1.50000000000000000000e+03) (47, -1.50000000000000000000e+03) (48, -1.49920312500000000000e+03) (49, -1.50000000000000000000e+03) (50, -1.50000000000000000000e+03) (51, -1.50000000000000000000e+03) (52, -1.50000000000000000000e+03) (53, -1.47048559570312500000e+03) (54, -1.48898388671875000000e+03) (55, -1.49855419921875000000e+03) (56, -1.23183728027343750000e+03) (57, 1.49999987792968750000e+03) (58, -1.49540991210937500000e+03) (59, 1.49999987792968750000e+03) (60, -1.48898388671875000000e+03) (61, -1.49849401855468750000e+03) (62, -1.43022009277343750000e+03) (63, -1.49540991210937500000e+03) (64, -5.16699035644531250000e+02) (65, -1.45874975585937500000e+03) (66, 1.49999206542968750000e+03) (67, 1.50000000000000000000e+03) (68, 1.49999987792968750000e+03) (69, -1.33931774902343750000e+03) (70, -1.49232434082031250000e+03) (71, -1.44948522949218750000e+03) (72, -1.49999938964843750000e+03) (73, -1.42340222167968750000e+03) (74, -1.41093750000000000000e+03) (75, -1.49607128906250000000e+03) (76, -1.49999951171875000000e+03) (77, -1.49641674804687500000e+03) (78, 1.50000000000000000000e+03) (79, -1.45319042968750000000e+03) (80, -1.49540991210937500000e+03) (81, -1.49540991210937500000e+03) (82, -1.49999865722656250000e+03) (83, -1.49275561523437500000e+03) (84, -1.47070446777343750000e+03) (85, -1.48770227050781250000e+03) (86, -1.49808728027343750000e+03) (87, -1.48680895996093750000e+03) (88, -1.48898388671875000000e+03) (89, -1.50000000000000000000e+03) (90, -1.49540991210937500000e+03) (91, -1.50000000000000000000e+03) (92, -1.49631835937500000000e+03) (93, -1.49869714355468750000e+03) (94, -1.47952661132812500000e+03) (95, -1.49999938964843750000e+03) (96, 1.50594604015350341797e+00) (97, -1.49999963378906250000e+03) (98, -1.49987878417968750000e+03) (99, -1.49153991699218750000e+03) (100, -2.69586853027343750000e+02) (101, -1.49999951171875000000e+03) (102, -1.37088830566406250000e+03) (103, 1.45458776855468750000e+03) (104, 1.38766646385192871094e+00) (0, -1.49359472656250000000e+03) (1, 1.49998620605468750000e+03) (2, 1.49999963378906250000e+03) (3, -1.46564550781250000000e+03) (4, -1.49017065429687500000e+03) (5, 1.49997973632812500000e+03) (6, -1.04936523437500000000e+03) (7, 1.44549548339843750000e+03) (8, 1.49999731445312500000e+03) (9, 1.49525366210937500000e+03) (10, -1.37424316406250000000e+03) (11, -1.39699768066406250000e+03) (12, -1.47826770019531250000e+03) (13, 1.50000000000000000000e+03) (14, -7.83949768066406250000e+02) (15, 1.49973876953125000000e+03) (16, -1.49998583984375000000e+03) (17, 1.49299572753906250000e+03) (18, -1.38348608398437500000e+03) (19, 1.49892236328125000000e+03) (20, 1.39197607421875000000e+03) (21, -1.49995275878906250000e+03) (22, -1.35691088867187500000e+03) (23, -1.50000000000000000000e+03) (24, -1.50000000000000000000e+03) (25, 1.49487695312500000000e+03) (26, 1.49964868164062500000e+03) (27, -1.49997253417968750000e+03) (28, -1.49990991210937500000e+03) (29, 1.49999963378906250000e+03) (30, -1.39816455078125000000e+03) (31, 1.49949230957031250000e+03) (32, 1.49999658203125000000e+03) (33, 1.49792504882812500000e+03) (34, 1.43476452636718750000e+03) (35, 1.49999975585937500000e+03) (36, -9.55137573242187500000e+02) (37, 1.49694323730468750000e+03) (38, 1.48787536621093750000e+03) (39, 1.49998083496093750000e+03) (40, 1.49999157714843750000e+03) (41, 1.49988391113281250000e+03) (42, -3.90722778320312500000e+02) (43, -1.49999804687500000000e+03) (44, -1.49998254394531250000e+03) (45, -1.49998254394531250000e+03) (46, -1.50000000000000000000e+03) (47, -1.46962280273437500000e+03) (48, 1.49896813964843750000e+03) (49, -1.48599548339843750000e+03) (50, -1.41886621093750000000e+03) (51, -1.49903259277343750000e+03) (52, -1.49984106445312500000e+03) (53, -1.49998217773437500000e+03) (54, -1.49826379394531250000e+03) (55, -1.49997534179687500000e+03) (56, -1.20400427246093750000e+03) (57, -1.27725622558593750000e+03) (58, -1.49999951171875000000e+03) (59, -1.20971252441406250000e+03) (60, -1.49999877929687500000e+03) (61, 1.85275817871093750000e+02) (62, 1.46872448730468750000e+03) (63, -1.49999121093750000000e+03) (64, 8.57081787109375000000e+02) (65, 1.49999780273437500000e+03) (66, -1.48650610351562500000e+03) (67, -1.48739318847656250000e+03) (68, -1.47716345214843750000e+03) (69, 1.27380139160156250000e+03) (70, 1.49999963378906250000e+03) (71, 1.49999963378906250000e+03) (72, 1.49969433593750000000e+03) (73, 1.46500146484375000000e+03) (74, 1.49999963378906250000e+03) (75, 1.49999743652343750000e+03) (76, 1.49997705078125000000e+03) (77, 1.46918371582031250000e+03) (78, -1.45861962890625000000e+03) (79, -1.50000000000000000000e+03) (80, 1.49887377929687500000e+03) (81, 1.48894677734375000000e+03) (82, 7.86216796875000000000e+02) (83, -1.49999951171875000000e+03) (84, 1.49998913574218750000e+03) (85, -1.49987915039062500000e+03) (86, -8.75667358398437500000e+02) (87, 1.49999963378906250000e+03) (88, -8.75980224609375000000e+02) (89, -1.49830468750000000000e+03) (90, -1.13396325683593750000e+03) (91, -1.47944763183593750000e+03) (92, 1.49999035644531250000e+03) (93, -1.14089099121093750000e+03) (94, 1.49999792480468750000e+03) (95, 1.49987500000000000000e+03) (96, 1.50316810607910156250e+00) (97, 1.49922851562500000000e+03) (98, 1.49980041503906250000e+03) (99, 1.49980957031250000000e+03) (100, 4.02452880859375000000e+02) (101, 1.49998706054687500000e+03) (102, -1.49871142578125000000e+03) (103, 1.49990954589843750000e+03) (104, -4.75406557321548461914e-01) (0, -1.50000000000000000000e+03) (1, -1.49953967285156250000e+03) (2, -1.42738464355468750000e+03) (3, 1.49996691894531250000e+03) (4, -1.49999707031250000000e+03) (5, -1.45882641601562500000e+03) (6, 1.33550549316406250000e+03) (7, -1.49999780273437500000e+03) (8, -1.49945458984375000000e+03) (9, -1.49999865722656250000e+03) (10, 1.50000000000000000000e+03) (11, 1.47939538574218750000e+03) (12, 1.50000000000000000000e+03) (13, 1.50000000000000000000e+03) (14, 1.50000000000000000000e+03) (15, -1.49999865722656250000e+03) (16, -1.49070153808593750000e+03) (17, -1.49995166015625000000e+03) (18, -1.50000000000000000000e+03) (19, -1.49999841308593750000e+03) (20, -1.49999450683593750000e+03) (21, -1.50000000000000000000e+03) (22, -1.49167065429687500000e+03) (23, -1.50000000000000000000e+03) (24, -1.50000000000000000000e+03) (25, -1.49920288085937500000e+03) (26, -1.48721520996093750000e+03) (27, -1.45319042968750000000e+03) (28, -1.50000000000000000000e+03) (29, -1.30631774902343750000e+03) (30, 1.49999987792968750000e+03) (31, -1.49997607421875000000e+03) (32, 1.50000000000000000000e+03) (33, -1.49999743652343750000e+03) (34, -1.49913024902343750000e+03) (35, 1.50000000000000000000e+03) (36, 1.50000000000000000000e+03) (37, 1.50000000000000000000e+03) (38, 1.50000000000000000000e+03) (39, 1.50000000000000000000e+03) (40, 1.50000000000000000000e+03) (41, 1.50000000000000000000e+03) (42, -1.13201855468750000000e+03) (43, -1.49540991210937500000e+03) (44, -1.45319042968750000000e+03) (45, -1.45319042968750000000e+03) (46, -1.50000000000000000000e+03) (47, -1.50000000000000000000e+03) (48, -1.49920312500000000000e+03) (49, -1.50000000000000000000e+03) (50, -1.50000000000000000000e+03) (51, -1.50000000000000000000e+03) (52, -1.50000000000000000000e+03) (53, -1.47048559570312500000e+03) (54, -1.48898388671875000000e+03) (55, -1.49855419921875000000e+03) (56, -1.23183728027343750000e+03) (57, 1.49999987792968750000e+03) (58, -1.49540991210937500000e+03) (59, 1.49999987792968750000e+03) (60, -1.48898388671875000000e+03) (61, -1.49849401855468750000e+03) (62, -1.43022009277343750000e+03) (63, -1.49540991210937500000e+03) (64, -5.16699035644531250000e+02) (65, -1.45874975585937500000e+03) (66, 1.49999206542968750000e+03) (67, 1.50000000000000000000e+03) (68, 1.49999987792968750000e+03) (69, -1.33931774902343750000e+03) (70, -1.49232434082031250000e+03) (71, -1.44948522949218750000e+03) (72, -1.49999938964843750000e+03) (73, -1.42340222167968750000e+03) (74, -1.41093750000000000000e+03) (75, -1.49647216796875000000e+03) (76, -1.49999951171875000000e+03) (77, -1.49641674804687500000e+03) (78, 1.50000000000000000000e+03) (79, -1.45319042968750000000e+03) (80, -1.49540991210937500000e+03) (81, -1.49540991210937500000e+03) (82, -1.49999865722656250000e+03) (83, -1.49275561523437500000e+03) (84, -1.47070446777343750000e+03) (85, -1.48770227050781250000e+03) (86, -1.49808728027343750000e+03) (87, -1.48680895996093750000e+03) (88, -1.48898388671875000000e+03) (89, -1.50000000000000000000e+03) (90, -1.49540991210937500000e+03) (91, -1.50000000000000000000e+03) (92, -1.49631835937500000000e+03) (93, -1.49869714355468750000e+03) (94, -1.47952661132812500000e+03) (95, -1.49999938964843750000e+03) (96, 1.50723254680633544922e+00) (97, -1.49999963378906250000e+03) (98, -1.49987878417968750000e+03) (99, -1.49153991699218750000e+03) (100, -2.69523193359375000000e+02) (101, -1.49999951171875000000e+03) (102, -1.37088830566406250000e+03) (103, 1.45458776855468750000e+03) (104, 1.39422488212585449219e+00) (0, -1.50000000000000000000e+03) (1, -1.48541638183593750000e+03) (2, -1.34570251464843750000e+03) (3, 8.59650451660156250000e+02) (4, -1.35477172851562500000e+03) (5, -1.49917553710937500000e+03) (6, 1.36853161621093750000e+03) (7, -1.49995849609375000000e+03) (8, -1.00759289550781250000e+03) (9, -1.34762634277343750000e+03) (10, 1.49999987792968750000e+03) (11, 9.62101074218750000000e+02) (12, -1.24178601074218750000e+03) (13, 1.50000000000000000000e+03) (14, 1.50000000000000000000e+03) (15, -1.32135351562500000000e+03) (16, -1.49952673339843750000e+03) (17, -1.49999877929687500000e+03) (18, -1.50000000000000000000e+03) (19, -1.33754125976562500000e+03) (20, -1.49999792480468750000e+03) (21, -1.50000000000000000000e+03) (22, -1.28859631347656250000e+03) (23, -1.50000000000000000000e+03) (24, -1.50000000000000000000e+03) (25, 1.48188598632812500000e+03) (26, -9.69038696289062500000e+02) (27, -1.49990917968750000000e+03) (28, -1.50000000000000000000e+03) (29, 1.50000000000000000000e+03) (30, 1.50000000000000000000e+03) (31, -1.49435803222656250000e+03) (32, 1.50000000000000000000e+03) (33, -1.48482019042968750000e+03) (34, -1.49967126464843750000e+03) (35, 1.50000000000000000000e+03) (36, -1.48936481475830078125e+01) (37, 1.50000000000000000000e+03) (38, 1.50000000000000000000e+03) (39, 1.50000000000000000000e+03) (40, 1.50000000000000000000e+03) (41, 1.50000000000000000000e+03) (42, -7.64254989624023437500e+01) (43, -1.49999951171875000000e+03) (44, -1.49999975585937500000e+03) (45, -1.39564062500000000000e+03) (46, -1.50000000000000000000e+03) (47, -1.50000000000000000000e+03) (48, -1.34230383300781250000e+03) (49, -1.50000000000000000000e+03) (50, -1.50000000000000000000e+03) (51, -1.50000000000000000000e+03) (52, -1.50000000000000000000e+03) (53, -1.49999475097656250000e+03) (54, -1.49999914550781250000e+03) (55, -1.49997180175781250000e+03) (56, -1.35211535644531250000e+03) (57, -1.45432507324218750000e+03) (58, -1.49999914550781250000e+03) (59, -1.27531274414062500000e+03) (60, -2.50260848999023437500e+01) (61, -1.49999658203125000000e+03) (62, 1.25348583984375000000e+03) (63, 4.85324516296386718750e+01) (64, -1.49929504394531250000e+03) (65, 1.49999975585937500000e+03) (66, 1.49999975585937500000e+03) (67, 1.50000000000000000000e+03) (68, 1.50000000000000000000e+03) (69, -1.49986975097656250000e+03) (70, 1.50000000000000000000e+03) (71, 1.49951574707031250000e+03) (72, -1.49241577148437500000e+03) (73, 1.41883557128906250000e+03) (74, 1.49999987792968750000e+03) (75, 1.00230395507812500000e+03) (76, 4.36532135009765625000e+02) (77, 1.30891918945312500000e+03) (78, -1.20167553710937500000e+03) (79, 1.41127551269531250000e+03) (80, 1.49637219238281250000e+03) (81, 1.02719702148437500000e+03) (82, 3.63950500488281250000e+02) (83, -1.49999963378906250000e+03) (84, 1.49762597656250000000e+03) (85, 1.48587866210937500000e+03) (86, 7.10711669921875000000e+02) (87, 1.49999975585937500000e+03) (88, -1.49999963378906250000e+03) (89, -1.50000000000000000000e+03) (90, 1.49502832031250000000e+03) (91, -1.50000000000000000000e+03) (92, 1.49999975585937500000e+03) (93, 1.49050158691406250000e+03) (94, 1.49999975585937500000e+03) (95, 1.49931042480468750000e+03) (96, 2.96774411201477050781e+00) (97, 1.49977233886718750000e+03) (98, 1.49706909179687500000e+03) (99, 1.48847338867187500000e+03) (100, 4.01478363037109375000e+02) (101, 1.49999975585937500000e+03) (102, -1.37088830566406250000e+03) (103, 1.45458776855468750000e+03) (104, -1.29990589618682861328e+00) (0, -1.50000000000000000000e+03) (1, -1.49953967285156250000e+03) (2, -1.42738464355468750000e+03) (3, 1.49996691894531250000e+03) (4, -1.49999707031250000000e+03) (5, -1.45882641601562500000e+03) (6, 1.33550549316406250000e+03) (7, -1.49999780273437500000e+03) (8, -1.49945458984375000000e+03) (9, -1.49999865722656250000e+03) (10, 1.50000000000000000000e+03) (11, 1.47939514160156250000e+03) (12, 1.50000000000000000000e+03) (13, 1.50000000000000000000e+03) (14, 1.50000000000000000000e+03) (15, -1.49999865722656250000e+03) (16, -1.49070153808593750000e+03) (17, -1.49995166015625000000e+03) (18, -1.50000000000000000000e+03) (19, -1.49999841308593750000e+03) (20, -1.49999450683593750000e+03) (21, -1.50000000000000000000e+03) (22, -1.49167065429687500000e+03) (23, -1.50000000000000000000e+03) (24, -1.50000000000000000000e+03) (25, -1.49920288085937500000e+03) (26, -1.48721520996093750000e+03) (27, -1.45319042968750000000e+03) (28, -1.50000000000000000000e+03) (29, -1.30631774902343750000e+03) (30, 1.49999987792968750000e+03) (31, -1.49997607421875000000e+03) (32, 1.50000000000000000000e+03) (33, -1.49999743652343750000e+03) (34, -1.49913024902343750000e+03) (35, 1.50000000000000000000e+03) (36, 1.50000000000000000000e+03) (37, 1.50000000000000000000e+03) (38, 1.50000000000000000000e+03) (39, 1.50000000000000000000e+03) (40, 1.50000000000000000000e+03) (41, 1.50000000000000000000e+03) (42, -1.13203088378906250000e+03) (43, -1.49540991210937500000e+03) (44, -1.45319042968750000000e+03) (45, -1.45319042968750000000e+03) (46, -1.50000000000000000000e+03) (47, -1.50000000000000000000e+03) (48, -1.49920312500000000000e+03) (49, -1.50000000000000000000e+03) (50, -1.50000000000000000000e+03) (51, -1.50000000000000000000e+03) (52, -1.50000000000000000000e+03) (53, -1.47048559570312500000e+03) (54, -1.48898388671875000000e+03) (55, -1.49855419921875000000e+03) (56, -1.23183728027343750000e+03) (57, 1.49999987792968750000e+03) (58, -1.49540991210937500000e+03) (59, 1.49999987792968750000e+03) (60, -1.48898388671875000000e+03) (61, -1.49849401855468750000e+03) (62, -1.43022009277343750000e+03) (63, -1.49540991210937500000e+03) (64, -5.16699035644531250000e+02) (65, -1.45874975585937500000e+03) (66, 1.49999206542968750000e+03) (67, 1.50000000000000000000e+03) (68, 1.49999987792968750000e+03) (69, -1.33931774902343750000e+03) (70, -1.49232434082031250000e+03) (71, -1.44948522949218750000e+03) (72, -1.49999938964843750000e+03) (73, -1.42340222167968750000e+03) (74, -1.41093750000000000000e+03) (75, -1.49607128906250000000e+03) (76, -1.49999951171875000000e+03) (77, -1.49641674804687500000e+03) (78, 1.50000000000000000000e+03) (79, -1.45319042968750000000e+03) (80, -1.49540991210937500000e+03) (81, -1.49540991210937500000e+03) (82, -1.49999865722656250000e+03) (83, -1.49275561523437500000e+03) (84, -1.47070446777343750000e+03) (85, -1.48770227050781250000e+03) (86, -1.49808728027343750000e+03) (87, -1.48680895996093750000e+03) (88, -1.48898388671875000000e+03) (89, -1.50000000000000000000e+03) (90, -1.49540991210937500000e+03) (91, -1.50000000000000000000e+03) (92, -1.49631835937500000000e+03) (93, -1.49869714355468750000e+03) (94, -1.47952661132812500000e+03) (95, -1.49999938964843750000e+03) (96, 3.03151369094848632812e+00) (97, -1.49999963378906250000e+03) (98, -1.49987878417968750000e+03) (99, -1.49153991699218750000e+03) (100, 4.21152782440185546875e+00) (101, -1.49999951171875000000e+03) (102, -1.37088830566406250000e+03) (103, 1.45458776855468750000e+03) (104, -3.15980129241943359375e+01) (0, -1.50000000000000000000e+03) (1, -1.49953967285156250000e+03) (2, -1.42738464355468750000e+03) (3, 1.49996691894531250000e+03) (4, -1.49999707031250000000e+03) (5, -1.45882641601562500000e+03) (6, 1.33550549316406250000e+03) (7, -1.49999780273437500000e+03) (8, -1.49945458984375000000e+03) (9, -1.49999865722656250000e+03) (10, 1.50000000000000000000e+03) (11, 1.47939514160156250000e+03) (12, 1.50000000000000000000e+03) (13, 1.50000000000000000000e+03) (14, 1.50000000000000000000e+03) (15, -1.49999865722656250000e+03) (16, -1.49070153808593750000e+03) (17, -1.49995166015625000000e+03) (18, -1.50000000000000000000e+03) (19, -1.49999841308593750000e+03) (20, -1.49999450683593750000e+03) (21, -1.50000000000000000000e+03) (22, -1.49167065429687500000e+03) (23, -1.50000000000000000000e+03) (24, -1.50000000000000000000e+03) (25, -1.49920288085937500000e+03) (26, -1.48721520996093750000e+03) (27, -1.45319042968750000000e+03) (28, -1.50000000000000000000e+03) (29, -1.30631774902343750000e+03) (30, 1.49999987792968750000e+03) (31, -1.49997607421875000000e+03) (32, 1.50000000000000000000e+03) (33, -1.49999743652343750000e+03) (34, -1.49913024902343750000e+03) (35, 1.50000000000000000000e+03) (36, 1.50000000000000000000e+03) (37, 1.50000000000000000000e+03) (38, 1.50000000000000000000e+03) (39, 1.50000000000000000000e+03) (40, 1.50000000000000000000e+03) (41, 1.50000000000000000000e+03) (42, -1.13201904296875000000e+03) (43, -1.49540991210937500000e+03) (44, -1.45319042968750000000e+03) (45, -1.45319042968750000000e+03) (46, -1.50000000000000000000e+03) (47, -1.50000000000000000000e+03) (48, -1.49920312500000000000e+03) (49, -1.50000000000000000000e+03) (50, -1.50000000000000000000e+03) (51, -1.50000000000000000000e+03) (52, -1.50000000000000000000e+03) (53, -1.47048559570312500000e+03) (54, -1.48898388671875000000e+03) (55, -1.49855419921875000000e+03) (56, -1.23183728027343750000e+03) (57, 1.49999987792968750000e+03) (58, -1.49540991210937500000e+03) (59, 1.49999987792968750000e+03) (60, -1.48898388671875000000e+03) (61, -1.49849401855468750000e+03) (62, -1.43022009277343750000e+03) (63, -1.49540991210937500000e+03) (64, -5.16699035644531250000e+02) (65, -1.45874975585937500000e+03) (66, 1.49999206542968750000e+03) (67, 1.50000000000000000000e+03) (68, 1.49999987792968750000e+03) (69, -1.33931774902343750000e+03) (70, -1.49232434082031250000e+03) (71, -1.44948522949218750000e+03) (72, -1.49999938964843750000e+03) (73, -1.42340222167968750000e+03) (74, -1.41093750000000000000e+03) (75, -1.49607128906250000000e+03) (76, -1.49999951171875000000e+03) (77, -1.49641674804687500000e+03) (78, 1.50000000000000000000e+03) (79, -1.45319042968750000000e+03) (80, -1.49540991210937500000e+03) (81, -1.49540991210937500000e+03) (82, -1.49999865722656250000e+03) (83, -1.49275561523437500000e+03) (84, -1.47070446777343750000e+03) (85, -1.48770227050781250000e+03) (86, -1.49808728027343750000e+03) (87, -1.48680895996093750000e+03) (88, -1.48898388671875000000e+03) (89, -1.50000000000000000000e+03) (90, -1.49540991210937500000e+03) (91, -1.50000000000000000000e+03) (92, -1.49631835937500000000e+03) (93, -1.49869714355468750000e+03) (94, -1.47952661132812500000e+03) (95, -1.49999938964843750000e+03) (96, 1.55728948116302490234e+00) (97, -1.49999963378906250000e+03) (98, -1.49987878417968750000e+03) (99, -1.49153991699218750000e+03) (100, -2.69647369384765625000e+02) (101, -1.49999951171875000000e+03) (102, -1.37088830566406250000e+03) (103, 1.45458776855468750000e+03) (104, 1.27511525154113769531e+00) (0, -2.96633553504943847656e+00) (1, -5.53674411773681640625e+00) (2, -3.87718272209167480469e+00) (3, 3.03689885139465332031e+00) (4, -2.77896976470947265625e+00) (5, 3.74697446823120117188e+00) (6, -1.17581253051757812500e+01) (7, 6.08968782424926757812e+00) (8, 2.59726452827453613281e+00) (9, 4.57873868942260742188e+00) (10, -1.19072847366333007812e+01) (11, -3.26242804527282714844e+00) (12, 1.26811653375625610352e-01) (13, -1.43862342834472656250e+00) (14, -1.03857154846191406250e+01) (15, -1.50827631354331970215e-01) (16, -4.47401285171508789062e+00) (17, -3.41989707946777343750e+00) (18, -2.57901525497436523438e+00) (19, 6.83736383914947509766e-01) (20, 2.88872623443603515625e+00) (21, 2.86236882209777832031e+00) (22, -1.09061026573181152344e+00) (23, 5.09449815750122070312e+00) (24, -9.44161033630371093750e+00) (25, 4.39742040634155273438e+00) (26, -1.08934268951416015625e+01) (27, -7.25331592559814453125e+00) (28, 8.81387519836425781250e+00) (29, -4.49895715713500976562e+00) (30, -1.68721151351928710938e+00) (31, -4.02853488922119140625e-01) (32, -8.49772548675537109375e+00) (33, -1.28521461486816406250e+01) (34, -1.91575889587402343750e+01) (35, -1.05896606445312500000e+01) (36, -6.22164916992187500000e+00) (37, -1.06471567153930664062e+01) (38, -1.10987882614135742188e+01) (39, -9.85095977783203125000e-01) (40, -1.04966945648193359375e+01) (41, -9.25222206115722656250e+00) (42, -1.05685405731201171875e+01) (43, 7.25671434402465820312e+00) (44, 3.18394422531127929688e+00) (45, 1.11407299041748046875e+01) (46, 1.56102199554443359375e+01) (47, 3.18057346343994140625e+01) (48, 1.51536245346069335938e+01) (49, 2.50767383575439453125e+01) (50, 8.77803325653076171875e+00) (51, 9.38045272827148437500e+01) (52, 4.02918291091918945312e+00) (53, 1.74919567108154296875e+01) (54, 1.90514874458312988281e+00) (55, 1.22830123901367187500e+01) (56, -6.17632961273193359375e+00) (57, 7.46278476715087890625e+00) (58, -1.00374536514282226562e+01) (59, -1.80667247772216796875e+01) (60, 8.39924216270446777344e-01) (61, 2.75539779663085937500e+00) (62, 5.93345403671264648438e+00) (63, 3.11723399162292480469e+00) (64, -6.12384557723999023438e+00) (65, -6.09881114959716796875e+00) (66, -5.33669567108154296875e+00) (67, -7.34717845916748046875e-01) (68, 4.07498931884765625000e+00) (69, -2.25651049613952636719e+00) (70, -6.21384906768798828125e+00) (71, 7.13230848312377929688e-01) (72, -6.17384815216064453125e+00) (73, 1.51589717864990234375e+01) (74, -1.76431763172149658203e+00) (75, -5.68354070186614990234e-01) (76, -1.57331156730651855469e+00) (77, -1.18278264999389648438e+00) (78, -6.01286029815673828125e+00) (79, 1.27327656745910644531e+00) (80, -6.81630325317382812500e+00) (81, 2.02283954620361328125e+00) (82, -2.28855872154235839844e+00) (83, -2.40604233741760253906e+00) (84, -2.77645736932754516602e-01) (85, -1.18377828598022460938e+00) (86, -8.49883973598480224609e-01) (87, -3.08156371116638183594e+00) (88, 6.31065702438354492188e+00) (89, 3.81377840042114257812e+00) (90, -1.55055510997772216797e+00) (91, -6.96205806732177734375e+00) (92, -2.74910271167755126953e-01) (93, -4.40508317947387695312e+00) (94, -3.00150966644287109375e+00) (95, -8.46791565418243408203e-01) (96, -3.20863952636718750000e+01) (97, -2.45835566520690917969e+00) (98, -5.29255390167236328125e+00) (99, 1.96569573879241943359e+00) (100, -4.04064607620239257812e+00) (101, -1.28242886066436767578e+00) (102, 2.73608245849609375000e+01) (103, -1.77024421691894531250e+01) (104, 5.07146759033203125000e+01) (0, 4.13798999786376953125e+00) (1, -3.19363474845886230469e-01) (2, -4.70776438713073730469e-01) (3, -3.56123186647891998291e-02) (4, -7.73235142230987548828e-01) (5, -1.04398500919342041016e+00) (6, -1.17256438732147216797e+00) (7, 3.08339619636535644531e+00) (8, 5.87430477142333984375e+00) (9, -4.72525262832641601562e+00) (10, -1.52254462242126464844e+00) (11, -1.79285192489624023438e+00) (12, -1.30546150207519531250e+01) (13, -1.33995816111564636230e-01) (14, -2.57292866706848144531e+00) (15, -2.98319488763809204102e-01) (16, 1.03829813003540039062e+00) (17, -2.47768926620483398438e+00) (18, 2.55461096763610839844e+00) (19, -1.91744649410247802734e+00) (20, 7.03948259353637695312e-01) (21, -1.72071146965026855469e+00) (22, 1.57752265930175781250e+01) (23, 6.42472381591796875000e+01) (24, 3.69335479736328125000e+02) (25, -2.16667151451110839844e+00) (26, 5.35606622695922851562e-01) (27, 3.54156780242919921875e+00) (28, -2.30554008483886718750e+00) (29, -5.80665111541748046875e-01) (30, 1.06983017921447753906e+00) (31, 3.88633489608764648438e+00) (32, -1.43259763717651367188e+00) (33, 3.68628859519958496094e+00) (34, 9.08605194091796875000e+00) (35, -1.50416982173919677734e+00) (36, -1.17232573032379150391e+00) (37, -2.54505634307861328125e+00) (38, -1.26026618480682373047e+00) (39, -1.27431690692901611328e+00) (40, -1.62132453918457031250e+00) (41, 2.31210923194885253906e+00) (42, -1.34332311153411865234e+00) (43, -3.30263447761535644531e+00) (44, -1.79491937160491943359e+00) (45, 2.56399106979370117188e+00) (46, -3.88003540039062500000e+00) (47, 3.56609439849853515625e+00) (48, -5.03079831600189208984e-01) (49, 1.03861999511718750000e+00) (50, -2.56794929504394531250e+00) (51, -2.88719487190246582031e+00) (52, 1.89689934253692626953e+00) (53, 5.15985069274902343750e+01) (54, -1.57993161678314208984e+00) (55, 4.98041540384292602539e-01) (56, -8.90807926654815673828e-01) (57, -2.66628289222717285156e+00) (58, -1.14303636550903320312e+01) (59, 1.82869446277618408203e+00) (60, -2.00976207852363586426e-01) (61, -1.33764445781707763672e+00) (62, -3.78036193847656250000e+01) (63, 3.23786199092864990234e-01) (64, 1.06232824325561523438e+01) (65, -1.05456566810607910156e+00) (66, 5.24481630325317382812e+00) (67, 2.07190275192260742188e+00) (68, 7.75878190994262695312e+00) (69, 1.77752256393432617188e+00) (70, -2.08063840866088867188e+00) (71, -2.62905864715576171875e+01) (72, -6.46198391914367675781e-01) (73, 4.54496240615844726562e+00) (74, -1.39488506317138671875e+00) (75, -1.10154199600219726562e+01) (76, 6.24163579940795898438e+00) (77, -7.20637261867523193359e-01) (78, 5.96882820129394531250e-01) (79, -1.77269661426544189453e+00) (80, 1.67640876770019531250e+00) (81, 1.18398451805114746094e+00) (82, 2.67225265502929687500e-01) (83, -5.26056194305419921875e+00) (84, -2.60390400886535644531e+00) (85, 2.75774312019348144531e+00) (86, -1.99003711342811584473e-01) (87, -6.10103178024291992188e+00) (88, 4.78999471664428710938e+00) (89, -3.69158196449279785156e+00) (90, 9.40584361553192138672e-01) (91, 4.19362878799438476562e+00) (92, -7.37604236602783203125e+00) (93, -5.31008338928222656250e+00) (94, -8.31479907035827636719e-01) (95, -4.90472221374511718750e+00) (96, -2.52030735015869140625e+01) (97, -1.73312652111053466797e+00) (98, -6.25110149383544921875e+00) (99, 1.15096867084503173828e+00) (100, -8.22036385536193847656e-01) (101, -2.03554821014404296875e+00) (102, 7.38787746429443359375e+00) (103, -3.85234904289245605469e+00) (104, 3.87702575683593750000e+02) (0, -6.07898330688476562500e+00) (1, -3.85686731338500976562e+00) (2, -2.84322142601013183594e+00) (3, 3.48483824729919433594e+00) (4, 4.48717880249023437500e+00) (5, -3.53792309761047363281e-01) (6, -2.77629327774047851562e+00) (7, 1.23051643371582031250e+00) (8, -1.88657009601593017578e+00) (9, 3.39948266744613647461e-01) (10, 5.15949249267578125000e-01) (11, -5.38933455944061279297e-01) (12, -1.59020304679870605469e+00) (13, 8.34392309188842773438e-01) (14, 1.93980193138122558594e+00) (15, -7.49578762054443359375e+00) (16, 1.14997303485870361328e+00) (17, 5.25617742538452148438e+00) (18, 3.30285215377807617188e+00) (19, 1.72172272205352783203e+00) (20, 2.43854808807373046875e+00) (21, -4.00762891769409179688e+00) (22, 7.84370750188827514648e-02) (23, -5.69310843944549560547e-01) (24, -2.35644027590751647949e-01) (25, 3.01300859451293945312e+00) (26, 6.06422281265258789062e+00) (27, -2.91190147399902343750e+00) (28, 2.53645658493041992188e-01) (29, -1.28379464149475097656e-01) (30, -1.29999792575836181641e+00) (31, 1.23700606822967529297e+00) (32, -1.18225264549255371094e+00) (33, 2.43020987510681152344e+00) (34, 3.05097162723541259766e-01) (35, -5.21608066558837890625e+00) (36, 1.04518115520477294922e+00) (37, 4.70432162284851074219e-01) (38, 1.79983222484588623047e+00) (39, 9.37236726284027099609e-01) (40, 4.00946348905563354492e-01) (41, 5.38133680820465087891e-01) (42, 2.19039008021354675293e-01) (43, 5.03615045547485351562e+00) (44, 4.78316485881805419922e-01) (45, 2.28827857971191406250e+00) (46, 1.46100473403930664062e+00) (47, 3.02404117584228515625e+00) (48, -2.87014889717102050781e+00) (49, 9.49288189411163330078e-01) (50, 1.96678400039672851562e+00) (51, 1.29858613014221191406e+00) (52, 2.23670625686645507812e+00) (53, 2.75130605697631835938e+00) (54, -9.05201733112335205078e-01) (55, -4.98310661315917968750e+00) (56, -1.15054345130920410156e+00) (57, 4.70392763614654541016e-01) (58, 6.40279829502105712891e-01) (59, -1.70048430562019348145e-01) (60, 3.05912882089614868164e-01) (61, -1.33781448006629943848e-01) (62, -1.48683011531829833984e-01) (63, -4.54502165317535400391e-01) (64, -5.54958999156951904297e-01) (65, -1.05048644542694091797e+00) (66, -2.96541547775268554688e+00) (67, -2.55191326141357421875e+00) (68, -5.57814168930053710938e+00) (69, -7.05447494983673095703e-01) (70, -9.86746132373809814453e-01) (71, -9.59609508514404296875e-01) (72, -3.42928498983383178711e-01) (73, -3.03656315803527832031e+00) (74, -7.93273150920867919922e-02) (75, 7.05089712142944335938e+00) (76, 3.03436785936355590820e-01) (77, -2.17622816562652587891e-01) (78, -6.51403427124023437500e-01) (79, -4.03567028045654296875e+00) (80, -1.29217505455017089844e+00) (81, -9.94234263896942138672e-01) (82, 2.38692276179790496826e-02) (83, -1.34593337774276733398e-01) (84, 2.36290907859802246094e+00) (85, -3.08883309364318847656e+00) (86, -2.42985174059867858887e-01) (87, -1.03829753398895263672e+00) (88, 1.24451196193695068359e+00) (89, 5.61712932586669921875e+00) (90, 7.33719944953918457031e-01) (91, 8.83875250816345214844e-01) (92, -1.21843838691711425781e+00) (93, 3.22217524051666259766e-01) (94, -9.41107094287872314453e-01) (95, -4.10841964185237884521e-02) (96, -1.78961789608001708984e+00) (97, -1.10348963737487792969e+00) (98, -7.71747887134552001953e-01) (99, -3.86572092771530151367e-01) (100, -9.82139885425567626953e-01) (101, -5.30095040798187255859e-01) (102, 4.70753997802734375000e+02) (103, 4.78012603759765625000e+02) (104, 3.38420653343200683594e+00) (0, -1.50000000000000000000e+03) (1, 3.67621154785156250000e+02) (2, 9.26637744903564453125e+00) (3, -2.62482208251953125000e+02) (4, 3.89305138587951660156e+00) (5, -1.49270983886718750000e+03) (6, 3.63315795898437500000e+02) (7, -1.55553569793701171875e+01) (8, 1.18564147949218750000e+01) (9, 2.67406940460205078125e+01) (10, 1.50040283203125000000e+02) (11, 7.91788434982299804688e+00) (12, 4.58650970458984375000e+01) (13, -1.22310951232910156250e+02) (14, 1.88433990478515625000e+02) (15, 2.38704133033752441406e+00) (16, 1.47775793457031250000e+03) (17, 3.77034072875976562500e+01) (18, 2.97785766601562500000e+02) (19, 4.82530832290649414062e+00) (20, 5.32032127380371093750e+01) (21, 9.93751647949218750000e+02) (22, -4.20058822631835937500e+01) (23, 1.38073959350585937500e+02) (24, -5.36709594726562500000e+02) (25, 1.49900659179687500000e+03) (26, 2.73409545898437500000e+02) (27, 1.49711181640625000000e+03) (28, 1.48980676269531250000e+03) (29, 1.50000000000000000000e+03) (30, 1.50000000000000000000e+03) (31, 4.29492919921875000000e+02) (32, 2.89846382141113281250e+01) (33, -6.61152243614196777344e-01) (34, 1.50000000000000000000e+03) (35, 1.94096298217773437500e+02) (36, 2.54621124267578125000e+02) (37, 3.04378956556320190430e-01) (38, -6.89545211791992187500e+01) (39, 9.87969398498535156250e+00) (40, 1.67022048950195312500e+02) (41, 1.50000000000000000000e+03) (42, 3.40835571289062500000e+00) (43, 3.21399140357971191406e+00) (44, 1.21624426269531250000e+03) (45, -4.68029737472534179688e+00) (46, -2.42115707397460937500e+02) (47, -6.31270690917968750000e+02) (48, 1.03626159667968750000e+03) (49, -3.05615544319152832031e+00) (50, 1.81906118988990783691e-01) (51, 1.46436279296875000000e+03) (52, 5.76323127746582031250e+00) (53, -1.49497839355468750000e+03) (54, 5.07048889160156250000e+02) (55, -1.47417557239532470703e+00) (56, 2.16567111015319824219e+00) (57, 7.60134410858154296875e+00) (58, 1.44928789138793945312e+01) (59, 1.58259706497192382812e+01) (60, 2.99539804458618164062e+00) (61, 6.62933120727539062500e+01) (62, 1.45179962158203125000e+02) (63, 2.91266155242919921875e+00) (64, 5.60831165313720703125e+00) (65, 4.68318176269531250000e+00) (66, -1.82042846679687500000e+02) (67, 5.11940097808837890625e+00) (68, 6.48996398925781250000e+02) (69, -4.63174934387207031250e+01) (70, 7.32981681823730468750e+00) (71, 2.88490152359008789062e+00) (72, -4.28856048583984375000e+02) (73, -6.75799804687500000000e+02) (74, 4.63038682937622070312e+00) (75, -1.48616699218750000000e+03) (76, -4.28849258422851562500e+01) (77, 3.35545659065246582031e+00) (78, 1.43116088867187500000e+02) (79, -1.56392765045166015625e+01) (80, -7.62148925781250000000e+02) (81, -1.49709924316406250000e+03) (82, -4.10729837417602539062e+00) (83, -1.49871252441406250000e+03) (84, -1.49796789550781250000e+03) (85, 1.29012329101562500000e+02) (86, 3.52969813346862792969e+00) (87, 6.22384405136108398438e+00) (88, -1.49882714843750000000e+03) (89, -1.41316235351562500000e+03) (90, -1.46162316894531250000e+03) (91, -2.96973323822021484375e+01) (92, 4.30715894699096679688e+00) (93, -7.87974365234375000000e+02) (94, 6.15515041351318359375e+00) (95, -4.41884399414062500000e+02) (96, 1.44800003051757812500e+02) (97, 6.88119888305664062500e+00) (98, -1.48231604003906250000e+03) (99, 4.53986549377441406250e+00) (100, 8.98723030090332031250e+00) (101, 1.17059731483459472656e+00) (102, -1.49993542480468750000e+03) (103, 1.49998083496093750000e+03) (104, -1.05271263122558593750e+01) (0, 7.10112047195434570312e+00) (1, -3.05003261566162109375e+00) (2, 1.12377442419528961182e-01) (3, -1.46646919250488281250e+01) (4, -9.73148047924041748047e-01) (5, -2.38846898078918457031e+00) (6, 8.51060807704925537109e-01) (7, -9.49788284301757812500e+00) (8, 4.83267098665237426758e-01) (9, 1.63528144359588623047e+00) (10, 1.62388026714324951172e+00) (11, 1.20008766651153564453e+00) (12, -5.20752429962158203125e-01) (13, -2.44717001914978027344e+00) (14, -5.56398570537567138672e-01) (15, 2.02887725830078125000e+00) (16, 2.41828635334968566895e-01) (17, 1.68212318420410156250e+00) (18, 1.48451542854309082031e+00) (19, -2.70844906568527221680e-01) (20, 3.78985285758972167969e+00) (21, 3.56259322166442871094e+00) (22, 2.92141027748584747314e-02) (23, 2.63903961181640625000e+01) (24, 5.47811365127563476562e+00) (25, -9.03910160064697265625e+00) (26, 1.19606924057006835938e+00) (27, -7.94166898727416992188e+00) (28, 6.16075992584228515625e+00) (29, 2.05554175376892089844e+00) (30, 3.30965018272399902344e+00) (31, -1.02641992568969726562e+01) (32, -8.68210792541503906250e+00) (33, -6.84643411636352539062e+00) (34, -4.15126228332519531250e+00) (35, -8.95715999603271484375e+00) (36, -8.43977737426757812500e+00) (37, -7.51232528686523437500e+00) (38, 2.10141611099243164062e+00) (39, -8.32590484619140625000e+00) (40, -7.51087379455566406250e+00) (41, -3.83100295066833496094e+00) (42, -1.59399330615997314453e+00) (43, 8.93580055236816406250e+00) (44, 7.91855669021606445312e+00) (45, 8.92428398132324218750e+00) (46, 1.50372009277343750000e+01) (47, 1.18056039810180664062e+01) (48, -9.05848801136016845703e-01) (49, 1.51745414733886718750e+00) (50, 1.14585361480712890625e+01) (51, 1.40532102584838867188e+01) (52, 2.48241806030273437500e+01) (53, -9.57624340057373046875e+00) (54, 5.73714256286621093750e-01) (55, -2.31336188316345214844e+00) (56, -3.65859079360961914062e+00) (57, 5.21393918991088867188e+00) (58, -8.24515724182128906250e+00) (59, -2.39498281478881835938e+00) (60, 6.57475590705871582031e-01) (61, -3.00607132911682128906e+00) (62, 3.86817622184753417969e+00) (63, -5.69465756416320800781e-01) (64, 1.21241116523742675781e+00) (65, -1.40110456943511962891e+00) (66, 1.37766802310943603516e+00) (67, -3.10099029541015625000e+00) (68, -3.22377085685729980469e+00) (69, 2.48399233818054199219e+00) (70, -4.65115499496459960938e+00) (71, -2.53969407081604003906e+00) (72, 7.22431123256683349609e-01) (73, -5.06990814208984375000e+00) (74, -9.25278759002685546875e+00) (75, -1.28053396940231323242e-01) (76, -1.79106388092041015625e+01) (77, -8.23815047740936279297e-01) (78, 9.47764492034912109375e+00) (79, 4.97156429290771484375e+00) (80, -1.72798717021942138672e+00) (81, -4.58367729187011718750e+00) (82, 2.14710640907287597656e+00) (83, 1.51222724914550781250e+01) (84, -2.78950214385986328125e+00) (85, -3.77097845077514648438e+00) (86, -4.25672960281372070312e+00) (87, -1.50936203002929687500e+01) (88, -3.63113212585449218750e+00) (89, 2.19762873649597167969e+00) (90, -8.04269969463348388672e-01) (91, 7.85990333557128906250e+00) (92, -2.20696330070495605469e+00) (93, -3.23060788214206695557e-02) (94, -1.26884031295776367188e+00) (95, 1.48352658748626708984e+00) (96, -1.20228853225708007812e+01) (97, 4.61654615402221679688e+00) (98, 1.42668557167053222656e+00) (99, 2.10569095611572265625e+00) (100, -6.17248296737670898438e-01) (101, -1.70966644287109375000e+01) (102, 9.62324523925781250000e+00) (103, -5.47754478454589843750e+00) (104, 4.24601793289184570312e+00) (0, -1.29365634918212890625e+01) (1, -2.85632109642028808594e+00) (2, -1.12508416175842285156e+00) (3, -5.11631584167480468750e+01) (4, -2.00320029258728027344e+00) (5, 1.45404830574989318848e-01) (6, -4.50614500045776367188e+00) (7, 2.29063749313354492188e+00) (8, -6.26318264007568359375e+00) (9, 1.69954776763916015625e-01) (10, -2.24842667579650878906e+00) (11, 1.56666323542594909668e-01) (12, -1.50190913677215576172e+00) (13, -2.09316654205322265625e+01) (14, -1.70990867614746093750e+01) (15, -3.67624938488006591797e-01) (16, 3.97416472434997558594e-01) (17, -6.46429920196533203125e+00) (18, -1.16290092468261718750e+00) (19, -1.89216092228889465332e-01) (20, 1.71406250000000000000e+01) (21, 3.37784171104431152344e+00) (22, 1.22535049915313720703e+00) (23, 6.66441574096679687500e+01) (24, 7.17189270019531250000e+02) (25, 2.44017267227172851562e+00) (26, -2.39176869392395019531e+00) (27, 2.12066739797592163086e-01) (28, 2.79594516754150390625e+00) (29, -1.66660571098327636719e+00) (30, -2.21949768066406250000e+00) (31, -2.23174834251403808594e+00) (32, -6.08184013366699218750e+01) (33, 1.29087126255035400391e+00) (34, -3.15218582153320312500e+01) (35, -6.10105514526367187500e+01) (36, -1.11566886901855468750e+01) (37, -4.85073776245117187500e+01) (38, -6.05462722778320312500e+01) (39, -6.09871864318847656250e+01) (40, -6.09480781555175781250e+01) (41, -3.88701171875000000000e+01) (42, -2.56824564933776855469e+00) (43, 4.33960580825805664062e+00) (44, 7.28250980377197265625e+00) (45, -1.55652403831481933594e+00) (46, 4.65835723876953125000e+01) (47, 2.53320860862731933594e+00) (48, 3.31594991683959960938e+00) (49, 2.76996088027954101562e+00) (50, 4.26808404922485351562e+00) (51, 3.03678436279296875000e+02) (52, 1.45425672531127929688e+01) (53, 1.33707595825195312500e+02) (54, 1.57386600971221923828e+00) (55, 4.79002380371093750000e+00) (56, -7.93206405639648437500e+00) (57, 9.33585166931152343750e+00) (58, -5.50443410873413085938e+00) (59, -3.57015342712402343750e+01) (60, -1.03902876377105712891e+00) (61, -6.60955572128295898438e+00) (62, -2.23996090888977050781e+00) (63, -1.59002459049224853516e+00) (64, -9.86231231689453125000e+00) (65, -2.71860480308532714844e+00) (66, -1.35440559387207031250e+01) (67, -1.82724876403808593750e+01) (68, -3.40040016174316406250e+01) (69, -9.42209529876708984375e+00) (70, -6.51409721374511718750e+00) (71, -2.42864418029785156250e+00) (72, -6.14822328090667724609e-01) (73, 8.40462112426757812500e+00) (74, -2.44384551048278808594e+00) (75, -3.84262323379516601562e+00) (76, -1.51243906021118164062e+01) (77, -1.61298584938049316406e+00) (78, -2.45440387725830078125e+00) (79, 1.32682962417602539062e+01) (80, -5.37448997497558593750e+01) (81, -2.95589232444763183594e+00) (82, -2.07573413848876953125e+00) (83, -3.03800373077392578125e+01) (84, -3.47050809860229492188e+00) (85, 2.61794700622558593750e+01) (86, -1.81078672409057617188e+00) (87, -3.28382253646850585938e+00) (88, -1.47045154571533203125e+01) (89, -5.53679800033569335938e+00) (90, -4.50328493118286132812e+00) (91, 7.56114244461059570312e+00) (92, -4.02038526535034179688e+00) (93, 6.86392784118652343750e-01) (94, -3.05688619613647460938e+00) (95, 4.51840114593505859375e+00) (96, -4.78060951232910156250e+01) (97, 6.53086245059967041016e-01) (98, -3.04143905639648437500e+00) (99, -6.90162944793701171875e+00) (100, -1.08705167770385742188e+01) (101, 8.00696849822998046875e+00) (102, 1.71523990631103515625e+01) (103, -1.03978462219238281250e+01) (104, 6.16899291992187500000e+02) (0, -1.50000000000000000000e+03) (1, -1.48213342285156250000e+03) (2, -8.57399291992187500000e+02) (3, 1.49957507324218750000e+03) (4, 1.50000000000000000000e+03) (5, 1.47927392578125000000e+03) (6, 1.50000000000000000000e+03) (7, -1.49914721679687500000e+03) (8, -1.46592468261718750000e+03) (9, 1.49844738769531250000e+03) (10, 1.50000000000000000000e+03) (11, 1.32620605468750000000e+03) (12, 1.50000000000000000000e+03) (13, 1.50000000000000000000e+03) (14, 1.50000000000000000000e+03) (15, 1.49982568359375000000e+03) (16, -1.48711511230468750000e+03) (17, 1.47314916992187500000e+03) (18, -1.49994128417968750000e+03) (19, 1.49602563476562500000e+03) (20, 1.47599645996093750000e+03) (21, -1.49983862304687500000e+03) (22, -1.06791223144531250000e+03) (23, -1.50000000000000000000e+03) (24, -1.50000000000000000000e+03) (25, -1.49978662109375000000e+03) (26, 6.03857238769531250000e+02) (27, -1.46231286621093750000e+03) (28, -1.49195629882812500000e+03) (29, 1.50000000000000000000e+03) (30, 1.41580090332031250000e+03) (31, 1.45933691406250000000e+03) (32, 1.50000000000000000000e+03) (33, 1.26447424316406250000e+03) (34, -1.46965124511718750000e+03) (35, 1.50000000000000000000e+03) (36, 1.50000000000000000000e+03) (37, 1.50000000000000000000e+03) (38, 1.50000000000000000000e+03) (39, 1.50000000000000000000e+03) (40, 1.50000000000000000000e+03) (41, 1.50000000000000000000e+03) (42, 1.33529382324218750000e+03) (43, -4.93555969238281250000e+02) (44, -1.49918688964843750000e+03) (45, -1.49993835449218750000e+03) (46, -1.50000000000000000000e+03) (47, -1.49627905273437500000e+03) (48, -1.49999731445312500000e+03) (49, -1.49631262207031250000e+03) (50, -1.41009448242187500000e+03) (51, -1.50000000000000000000e+03) (52, -1.46478210449218750000e+03) (53, -1.49999768066406250000e+03) (54, -1.49655029296875000000e+03) (55, -1.48870837402343750000e+03) (56, 1.43727038574218750000e+03) (57, -1.44042041015625000000e+03) (58, -1.49999792480468750000e+03) (59, -1.23364575195312500000e+03) (60, -1.49999682617187500000e+03) (61, -1.49999084472656250000e+03) (62, 1.47920043945312500000e+03) (63, 1.40961682128906250000e+03) (64, -1.49923901367187500000e+03) (65, 1.49999987792968750000e+03) (66, -5.45516967773437500000e+02) (67, -1.48086608886718750000e+03) (68, -8.97149353027343750000e+02) (69, -1.49999328613281250000e+03) (70, 1.50000000000000000000e+03) (71, 1.50000000000000000000e+03) (72, -1.49998779296875000000e+03) (73, 1.45382812500000000000e+03) (74, 1.48313854980468750000e+03) (75, -1.49565771484375000000e+03) (76, 1.45944421386718750000e+03) (77, -1.49431506347656250000e+03) (78, -1.46162866210937500000e+03) (79, 1.47932507324218750000e+03) (80, -1.49999731445312500000e+03) (81, -1.49764709472656250000e+03) (82, 1.49788720703125000000e+03) (83, -1.49999804687500000000e+03) (84, 1.49985046386718750000e+03) (85, 1.46620812988281250000e+03) (86, -1.49999731445312500000e+03) (87, 1.50000000000000000000e+03) (88, -1.49395446777343750000e+03) (89, -1.49999670410156250000e+03) (90, 1.48971606445312500000e+03) (91, -1.49998010253906250000e+03) (92, 1.49985449218750000000e+03) (93, -1.49999377441406250000e+03) (94, 1.49995239257812500000e+03) (95, 1.49877209472656250000e+03) (96, 3.76949477195739746094e+00) (97, 1.48685083007812500000e+03) (98, 1.49601831054687500000e+03) (99, 1.48851184082031250000e+03) (100, 4.01634643554687500000e+02) (101, 1.49984558105468750000e+03) (102, -1.49999694824218750000e+03) (103, 1.49999914550781250000e+03) (104, -1.08043730258941650391e+00) (0, -1.43000903320312500000e+03) (1, -2.96420631408691406250e+01) (2, -1.08555679321289062500e+01) (3, 3.68281936645507812500e+01) (4, -4.20604079961776733398e-01) (5, 2.81325550079345703125e+01) (6, -1.91937332153320312500e+02) (7, -3.11220031738281250000e+02) (8, 7.84470596313476562500e+01) (9, -2.96448945999145507812e-01) (10, -1.98502655029296875000e+02) (11, -3.18800598382949829102e-01) (12, -6.34105396270751953125e+00) (13, 1.44239929199218750000e+02) (14, -3.07893657684326171875e+01) (15, -4.38307791948318481445e-01) (16, -1.10408605957031250000e+03) (17, -7.55231082439422607422e-01) (18, -1.22091760253906250000e+03) (19, -7.78127746582031250000e+01) (20, 1.20609817504882812500e+02) (21, -9.51520507812500000000e+02) (22, -6.72302932739257812500e+01) (23, -2.59831207275390625000e+02) (24, 1.61362548828125000000e+02) (25, -1.95842086791992187500e+02) (26, -7.88731460571289062500e+01) (27, -4.08077239990234375000e+01) (28, -3.01990142822265625000e+02) (29, -1.32141128540039062500e+02) (30, -1.84595718383789062500e+02) (31, -1.74323387145996093750e+01) (32, -1.61145000457763671875e+01) (33, 5.16837959289550781250e+01) (34, 3.95497619628906250000e+02) (35, -1.21391418457031250000e+02) (36, -9.04137897491455078125e+00) (37, -1.77301620483398437500e+02) (38, -1.33711271286010742188e+01) (39, -8.83494796752929687500e+01) (40, -4.66797142028808593750e+01) (41, -1.14161712646484375000e+02) (42, -2.19505637884140014648e-01) (43, 7.93479919433593750000e+01) (44, -5.50864124298095703125e+00) (45, 3.17720870971679687500e+01) (46, 2.44595474243164062500e+02) (47, 2.18839569091796875000e+01) (48, -7.34904022216796875000e+01) (49, 1.83530216217041015625e+01) (50, 1.69099349975585937500e+01) (51, 1.64380111694335937500e+02) (52, 7.90823411941528320312e+00) (53, 1.21660629272460937500e+02) (54, -1.87600440979003906250e+01) (55, 1.71397533416748046875e+01) (56, -2.16997108459472656250e+01) (57, -1.09637413024902343750e+01) (58, 5.96597576141357421875e+00) (59, 1.58445882797241210938e+01) (60, 1.55498898029327392578e+00) (61, -5.16167106628417968750e+01) (62, -1.13854541778564453125e+01) (63, 1.15153920650482177734e+00) (64, 2.71602869033813476562e+00) (65, -1.05090034008026123047e+00) (66, 4.92747421264648437500e+01) (67, -1.19858515262603759766e+00) (68, -1.83058609008789062500e+02) (69, 4.65824279785156250000e+01) (70, -4.40995674133300781250e+01) (71, 1.10856211185455322266e+00) (72, 3.65907821655273437500e+01) (73, 8.29808654785156250000e+02) (74, -1.78452777862548828125e+00) (75, 3.52819099426269531250e+01) (76, 4.39634056091308593750e+01) (77, 5.08416354656219482422e-01) (78, -1.98506927490234375000e+02) (79, 9.33960533142089843750e+00) (80, 6.59943294525146484375e+00) (81, 8.48080730438232421875e+00) (82, 5.26986408233642578125e+00) (83, 1.70862518310546875000e+02) (84, 4.81690750122070312500e+01) (85, 1.86611247062683105469e+00) (86, 4.18516248464584350586e-01) (87, -1.36842250823974609375e+00) (88, 1.49999987792968750000e+03) (89, 8.46322402954101562500e+01) (90, 1.48279972076416015625e+01) (91, 2.56353893280029296875e+01) (92, -1.03364872932434082031e+00) (93, 8.20174121856689453125e+00) (94, -1.23435378074645996094e+00) (95, 2.24384331703186035156e+00) (96, -3.01173782348632812500e+01) (97, 7.30666697025299072266e-01) (98, 3.56353855133056640625e+00) (99, 2.98970818519592285156e-01) (100, -1.96169102191925048828e+00) (101, -8.51702213287353515625e-01) (102, 1.49999487304687500000e+03) (103, -1.49999218750000000000e+03) (104, 1.17337875366210937500e+01) (0, -1.50000000000000000000e+03) (1, -1.49953967285156250000e+03) (2, -1.42738464355468750000e+03) (3, 1.49996691894531250000e+03) (4, -1.49999707031250000000e+03) (5, -1.45882641601562500000e+03) (6, 1.33550549316406250000e+03) (7, -1.49999780273437500000e+03) (8, -1.49945458984375000000e+03) (9, -1.49999865722656250000e+03) (10, 1.50000000000000000000e+03) (11, 1.47939514160156250000e+03) (12, 1.50000000000000000000e+03) (13, 1.50000000000000000000e+03) (14, 1.50000000000000000000e+03) (15, -1.49999865722656250000e+03) (16, -1.49070153808593750000e+03) (17, -1.49995166015625000000e+03) (18, -1.50000000000000000000e+03) (19, -1.49999841308593750000e+03) (20, -1.49999450683593750000e+03) (21, -1.50000000000000000000e+03) (22, -1.49167065429687500000e+03) (23, -1.50000000000000000000e+03) (24, -1.50000000000000000000e+03) (25, -1.49920288085937500000e+03) (26, -1.48721520996093750000e+03) (27, -1.45319042968750000000e+03) (28, -1.50000000000000000000e+03) (29, -1.30631774902343750000e+03) (30, 1.49999987792968750000e+03) (31, -1.49997607421875000000e+03) (32, 1.50000000000000000000e+03) (33, -1.49999743652343750000e+03) (34, -1.49913024902343750000e+03) (35, 1.50000000000000000000e+03) (36, 1.50000000000000000000e+03) (37, 1.50000000000000000000e+03) (38, 1.50000000000000000000e+03) (39, 1.50000000000000000000e+03) (40, 1.50000000000000000000e+03) (41, 1.50000000000000000000e+03) (42, -1.13203088378906250000e+03) (43, -1.49540991210937500000e+03) (44, -1.45319042968750000000e+03) (45, -1.45319042968750000000e+03) (46, -1.50000000000000000000e+03) (47, -1.50000000000000000000e+03) (48, -1.49920312500000000000e+03) (49, -1.50000000000000000000e+03) (50, -1.50000000000000000000e+03) (51, -1.50000000000000000000e+03) (52, -1.50000000000000000000e+03) (53, -1.47048559570312500000e+03) (54, -1.48898388671875000000e+03) (55, -1.49855419921875000000e+03) (56, -1.23183728027343750000e+03) (57, 1.49999987792968750000e+03) (58, -1.49540991210937500000e+03) (59, 1.49999987792968750000e+03) (60, -1.48898388671875000000e+03) (61, -1.49849401855468750000e+03) (62, -1.43022009277343750000e+03) (63, -1.49540991210937500000e+03) (64, -5.16699035644531250000e+02) (65, -1.45874975585937500000e+03) (66, 1.49999206542968750000e+03) (67, 1.50000000000000000000e+03) (68, 1.49999987792968750000e+03) (69, -1.33931774902343750000e+03) (70, -1.49232434082031250000e+03) (71, -1.44948522949218750000e+03) (72, -1.49999938964843750000e+03) (73, -1.42340222167968750000e+03) (74, -1.41093750000000000000e+03) (75, -1.49607128906250000000e+03) (76, -1.49999951171875000000e+03) (77, -1.49641674804687500000e+03) (78, 1.50000000000000000000e+03) (79, -1.45319042968750000000e+03) (80, -1.49540991210937500000e+03) (81, -1.49540991210937500000e+03) (82, -1.49999865722656250000e+03) (83, -1.49275561523437500000e+03) (84, -1.47070446777343750000e+03) (85, -1.48770227050781250000e+03) (86, -1.49808728027343750000e+03) (87, -1.48680895996093750000e+03) (88, -1.48898388671875000000e+03) (89, -1.50000000000000000000e+03) (90, -1.49540991210937500000e+03) (91, -1.50000000000000000000e+03) (92, -1.49631835937500000000e+03) (93, -1.49869714355468750000e+03) (94, -1.47952661132812500000e+03) (95, -1.49999938964843750000e+03) (96, 1.57614052295684814453e+00) (97, -1.49999963378906250000e+03) (98, -1.49987878417968750000e+03) (99, -1.49153991699218750000e+03) (100, -2.69642547607421875000e+02) (101, -1.49999951171875000000e+03) (102, -1.37088830566406250000e+03) (103, 1.45458776855468750000e+03) (104, 1.23125612735748291016e+00) (0, -1.50000000000000000000e+03) (1, -1.49953967285156250000e+03) (2, -1.42738464355468750000e+03) (3, 1.49996691894531250000e+03) (4, -1.49999707031250000000e+03) (5, -1.45882641601562500000e+03) (6, 1.33550549316406250000e+03) (7, -1.49999780273437500000e+03) (8, -1.49945458984375000000e+03) (9, -1.49999865722656250000e+03) (10, 1.50000000000000000000e+03) (11, 1.47939514160156250000e+03) (12, 1.50000000000000000000e+03) (13, 1.50000000000000000000e+03) (14, 1.50000000000000000000e+03) (15, -1.49999865722656250000e+03) (16, -1.49070153808593750000e+03) (17, -1.49995166015625000000e+03) (18, -1.50000000000000000000e+03) (19, -1.49999841308593750000e+03) (20, -1.49999450683593750000e+03) (21, -1.50000000000000000000e+03) (22, -1.49167065429687500000e+03) (23, -1.50000000000000000000e+03) (24, -1.50000000000000000000e+03) (25, -1.49920288085937500000e+03) (26, -1.48721520996093750000e+03) (27, -1.45319042968750000000e+03) (28, -1.50000000000000000000e+03) (29, -1.30631774902343750000e+03) (30, 1.49999987792968750000e+03) (31, -1.49997607421875000000e+03) (32, 1.50000000000000000000e+03) (33, -1.49999743652343750000e+03) (34, -1.49913024902343750000e+03) (35, 1.50000000000000000000e+03) (36, 1.50000000000000000000e+03) (37, 1.50000000000000000000e+03) (38, 1.50000000000000000000e+03) (39, 1.50000000000000000000e+03) (40, 1.50000000000000000000e+03) (41, 1.50000000000000000000e+03) (42, -1.13203088378906250000e+03) (43, -1.49540991210937500000e+03) (44, -1.45319042968750000000e+03) (45, -1.45319042968750000000e+03) (46, -1.50000000000000000000e+03) (47, -1.50000000000000000000e+03) (48, -1.49920312500000000000e+03) (49, -1.50000000000000000000e+03) (50, -1.50000000000000000000e+03) (51, -1.50000000000000000000e+03) (52, -1.50000000000000000000e+03) (53, -1.47048559570312500000e+03) (54, -1.48898388671875000000e+03) (55, -1.49855419921875000000e+03) (56, -1.23183728027343750000e+03) (57, 1.49999987792968750000e+03) (58, -1.49540991210937500000e+03) (59, 1.49999987792968750000e+03) (60, -1.48898388671875000000e+03) (61, -1.49849401855468750000e+03) (62, -1.43022009277343750000e+03) (63, -1.49540991210937500000e+03) (64, -5.16699035644531250000e+02) (65, -1.45874975585937500000e+03) (66, 1.49999206542968750000e+03) (67, 1.50000000000000000000e+03) (68, 1.49999987792968750000e+03) (69, -1.33931774902343750000e+03) (70, -1.49232434082031250000e+03) (71, -1.44948522949218750000e+03) (72, -1.49999938964843750000e+03) (73, -1.42340222167968750000e+03) (74, -1.41093750000000000000e+03) (75, -1.49647216796875000000e+03) (76, -1.49999951171875000000e+03) (77, -1.49641674804687500000e+03) (78, 1.50000000000000000000e+03) (79, -1.45319042968750000000e+03) (80, -1.49540991210937500000e+03) (81, -1.49540991210937500000e+03) (82, -1.49999865722656250000e+03) (83, -1.49275561523437500000e+03) (84, -1.47070446777343750000e+03) (85, -1.48770227050781250000e+03) (86, -1.49808728027343750000e+03) (87, -1.48680895996093750000e+03) (88, -1.48898388671875000000e+03) (89, -1.50000000000000000000e+03) (90, -1.49540991210937500000e+03) (91, -1.50000000000000000000e+03) (92, -1.49631835937500000000e+03) (93, -1.49869714355468750000e+03) (94, -1.47952661132812500000e+03) (95, -1.49999938964843750000e+03) (96, 1.50423943996429443359e+00) (97, -1.49999963378906250000e+03) (98, -1.49987878417968750000e+03) (99, -1.49153991699218750000e+03) (100, -2.69669433593750000000e+02) (101, -1.49999951171875000000e+03) (102, -1.37088830566406250000e+03) (103, 1.45458776855468750000e+03) (104, 1.42079329490661621094e+00) (0, -1.50000000000000000000e+03) (1, 2.24235885620117187500e+02) (2, 1.23402880859375000000e+03) (3, -1.46938098144531250000e+03) (4, 1.49972521972656250000e+03) (5, 1.49699145507812500000e+03) (6, -1.04467651367187500000e+03) (7, -1.49885034179687500000e+03) (8, 1.33213183593750000000e+03) (9, -1.49938134765625000000e+03) (10, -7.50939819335937500000e+02) (11, -1.39831347656250000000e+03) (12, -1.48271240234375000000e+03) (13, 1.50000000000000000000e+03) (14, -1.25356274414062500000e+03) (15, -1.49999267578125000000e+03) (16, -1.49750244140625000000e+03) (17, -3.60130310058593750000e+02) (18, -1.50000000000000000000e+03) (19, 3.23771331787109375000e+02) (20, -1.47885803222656250000e+03) (21, -1.50000000000000000000e+03) (22, -1.48827478027343750000e+03) (23, -1.50000000000000000000e+03) (24, -1.50000000000000000000e+03) (25, -1.42346801757812500000e+03) (26, -1.03853186035156250000e+03) (27, -1.49887451171875000000e+03) (28, -1.50000000000000000000e+03) (29, 1.49572778320312500000e+03) (30, -1.36749011230468750000e+03) (31, -1.49396826171875000000e+03) (32, 1.50000000000000000000e+03) (33, -1.49457824707031250000e+03) (34, -1.49200646972656250000e+03) (35, 1.50000000000000000000e+03) (36, -7.99718383789062500000e+02) (37, 1.50000000000000000000e+03) (38, 1.50000000000000000000e+03) (39, 1.50000000000000000000e+03) (40, 1.50000000000000000000e+03) (41, 1.50000000000000000000e+03) (42, 1.31319848632812500000e+03) (43, -1.49448986816406250000e+03) (44, -1.49791516113281250000e+03) (45, -1.49853173828125000000e+03) (46, -1.50000000000000000000e+03) (47, -1.50000000000000000000e+03) (48, -1.47483483886718750000e+03) (49, -1.49404577636718750000e+03) (50, -1.49718835449218750000e+03) (51, -1.50000000000000000000e+03) (52, -1.49426538085937500000e+03) (53, -1.49697363281250000000e+03) (54, -1.48121301269531250000e+03) (55, -1.49737145996093750000e+03) (56, 1.43605847167968750000e+03) (57, -1.49885437011718750000e+03) (58, -1.04774365234375000000e+03) (59, -1.49732519531250000000e+03) (60, -1.49994360351562500000e+03) (61, -9.30750122070312500000e+02) (62, 1.47512536621093750000e+03) (63, -1.22214453125000000000e+03) (64, 8.56349792480468750000e+02) (65, 1.49993298339843750000e+03) (66, 1.49999987792968750000e+03) (67, 1.49999975585937500000e+03) (68, -4.32922096252441406250e+01) (69, 1.26798144531250000000e+03) (70, 1.49999975585937500000e+03) (71, 1.49999975585937500000e+03) (72, 1.48176025390625000000e+03) (73, 1.46050732421875000000e+03) (74, 1.48157629394531250000e+03) (75, 1.49986999511718750000e+03) (76, 1.49830053710937500000e+03) (77, 1.49878625488281250000e+03) (78, 1.49671508789062500000e+03) (79, -1.46401757812500000000e+03) (80, 1.03250378417968750000e+03) (81, 1.37784277343750000000e+03) (82, 1.49927905273437500000e+03) (83, -1.27406738281250000000e+03) (84, 1.49942712402343750000e+03) (85, -1.49922363281250000000e+03) (86, -1.49937658691406250000e+03) (87, 1.49999084472656250000e+03) (88, -1.36979467773437500000e+03) (89, -1.50000000000000000000e+03) (90, -6.49148620605468750000e+02) (91, -1.49602233886718750000e+03) (92, 1.49942175292968750000e+03) (93, -1.49997497558593750000e+03) (94, 1.49943225097656250000e+03) (95, 1.49793566894531250000e+03) (96, 4.29753541946411132812e-01) (97, 1.49806274414062500000e+03) (98, 1.49022106933593750000e+03) (99, 1.49880834960937500000e+03) (100, 4.01035491943359375000e+02) (101, 1.49931994628906250000e+03) (102, -1.37088830566406250000e+03) (103, 1.45458776855468750000e+03) (104, 3.03991883993148803711e-01) (105, 4.63221639394760131836e-01) (106, -4.39955234527587890625e-01) (107, 8.78421127796173095703e-01) (108, -2.61476707458496093750e+00) (109, 9.07925069332122802734e-02) (110, 6.91900076344609260559e-03) (111, 1.15320432186126708984e+00) (112, 1.43626272678375244141e-01) (113, 9.22743797302246093750e-01) (114, 4.67167943716049194336e-02) (115, 1.00962316989898681641e+00) (116, 1.53103783726692199707e-01) (117, 4.64778423309326171875e+00) (118, 1.22336566448211669922e+00) (119, -2.33630108833312988281e+00) (120, -2.51677155494689941406e+00) (121, -1.69827699661254882812e+00) (122, 8.47274124622344970703e-01) (123, -3.83171248435974121094e+00) (124, -2.43580579757690429688e+00) (125, 9.65405553579330444336e-02) (126, -5.43597340583801269531e-01) (127, 1.35336494445800781250e+00) (128, 1.35946643352508544922e+00) (129, 8.00438597798347473145e-02) (130, 1.24413895606994628906e+00) 
