FANN_FLO_2.1
num_layers=3
learning_rate=0.700000
connection_rate=1.000000
network_type=0
learning_momentum=0.000000
training_algorithm=2
train_error_function=1
train_stop_function=0
cascade_output_change_fraction=0.010000
quickprop_decay=-0.000100
quickprop_mu=1.750000
rprop_increase_factor=1.200000
rprop_decrease_factor=0.500000
rprop_delta_min=0.000000
rprop_delta_max=50.000000
rprop_delta_zero=0.100000
cascade_output_stagnation_epochs=12
cascade_candidate_change_fraction=0.010000
cascade_candidate_stagnation_epochs=12
cascade_max_out_epochs=150
cascade_max_cand_epochs=150
cascade_num_candidate_groups=2
bit_fail_limit=3.49999994039535522461e-01
cascade_candidate_limit=1.00000000000000000000e+03
cascade_weight_multiplier=4.00000005960464477539e-01
cascade_activation_functions_count=10
cascade_activation_functions=3 5 7 8 10 11 14 15 16 17 
cascade_activation_steepnesses_count=4
cascade_activation_steepnesses=2.50000000000000000000e-01 5.00000000000000000000e-01 7.50000000000000000000e-01 1.00000000000000000000e+00 
layer_sizes=105 26 2 
scale_included=0
neurons (num_inputs, activation_function, activation_steepness)=(0, 0, 0.00000000000000000000e+00) (0, 0, 0.00000000000000000000e+00) (0, 0, 0.00000000000000000000e+00) (0, 0, 0.00000000000000000000e+00) (0, 0, 0.00000000000000000000e+00) (0, 0, 0.00000000000000000000e+00) (0, 0, 0.00000000000000000000e+00) (0, 0, 0.00000000000000000000e+00) (0, 0, 0.00000000000000000000e+00) (0, 0, 0.00000000000000000000e+00) (0, 0, 0.00000000000000000000e+00) (0, 0, 0.00000000000000000000e+00) (0, 0, 0.00000000000000000000e+00) (0, 0, 0.00000000000000000000e+00) (0, 0, 0.00000000000000000000e+00) (0, 0, 0.00000000000000000000e+00) (0, 0, 0.00000000000000000000e+00) (0, 0, 0.00000000000000000000e+00) (0, 0, 0.00000000000000000000e+00) (0, 0, 0.00000000000000000000e+00) (0, 0, 0.00000000000000000000e+00) (0, 0, 0.00000000000000000000e+00) (0, 0, 0.00000000000000000000e+00) (0, 0, 0.00000000000000000000e+00) (0, 0, 0.00000000000000000000e+00) (0, 0, 0.00000000000000000000e+00) (0, 0, 0.00000000000000000000e+00) (0, 0, 0.00000000000000000000e+00) (0, 0, 0.00000000000000000000e+00) (0, 0, 0.00000000000000000000e+00) (0, 0, 0.00000000000000000000e+00) (0, 0, 0.00000000000000000000e+00) (0, 0, 0.00000000000000000000e+00) (0, 0, 0.00000000000000000000e+00) (0, 0, 0.00000000000000000000e+00) (0, 0, 0.00000000000000000000e+00) (0, 0, 0.00000000000000000000e+00) (0, 0, 0.00000000000000000000e+00) (0, 0, 0.00000000000000000000e+00) (0, 0, 0.00000000000000000000e+00) (0, 0, 0.00000000000000000000e+00) (0, 0, 0.00000000000000000000e+00) (0, 0, 0.00000000000000000000e+00) (0, 0, 0.00000000000000000000e+00) (0, 0, 0.00000000000000000000e+00) (0, 0, 0.00000000000000000000e+00) (0, 0, 0.00000000000000000000e+00) (0, 0, 0.00000000000000000000e+00) (0, 0, 0.00000000000000000000e+00) (0, 0, 0.00000000000000000000e+00) (0, 0, 0.00000000000000000000e+00) (0, 0, 0.00000000000000000000e+00) (0, 0, 0.00000000000000000000e+00) (0, 0, 0.00000000000000000000e+00) (0, 0, 0.00000000000000000000e+00) (0, 0, 0.00000000000000000000e+00) (0, 0, 0.00000000000000000000e+00) (0, 0, 0.00000000000000000000e+00) (0, 0, 0.00000000000000000000e+00) (0, 0, 0.00000000000000000000e+00) (0, 0, 0.00000000000000000000e+00) (0, 0, 0.00000000000000000000e+00) (0, 0, 0.00000000000000000000e+00) (0, 0, 0.00000000000000000000e+00) (0, 0, 0.00000000000000000000e+00) (0, 0, 0.00000000000000000000e+00) (0, 0, 0.00000000000000000000e+00) (0, 0, 0.00000000000000000000e+00) (0, 0, 0.00000000000000000000e+00) (0, 0, 0.00000000000000000000e+00) (0, 0, 0.00000000000000000000e+00) (0, 0, 0.00000000000000000000e+00) (0, 0, 0.00000000000000000000e+00) (0, 0, 0.00000000000000000000e+00) (0, 0, 0.00000000000000000000e+00) (0, 0, 0.00000000000000000000e+00) (0, 0, 0.00000000000000000000e+00) (0, 0, 0.00000000000000000000e+00) (0, 0, 0.00000000000000000000e+00) (0, 0, 0.00000000000000000000e+00) (0, 0, 0.00000000000000000000e+00) (0, 0, 0.00000000000000000000e+00) (0, 0, 0.00000000000000000000e+00) (0, 0, 0.00000000000000000000e+00) (0, 0, 0.00000000000000000000e+00) (0, 0, 0.00000000000000000000e+00) (0, 0, 0.00000000000000000000e+00) (0, 0, 0.00000000000000000000e+00) (0, 0, 0.00000000000000000000e+00) (0, 0, 0.00000000000000000000e+00) (0, 0, 0.00000000000000000000e+00) (0, 0, 0.00000000000000000000e+00) (0, 0, 0.00000000000000000000e+00) (0, 0, 0.00000000000000000000e+00) (0, 0, 0.00000000000000000000e+00) (0, 0, 0.00000000000000000000e+00) (0, 0, 0.00000000000000000000e+00) (0, 0, 0.00000000000000000000e+00) (0, 0, 0.00000000000000000000e+00) (0, 0, 0.00000000000000000000e+00) (0, 0, 0.00000000000000000000e+00) (0, 0, 0.00000000000000000000e+00) (0, 0, 0.00000000000000000000e+00) (0, 0, 0.00000000000000000000e+00) (0, 0, 0.00000000000000000000e+00) (105, 5, 5.00000000000000000000e-01) (105, 5, 5.00000000000000000000e-01) (105, 5, 5.00000000000000000000e-01) (105, 5, 5.00000000000000000000e-01) (105, 5, 5.00000000000000000000e-01) (105, 5, 5.00000000000000000000e-01) (105, 5, 5.00000000000000000000e-01) (105, 5, 5.00000000000000000000e-01) (105, 5, 5.00000000000000000000e-01) (105, 5, 5.00000000000000000000e-01) (105, 5, 5.00000000000000000000e-01) (105, 5, 5.00000000000000000000e-01) (105, 5, 5.00000000000000000000e-01) (105, 5, 5.00000000000000000000e-01) (105, 5, 5.00000000000000000000e-01) (105, 5, 5.00000000000000000000e-01) (105, 5, 5.00000000000000000000e-01) (105, 5, 5.00000000000000000000e-01) (105, 5, 5.00000000000000000000e-01) (105, 5, 5.00000000000000000000e-01) (105, 5, 5.00000000000000000000e-01) (105, 5, 5.00000000000000000000e-01) (105, 5, 5.00000000000000000000e-01) (105, 5, 5.00000000000000000000e-01) (105, 5, 5.00000000000000000000e-01) (0, 5, 0.00000000000000000000e+00) (26, 5, 5.00000000000000000000e-01) (0, 5, 0.00000000000000000000e+00) 
connections (connected_to_neuron, weight)=(0, 2.66874933242797851562e+00) (1, 2.35057306289672851562e+00) (2, 1.91118729114532470703e+00) (3, 9.22706961631774902344e-01) (4, 2.07708930969238281250e+00) (5, -1.03620231151580810547e+00) (6, -7.14343428611755371094e-01) (7, 5.05158483982086181641e-01) (8, 4.70282614231109619141e-01) (9, -9.34223711490631103516e-01) (10, -7.77910768985748291016e-01) (11, 4.65378344058990478516e-01) (12, 1.35773849487304687500e+00) (13, 1.40880608558654785156e+00) (14, -8.66287410259246826172e-01) (15, -6.51398658752441406250e-01) (16, -5.58420956134796142578e-01) (17, -7.41539418697357177734e-01) (18, -6.94422602653503417969e-01) (19, -4.91368740797042846680e-01) (20, 2.08916234970092773438e+00) (21, -1.88769102096557617188e+00) (22, -5.26692807674407958984e-01) (23, -7.74019718170166015625e-01) (24, -6.82799577713012695312e-01) (25, -1.02001738548278808594e+00) (26, 2.51296663284301757812e+00) (27, 2.21295046806335449219e+00) (28, -4.39519375562667846680e-01) (29, 9.68070328235626220703e-01) (30, -1.30035948753356933594e+00) (31, -6.00688874721527099609e-01) (32, -5.11608421802520751953e-01) (33, -5.85054099559783935547e-01) (34, -3.21165919303894042969e-02) (35, -5.44892907142639160156e-01) (36, -4.76060807704925537109e-01) (37, -7.73801088333129882812e-01) (38, 1.99937403202056884766e-01) (39, -3.57299558818340301514e-02) (40, -2.87231892347335815430e-01) (41, 3.89773517847061157227e-01) (42, -9.28177356719970703125e-01) (43, -7.01992869377136230469e-01) (44, -2.50554174184799194336e-01) (45, 9.28717672824859619141e-01) (46, 2.82144725322723388672e-01) (47, -9.70678701996803283691e-02) (48, -2.62462902069091796875e+00) (49, -3.19169402122497558594e-01) (50, -6.11663103103637695312e-01) (51, 1.67059826850891113281e+00) (52, -7.10910737514495849609e-01) (53, 1.41030287742614746094e+00) (54, -9.39342021942138671875e-01) (55, 1.19239449501037597656e+00) (56, -4.86996531486511230469e-01) (57, 1.50152039527893066406e+00) (58, -2.60453402996063232422e-01) (59, 3.70748114585876464844e+00) (60, -7.49565660953521728516e-01) (61, 8.85471552610397338867e-02) (62, -1.44278764724731445312e+00) (63, 1.81400692462921142578e+00) (64, -5.38664817810058593750e-01) (65, -8.33530485630035400391e-01) (66, 1.88518893718719482422e+00) (67, -3.09562772512435913086e-01) (68, 3.62333059310913085938e-01) (69, 3.86610001325607299805e-01) (70, -8.49169850349426269531e-01) (71, -4.10794377326965332031e-01) (72, 2.10574340820312500000e+00) (73, -7.02625751495361328125e-01) (74, -7.19385266304016113281e-01) (75, 2.00990736484527587891e-01) (76, -1.05814933776855468750e-01) (77, -7.57200181484222412109e-01) (78, 5.87695658206939697266e-01) (79, -4.96180951595306396484e-01) (80, 1.61921298503875732422e+00) (81, 1.56974518299102783203e+00) (82, 8.39028358459472656250e-02) (83, 1.07443213462829589844e+00) (84, -3.41926217079162597656e-02) (85, -1.70809015631675720215e-01) (86, -5.02310931682586669922e-01) (87, -1.14211368560791015625e+00) (88, 3.17304491996765136719e+00) (89, -5.49059331417083740234e-01) (90, -5.76746284961700439453e-01) (91, 9.61722493171691894531e-01) (92, 9.92694139480590820312e-01) (93, -9.82083380222320556641e-01) (94, -8.84169995784759521484e-01) (95, -7.28661954402923583984e-01) (96, -2.13618659973144531250e+00) (97, 1.38245666027069091797e+00) (98, 8.49014759063720703125e-01) (99, -5.57911276817321777344e-01) (100, -9.01394009590148925781e-01) (101, 2.34021186828613281250e+00) (102, -6.91931128501892089844e-01) (103, 2.92315387725830078125e+00) (104, 2.74260997772216796875e+00) (0, -2.25268535614013671875e+01) (1, -1.96645891666412353516e+00) (2, 1.16374105215072631836e-01) (3, -3.29683613777160644531e+00) (4, -2.73579299449920654297e-01) (5, 2.52246469259262084961e-01) (6, 2.87653708457946777344e+00) (7, 2.50765109062194824219e+00) (8, 3.56911778450012207031e+00) (9, 2.51430821418762207031e+00) (10, -1.09785437583923339844e+00) (11, -7.76655495166778564453e-01) (12, 1.37902284041047096252e-02) (13, 4.25109243392944335938e+00) (14, 1.39712548255920410156e+00) (15, 9.65759694576263427734e-01) (16, -6.30811810493469238281e-01) (17, 2.47141623497009277344e+00) (18, 1.39163446426391601562e+00) (19, -9.91182982921600341797e-01) (20, 1.18062995374202728271e-01) (21, 1.91944253444671630859e+00) (22, 7.89384365081787109375e-01) (23, 1.70396673679351806641e+00) (24, -1.24456799030303955078e+00) (25, -2.75656431913375854492e-02) (26, 4.19474744796752929688e+00) (27, 1.19359028339385986328e+00) (28, -2.36296325922012329102e-01) (29, -4.01872433722019195557e-02) (30, 4.22976589202880859375e+00) (31, 2.76539158821105957031e+00) (32, 2.76649165153503417969e+00) (33, -3.05525630712509155273e-01) (34, 7.59887313842773437500e+00) (35, 2.08381131291389465332e-01) (36, -7.00145244598388671875e-01) (37, 2.74074196815490722656e+00) (38, -1.44443821907043457031e+00) (39, -6.99200582504272460938e+00) (40, 2.57523918151855468750e+00) (41, 3.23803615570068359375e+00) (42, -4.84256386756896972656e-01) (43, 2.45441102981567382812e+00) (44, 9.83551323413848876953e-01) (45, -1.12119114398956298828e+00) (46, -1.40565216541290283203e+00) (47, -1.37048709392547607422e+00) (48, 1.08332860469818115234e+00) (49, 1.48443889617919921875e+00) (50, -8.26308250427246093750e-01) (51, 1.72112262248992919922e+00) (52, 3.53059077262878417969e+00) (53, 2.70750474929809570312e+00) (54, 2.80885767936706542969e+00) (55, -3.03092956542968750000e+00) (56, -3.07930260896682739258e-01) (57, -5.23723125457763671875e+00) (58, 8.56289196014404296875e+00) (59, 6.65554523468017578125e+00) (60, -1.68962955474853515625e-01) (61, -6.71409511566162109375e+00) (62, 1.26003456115722656250e+00) (63, -1.23353838920593261719e-01) (64, 4.58608722686767578125e+00) (65, 1.13103009760379791260e-01) (66, -7.23878800868988037109e-01) (67, 2.59689360857009887695e-01) (68, 1.32934287190437316895e-01) (69, 8.71561825275421142578e-01) (70, -1.92170023918151855469e-01) (71, 1.46397793292999267578e+00) (72, -8.02335664629936218262e-02) (73, -5.30822324752807617188e+00) (74, -5.14056906104087829590e-02) (75, -2.25707197189331054688e+00) (76, -6.62152826786041259766e-01) (77, -5.82294799387454986572e-02) (78, 2.83791542053222656250e+00) (79, -1.08157312870025634766e+00) (80, 4.70438432693481445312e+00) (81, 7.26031437516212463379e-02) (82, 1.84089684486389160156e+00) (83, 2.47093105316162109375e+00) (84, -1.73476254940032958984e+00) (85, -3.04987478256225585938e+00) (86, -9.36245322227478027344e-02) (87, 1.33385968208312988281e+00) (88, -7.11523950099945068359e-01) (89, 7.39821135997772216797e-01) (90, 1.96355855464935302734e+00) (91, 2.62211918830871582031e+00) (92, 2.93790006637573242188e+00) (93, 7.20951735973358154297e-01) (94, 9.94126141071319580078e-01) (95, 1.00756990909576416016e+00) (96, 1.52376747131347656250e+00) (97, -1.30820119380950927734e+00) (98, 2.86296153068542480469e+00) (99, -3.14304518699645996094e+00) (100, -1.10430844128131866455e-01) (101, -1.41598832607269287109e+00) (102, -1.01986532211303710938e+01) (103, 1.64856090545654296875e+01) (104, 6.07032656669616699219e-01) (0, -1.50000000000000000000e+03) (1, 1.16913403320312500000e+03) (2, 1.50000000000000000000e+03) (3, 1.50000000000000000000e+03) (4, 1.50000000000000000000e+03) (5, -1.44757373046875000000e+03) (6, -1.50000000000000000000e+03) (7, 1.50000000000000000000e+03) (8, 1.50000000000000000000e+03) (9, -1.50000000000000000000e+03) (10, -1.50000000000000000000e+03) (11, 1.50000000000000000000e+03) (12, 2.34980487823486328125e+00) (13, 1.16815023422241210938e+01) (14, -1.50000000000000000000e+03) (15, 1.50000000000000000000e+03) (16, -1.50000000000000000000e+03) (17, -1.50000000000000000000e+03) (18, -1.50000000000000000000e+03) (19, 1.50000000000000000000e+03) (20, -1.50000000000000000000e+03) (21, -1.50000000000000000000e+03) (22, 1.50000000000000000000e+03) (23, 2.94778037071228027344e+00) (24, 1.50000000000000000000e+03) (25, -1.50000000000000000000e+03) (26, 1.50000000000000000000e+03) (27, -1.50000000000000000000e+03) (28, -1.50000000000000000000e+03) (29, -1.50000000000000000000e+03) (30, -1.50000000000000000000e+03) (31, -1.50000000000000000000e+03) (32, -1.50000000000000000000e+03) (33, -1.50000000000000000000e+03) (34, 1.50000000000000000000e+03) (35, -1.50000000000000000000e+03) (36, -1.50000000000000000000e+03) (37, -1.50000000000000000000e+03) (38, 4.43706035614013671875e+00) (39, 1.50000000000000000000e+03) (40, -1.50000000000000000000e+03) (41, -1.50000000000000000000e+03) (42, 2.69106936454772949219e+00) (43, 1.36617457866668701172e+00) (44, 1.50000000000000000000e+03) (45, 5.12300777435302734375e+00) (46, 1.50000000000000000000e+03) (47, 6.39274454116821289062e+00) (48, 1.78155088424682617188e+00) (49, 1.93663239479064941406e+00) (50, 3.75736212730407714844e+00) (51, -1.49869750976562500000e+03) (52, 3.70719432830810546875e+00) (53, 3.00597381591796875000e+00) (54, 2.26003026962280273438e+00) (55, -1.50000000000000000000e+03) (56, 1.50000000000000000000e+03) (57, -1.50000000000000000000e+03) (58, -8.75787067413330078125e+00) (59, 3.10473775863647460938e+00) (60, 1.50000000000000000000e+03) (61, -1.50000000000000000000e+03) (62, 2.47850823402404785156e+00) (63, 1.50000000000000000000e+03) (64, 2.69840288162231445312e+00) (65, 1.50000000000000000000e+03) (66, -1.50000000000000000000e+03) (67, 2.93089485168457031250e+00) (68, 8.67970213294029235840e-02) (69, 2.89146375656127929688e+00) (70, 2.89936184883117675781e+00) (71, 1.50000000000000000000e+03) (72, 1.50000000000000000000e+03) (73, 1.50000000000000000000e+03) (74, 1.50000000000000000000e+03) (75, 1.50000000000000000000e+03) (76, 1.50000000000000000000e+03) (77, 1.50000000000000000000e+03) (78, 2.96076893806457519531e+00) (79, 1.50000000000000000000e+03) (80, 1.50000000000000000000e+03) (81, 3.40468144416809082031e+00) (82, 1.50000000000000000000e+03) (83, 1.50000000000000000000e+03) (84, 1.50000000000000000000e+03) (85, 1.50000000000000000000e+03) (86, 1.50000000000000000000e+03) (87, 2.66984891891479492188e+00) (88, 1.50000000000000000000e+03) (89, 1.50000000000000000000e+03) (90, 1.50000000000000000000e+03) (91, 1.50000000000000000000e+03) (92, 1.50000000000000000000e+03) (93, 1.50000000000000000000e+03) (94, 1.50000000000000000000e+03) (95, 3.02008628845214843750e+00) (96, 2.46215462684631347656e+00) (97, 1.50000000000000000000e+03) (98, 3.02692413330078125000e+00) (99, 1.50000000000000000000e+03) (100, 1.50000000000000000000e+03) (101, 1.50000000000000000000e+03) (102, -1.50000000000000000000e+03) (103, 1.50000000000000000000e+03) (104, -9.06265974044799804688e-01) (0, -1.50000000000000000000e+03) (1, 1.16913403320312500000e+03) (2, 1.50000000000000000000e+03) (3, 1.50000000000000000000e+03) (4, 1.50000000000000000000e+03) (5, -1.44757373046875000000e+03) (6, -1.50000000000000000000e+03) (7, 1.50000000000000000000e+03) (8, 1.50000000000000000000e+03) (9, -1.50000000000000000000e+03) (10, -1.50000000000000000000e+03) (11, 1.50000000000000000000e+03) (12, 2.23052358627319335938e+00) (13, 1.17323074340820312500e+01) (14, -1.50000000000000000000e+03) (15, 1.50000000000000000000e+03) (16, -1.50000000000000000000e+03) (17, -1.50000000000000000000e+03) (18, -1.50000000000000000000e+03) (19, 1.50000000000000000000e+03) (20, -1.50000000000000000000e+03) (21, -1.50000000000000000000e+03) (22, 1.50000000000000000000e+03) (23, 2.75991821289062500000e+00) (24, 1.50000000000000000000e+03) (25, -1.50000000000000000000e+03) (26, 1.50000000000000000000e+03) (27, -1.50000000000000000000e+03) (28, -1.50000000000000000000e+03) (29, -1.50000000000000000000e+03) (30, -1.50000000000000000000e+03) (31, -1.50000000000000000000e+03) (32, -1.50000000000000000000e+03) (33, -1.50000000000000000000e+03) (34, 1.50000000000000000000e+03) (35, -1.50000000000000000000e+03) (36, -1.50000000000000000000e+03) (37, -1.50000000000000000000e+03) (38, 4.33297586441040039062e+00) (39, 1.50000000000000000000e+03) (40, -1.50000000000000000000e+03) (41, -1.50000000000000000000e+03) (42, 2.78647089004516601562e+00) (43, 1.52175474166870117188e+00) (44, 1.50000000000000000000e+03) (45, 5.03786659240722656250e+00) (46, 1.50000000000000000000e+03) (47, 6.33381223678588867188e+00) (48, 1.69954681396484375000e+00) (49, 1.96249938011169433594e+00) (50, 3.70200395584106445312e+00) (51, -1.49869750976562500000e+03) (52, 3.60418081283569335938e+00) (53, 3.05740141868591308594e+00) (54, 2.41805982589721679688e+00) (55, -1.50000000000000000000e+03) (56, 1.50000000000000000000e+03) (57, -1.50000000000000000000e+03) (58, -7.54176044464111328125e+00) (59, 2.96237397193908691406e+00) (60, 1.50000000000000000000e+03) (61, -1.50000000000000000000e+03) (62, 2.56187343597412109375e+00) (63, 1.50000000000000000000e+03) (64, 2.57148504257202148438e+00) (65, 1.50000000000000000000e+03) (66, -1.50000000000000000000e+03) (67, 2.91805434226989746094e+00) (68, -4.11036238074302673340e-02) (69, 3.01384806632995605469e+00) (70, 2.95301675796508789062e+00) (71, 1.50000000000000000000e+03) (72, 1.50000000000000000000e+03) (73, 1.50000000000000000000e+03) (74, 1.50000000000000000000e+03) (75, 1.50000000000000000000e+03) (76, 1.50000000000000000000e+03) (77, 1.50000000000000000000e+03) (78, 2.84793949127197265625e+00) (79, 1.50000000000000000000e+03) (80, 1.50000000000000000000e+03) (81, 3.43499469757080078125e+00) (82, 1.50000000000000000000e+03) (83, 1.50000000000000000000e+03) (84, 1.50000000000000000000e+03) (85, 1.50000000000000000000e+03) (86, 1.50000000000000000000e+03) (87, 2.54461097717285156250e+00) (88, 1.50000000000000000000e+03) (89, 1.50000000000000000000e+03) (90, 1.50000000000000000000e+03) (91, 9.97099609375000000000e+01) (92, 1.50000000000000000000e+03) (93, 1.50000000000000000000e+03) (94, 1.50000000000000000000e+03) (95, 2.79690337181091308594e+00) (96, 2.43213534355163574219e+00) (97, 1.50000000000000000000e+03) (98, 3.05744934082031250000e+00) (99, 1.50000000000000000000e+03) (100, 1.50000000000000000000e+03) (101, 1.50000000000000000000e+03) (102, -1.50000000000000000000e+03) (103, 1.50000000000000000000e+03) (104, -9.66170549392700195312e-01) (0, -1.91901721954345703125e+01) (1, -8.97211265563964843750e+00) (2, 1.44247257709503173828e+00) (3, 9.99661743640899658203e-01) (4, 3.81242036819458007812e-01) (5, 4.61409378051757812500e+00) (6, 4.35573148727416992188e+00) (7, -8.05471360683441162109e-01) (8, -4.43108177185058593750e+00) (9, 2.72380614280700683594e+00) (10, 1.38415324687957763672e+00) (11, -5.13977766036987304688e-01) (12, 3.21407049894332885742e-01) (13, 1.59850263595581054688e+00) (14, 1.50194466114044189453e+00) (15, -1.61246985197067260742e-01) (16, 6.27113103866577148438e+00) (17, 1.83838486671447753906e+00) (18, 7.39753782749176025391e-01) (19, -3.69198489189147949219e+00) (20, -1.28397035598754882812e+01) (21, 4.31110173463821411133e-01) (22, -1.56120121479034423828e-01) (23, 1.61186635494232177734e-01) (24, -2.06882929801940917969e+00) (25, -7.28203916549682617188e+00) (26, -1.03798189163208007812e+01) (27, 1.08219337463378906250e+00) (28, -2.51262318342924118042e-02) (29, 3.64579945802688598633e-01) (30, 1.70651626586914062500e+00) (31, 1.15860681533813476562e+01) (32, 1.47930490970611572266e+00) (33, 1.13410949707031250000e+01) (34, -1.68750324249267578125e+01) (35, -3.79077494144439697266e-01) (36, -1.29119229316711425781e+00) (37, 6.61704921722412109375e+00) (38, -2.86231040954589843750e+00) (39, -3.58097457885742187500e+00) (40, 6.78616857528686523438e+00) (41, 9.86060905456542968750e+00) (42, 8.27439248561859130859e-01) (43, 1.53111565113067626953e+00) (44, 1.04161911010742187500e+01) (45, -1.14289855957031250000e+00) (46, 3.28797268867492675781e+00) (47, 7.10575878620147705078e-02) (48, -8.56275260448455810547e-01) (49, 2.50342583656311035156e+00) (50, 3.09642338752746582031e+00) (51, 1.18032684326171875000e+01) (52, 2.82934695482254028320e-01) (53, 1.72342944145202636719e+00) (54, 2.89807701110839843750e+00) (55, 4.51172739267349243164e-02) (56, -2.07767054438591003418e-01) (57, 3.49325561523437500000e+00) (58, 4.90359163284301757812e+00) (59, 7.07954466342926025391e-01) (60, -1.09914317727088928223e-01) (61, 5.44706955552101135254e-02) (62, 5.14375400543212890625e+00) (63, -2.43312507867813110352e-01) (64, -2.78314614295959472656e+00) (65, -1.56477853655815124512e-01) (66, 8.00393390655517578125e+00) (67, -3.62687540054321289062e+00) (68, 1.72833383083343505859e+00) (69, 3.23467433452606201172e-01) (70, 3.14255684614181518555e-01) (71, 2.44889259338378906250e-02) (72, -1.55253410339355468750e+00) (73, 2.52227330207824707031e+00) (74, -7.65438675880432128906e-01) (75, 4.80272912979125976562e+00) (76, -8.13527774810791015625e+00) (77, 1.44646632671356201172e+00) (78, 9.17135298252105712891e-01) (79, 5.68092644214630126953e-01) (80, -3.20753431320190429688e+00) (81, -3.73901635408401489258e-01) (82, 5.44980573654174804688e+00) (83, 4.94361877441406250000e+00) (84, 1.71751439571380615234e-01) (85, 3.49819636344909667969e+00) (86, -1.58026903867721557617e-01) (87, 1.32467567920684814453e+00) (88, 5.23267209529876708984e-01) (89, -4.24447822570800781250e+00) (90, -4.27301675081253051758e-02) (91, -1.22478759288787841797e+00) (92, -2.63068842887878417969e+00) (93, -3.05229276418685913086e-01) (94, -2.58023798465728759766e-01) (95, -3.02336549758911132812e+00) (96, 1.81141626834869384766e+00) (97, -2.00655996799468994141e-01) (98, -9.25693586468696594238e-02) (99, 2.57076859474182128906e+00) (100, -3.02115410566329956055e-01) (101, 4.06563192605972290039e-01) (102, -7.63614320755004882812e+00) (103, 1.35744562149047851562e+01) (104, 2.19401955604553222656e-01) (0, -1.50000000000000000000e+03) (1, 1.16913403320312500000e+03) (2, 1.50000000000000000000e+03) (3, 1.50000000000000000000e+03) (4, 1.50000000000000000000e+03) (5, -1.44757373046875000000e+03) (6, -1.50000000000000000000e+03) (7, 1.50000000000000000000e+03) (8, 1.50000000000000000000e+03) (9, -1.50000000000000000000e+03) (10, -1.50000000000000000000e+03) (11, 1.50000000000000000000e+03) (12, 2.19506359100341796875e+00) (13, 1.17571792602539062500e+01) (14, -1.50000000000000000000e+03) (15, 1.50000000000000000000e+03) (16, -1.50000000000000000000e+03) (17, -1.50000000000000000000e+03) (18, -1.50000000000000000000e+03) (19, 1.50000000000000000000e+03) (20, -1.50000000000000000000e+03) (21, -1.50000000000000000000e+03) (22, 1.50000000000000000000e+03) (23, 2.83671259880065917969e+00) (24, 1.50000000000000000000e+03) (25, -1.50000000000000000000e+03) (26, 1.50000000000000000000e+03) (27, -1.50000000000000000000e+03) (28, -1.50000000000000000000e+03) (29, -1.50000000000000000000e+03) (30, -1.50000000000000000000e+03) (31, -1.50000000000000000000e+03) (32, -1.50000000000000000000e+03) (33, -1.50000000000000000000e+03) (34, 1.50000000000000000000e+03) (35, -1.50000000000000000000e+03) (36, -1.50000000000000000000e+03) (37, -1.50000000000000000000e+03) (38, 4.36961269378662109375e+00) (39, 1.50000000000000000000e+03) (40, -1.50000000000000000000e+03) (41, -1.50000000000000000000e+03) (42, 2.70907092094421386719e+00) (43, 1.49475002288818359375e+00) (44, 1.50000000000000000000e+03) (45, 4.96893167495727539062e+00) (46, 1.50000000000000000000e+03) (47, 6.37390756607055664062e+00) (48, 1.85040569305419921875e+00) (49, 1.85090065002441406250e+00) (50, 3.66580390930175781250e+00) (51, -1.49869750976562500000e+03) (52, 3.54827594757080078125e+00) (53, 3.05746030807495117188e+00) (54, 2.40678596496582031250e+00) (55, -1.50000000000000000000e+03) (56, 1.50000000000000000000e+03) (57, -1.50000000000000000000e+03) (58, -8.84022617340087890625e+00) (59, 2.87153720855712890625e+00) (60, 1.50000000000000000000e+03) (61, -1.50000000000000000000e+03) (62, 2.43110346794128417969e+00) (63, 1.50000000000000000000e+03) (64, 2.67638087272644042969e+00) (65, 1.50000000000000000000e+03) (66, -1.50000000000000000000e+03) (67, 2.75535106658935546875e+00) (68, 3.83766293525695800781e-02) (69, 2.90347552299499511719e+00) (70, 2.81210875511169433594e+00) (71, 1.50000000000000000000e+03) (72, 1.50000000000000000000e+03) (73, 1.50000000000000000000e+03) (74, 1.50000000000000000000e+03) (75, 1.50000000000000000000e+03) (76, 1.50000000000000000000e+03) (77, 1.50000000000000000000e+03) (78, 2.72803568840026855469e+00) (79, 1.50000000000000000000e+03) (80, 1.50000000000000000000e+03) (81, 4.14845180511474609375e+00) (82, 1.50000000000000000000e+03) (83, 1.50000000000000000000e+03) (84, 1.50000000000000000000e+03) (85, 1.50000000000000000000e+03) (86, 1.50000000000000000000e+03) (87, 2.55885243415832519531e+00) (88, 1.50000000000000000000e+03) (89, 1.50000000000000000000e+03) (90, 1.50000000000000000000e+03) (91, 5.53414733886718750000e+02) (92, 1.50000000000000000000e+03) (93, 1.50000000000000000000e+03) (94, 1.50000000000000000000e+03) (95, 2.83095812797546386719e+00) (96, 2.41011953353881835938e+00) (97, 1.50000000000000000000e+03) (98, 3.04094743728637695312e+00) (99, 1.50000000000000000000e+03) (100, 1.50000000000000000000e+03) (101, 1.50000000000000000000e+03) (102, -1.50000000000000000000e+03) (103, 1.50000000000000000000e+03) (104, -8.91581416130065917969e-01) (0, -2.61270999908447265625e+01) (1, 4.45890712738037109375e+00) (2, 2.60998606681823730469e+00) (3, -3.75920128822326660156e+00) (4, -6.32907438278198242188e+00) (5, 2.26443314552307128906e+00) (6, 2.43704032897949218750e+00) (7, -2.42039531469345092773e-01) (8, 7.88471508026123046875e+00) (9, 3.70139336585998535156e+00) (10, -9.47658061981201171875e-01) (11, -5.48640310764312744141e-01) (12, 1.33333933353424072266e+00) (13, -3.26704216003417968750e+00) (14, 2.96928000450134277344e+00) (15, 5.71562469005584716797e-01) (16, 2.39736723899841308594e+00) (17, 3.76257151365280151367e-01) (18, 4.80227661132812500000e+00) (19, -3.42158794403076171875e+00) (20, 1.77700405120849609375e+01) (21, -1.76007103919982910156e+00) (22, 7.60891628265380859375e+00) (23, 2.13998341560363769531e+00) (24, -1.06994657516479492188e+01) (25, 5.58652639389038085938e+00) (26, 1.06911706924438476562e+00) (27, -4.03147459030151367188e+00) (28, 8.59475231170654296875e+00) (29, 2.79713678359985351562e+00) (30, -2.85020613670349121094e+00) (31, -1.89179563522338867188e+00) (32, 1.27004072070121765137e-01) (33, -2.62058526277542114258e-01) (34, -7.89022922515869140625e+00) (35, 2.10360929369926452637e-01) (36, 5.17681837081909179688e+00) (37, 7.79926478862762451172e-01) (38, 3.58547592163085937500e+00) (39, 1.98636472225189208984e+00) (40, -1.83898425102233886719e+00) (41, 6.18405771255493164062e+00) (42, 2.73302197456359863281e+00) (43, 3.43713402748107910156e+00) (44, 3.30963230133056640625e+00) (45, -7.07104063034057617188e+00) (46, 1.61101496219635009766e+00) (47, -4.70205068588256835938e+00) (48, 1.88897573947906494141e+00) (49, -9.21285450458526611328e-01) (50, 4.25855547189712524414e-01) (51, 2.74049568176269531250e+00) (52, 1.97910845279693603516e+00) (53, 1.95023477077484130859e+00) (54, 1.73959362506866455078e+00) (55, 1.89971077442169189453e+00) (56, 6.77645862102508544922e-01) (57, -1.08705484867095947266e+00) (58, 4.60866183042526245117e-01) (59, -7.77628898620605468750e-01) (60, -6.51438653469085693359e-01) (61, 1.77227866649627685547e+00) (62, 8.24549674987792968750e+00) (63, 1.60196948051452636719e+00) (64, 1.28243088722229003906e+00) (65, 1.60182669758796691895e-01) (66, 1.10101866722106933594e+00) (67, 1.21643980965018272400e-02) (68, -1.09929159283638000488e-01) (69, 2.76658082008361816406e+00) (70, -1.89171463251113891602e-01) (71, -2.15949177742004394531e+00) (72, 1.50686776638031005859e+00) (73, 2.83775657415390014648e-01) (74, -4.55163955688476562500e+00) (75, -1.26071262359619140625e+00) (76, -6.34496545791625976562e+00) (77, -5.41979789733886718750e-01) (78, 1.13867834210395812988e-01) (79, -2.71218985319137573242e-01) (80, -2.78273642063140869141e-01) (81, -4.50337566435337066650e-02) (82, 2.23398041725158691406e+00) (83, 2.52012920379638671875e+00) (84, -1.68804705142974853516e+00) (85, -7.80377835035324096680e-02) (86, -1.87536716461181640625e-01) (87, 3.98779287934303283691e-02) (88, -4.05670821666717529297e-01) (89, -7.65986889600753784180e-02) (90, -1.59300670027732849121e-01) (91, -2.95331999659538269043e-02) (92, 2.15409016609191894531e+00) (93, 2.99327164888381958008e-01) (94, 2.57282590866088867188e+00) (95, -8.25960338115692138672e-01) (96, 3.31266689300537109375e+00) (97, 1.41040245071053504944e-02) (98, -1.80735325813293457031e+00) (99, -2.85780847072601318359e-01) (100, 9.05729383230209350586e-02) (101, 1.07186874374747276306e-02) (102, -1.18523759841918945312e+01) (103, 1.94183559417724609375e+01) (104, -6.92416250705718994141e-01) (0, -4.85443115234375000000e+00) (1, -1.39898896217346191406e+00) (2, -1.50723338127136230469e-01) (3, -2.22939324378967285156e+00) (4, -1.01341044902801513672e+00) (5, 2.72969067096710205078e-01) (6, -1.10371863842010498047e+00) (7, -3.68545919656753540039e-01) (8, 3.16636145114898681641e-01) (9, -7.12086915969848632812e-01) (10, 2.03780889511108398438e+00) (11, -3.49284559488296508789e-01) (12, -2.68885850906372070312e+00) (13, -1.72884464263916015625e+00) (14, -6.41326606273651123047e-01) (15, -7.31483757495880126953e-01) (16, 1.66059851646423339844e+00) (17, 2.33466291427612304688e+00) (18, -7.78150796890258789062e-01) (19, 2.00606393814086914062e+00) (20, -1.02222907543182373047e+00) (21, -2.34227991104125976562e+00) (22, -5.72776377201080322266e-01) (23, -7.98861801624298095703e-01) (24, -8.02703499794006347656e-01) (25, 2.22690343856811523438e+00) (26, -1.91050246357917785645e-01) (27, -8.42230916023254394531e-01) (28, -5.22542476654052734375e-01) (29, -2.65210598707199096680e-01) (30, -6.96678042411804199219e-01) (31, 1.95602476596832275391e+00) (32, -4.96412634849548339844e-01) (33, 2.34932112693786621094e+00) (34, -5.75743131339550018311e-02) (35, -6.33217334747314453125e-01) (36, 2.13442540168762207031e+00) (37, -6.21399760246276855469e-01) (38, 2.59432911872863769531e+00) (39, 2.44948720932006835938e+00) (40, 2.32956027984619140625e+00) (41, -8.15639436244964599609e-01) (42, 1.40012562274932861328e+00) (43, -6.75846695899963378906e-01) (44, 1.92104589939117431641e+00) (45, 2.35281419754028320312e+00) (46, -5.53455412387847900391e-01) (47, -1.79057881236076354980e-01) (48, -5.89226126670837402344e-01) (49, 2.10794305801391601562e+00) (50, 2.03086519241333007812e+00) (51, 1.71010863780975341797e+00) (52, 1.71700108051300048828e+00) (53, -2.11444735527038574219e-01) (54, -8.27142894268035888672e-01) (55, 1.18612778186798095703e+00) (56, -7.21583664417266845703e-02) (57, -1.48214316368103027344e+00) (58, -8.87579262256622314453e-01) (59, -1.28619706630706787109e+00) (60, 2.30993211269378662109e-01) (61, -1.39074909687042236328e+00) (62, -1.02682566642761230469e+00) (63, 1.92274868488311767578e-01) (64, 2.15620350837707519531e+00) (65, 1.83253169059753417969e-01) (66, 2.31013822555541992188e+00) (67, -6.90294802188873291016e-01) (68, 5.03699445724487304688e+00) (69, -2.39913558959960937500e+00) (70, -1.18605248630046844482e-01) (71, -1.18829870223999023438e+00) (72, -2.12787061929702758789e-01) (73, 1.75997805595397949219e+00) (74, 1.58665561676025390625e+00) (75, -3.82215094566345214844e+00) (76, -9.78570580482482910156e-01) (77, 3.71594548225402832031e-01) (78, -1.66334557533264160156e+00) (79, 1.19692373275756835938e+00) (80, -2.73293852806091308594e+00) (81, -4.94802653789520263672e-01) (82, 1.22910189628601074219e+00) (83, 8.97912859916687011719e-01) (84, -1.94128692150115966797e+00) (85, 2.23440718650817871094e+00) (86, 1.76231420040130615234e+00) (87, -1.19015991687774658203e+00) (88, 1.07297301292419433594e-01) (89, 1.45257282257080078125e+00) (90, 2.39611834287643432617e-01) (91, -2.85241246223449707031e-01) (92, -1.60411059856414794922e+00) (93, 3.53487014770507812500e-01) (94, -3.36859881877899169922e-01) (95, -2.32791471481323242188e+00) (96, -1.98162090778350830078e+00) (97, -9.14994001388549804688e-01) (98, -2.38847637176513671875e+00) (99, -9.39038157463073730469e-01) (100, 4.99218642711639404297e-01) (101, -4.83833408355712890625e+00) (102, 4.66951513290405273438e+00) (103, -1.66374683380126953125e+00) (104, 2.70077490806579589844e+00) (0, -1.50000000000000000000e+03) (1, 1.16913403320312500000e+03) (2, 1.50000000000000000000e+03) (3, 1.50000000000000000000e+03) (4, 1.50000000000000000000e+03) (5, -1.44757373046875000000e+03) (6, -1.50000000000000000000e+03) (7, 1.50000000000000000000e+03) (8, 1.50000000000000000000e+03) (9, -1.50000000000000000000e+03) (10, -1.50000000000000000000e+03) (11, 1.50000000000000000000e+03) (12, 2.32596039772033691406e+00) (13, 1.17942829132080078125e+01) (14, -1.50000000000000000000e+03) (15, 1.50000000000000000000e+03) (16, -1.50000000000000000000e+03) (17, -1.50000000000000000000e+03) (18, -1.50000000000000000000e+03) (19, 1.50000000000000000000e+03) (20, -1.50000000000000000000e+03) (21, -1.50000000000000000000e+03) (22, 1.50000000000000000000e+03) (23, 2.89761686325073242188e+00) (24, 1.50000000000000000000e+03) (25, -1.50000000000000000000e+03) (26, 1.50000000000000000000e+03) (27, -1.50000000000000000000e+03) (28, -1.50000000000000000000e+03) (29, -1.50000000000000000000e+03) (30, -1.50000000000000000000e+03) (31, -1.50000000000000000000e+03) (32, -1.50000000000000000000e+03) (33, -1.50000000000000000000e+03) (34, 1.50000000000000000000e+03) (35, -1.50000000000000000000e+03) (36, -1.50000000000000000000e+03) (37, -1.50000000000000000000e+03) (38, 4.24429416656494140625e+00) (39, 1.50000000000000000000e+03) (40, -1.50000000000000000000e+03) (41, -1.50000000000000000000e+03) (42, 2.80535006523132324219e+00) (43, 1.52412080764770507812e+00) (44, 1.50000000000000000000e+03) (45, 5.11574459075927734375e+00) (46, 1.50000000000000000000e+03) (47, 6.42599391937255859375e+00) (48, 1.69801115989685058594e+00) (49, 1.79076790809631347656e+00) (50, 3.47541952133178710938e+00) (51, -1.49869750976562500000e+03) (52, 3.51287508010864257812e+00) (53, 3.10522961616516113281e+00) (54, 2.43404245376586914062e+00) (55, -1.50000000000000000000e+03) (56, 1.50000000000000000000e+03) (57, -1.50000000000000000000e+03) (58, 7.50925898551940917969e-01) (59, 3.03811383247375488281e+00) (60, 1.50000000000000000000e+03) (61, -1.50000000000000000000e+03) (62, 2.52403616905212402344e+00) (63, 1.50000000000000000000e+03) (64, 2.56781101226806640625e+00) (65, 1.50000000000000000000e+03) (66, -1.50000000000000000000e+03) (67, 2.84795928001403808594e+00) (68, 7.58302211761474609375e-02) (69, 2.84649682044982910156e+00) (70, 2.93419289588928222656e+00) (71, 1.50000000000000000000e+03) (72, 1.50000000000000000000e+03) (73, 1.50000000000000000000e+03) (74, 1.50000000000000000000e+03) (75, 1.50000000000000000000e+03) (76, 1.50000000000000000000e+03) (77, 1.50000000000000000000e+03) (78, 2.80905961990356445312e+00) (79, 1.50000000000000000000e+03) (80, 1.50000000000000000000e+03) (81, 3.19213843345642089844e+00) (82, 1.50000000000000000000e+03) (83, 1.50000000000000000000e+03) (84, 1.50000000000000000000e+03) (85, 1.50000000000000000000e+03) (86, 1.50000000000000000000e+03) (87, 2.70365309715270996094e+00) (88, 1.50000000000000000000e+03) (89, 1.50000000000000000000e+03) (90, 1.50000000000000000000e+03) (91, 5.60201232910156250000e+02) (92, 1.50000000000000000000e+03) (93, 1.50000000000000000000e+03) (94, 1.50000000000000000000e+03) (95, 2.76628804206848144531e+00) (96, 2.41054368019104003906e+00) (97, 1.50000000000000000000e+03) (98, 2.98478293418884277344e+00) (99, 1.50000000000000000000e+03) (100, 1.50000000000000000000e+03) (101, 1.50000000000000000000e+03) (102, -1.50000000000000000000e+03) (103, 1.50000000000000000000e+03) (104, -8.95102381706237792969e-01) (0, 6.59047746658325195312e+00) (1, 8.57309520244598388672e-01) (2, 1.48871326446533203125e+00) (3, 4.68545722961425781250e+00) (4, -5.47009706497192382812e-01) (5, -6.72146272659301757812e+00) (6, 8.68805825710296630859e-01) (7, -1.58391988277435302734e+00) (8, -2.56928324699401855469e+00) (9, 7.67377912998199462891e-01) (10, 9.30443286895751953125e-01) (11, -6.69544816017150878906e-01) (12, 5.74359118938446044922e-01) (13, -2.94079363346099853516e-01) (14, 1.77653658390045166016e+00) (15, -2.59720230102539062500e+00) (16, -1.72901964187622070312e+00) (17, 3.98278927803039550781e+00) (18, 2.93956160545349121094e+00) (19, 6.28388583660125732422e-01) (20, 3.01256775856018066406e-01) (21, 4.28005361557006835938e+00) (22, -5.29753589630126953125e+00) (23, -2.07048869132995605469e+00) (24, 2.58674311637878417969e+00) (25, -1.41167795658111572266e+00) (26, -1.24106097221374511719e+00) (27, 9.83423054218292236328e-01) (28, -2.06090378761291503906e+00) (29, 3.21196794509887695312e+00) (30, -3.74571609497070312500e+00) (31, 2.25533008575439453125e+00) (32, -3.60638976097106933594e+00) (33, -5.45584142208099365234e-01) (34, 1.33465334773063659668e-01) (35, -2.78249561786651611328e-01) (36, 6.25085949897766113281e-01) (37, 1.89101612567901611328e+00) (38, -3.08533728122711181641e-01) (39, 2.16093325614929199219e+00) (40, -2.22651433944702148438e+00) (41, -5.17591619491577148438e+00) (42, 3.60087722539901733398e-01) (43, 2.06704998016357421875e+00) (44, 3.88777875900268554688e+00) (45, 7.97890603542327880859e-01) (46, -6.53400242328643798828e-01) (47, -6.66033685207366943359e-01) (48, 2.09634685516357421875e+00) (49, 1.23726081848144531250e+00) (50, -4.25368499755859375000e+00) (51, 5.25875270366668701172e-01) (52, -1.38452649116516113281e-01) (53, -1.94551873207092285156e+00) (54, -3.04285939782857894897e-02) (55, -3.23425412178039550781e+00) (56, 1.18586488068103790283e-01) (57, 1.96634876728057861328e+00) (58, 6.95967018604278564453e-01) (59, -4.31054718792438507080e-02) (60, -1.67989134788513183594e+00) (61, -9.88842785358428955078e-01) (62, -2.14571952819824218750e+00) (63, -1.97534650564193725586e-01) (64, 1.49545741081237792969e+00) (65, -6.03223264217376708984e-01) (66, -1.10450971126556396484e+00) (67, 5.29053747653961181641e-01) (68, 1.93306505680084228516e+00) (69, -8.81760656833648681641e-01) (70, 1.20424997806549072266e+00) (71, 4.29447859525680541992e-01) (72, 1.43546628952026367188e+00) (73, 3.18171501159667968750e+00) (74, 7.10843026638031005859e-01) (75, -1.15968954563140869141e+00) (76, 4.14868801832199096680e-01) (77, 1.63233149051666259766e+00) (78, 5.15123605728149414062e-01) (79, 9.27813112735748291016e-01) (80, -1.51256215572357177734e+00) (81, -7.72769868373870849609e-01) (82, 2.14962944388389587402e-01) (83, -4.61200863122940063477e-01) (84, -7.07898378372192382812e-01) (85, 7.21726715564727783203e-01) (86, -7.51555979251861572266e-01) (87, 1.18601524829864501953e+00) (88, -4.67995882034301757812e-01) (89, -7.07486569881439208984e-01) (90, -6.02880120277404785156e-01) (91, 6.36610567569732666016e-01) (92, -8.11399698257446289062e-01) (93, -2.29539060592651367188e+00) (94, -9.03058946132659912109e-01) (95, -1.61227583885192871094e+00) (96, 3.11337500810623168945e-01) (97, -6.81851327419281005859e-01) (98, -5.19757986068725585938e-01) (99, -8.22947502136230468750e-01) (100, -1.04672753810882568359e+00) (101, -1.11421597003936767578e+00) (102, -4.35146182775497436523e-01) (103, 2.92597007751464843750e+00) (104, 2.50712037086486816406e+00) (0, -1.50000000000000000000e+03) (1, 1.16913403320312500000e+03) (2, 1.50000000000000000000e+03) (3, 1.50000000000000000000e+03) (4, 1.50000000000000000000e+03) (5, -1.44757373046875000000e+03) (6, -1.50000000000000000000e+03) (7, 1.50000000000000000000e+03) (8, 1.50000000000000000000e+03) (9, -1.50000000000000000000e+03) (10, -1.50000000000000000000e+03) (11, 1.50000000000000000000e+03) (12, 2.34171462059020996094e+00) (13, 1.16378469467163085938e+01) (14, -1.50000000000000000000e+03) (15, 1.50000000000000000000e+03) (16, -1.50000000000000000000e+03) (17, -1.50000000000000000000e+03) (18, -1.50000000000000000000e+03) (19, 1.50000000000000000000e+03) (20, -1.50000000000000000000e+03) (21, -1.50000000000000000000e+03) (22, 1.50000000000000000000e+03) (23, 2.90648102760314941406e+00) (24, 1.50000000000000000000e+03) (25, -1.50000000000000000000e+03) (26, 1.50000000000000000000e+03) (27, -1.50000000000000000000e+03) (28, -1.50000000000000000000e+03) (29, -1.50000000000000000000e+03) (30, -1.50000000000000000000e+03) (31, -1.50000000000000000000e+03) (32, -1.50000000000000000000e+03) (33, -1.50000000000000000000e+03) (34, 1.50000000000000000000e+03) (35, -1.50000000000000000000e+03) (36, -1.50000000000000000000e+03) (37, -1.50000000000000000000e+03) (38, 4.38362693786621093750e+00) (39, 1.50000000000000000000e+03) (40, -1.50000000000000000000e+03) (41, -1.50000000000000000000e+03) (42, 2.70039224624633789062e+00) (43, 1.43862617015838623047e+00) (44, 1.50000000000000000000e+03) (45, 5.00647449493408203125e+00) (46, 1.50000000000000000000e+03) (47, 6.28103590011596679688e+00) (48, 1.78176403045654296875e+00) (49, 1.93794512748718261719e+00) (50, 3.68722105026245117188e+00) (51, -1.49869750976562500000e+03) (52, 3.65800213813781738281e+00) (53, 3.05014777183532714844e+00) (54, 2.37725400924682617188e+00) (55, -1.50000000000000000000e+03) (56, 1.50000000000000000000e+03) (57, -1.50000000000000000000e+03) (58, 1.62970745563507080078e+00) (59, 2.92516064643859863281e+00) (60, 1.50000000000000000000e+03) (61, -1.50000000000000000000e+03) (62, 2.53229808807373046875e+00) (63, 1.50000000000000000000e+03) (64, 2.62669086456298828125e+00) (65, 1.50000000000000000000e+03) (66, -1.50000000000000000000e+03) (67, 2.85903215408325195312e+00) (68, 1.30989942699670791626e-02) (69, 2.76412606239318847656e+00) (70, 2.93007922172546386719e+00) (71, 1.50000000000000000000e+03) (72, 1.50000000000000000000e+03) (73, 1.50000000000000000000e+03) (74, 1.50000000000000000000e+03) (75, 1.50000000000000000000e+03) (76, 1.50000000000000000000e+03) (77, 1.50000000000000000000e+03) (78, 2.79347944259643554688e+00) (79, 1.50000000000000000000e+03) (80, 1.50000000000000000000e+03) (81, 3.31801581382751464844e+00) (82, 1.50000000000000000000e+03) (83, 1.50000000000000000000e+03) (84, 1.50000000000000000000e+03) (85, 1.50000000000000000000e+03) (86, 1.50000000000000000000e+03) (87, 2.51547908782958984375e+00) (88, 1.50000000000000000000e+03) (89, 1.50000000000000000000e+03) (90, 1.50000000000000000000e+03) (91, 2.35117843627929687500e+02) (92, 1.50000000000000000000e+03) (93, 1.50000000000000000000e+03) (94, 1.50000000000000000000e+03) (95, 2.89494490623474121094e+00) (96, 2.52067732810974121094e+00) (97, 1.50000000000000000000e+03) (98, 2.95636701583862304688e+00) (99, 1.50000000000000000000e+03) (100, 1.50000000000000000000e+03) (101, 1.50000000000000000000e+03) (102, -1.50000000000000000000e+03) (103, 1.50000000000000000000e+03) (104, -8.68260145187377929688e-01) (0, 4.53954267501831054688e+00) (1, 1.89791524410247802734e+00) (2, -2.36582183837890625000e+00) (3, -1.17886412143707275391e+00) (4, -7.25311636924743652344e-01) (5, -7.87875652313232421875e+00) (6, 2.07532930374145507812e+00) (7, 3.10099244117736816406e+00) (8, -3.37795805931091308594e+00) (9, 1.73939871788024902344e+00) (10, 8.19818496704101562500e+00) (11, 1.70672953128814697266e+00) (12, -1.19271203875541687012e-01) (13, -1.10879588127136230469e+00) (14, -1.11245298385620117188e+00) (15, -1.21797585487365722656e+00) (16, -2.83228898048400878906e+00) (17, 4.57240819931030273438e+00) (18, -4.94021177291870117188e+00) (19, -4.36935037374496459961e-01) (20, -3.65768742561340332031e+00) (21, -1.69027125835418701172e+00) (22, 3.18425679206848144531e+00) (23, -3.07595968246459960938e+00) (24, -7.26775360107421875000e+00) (25, -9.76301848888397216797e-01) (26, 2.87220621109008789062e+00) (27, 1.65892863273620605469e+00) (28, -2.50375056266784667969e+00) (29, 7.32095861434936523438e+00) (30, -3.03962182998657226562e+00) (31, 2.18930530548095703125e+00) (32, 2.90886259078979492188e+00) (33, 3.19196057319641113281e+00) (34, -6.32972431182861328125e+00) (35, -8.54284882545471191406e-01) (36, 1.49991714954376220703e+00) (37, 1.31281733512878417969e-01) (38, 6.17394745349884033203e-01) (39, 2.22928571701049804688e+00) (40, 3.10500884056091308594e+00) (41, 1.38089246749877929688e+01) (42, 2.32753157615661621094e+00) (43, -4.49125719070434570312e+00) (44, -8.96545588970184326172e-01) (45, -8.48321437835693359375e+00) (46, -1.22053127288818359375e+01) (47, 3.13680386543273925781e+00) (48, 3.90835070610046386719e+00) (49, -2.25026655197143554688e+00) (50, 2.27025434374809265137e-01) (51, -6.35620713233947753906e-01) (52, 6.75081908702850341797e-01) (53, -2.56777882575988769531e+00) (54, 2.00603342056274414062e+00) (55, 2.23888659477233886719e+00) (56, -1.47575402259826660156e+00) (57, 2.46173334121704101562e+00) (58, -4.29936021566390991211e-01) (59, 2.43338489532470703125e+00) (60, -1.78512775897979736328e+00) (61, 1.19496583938598632812e+00) (62, -1.43771290779113769531e+00) (63, -1.20081007480621337891e+00) (64, 1.72412085533142089844e+00) (65, -9.46615576744079589844e-01) (66, 2.18811249732971191406e+00) (67, 5.01698076725006103516e-01) (68, 2.19277071952819824219e+00) (69, -5.70855438709259033203e-01) (70, -5.73227787017822265625e+00) (71, 3.88439983129501342773e-01) (72, -1.13392913341522216797e+00) (73, -3.25335597991943359375e+00) (74, -8.40763747692108154297e-01) (75, -1.15780889987945556641e+00) (76, -1.06171607971191406250e+00) (77, -9.25947546958923339844e-01) (78, 1.95475769042968750000e+00) (79, -9.68132615089416503906e-01) (80, -1.03483498096466064453e-01) (81, -6.41511678695678710938e-01) (82, 1.62153875827789306641e+00) (83, -1.11330175399780273438e+00) (84, -6.59451544284820556641e-01) (85, -1.00016236305236816406e+00) (86, -6.13079190254211425781e-01) (87, 1.53354275226593017578e+00) (88, 6.47074699401855468750e-01) (89, -1.08936429023742675781e+00) (90, -8.95833015441894531250e-01) (91, -1.04861974716186523438e+00) (92, -5.24913191795349121094e-01) (93, 1.76861977577209472656e+00) (94, -9.56185698509216308594e-01) (95, -6.82391524314880371094e-01) (96, 2.07572436332702636719e+00) (97, -5.43921411037445068359e-01) (98, -6.73764705657958984375e-01) (99, 5.60163378715515136719e-01) (100, -8.73935043811798095703e-01) (101, -7.85692989826202392578e-01) (102, 9.10358200073242187500e+01) (103, 9.67120742797851562500e+01) (104, 2.40119433403015136719e+00) (0, -1.50000000000000000000e+03) (1, 1.16913403320312500000e+03) (2, 1.50000000000000000000e+03) (3, 1.50000000000000000000e+03) (4, 1.50000000000000000000e+03) (5, -1.44757373046875000000e+03) (6, -1.50000000000000000000e+03) (7, 1.50000000000000000000e+03) (8, 1.50000000000000000000e+03) (9, -1.50000000000000000000e+03) (10, -1.50000000000000000000e+03) (11, 1.50000000000000000000e+03) (12, 2.22757005691528320312e+00) (13, 1.16741075515747070312e+01) (14, -1.50000000000000000000e+03) (15, 1.50000000000000000000e+03) (16, -1.50000000000000000000e+03) (17, -1.50000000000000000000e+03) (18, -1.50000000000000000000e+03) (19, 1.50000000000000000000e+03) (20, -1.50000000000000000000e+03) (21, -1.50000000000000000000e+03) (22, 1.50000000000000000000e+03) (23, 2.93629503250122070312e+00) (24, 1.50000000000000000000e+03) (25, -1.50000000000000000000e+03) (26, 1.50000000000000000000e+03) (27, -1.50000000000000000000e+03) (28, -1.50000000000000000000e+03) (29, -1.50000000000000000000e+03) (30, -1.50000000000000000000e+03) (31, -1.50000000000000000000e+03) (32, -1.50000000000000000000e+03) (33, -1.50000000000000000000e+03) (34, 1.50000000000000000000e+03) (35, -1.50000000000000000000e+03) (36, -1.50000000000000000000e+03) (37, -1.50000000000000000000e+03) (38, 4.42892503738403320312e+00) (39, 1.50000000000000000000e+03) (40, -1.50000000000000000000e+03) (41, -1.50000000000000000000e+03) (42, 2.65691947937011718750e+00) (43, 1.55590832233428955078e+00) (44, 1.50000000000000000000e+03) (45, 4.94793796539306640625e+00) (46, 1.50000000000000000000e+03) (47, 6.34993600845336914062e+00) (48, 1.70909762382507324219e+00) (49, 1.80638885498046875000e+00) (50, 3.63600134849548339844e+00) (51, -1.49869750976562500000e+03) (52, 3.60956001281738281250e+00) (53, 3.07625269889831542969e+00) (54, 2.37014126777648925781e+00) (55, -1.50000000000000000000e+03) (56, 1.50000000000000000000e+03) (57, -1.50000000000000000000e+03) (58, -7.52461910247802734375e+00) (59, 2.97749018669128417969e+00) (60, 1.50000000000000000000e+03) (61, -1.50000000000000000000e+03) (62, 2.49379110336303710938e+00) (63, 1.50000000000000000000e+03) (64, 2.67489957809448242188e+00) (65, 1.50000000000000000000e+03) (66, -1.50000000000000000000e+03) (67, 2.77837944030761718750e+00) (68, 8.42332541942596435547e-02) (69, 2.97478342056274414062e+00) (70, 2.90661692619323730469e+00) (71, 1.50000000000000000000e+03) (72, 1.50000000000000000000e+03) (73, 1.50000000000000000000e+03) (74, 1.50000000000000000000e+03) (75, 1.50000000000000000000e+03) (76, 1.50000000000000000000e+03) (77, 1.50000000000000000000e+03) (78, 2.82340860366821289062e+00) (79, 1.50000000000000000000e+03) (80, 1.50000000000000000000e+03) (81, 4.12318086624145507812e+00) (82, 1.50000000000000000000e+03) (83, 1.50000000000000000000e+03) (84, 1.50000000000000000000e+03) (85, 1.50000000000000000000e+03) (86, 1.50000000000000000000e+03) (87, 2.63375067710876464844e+00) (88, 1.50000000000000000000e+03) (89, 1.50000000000000000000e+03) (90, 1.50000000000000000000e+03) (91, 1.32350451660156250000e+03) (92, 1.50000000000000000000e+03) (93, 1.50000000000000000000e+03) (94, 1.50000000000000000000e+03) (95, 2.85874009132385253906e+00) (96, 2.56144714355468750000e+00) (97, 1.50000000000000000000e+03) (98, 3.04598569869995117188e+00) (99, 1.50000000000000000000e+03) (100, 1.50000000000000000000e+03) (101, 1.50000000000000000000e+03) (102, -1.50000000000000000000e+03) (103, 1.50000000000000000000e+03) (104, -8.56441020965576171875e-01) (0, 1.64305627346038818359e+00) (1, -1.29646301269531250000e+00) (2, 4.34830367565155029297e-01) (3, -7.70528078079223632812e+00) (4, 2.05106639862060546875e+00) (5, -1.98355078697204589844e+00) (6, 8.93681704998016357422e-01) (7, 1.35499107837677001953e+00) (8, -3.04309463500976562500e+00) (9, -7.58650720119476318359e-01) (10, -2.97053158283233642578e-01) (11, 2.40867748856544494629e-01) (12, -4.31391596794128417969e-01) (13, 1.95411682128906250000e+00) (14, -5.30544757843017578125e-01) (15, 2.13179135322570800781e+00) (16, -6.93352520465850830078e-01) (17, -3.00430446863174438477e-01) (18, -4.55522924661636352539e-01) (19, 2.39931821823120117188e+00) (20, 4.60306119918823242188e+00) (21, -1.78166568279266357422e+00) (22, 1.91124749183654785156e+00) (23, 4.69827270507812500000e+00) (24, -6.93286135792732238770e-02) (25, -6.51268661022186279297e-03) (26, -5.62150478363037109375e-01) (27, -2.34131991863250732422e-01) (28, -7.27285504341125488281e-01) (29, -1.06060957908630371094e+00) (30, -6.22214138507843017578e-01) (31, -9.46198403835296630859e-01) (32, -1.69958043098449707031e+00) (33, -4.68458116054534912109e-01) (34, 4.78465735912322998047e-01) (35, -2.80038928985595703125e+00) (36, 7.54232764244079589844e-01) (37, -2.66729664802551269531e+00) (38, -1.14390395581722259521e-01) (39, -1.43027886748313903809e-01) (40, -7.72659340873360633850e-03) (41, -1.40252828598022460938e+00) (42, -8.21614086627960205078e-01) (43, -6.79363727569580078125e-01) (44, 2.54932904243469238281e+00) (45, -1.57963111996650695801e-01) (46, 4.47554349899291992188e+00) (47, -1.23989224433898925781e+00) (48, -5.06680667400360107422e-01) (49, -4.44081932306289672852e-01) (50, -6.89887225627899169922e-01) (51, -5.89596748352050781250e-01) (52, -4.60342079401016235352e-01) (53, 1.58819016069173812866e-02) (54, 2.95213133096694946289e-01) (55, 9.99848484992980957031e-01) (56, -7.33561873435974121094e-01) (57, 3.03287649154663085938e+00) (58, 5.74820470809936523438e+00) (59, 1.25849461555480957031e+00) (60, 1.85945546627044677734e+00) (61, -4.11208772659301757812e+00) (62, -5.63146531581878662109e-01) (63, 2.04803228378295898438e+00) (64, -2.31436443328857421875e+00) (65, 2.07362341880798339844e+00) (66, -8.34983050823211669922e-01) (67, -1.98526036739349365234e+00) (68, -4.21709966659545898438e+00) (69, -3.12381148338317871094e+00) (70, -1.01358163356781005859e+00) (71, 6.99943840503692626953e-01) (72, 8.17189574241638183594e-01) (73, 1.63153338432312011719e+00) (74, 3.87780690193176269531e+00) (75, -2.96005338430404663086e-01) (76, 1.59982848167419433594e+00) (77, -7.81642138957977294922e-01) (78, 1.10462689399719238281e+00) (79, 4.94716072082519531250e+00) (80, -6.24317312240600585938e+00) (81, -3.60564422607421875000e+00) (82, 6.22812509536743164062e-01) (83, -1.07771444320678710938e+01) (84, -2.83439993858337402344e+00) (85, 3.01952242851257324219e-01) (86, 8.84360730648040771484e-01) (87, -2.74559557437896728516e-01) (88, -3.76917195320129394531e+00) (89, 2.43816447257995605469e+00) (90, 2.48866558074951171875e-01) (91, -7.24475383758544921875e-01) (92, -4.81545829772949218750e+00) (93, 3.89249610900878906250e+00) (94, 2.60899400711059570312e+00) (95, 3.08740448951721191406e+00) (96, -8.70846092700958251953e-01) (97, 5.44949650764465332031e-01) (98, 1.40667498111724853516e-01) (99, 3.70533323287963867188e+00) (100, 2.12166810035705566406e+00) (101, -3.00258469581604003906e+00) (102, 9.81373190879821777344e-01) (103, 1.42526960372924804688e+00) (104, 2.31786155700683593750e+00) (0, -1.15717554092407226562e+01) (1, -1.52683181762695312500e+01) (2, -1.24667491912841796875e+01) (3, 8.38150405883789062500e+00) (4, -4.29875040054321289062e+00) (5, 2.96974372863769531250e+00) (6, 3.45892763137817382812e+00) (7, 3.62050861120223999023e-01) (8, -1.77491271495819091797e+00) (9, -1.00701484680175781250e+01) (10, 9.80127143859863281250e+00) (11, -2.04164648056030273438e+00) (12, -8.25003266334533691406e-01) (13, 2.71508336067199707031e+00) (14, 8.55076670646667480469e-01) (15, -1.34845991134643554688e+01) (16, -5.25964200496673583984e-01) (17, -4.81286573410034179688e+00) (18, 1.99059307575225830078e+00) (19, 2.49687743186950683594e+00) (20, 1.05534658432006835938e+01) (21, -1.11981546878814697266e+00) (22, 2.70693659782409667969e+00) (23, -2.61828827857971191406e+00) (24, 1.79429030418395996094e+00) (25, -1.91624796390533447266e+00) (26, 2.64841973781585693359e-01) (27, 6.12778306007385253906e-01) (28, -4.14836674928665161133e-01) (29, -3.85133270174264907837e-03) (30, -1.60228002071380615234e+00) (31, 5.32249212265014648438e-01) (32, -1.90986633300781250000e+00) (33, 8.59821557998657226562e-01) (34, 2.34083223342895507812e+00) (35, -5.42535924911499023438e+00) (36, -5.23002028465270996094e-01) (37, -8.84744465351104736328e-01) (38, 1.97359514236450195312e+00) (39, -5.62317371368408203125e-01) (40, -7.22353339195251464844e-01) (41, -4.10305738449096679688e+00) (42, 1.68547654151916503906e+00) (43, -1.58022329211235046387e-01) (44, 2.36196422576904296875e+00) (45, 2.07129907608032226562e+00) (46, 2.12046933174133300781e+00) (47, -1.10417938232421875000e+00) (48, -1.17066061496734619141e+00) (49, 2.09439754486083984375e+00) (50, -5.25386810302734375000e-01) (51, -8.17147612571716308594e-01) (52, -3.32619339227676391602e-01) (53, -5.55551707744598388672e-01) (54, -9.68934595584869384766e-01) (55, -5.77873706817626953125e-01) (56, -6.16966426372528076172e-01) (57, -4.65262365341186523438e+00) (58, -1.10547268390655517578e+00) (59, 4.13470685482025146484e-01) (60, 1.91016721725463867188e+00) (61, -5.08921295404434204102e-02) (62, 1.48908936977386474609e+00) (63, 1.66421747207641601562e+00) (64, -5.08054208755493164062e+00) (65, -8.35289597511291503906e-01) (66, -2.62989568710327148438e+00) (67, -1.02749109268188476562e+00) (68, -1.10739481449127197266e+00) (69, -8.94478201866149902344e-01) (70, -1.15233826637268066406e+00) (71, -8.97826850414276123047e-01) (72, -2.17125201225280761719e+00) (73, -5.78658759593963623047e-01) (74, 2.02045202255249023438e+00) (75, 2.07893705368041992188e+00) (76, 2.30806708335876464844e+00) (77, 1.91145658493041992188e+00) (78, -7.64658927917480468750e-01) (79, 1.79825091361999511719e+00) (80, 4.97224748134613037109e-01) (81, -6.11220955848693847656e-01) (82, -4.93487983942031860352e-01) (83, 5.58286964893341064453e-01) (84, -6.82486772537231445312e-01) (85, 1.60433769226074218750e+00) (86, 2.07172632217407226562e+00) (87, -6.99401021003723144531e-01) (88, -6.44592881202697753906e-01) (89, 1.68368768692016601562e+00) (90, 1.78235995769500732422e+00) (91, -6.30978524684906005859e-01) (92, 4.73101198673248291016e-01) (93, 1.98849773406982421875e+00) (94, 1.81416702270507812500e+00) (95, -7.08760082721710205078e-01) (96, -8.45968842506408691406e-01) (97, 1.84525907039642333984e+00) (98, -5.34027755260467529297e-01) (99, -5.09032130241394042969e-01) (100, 2.08312487602233886719e+00) (101, 1.82551598548889160156e+00) (102, -1.50000000000000000000e+03) (103, 1.50000000000000000000e+03) (104, 1.55791088938713073730e-01) (0, -2.29591159820556640625e+01) (1, -2.36122345924377441406e+00) (2, 9.38759520649909973145e-02) (3, 1.71323493123054504395e-01) (4, -3.78744840621948242188e-01) (5, 1.80154487490653991699e-01) (6, 1.85457423329353332520e-01) (7, -4.34966385364532470703e-01) (8, -5.66784739494323730469e-01) (9, 1.62722265720367431641e+00) (10, 5.30907154083251953125e-01) (11, -1.90624845027923583984e+00) (12, 9.51681971549987792969e-01) (13, 1.41416966915130615234e+00) (14, 8.06722939014434814453e-01) (15, 4.25389558076858520508e-01) (16, 4.98914897441864013672e-01) (17, 1.38883829116821289062e+00) (18, 2.20519590377807617188e+00) (19, -3.89939069747924804688e-01) (20, -1.13943252563476562500e+01) (21, 1.24081814289093017578e+00) (22, -3.73341858386993408203e-01) (23, -2.82888323068618774414e-01) (24, -3.52383565902709960938e+00) (25, 1.02196089923381805420e-01) (26, 9.92047727108001708984e-01) (27, -1.72116205096244812012e-01) (28, 1.36359512805938720703e+00) (29, 1.61974918842315673828e+00) (30, 2.01192498207092285156e+00) (31, 3.24143737554550170898e-01) (32, 1.40209221839904785156e+00) (33, 3.28909397125244140625e+00) (34, 8.93602609634399414062e-01) (35, 6.32431432604789733887e-02) (36, 6.15146815776824951172e-01) (37, 4.05491256713867187500e+00) (38, -6.83740675449371337891e-01) (39, -3.72214972972869873047e-01) (40, -3.24657261371612548828e-01) (41, -5.67532014846801757812e+00) (42, 2.49052181839942932129e-01) (43, 1.48267853260040283203e+00) (44, -4.99132722616195678711e-02) (45, -1.58491861820220947266e+00) (46, -2.75770783424377441406e+00) (47, -1.12683153152465820312e+00) (48, 3.64461612701416015625e+00) (49, 1.56878328323364257812e+00) (50, 1.26624097824096679688e+01) (51, 3.23059707880020141602e-01) (52, 8.22449970245361328125e+00) (53, -6.81138411164283752441e-02) (54, 7.91003608703613281250e+00) (55, 1.89391918182373046875e+01) (56, -1.97347581386566162109e-01) (57, -4.75244855880737304688e+00) (58, 6.93136882781982421875e+00) (59, 1.36394262313842773438e+00) (60, -2.73315072059631347656e-01) (61, 6.81160593032836914062e+00) (62, 1.20490694046020507812e+00) (63, -2.38936424255371093750e-01) (64, -3.45676851272583007812e+00) (65, -9.41318497061729431152e-02) (66, -3.26182842254638671875e+00) (67, 4.71910208463668823242e-01) (68, 1.98314607143402099609e+00) (69, 9.29438471794128417969e-01) (70, 3.77775877714157104492e-02) (71, 6.35469853878021240234e-01) (72, -2.79691195487976074219e+00) (73, -2.66468310356140136719e+00) (74, -5.46335458755493164062e-01) (75, 2.66799998283386230469e+00) (76, -7.19464793801307678223e-02) (77, -2.05598458647727966309e-01) (78, 9.23573434352874755859e-01) (79, 2.27969479560852050781e+00) (80, 2.12909412384033203125e+00) (81, 1.81992995738983154297e+00) (82, -5.93242406845092773438e-01) (83, -1.76300001144409179688e+00) (84, -3.90487980842590332031e+00) (85, 2.11339020729064941406e+00) (86, -9.06585693359375000000e-01) (87, 2.71287038922309875488e-02) (88, 1.88475239276885986328e+00) (89, -3.12131851911544799805e-01) (90, -6.64703547954559326172e-01) (91, -1.37605115771293640137e-01) (92, 3.32500338554382324219e+00) (93, -1.52414691448211669922e+00) (94, -1.76967471837997436523e-01) (95, -2.61558443307876586914e-01) (96, 5.86493432521820068359e-01) (97, 3.99605512619018554688e+00) (98, -2.28157505393028259277e-01) (99, -7.61764049530029296875e-02) (100, -1.16459690034389495850e-01) (101, -3.76469902694225311279e-02) (102, -3.72989702224731445312e+00) (103, 8.31270408630371093750e+00) (104, 1.53801548480987548828e+00) (0, -2.30497379302978515625e+01) (1, -9.98625457286834716797e-02) (2, 1.21115863323211669922e+00) (3, -2.54937589168548583984e-01) (4, -3.94792705774307250977e-01) (5, -8.74882221221923828125e-01) (6, 2.56486344337463378906e+00) (7, 7.17690658569335937500e+00) (8, -5.56208133697509765625e-01) (9, 1.44950592517852783203e+00) (10, 1.40243816375732421875e+00) (11, -8.60211551189422607422e-01) (12, 1.76981821656227111816e-01) (13, 4.21858406066894531250e+00) (14, -1.08683653175830841064e-01) (15, -2.28796035051345825195e-01) (16, -8.36273431777954101562e-02) (17, 1.15566766262054443359e+00) (18, 4.00165408849716186523e-01) (19, -3.58140170574188232422e-01) (20, -5.74881839752197265625e+00) (21, 1.81612029671669006348e-01) (22, -2.73026585578918457031e-01) (23, 3.39631289243698120117e-01) (24, -6.41533792018890380859e-01) (25, 9.59018349647521972656e-01) (26, 2.70892953872680664062e+00) (27, -1.12081751227378845215e-01) (28, 1.58454611897468566895e-01) (29, 2.49297022819519042969e+00) (30, 1.41844713687896728516e+00) (31, 1.96542811393737792969e+00) (32, 1.87210297584533691406e+00) (33, -7.92162269353866577148e-02) (34, -2.75055861473083496094e+00) (35, 1.17692843079566955566e-01) (36, -4.72684830427169799805e-01) (37, 1.66599631309509277344e+00) (38, -5.99575698375701904297e-01) (39, -7.85730183124542236328e-01) (40, -4.70059245824813842773e-01) (41, -5.74436521530151367188e+00) (42, -1.46522790193557739258e-01) (43, 2.21518039703369140625e+00) (44, -7.59641599655151367188e+00) (45, 5.12639045715332031250e-01) (46, 1.08043298721313476562e+01) (47, -8.89468014240264892578e-01) (48, -3.43537330627441406250e-01) (49, -4.69387412071228027344e-01) (50, 2.70204734802246093750e+00) (51, 1.42085790634155273438e+00) (52, 2.59036207199096679688e+00) (53, 6.33836686611175537109e-01) (54, 6.05266189575195312500e+00) (55, -2.61149495840072631836e-01) (56, -5.25862753391265869141e-01) (57, -1.29199326038360595703e+00) (58, 1.31453096866607666016e+00) (59, 3.58922624588012695312e+00) (60, -6.53995215892791748047e-01) (61, 2.77587115764617919922e-01) (62, 2.51407074928283691406e+00) (63, -4.34526115655899047852e-01) (64, -5.13190031051635742188e+00) (65, -3.06860327720642089844e-01) (66, 1.68890047073364257812e+00) (67, 3.89480233192443847656e+00) (68, 1.50979137420654296875e+00) (69, 1.37043845653533935547e+00) (70, -3.39349150657653808594e-01) (71, -8.42250585556030273438e-01) (72, -2.84866422414779663086e-01) (73, -5.00098347663879394531e-01) (74, -3.37730079889297485352e-01) (75, 2.46351099014282226562e+00) (76, -3.73743987083435058594e+00) (77, -3.90210390090942382812e-01) (78, -1.03605947494506835938e+01) (79, 1.07465877532958984375e+01) (80, 2.92043119668960571289e-01) (81, -1.63284051418304443359e+00) (82, 2.96112942695617675781e+00) (83, 5.67674040794372558594e-02) (84, 1.08852446079254150391e+00) (85, -4.35102176666259765625e+00) (86, -2.48836308717727661133e-01) (87, -7.87635669112205505371e-02) (88, 6.24983882904052734375e+00) (89, 4.08822822570800781250e+00) (90, -2.59237599372863769531e+00) (91, -5.88185787200927734375e-01) (92, -1.25518059730529785156e+00) (93, 9.89568531513214111328e-01) (94, -1.05771906673908233643e-01) (95, 9.41024541854858398438e-01) (96, 2.02879619598388671875e+00) (97, 1.96987879276275634766e+00) (98, 5.81546366214752197266e-01) (99, 1.50052592158317565918e-01) (100, -1.94536298513412475586e-01) (101, 6.89685916900634765625e+00) (102, -3.50456929206848144531e+00) (103, 7.60391330718994140625e+00) (104, 2.13733124732971191406e+00) (0, -1.50000000000000000000e+03) (1, 1.46362353515625000000e+03) (2, 1.50000000000000000000e+03) (3, 1.50000000000000000000e+03) (4, 1.50000000000000000000e+03) (5, -1.44757373046875000000e+03) (6, -1.50000000000000000000e+03) (7, 1.50000000000000000000e+03) (8, 1.50000000000000000000e+03) (9, -1.50000000000000000000e+03) (10, -1.50000000000000000000e+03) (11, 1.50000000000000000000e+03) (12, 2.23885893821716308594e+00) (13, 7.43592453002929687500e+00) (14, -1.50000000000000000000e+03) (15, 1.50000000000000000000e+03) (16, -1.50000000000000000000e+03) (17, -1.50000000000000000000e+03) (18, -1.50000000000000000000e+03) (19, 1.50000000000000000000e+03) (20, -1.50000000000000000000e+03) (21, -1.50000000000000000000e+03) (22, 1.50000000000000000000e+03) (23, 2.82477641105651855469e+00) (24, 1.50000000000000000000e+03) (25, -1.50000000000000000000e+03) (26, 1.50000000000000000000e+03) (27, -1.50000000000000000000e+03) (28, -1.50000000000000000000e+03) (29, -1.50000000000000000000e+03) (30, -1.50000000000000000000e+03) (31, -1.50000000000000000000e+03) (32, -1.50000000000000000000e+03) (33, -1.50000000000000000000e+03) (34, 1.50000000000000000000e+03) (35, -1.50000000000000000000e+03) (36, -1.50000000000000000000e+03) (37, -1.50000000000000000000e+03) (38, 4.18662166595458984375e+00) (39, 1.50000000000000000000e+03) (40, -1.50000000000000000000e+03) (41, -1.50000000000000000000e+03) (42, 2.69645977020263671875e+00) (43, 1.41902744770050048828e+00) (44, 1.50000000000000000000e+03) (45, 4.97051000595092773438e+00) (46, 1.50000000000000000000e+03) (47, 6.18172264099121093750e+00) (48, 1.66694998741149902344e+00) (49, 1.70163273811340332031e+00) (50, 3.64492464065551757812e+00) (51, -1.49869750976562500000e+03) (52, 3.51965594291687011719e+00) (53, 3.01899409294128417969e+00) (54, 2.23432445526123046875e+00) (55, -1.50000000000000000000e+03) (56, 1.50000000000000000000e+03) (57, -1.50000000000000000000e+03) (58, -7.89464855194091796875e+00) (59, 2.81555747985839843750e+00) (60, 1.50000000000000000000e+03) (61, -1.50000000000000000000e+03) (62, 1.93620193004608154297e+00) (63, 1.50000000000000000000e+03) (64, 2.52263402938842773438e+00) (65, 1.50000000000000000000e+03) (66, -1.50000000000000000000e+03) (67, 2.79819917678833007812e+00) (68, -2.86708604544401168823e-02) (69, 2.75204777717590332031e+00) (70, 2.75977063179016113281e+00) (71, 1.50000000000000000000e+03) (72, 1.50000000000000000000e+03) (73, 1.50000000000000000000e+03) (74, 1.50000000000000000000e+03) (75, 1.50000000000000000000e+03) (76, 1.50000000000000000000e+03) (77, 1.50000000000000000000e+03) (78, 2.68875026702880859375e+00) (79, 1.50000000000000000000e+03) (80, 1.50000000000000000000e+03) (81, 2.95612168312072753906e+00) (82, 1.50000000000000000000e+03) (83, 1.50000000000000000000e+03) (84, 1.50000000000000000000e+03) (85, 1.50000000000000000000e+03) (86, 1.50000000000000000000e+03) (87, 2.61125993728637695312e+00) (88, 2.69523437500000000000e+02) (89, 1.50000000000000000000e+03) (90, 1.50000000000000000000e+03) (91, 4.27781200408935546875e+00) (92, 1.50000000000000000000e+03) (93, 1.50000000000000000000e+03) (94, 1.50000000000000000000e+03) (95, 2.75726485252380371094e+00) (96, 1.96129536628723144531e+00) (97, 1.50000000000000000000e+03) (98, 2.91887211799621582031e+00) (99, 1.25015048980712890625e+01) (100, 1.50000000000000000000e+03) (101, 1.50000000000000000000e+03) (102, -1.50000000000000000000e+03) (103, 1.50000000000000000000e+03) (104, -8.73087167739868164062e-01) (0, -2.48548507690429687500e+01) (1, -1.45980536937713623047e+00) (2, -1.51555910706520080566e-01) (3, 1.27172374725341796875e+00) (4, 5.45664876699447631836e-02) (5, 5.69996893405914306641e-01) (6, 1.35817885398864746094e+00) (7, -2.44267320632934570312e+00) (8, -3.86251902580261230469e+00) (9, 2.74500703811645507812e+00) (10, 3.43452286720275878906e+00) (11, 3.65472841262817382812e+00) (12, 2.87676882743835449219e+00) (13, 5.22172391414642333984e-01) (14, -1.48381330072879791260e-02) (15, -9.64786857366561889648e-02) (16, -2.24026966094970703125e+00) (17, 2.02085661888122558594e+00) (18, 1.67088603973388671875e+00) (19, -2.66587704420089721680e-01) (20, -1.42332971096038818359e+00) (21, -2.02045702934265136719e+00) (22, 2.46256291866302490234e-01) (23, 5.46401560306549072266e-01) (24, -7.00843513011932373047e-01) (25, -7.96389639377593994141e-01) (26, 3.64467233419418334961e-01) (27, 1.65106046199798583984e+00) (28, 2.65462708473205566406e+00) (29, -1.08251845836639404297e+00) (30, 1.74777305126190185547e+00) (31, 3.03804302215576171875e+00) (32, 7.17860519886016845703e-01) (33, 2.94175648689270019531e+00) (34, 2.45641708374023437500e+00) (35, 2.52712845802307128906e+00) (36, 6.05956375598907470703e-01) (37, 6.46977186203002929688e-01) (38, -2.55809283256530761719e+00) (39, -1.26636421680450439453e+00) (40, -1.70674204826354980469e+00) (41, 9.21797811985015869141e-01) (42, 1.25982955098152160645e-01) (43, 2.36143946647644042969e+00) (44, 1.10594677925109863281e+00) (45, 4.74657678604125976562e+00) (46, 1.22825646400451660156e+00) (47, 1.49763989448547363281e+00) (48, 6.02332532405853271484e-01) (49, 7.02233612537384033203e-01) (50, 3.52332377433776855469e+00) (51, 1.06381714344024658203e+00) (52, -1.87108516693115234375e+00) (53, 1.37408530712127685547e+00) (54, -3.21905708312988281250e+00) (55, 3.26861190795898437500e+00) (56, 2.24893972277641296387e-01) (57, -6.68843388557434082031e-01) (58, -3.03184747695922851562e+00) (59, 4.93249595165252685547e-02) (60, 1.38944578170776367188e+00) (61, -1.14164066314697265625e+00) (62, 4.93252468109130859375e+00) (63, 1.54055729508399963379e-01) (64, -1.21696010231971740723e-01) (65, 5.35860434174537658691e-02) (66, 3.62536740303039550781e+00) (67, -4.28505629301071166992e-01) (68, 6.82387542724609375000e+00) (69, -1.49892508983612060547e+00) (70, -2.84759551286697387695e-01) (71, 3.77197593450546264648e-01) (72, -5.43725967407226562500e-01) (73, 2.48972249031066894531e+00) (74, -8.61362159252166748047e-01) (75, -4.88567733764648437500e+00) (76, 1.17957496643066406250e+01) (77, 1.04074738919734954834e-01) (78, -2.61305284500122070312e+00) (79, -4.52969360351562500000e+00) (80, 1.23217463493347167969e+00) (81, 1.40500769019126892090e-01) (82, 1.21071040630340576172e+00) (83, -1.24216766357421875000e+01) (84, 1.84947788715362548828e+00) (85, 2.23577475547790527344e+00) (86, -2.14269220829010009766e-01) (87, 4.36514019966125488281e-02) (88, 1.74499416351318359375e+00) (89, 2.46768191456794738770e-01) (90, -2.43733003735542297363e-01) (91, -7.13188707828521728516e-01) (92, 2.26152372360229492188e+00) (93, 5.19646823406219482422e-01) (94, 2.64383125305175781250e+00) (95, 3.45524430274963378906e+00) (96, 3.22440600395202636719e+00) (97, -1.09010934829711914062e+00) (98, -1.49267506599426269531e+00) (99, -1.54183936119079589844e+00) (100, -9.28899198770523071289e-02) (101, 2.36751541495323181152e-01) (102, -4.54916143417358398438e+00) (103, 8.47637271881103515625e+00) (104, -7.57888734340667724609e-01) (0, -1.50000000000000000000e+03) (1, 1.46362353515625000000e+03) (2, 1.50000000000000000000e+03) (3, 1.50000000000000000000e+03) (4, 1.50000000000000000000e+03) (5, -1.44757373046875000000e+03) (6, -1.50000000000000000000e+03) (7, 1.50000000000000000000e+03) (8, 1.50000000000000000000e+03) (9, -1.50000000000000000000e+03) (10, -1.50000000000000000000e+03) (11, 1.50000000000000000000e+03) (12, 2.28594756126403808594e+00) (13, 1.17885589599609375000e+01) (14, -1.50000000000000000000e+03) (15, 1.50000000000000000000e+03) (16, -1.50000000000000000000e+03) (17, -1.50000000000000000000e+03) (18, -1.50000000000000000000e+03) (19, 1.50000000000000000000e+03) (20, -1.50000000000000000000e+03) (21, -1.50000000000000000000e+03) (22, 1.50000000000000000000e+03) (23, 2.82263350486755371094e+00) (24, 1.50000000000000000000e+03) (25, -1.50000000000000000000e+03) (26, 1.50000000000000000000e+03) (27, -1.50000000000000000000e+03) (28, -1.50000000000000000000e+03) (29, -1.50000000000000000000e+03) (30, -1.50000000000000000000e+03) (31, -1.50000000000000000000e+03) (32, -1.50000000000000000000e+03) (33, -1.50000000000000000000e+03) (34, 1.50000000000000000000e+03) (35, -1.50000000000000000000e+03) (36, -1.50000000000000000000e+03) (37, -1.50000000000000000000e+03) (38, 4.43856191635131835938e+00) (39, 1.50000000000000000000e+03) (40, -1.50000000000000000000e+03) (41, -1.50000000000000000000e+03) (42, 2.62133169174194335938e+00) (43, 1.46813583374023437500e+00) (44, 1.50000000000000000000e+03) (45, 5.09196329116821289062e+00) (46, 1.50000000000000000000e+03) (47, 6.30071115493774414062e+00) (48, 1.88325476646423339844e+00) (49, 1.90046739578247070312e+00) (50, 3.78474783897399902344e+00) (51, -1.49869750976562500000e+03) (52, 3.69592308998107910156e+00) (53, 3.17830467224121093750e+00) (54, 2.24093437194824218750e+00) (55, -1.50000000000000000000e+03) (56, 1.50000000000000000000e+03) (57, -1.50000000000000000000e+03) (58, 1.93252420425415039062e+00) (59, 3.05715179443359375000e+00) (60, 1.50000000000000000000e+03) (61, -1.50000000000000000000e+03) (62, 2.54423117637634277344e+00) (63, 1.50000000000000000000e+03) (64, 2.67293119430541992188e+00) (65, 1.50000000000000000000e+03) (66, -1.50000000000000000000e+03) (67, 2.90500116348266601562e+00) (68, 7.34402239322662353516e-02) (69, 2.74791860580444335938e+00) (70, 2.84125924110412597656e+00) (71, 1.50000000000000000000e+03) (72, 1.50000000000000000000e+03) (73, 1.50000000000000000000e+03) (74, 1.50000000000000000000e+03) (75, 1.50000000000000000000e+03) (76, 1.50000000000000000000e+03) (77, 1.50000000000000000000e+03) (78, 2.88947272300720214844e+00) (79, 1.50000000000000000000e+03) (80, 1.50000000000000000000e+03) (81, 3.44250106811523437500e+00) (82, 1.50000000000000000000e+03) (83, 1.50000000000000000000e+03) (84, 1.50000000000000000000e+03) (85, 1.50000000000000000000e+03) (86, 1.50000000000000000000e+03) (87, 2.52772903442382812500e+00) (88, 1.50000000000000000000e+03) (89, 1.50000000000000000000e+03) (90, 1.50000000000000000000e+03) (91, 5.60203247070312500000e+02) (92, 1.50000000000000000000e+03) (93, 1.50000000000000000000e+03) (94, 1.50000000000000000000e+03) (95, 2.94214010238647460938e+00) (96, 2.49442791938781738281e+00) (97, 1.50000000000000000000e+03) (98, 3.11465311050415039062e+00) (99, 1.50000000000000000000e+03) (100, 1.50000000000000000000e+03) (101, 1.50000000000000000000e+03) (102, -1.50000000000000000000e+03) (103, 1.50000000000000000000e+03) (104, -1.01665008068084716797e+00) (0, 1.68402564525604248047e+00) (1, 9.05507430434226989746e-03) (2, -6.77938342094421386719e-01) (3, -6.95146226882934570312e+00) (4, -5.09033262729644775391e-01) (5, 1.26934438943862915039e-01) (6, -9.18526887893676757812e-01) (7, -9.79529023170471191406e-01) (8, 9.78656768798828125000e-01) (9, -8.52765440940856933594e-01) (10, -5.26922464370727539062e-01) (11, -3.22304815053939819336e-01) (12, -7.19960510730743408203e-01) (13, 6.27599334716796875000e+00) (14, -5.72086513042449951172e-01) (15, 2.02884578704833984375e+00) (16, -8.29099774360656738281e-01) (17, -2.05056279897689819336e-01) (18, -2.49496012926101684570e-01) (19, 2.20986318588256835938e+00) (20, 1.27923858165740966797e+00) (21, -6.53107881546020507812e-01) (22, 8.95587086677551269531e-01) (23, 1.19697701930999755859e+00) (24, 1.22073483467102050781e+00) (25, -4.50018376111984252930e-01) (26, 2.08754277229309082031e+00) (27, 6.03290319442749023438e-01) (28, 8.49890232086181640625e-01) (29, 8.90825748443603515625e-01) (30, -5.15810966491699218750e-01) (31, 8.71046543121337890625e-01) (32, -4.84240412712097167969e-01) (33, -4.40079957246780395508e-01) (34, 2.94125008583068847656e+00) (35, -4.76265370845794677734e-01) (36, -5.06194949150085449219e-01) (37, -7.11537241935729980469e-01) (38, -9.38257128000259399414e-02) (39, -4.93309080600738525391e-01) (40, -3.59676182270050048828e-01) (41, -4.56840187311172485352e-01) (42, 2.15888452529907226562e+00) (43, -5.48530340194702148438e-01) (44, 4.03519678115844726562e+00) (45, 8.07046055793762207031e-01) (46, -2.87896966934204101562e+00) (47, -2.81045138835906982422e-01) (48, -4.03349220752716064453e-01) (49, -3.16220343112945556641e-01) (50, -6.93275034427642822266e-01) (51, -4.03681898117065429688e+00) (52, -4.17027854919433593750e+00) (53, 2.39927101135253906250e+00) (54, -9.34361636638641357422e-01) (55, 4.38621568679809570312e+00) (56, 1.09905219078063964844e+00) (57, -1.33848295211791992188e+01) (58, 4.13140153884887695312e+00) (59, -2.60537624359130859375e+01) (60, 1.77888751029968261719e+00) (61, 5.72532474994659423828e-01) (62, -9.10404860973358154297e-01) (63, 1.68362927436828613281e+00) (64, 3.52646517753601074219e+00) (65, -7.42220818996429443359e-01) (66, -8.76207256317138671875e+00) (67, -1.21224248409271240234e+00) (68, 6.80134594440460205078e-01) (69, 1.26407313346862792969e+00) (70, 1.64369595050811767578e+00) (71, 8.22774171829223632812e-01) (72, 9.06675040721893310547e-01) (73, 7.13199996948242187500e+00) (74, 1.73756599426269531250e+00) (75, 1.48207947611808776855e-01) (76, -2.30079436302185058594e+00) (77, 1.72583806514739990234e+00) (78, -6.98652553558349609375e+00) (79, 1.88932781219482421875e+01) (80, -4.78250789642333984375e+00) (81, -2.02667665481567382812e+00) (82, -3.61901736259460449219e+00) (83, -2.70124888420104980469e+00) (84, -2.76956343650817871094e+00) (85, -1.54331541061401367188e+00) (86, 9.51374948024749755859e-01) (87, -8.00050437450408935547e-01) (88, -2.07106113433837890625e+00) (89, 6.39218747615814208984e-01) (90, 1.85760593414306640625e+00) (91, 1.92235565185546875000e+00) (92, -2.33437061309814453125e+00) (93, -9.47068929672241210938e-01) (94, -6.32266759872436523438e-01) (95, -2.47829103469848632812e+00) (96, -9.61798071861267089844e-01) (97, 3.82042884826660156250e+00) (98, 5.13239145278930664062e+00) (99, -6.76787674427032470703e-01) (100, 2.07329487800598144531e+00) (101, 9.64584112167358398438e-01) (102, -5.30064284801483154297e-01) (103, 3.06624698638916015625e+00) (104, 2.45023798942565917969e+00) (0, -1.50000000000000000000e+03) (1, 1.16913403320312500000e+03) (2, 1.50000000000000000000e+03) (3, 1.50000000000000000000e+03) (4, 1.50000000000000000000e+03) (5, -1.44757373046875000000e+03) (6, -1.50000000000000000000e+03) (7, 1.50000000000000000000e+03) (8, 1.50000000000000000000e+03) (9, -1.50000000000000000000e+03) (10, -1.50000000000000000000e+03) (11, 1.50000000000000000000e+03) (12, 2.29869961738586425781e+00) (13, 1.16628026962280273438e+01) (14, -1.50000000000000000000e+03) (15, 1.50000000000000000000e+03) (16, -1.50000000000000000000e+03) (17, -1.50000000000000000000e+03) (18, -1.50000000000000000000e+03) (19, 1.50000000000000000000e+03) (20, -1.50000000000000000000e+03) (21, -1.50000000000000000000e+03) (22, 1.50000000000000000000e+03) (23, 2.79396152496337890625e+00) (24, 1.50000000000000000000e+03) (25, -1.50000000000000000000e+03) (26, 1.50000000000000000000e+03) (27, -1.50000000000000000000e+03) (28, -1.50000000000000000000e+03) (29, -1.50000000000000000000e+03) (30, -1.50000000000000000000e+03) (31, -1.50000000000000000000e+03) (32, -1.50000000000000000000e+03) (33, -1.50000000000000000000e+03) (34, 1.50000000000000000000e+03) (35, -1.50000000000000000000e+03) (36, -1.50000000000000000000e+03) (37, -1.50000000000000000000e+03) (38, 4.23657226562500000000e+00) (39, 1.50000000000000000000e+03) (40, -1.50000000000000000000e+03) (41, -1.50000000000000000000e+03) (42, 2.74049115180969238281e+00) (43, 1.37233805656433105469e+00) (44, 1.50000000000000000000e+03) (45, 5.05733346939086914062e+00) (46, 1.50000000000000000000e+03) (47, 6.38020801544189453125e+00) (48, 1.77836728096008300781e+00) (49, 1.96448516845703125000e+00) (50, 3.78803992271423339844e+00) (51, -1.49869750976562500000e+03) (52, 3.70337796211242675781e+00) (53, 3.15269565582275390625e+00) (54, 2.42146420478820800781e+00) (55, -1.50000000000000000000e+03) (56, 1.50000000000000000000e+03) (57, -1.50000000000000000000e+03) (58, 1.73263013362884521484e+00) (59, 2.95612788200378417969e+00) (60, 1.50000000000000000000e+03) (61, -1.50000000000000000000e+03) (62, 2.56316351890563964844e+00) (63, 1.50000000000000000000e+03) (64, 2.62417173385620117188e+00) (65, 1.50000000000000000000e+03) (66, -1.50000000000000000000e+03) (67, 2.83667564392089843750e+00) (68, 1.57350990921258926392e-02) (69, 2.85676288604736328125e+00) (70, 2.89693737030029296875e+00) (71, 1.50000000000000000000e+03) (72, 1.50000000000000000000e+03) (73, 1.50000000000000000000e+03) (74, 1.50000000000000000000e+03) (75, 1.50000000000000000000e+03) (76, 1.50000000000000000000e+03) (77, 1.50000000000000000000e+03) (78, 2.82921910285949707031e+00) (79, 1.50000000000000000000e+03) (80, 1.50000000000000000000e+03) (81, 3.20119619369506835938e+00) (82, 1.50000000000000000000e+03) (83, 1.50000000000000000000e+03) (84, 1.50000000000000000000e+03) (85, 1.50000000000000000000e+03) (86, 1.50000000000000000000e+03) (87, 2.65649819374084472656e+00) (88, 1.50000000000000000000e+03) (89, 1.50000000000000000000e+03) (90, 1.50000000000000000000e+03) (91, 1.13192443847656250000e+02) (92, 1.50000000000000000000e+03) (93, 1.50000000000000000000e+03) (94, 1.50000000000000000000e+03) (95, 2.83200573921203613281e+00) (96, 2.42216682434082031250e+00) (97, 1.50000000000000000000e+03) (98, 2.98260903358459472656e+00) (99, 1.50000000000000000000e+03) (100, 1.50000000000000000000e+03) (101, 1.50000000000000000000e+03) (102, -1.50000000000000000000e+03) (103, 1.50000000000000000000e+03) (104, -9.11740899085998535156e-01) (0, -2.51691913604736328125e+01) (1, -1.76586043834686279297e+00) (2, 1.82250320911407470703e+00) (3, -1.06603674590587615967e-01) (4, -3.25746154785156250000e+00) (5, 1.49845123291015625000e+00) (6, 1.81512451171875000000e+00) (7, 3.18102121353149414062e+00) (8, 3.65184354782104492188e+00) (9, -2.92565762996673583984e-01) (10, 1.02870118618011474609e+00) (11, 1.21623170375823974609e+00) (12, -6.23677186667919158936e-02) (13, 1.66094589233398437500e+00) (14, 3.77275085449218750000e+00) (15, -6.27175092697143554688e+00) (16, 1.08986434936523437500e+01) (17, -2.73507565259933471680e-01) (18, -5.63616323471069335938e+00) (19, 1.93701326847076416016e+00) (20, -7.93478861451148986816e-02) (21, 2.83651542663574218750e+00) (22, -4.83692824840545654297e-01) (23, 6.47322833538055419922e-01) (24, 5.42499446868896484375e+00) (25, 4.37028884887695312500e+00) (26, 1.62669634819030761719e+00) (27, 3.81317281723022460938e+00) (28, 1.57007670402526855469e+00) (29, 1.44733774662017822266e+00) (30, -3.22028899192810058594e+00) (31, 2.45275115966796875000e+00) (32, 7.18773269653320312500e+00) (33, -1.02816426753997802734e+00) (34, -4.62379646301269531250e+00) (35, 4.00676298141479492188e+00) (36, -3.98935151100158691406e+00) (37, -1.40028804540634155273e-01) (38, -2.11610698699951171875e+00) (39, 1.21066689491271972656e+00) (40, 1.25203835964202880859e+00) (41, 1.79789900779724121094e+00) (42, 2.99202418327331542969e+00) (43, -3.58720803260803222656e+00) (44, 7.36838996410369873047e-01) (45, -4.01286649703979492188e+00) (46, 7.94671416282653808594e-01) (47, -6.13259077072143554688e+00) (48, -2.48993563652038574219e+00) (49, 9.42059636116027832031e-01) (50, 1.68563723564147949219e+00) (51, -2.33283787965774536133e-01) (52, 1.87241420149803161621e-01) (53, 4.71347188949584960938e+00) (54, 1.21017999947071075439e-01) (55, 3.66952228546142578125e+00) (56, 4.01105022430419921875e+00) (57, 3.78850364685058593750e+00) (58, -8.11290860176086425781e-01) (59, 1.45109152793884277344e+00) (60, -4.04644429683685302734e-01) (61, -1.31153732538223266602e-01) (62, -2.54252385348081588745e-02) (63, -1.76445484161376953125e+00) (64, -3.40465158224105834961e-01) (65, -2.85737365484237670898e-01) (66, 2.64171886444091796875e+00) (67, 2.20275655388832092285e-01) (68, 2.41331005096435546875e+00) (69, 2.48274493217468261719e+00) (70, 2.74526500701904296875e+00) (71, 3.18304204940795898438e+00) (72, -7.96729660034179687500e+00) (73, 1.31964600086212158203e+00) (74, 1.54067754745483398438e+00) (75, -4.82147216796875000000e-01) (76, 5.43253362178802490234e-01) (77, 6.86725378036499023438e-01) (78, 2.72585439682006835938e+00) (79, -4.89564925432205200195e-01) (80, -1.15810012817382812500e+00) (81, -2.96894818544387817383e-01) (82, 5.46731710433959960938e-01) (83, 3.43481612205505371094e+00) (84, -2.62612700462341308594e+00) (85, -1.87187814712524414062e+00) (86, 1.57075989246368408203e+00) (87, 1.11065173149108886719e+00) (88, -4.04651463031768798828e-01) (89, -1.14231683313846588135e-01) (90, -2.33478903770446777344e+00) (91, 2.95935416221618652344e+00) (92, 1.29341316223144531250e+00) (93, 4.81925934553146362305e-01) (94, -3.35643768310546875000e-01) (95, -9.55495238304138183594e-01) (96, 2.50618720054626464844e+00) (97, -2.99594759941101074219e-01) (98, -8.32026958465576171875e-01) (99, 1.05879533290863037109e+00) (100, -6.56852006912231445312e-01) (101, 1.20444869995117187500e+00) (102, 1.50000000000000000000e+03) (103, -1.50000000000000000000e+03) (104, 1.96579611301422119141e+00) (0, -1.50000000000000000000e+03) (1, 1.16913403320312500000e+03) (2, 1.50000000000000000000e+03) (3, 1.50000000000000000000e+03) (4, 1.50000000000000000000e+03) (5, -1.44757373046875000000e+03) (6, -1.50000000000000000000e+03) (7, 1.50000000000000000000e+03) (8, 1.50000000000000000000e+03) (9, -1.50000000000000000000e+03) (10, -1.50000000000000000000e+03) (11, 1.50000000000000000000e+03) (12, 2.18101310729980468750e+00) (13, 1.17406606674194335938e+01) (14, -1.50000000000000000000e+03) (15, 1.50000000000000000000e+03) (16, -1.50000000000000000000e+03) (17, -1.50000000000000000000e+03) (18, -1.50000000000000000000e+03) (19, 1.50000000000000000000e+03) (20, -1.50000000000000000000e+03) (21, -1.50000000000000000000e+03) (22, 1.50000000000000000000e+03) (23, 2.79261708259582519531e+00) (24, 1.50000000000000000000e+03) (25, -1.50000000000000000000e+03) (26, 1.50000000000000000000e+03) (27, -1.50000000000000000000e+03) (28, -1.50000000000000000000e+03) (29, -1.50000000000000000000e+03) (30, -1.50000000000000000000e+03) (31, -1.50000000000000000000e+03) (32, -1.50000000000000000000e+03) (33, -1.50000000000000000000e+03) (34, 1.50000000000000000000e+03) (35, -1.50000000000000000000e+03) (36, -1.50000000000000000000e+03) (37, -1.50000000000000000000e+03) (38, 4.32324647903442382812e+00) (39, 1.50000000000000000000e+03) (40, -1.50000000000000000000e+03) (41, -1.50000000000000000000e+03) (42, 2.73865127563476562500e+00) (43, 1.53281962871551513672e+00) (44, 1.50000000000000000000e+03) (45, 5.09556055068969726562e+00) (46, 1.50000000000000000000e+03) (47, 6.31997776031494140625e+00) (48, 1.77362203598022460938e+00) (49, 1.78866243362426757812e+00) (50, 3.54366421699523925781e+00) (51, -1.49869750976562500000e+03) (52, 3.69356417655944824219e+00) (53, 3.11703276634216308594e+00) (54, 2.25174045562744140625e+00) (55, -1.50000000000000000000e+03) (56, 1.50000000000000000000e+03) (57, -1.50000000000000000000e+03) (58, 1.67852628231048583984e+00) (59, 2.96798539161682128906e+00) (60, 1.50000000000000000000e+03) (61, -1.50000000000000000000e+03) (62, 2.46455407142639160156e+00) (63, 1.50000000000000000000e+03) (64, 2.67899298667907714844e+00) (65, 1.50000000000000000000e+03) (66, -1.50000000000000000000e+03) (67, 2.88338422775268554688e+00) (68, 2.52801477909088134766e-02) (69, 2.87307763099670410156e+00) (70, 2.95690751075744628906e+00) (71, 1.50000000000000000000e+03) (72, 1.50000000000000000000e+03) (73, 1.50000000000000000000e+03) (74, 1.50000000000000000000e+03) (75, 1.50000000000000000000e+03) (76, 1.50000000000000000000e+03) (77, 1.50000000000000000000e+03) (78, 2.79581284523010253906e+00) (79, 1.50000000000000000000e+03) (80, 1.50000000000000000000e+03) (81, 3.36942553520202636719e+00) (82, 1.50000000000000000000e+03) (83, 1.50000000000000000000e+03) (84, 1.50000000000000000000e+03) (85, 1.50000000000000000000e+03) (86, 1.50000000000000000000e+03) (87, 2.69528460502624511719e+00) (88, 1.50000000000000000000e+03) (89, 1.50000000000000000000e+03) (90, 1.50000000000000000000e+03) (91, 5.60357177734375000000e+02) (92, 1.50000000000000000000e+03) (93, 1.50000000000000000000e+03) (94, 1.50000000000000000000e+03) (95, 2.87824749946594238281e+00) (96, 2.50994467735290527344e+00) (97, 1.50000000000000000000e+03) (98, 3.12909626960754394531e+00) (99, 1.50000000000000000000e+03) (100, 1.50000000000000000000e+03) (101, 1.50000000000000000000e+03) (102, -1.50000000000000000000e+03) (103, 1.50000000000000000000e+03) (104, -1.03147423267364501953e+00) (0, 1.05989904403686523438e+01) (1, -6.32856369018554687500e-01) (2, 3.43121433258056640625e+00) (3, 8.96161794662475585938e-01) (4, -7.14163839817047119141e-01) (5, -1.54957413673400878906e+00) (6, 3.03671002388000488281e+00) (7, 7.44065821170806884766e-01) (8, -1.91153204441070556641e+00) (9, -8.71411025524139404297e-01) (10, -3.96267604827880859375e+00) (11, -3.46509814262390136719e+00) (12, -4.17428207397460937500e+00) (13, 3.11035305261611938477e-01) (14, -3.37801337242126464844e+00) (15, -3.44543504714965820312e+00) (16, 3.54509806632995605469e+00) (17, -2.53520441055297851562e+00) (18, -2.67287015914916992188e+00) (19, -9.12903845310211181641e-01) (20, 9.54075753688812255859e-01) (21, 2.79658603668212890625e+00) (22, -1.29495561122894287109e+00) (23, -1.80057764053344726562e+00) (24, 2.04378199577331542969e+00) (25, 3.97162586450576782227e-01) (26, -3.53541707992553710938e+00) (27, 2.66304707527160644531e+00) (28, -8.27203655242919921875e+00) (29, -6.33227348327636718750e+00) (30, 1.01783666610717773438e+01) (31, -5.47998619079589843750e+00) (32, -3.35513043403625488281e+00) (33, -9.04838979244232177734e-01) (34, -3.05783438682556152344e+00) (35, 2.45297908782958984375e+00) (36, -2.32039022445678710938e+00) (37, -3.73455023765563964844e+00) (38, -1.16435384750366210938e+00) (39, -1.38137817382812500000e+00) (40, 2.10132265090942382812e+00) (41, 1.43015003204345703125e+00) (42, -1.30356311798095703125e+00) (43, -2.86000466346740722656e+00) (44, -3.80462217330932617188e+00) (45, -3.02949100732803344727e-01) (46, -2.35708808898925781250e+00) (47, 2.17246508598327636719e+00) (48, 3.76458168029785156250e+00) (49, -1.47044885158538818359e+00) (50, -2.05447971820831298828e-01) (51, -9.90871429443359375000e-01) (52, 1.78409337997436523438e+00) (53, -1.60544025897979736328e+00) (54, 1.19669103622436523438e+00) (55, 1.87033152580261230469e+00) (56, 2.05850616097450256348e-01) (57, 4.98338651657104492188e+00) (58, -2.30082735419273376465e-01) (59, -1.35513532161712646484e+00) (60, -1.41037869453430175781e+00) (61, 3.10053914785385131836e-01) (62, 3.53525020182132720947e-02) (63, -1.10903656482696533203e+00) (64, 9.37619268894195556641e-01) (65, -1.18562006950378417969e+00) (66, 3.92822831869125366211e-01) (67, 2.91086047887802124023e-01) (68, 2.22134351730346679688e+00) (69, -5.72468876838684082031e-01) (70, -2.46723055839538574219e+00) (71, -3.14985036849975585938e-01) (72, -1.18052639067173004150e-01) (73, 1.74847710132598876953e+00) (74, -1.41240608692169189453e+00) (75, -7.20992565155029296875e-01) (76, -9.70215618610382080078e-01) (77, -7.89332389831542968750e-01) (78, 1.95980393886566162109e+00) (79, -5.35485625267028808594e-01) (80, -6.09750211238861083984e-01) (81, -6.47302865982055664062e-01) (82, 2.10112139582633972168e-01) (83, 6.09515070915222167969e-01) (84, 1.72825610637664794922e+00) (85, -5.61155676841735839844e-01) (86, -9.60089385509490966797e-01) (87, 1.82573032379150390625e+00) (88, 2.06789827346801757812e+00) (89, -8.13935756683349609375e-01) (90, -9.06128942966461181641e-01) (91, -6.56345844268798828125e-01) (92, 6.84216022491455078125e-01) (93, -6.69747531414031982422e-01) (94, -7.34696090221405029297e-01) (95, 1.60710561275482177734e+00) (96, 1.78526520729064941406e+00) (97, -6.63294672966003417969e-01) (98, 3.11518043279647827148e-01) (99, 1.73528298735618591309e-01) (100, -8.27867984771728515625e-01) (101, -6.48441493511199951172e-01) (102, 7.36049880981445312500e+01) (103, 5.57749404907226562500e+01) (104, 2.52747392654418945312e+00) (105, -4.40112447738647460938e+00) (106, 3.33327674865722656250e+00) (107, -9.52281832695007324219e-01) (108, -9.57092940807342529297e-01) (109, 3.20130562782287597656e+00) (110, -9.44313704967498779297e-01) (111, 3.74567151069641113281e+00) (112, -2.12219882011413574219e+00) (113, -1.00609433650970458984e+00) (114, 5.38079023361206054688e+00) (115, -9.92738425731658935547e-01) (116, 5.86356115341186523438e+00) (117, -9.92186903953552246094e-01) (118, -2.76210618019104003906e+00) (119, -2.30515670776367187500e+00) (120, 2.02512979507446289062e+00) (121, 3.64988422393798828125e+00) (122, -9.89690124988555908203e-01) (123, 3.52087497711181640625e+00) (124, -9.39380347728729248047e-01) (125, -2.25186753273010253906e+00) (126, -1.02609920501708984375e+00) (127, 4.43867921829223632812e+00) (128, -9.44764614105224609375e-01) (129, 5.24689960479736328125e+00) (130, 2.66648483276367187500e+00) 
