FANN_FLO_2.1
num_layers=3
learning_rate=0.700000
connection_rate=1.000000
network_type=0
learning_momentum=0.000000
training_algorithm=2
train_error_function=1
train_stop_function=0
cascade_output_change_fraction=0.010000
quickprop_decay=-0.000100
quickprop_mu=1.750000
rprop_increase_factor=1.200000
rprop_decrease_factor=0.500000
rprop_delta_min=0.000000
rprop_delta_max=50.000000
rprop_delta_zero=0.100000
cascade_output_stagnation_epochs=12
cascade_candidate_change_fraction=0.010000
cascade_candidate_stagnation_epochs=12
cascade_max_out_epochs=150
cascade_max_cand_epochs=150
cascade_num_candidate_groups=2
bit_fail_limit=3.49999994039535522461e-01
cascade_candidate_limit=1.00000000000000000000e+03
cascade_weight_multiplier=4.00000005960464477539e-01
cascade_activation_functions_count=10
cascade_activation_functions=3 5 7 8 10 11 14 15 16 17 
cascade_activation_steepnesses_count=4
cascade_activation_steepnesses=2.50000000000000000000e-01 5.00000000000000000000e-01 7.50000000000000000000e-01 1.00000000000000000000e+00 
layer_sizes=105 26 2 
scale_included=0
neurons (num_inputs, activation_function, activation_steepness)=(0, 0, 0.00000000000000000000e+00) (0, 0, 0.00000000000000000000e+00) (0, 0, 0.00000000000000000000e+00) (0, 0, 0.00000000000000000000e+00) (0, 0, 0.00000000000000000000e+00) (0, 0, 0.00000000000000000000e+00) (0, 0, 0.00000000000000000000e+00) (0, 0, 0.00000000000000000000e+00) (0, 0, 0.00000000000000000000e+00) (0, 0, 0.00000000000000000000e+00) (0, 0, 0.00000000000000000000e+00) (0, 0, 0.00000000000000000000e+00) (0, 0, 0.00000000000000000000e+00) (0, 0, 0.00000000000000000000e+00) (0, 0, 0.00000000000000000000e+00) (0, 0, 0.00000000000000000000e+00) (0, 0, 0.00000000000000000000e+00) (0, 0, 0.00000000000000000000e+00) (0, 0, 0.00000000000000000000e+00) (0, 0, 0.00000000000000000000e+00) (0, 0, 0.00000000000000000000e+00) (0, 0, 0.00000000000000000000e+00) (0, 0, 0.00000000000000000000e+00) (0, 0, 0.00000000000000000000e+00) (0, 0, 0.00000000000000000000e+00) (0, 0, 0.00000000000000000000e+00) (0, 0, 0.00000000000000000000e+00) (0, 0, 0.00000000000000000000e+00) (0, 0, 0.00000000000000000000e+00) (0, 0, 0.00000000000000000000e+00) (0, 0, 0.00000000000000000000e+00) (0, 0, 0.00000000000000000000e+00) (0, 0, 0.00000000000000000000e+00) (0, 0, 0.00000000000000000000e+00) (0, 0, 0.00000000000000000000e+00) (0, 0, 0.00000000000000000000e+00) (0, 0, 0.00000000000000000000e+00) (0, 0, 0.00000000000000000000e+00) (0, 0, 0.00000000000000000000e+00) (0, 0, 0.00000000000000000000e+00) (0, 0, 0.00000000000000000000e+00) (0, 0, 0.00000000000000000000e+00) (0, 0, 0.00000000000000000000e+00) (0, 0, 0.00000000000000000000e+00) (0, 0, 0.00000000000000000000e+00) (0, 0, 0.00000000000000000000e+00) (0, 0, 0.00000000000000000000e+00) (0, 0, 0.00000000000000000000e+00) (0, 0, 0.00000000000000000000e+00) (0, 0, 0.00000000000000000000e+00) (0, 0, 0.00000000000000000000e+00) (0, 0, 0.00000000000000000000e+00) (0, 0, 0.00000000000000000000e+00) (0, 0, 0.00000000000000000000e+00) (0, 0, 0.00000000000000000000e+00) (0, 0, 0.00000000000000000000e+00) (0, 0, 0.00000000000000000000e+00) (0, 0, 0.00000000000000000000e+00) (0, 0, 0.00000000000000000000e+00) (0, 0, 0.00000000000000000000e+00) (0, 0, 0.00000000000000000000e+00) (0, 0, 0.00000000000000000000e+00) (0, 0, 0.00000000000000000000e+00) (0, 0, 0.00000000000000000000e+00) (0, 0, 0.00000000000000000000e+00) (0, 0, 0.00000000000000000000e+00) (0, 0, 0.00000000000000000000e+00) (0, 0, 0.00000000000000000000e+00) (0, 0, 0.00000000000000000000e+00) (0, 0, 0.00000000000000000000e+00) (0, 0, 0.00000000000000000000e+00) (0, 0, 0.00000000000000000000e+00) (0, 0, 0.00000000000000000000e+00) (0, 0, 0.00000000000000000000e+00) (0, 0, 0.00000000000000000000e+00) (0, 0, 0.00000000000000000000e+00) (0, 0, 0.00000000000000000000e+00) (0, 0, 0.00000000000000000000e+00) (0, 0, 0.00000000000000000000e+00) (0, 0, 0.00000000000000000000e+00) (0, 0, 0.00000000000000000000e+00) (0, 0, 0.00000000000000000000e+00) (0, 0, 0.00000000000000000000e+00) (0, 0, 0.00000000000000000000e+00) (0, 0, 0.00000000000000000000e+00) (0, 0, 0.00000000000000000000e+00) (0, 0, 0.00000000000000000000e+00) (0, 0, 0.00000000000000000000e+00) (0, 0, 0.00000000000000000000e+00) (0, 0, 0.00000000000000000000e+00) (0, 0, 0.00000000000000000000e+00) (0, 0, 0.00000000000000000000e+00) (0, 0, 0.00000000000000000000e+00) (0, 0, 0.00000000000000000000e+00) (0, 0, 0.00000000000000000000e+00) (0, 0, 0.00000000000000000000e+00) (0, 0, 0.00000000000000000000e+00) (0, 0, 0.00000000000000000000e+00) (0, 0, 0.00000000000000000000e+00) (0, 0, 0.00000000000000000000e+00) (0, 0, 0.00000000000000000000e+00) (0, 0, 0.00000000000000000000e+00) (0, 0, 0.00000000000000000000e+00) (0, 0, 0.00000000000000000000e+00) (0, 0, 0.00000000000000000000e+00) (105, 5, 5.00000000000000000000e-01) (105, 5, 5.00000000000000000000e-01) (105, 5, 5.00000000000000000000e-01) (105, 5, 5.00000000000000000000e-01) (105, 5, 5.00000000000000000000e-01) (105, 5, 5.00000000000000000000e-01) (105, 5, 5.00000000000000000000e-01) (105, 5, 5.00000000000000000000e-01) (105, 5, 5.00000000000000000000e-01) (105, 5, 5.00000000000000000000e-01) (105, 5, 5.00000000000000000000e-01) (105, 5, 5.00000000000000000000e-01) (105, 5, 5.00000000000000000000e-01) (105, 5, 5.00000000000000000000e-01) (105, 5, 5.00000000000000000000e-01) (105, 5, 5.00000000000000000000e-01) (105, 5, 5.00000000000000000000e-01) (105, 5, 5.00000000000000000000e-01) (105, 5, 5.00000000000000000000e-01) (105, 5, 5.00000000000000000000e-01) (105, 5, 5.00000000000000000000e-01) (105, 5, 5.00000000000000000000e-01) (105, 5, 5.00000000000000000000e-01) (105, 5, 5.00000000000000000000e-01) (105, 5, 5.00000000000000000000e-01) (0, 5, 0.00000000000000000000e+00) (26, 5, 5.00000000000000000000e-01) (0, 5, 0.00000000000000000000e+00) 
connections (connected_to_neuron, weight)=(0, 7.40377426147460937500e+00) (1, -1.34602773189544677734e+00) (2, -2.47978478670120239258e-01) (3, 1.48062825202941894531e+00) (4, 9.29767787456512451172e-01) (5, 1.89838182926177978516e+00) (6, 1.22115504741668701172e+00) (7, 1.90135097503662109375e+00) (8, -2.93654829263687133789e-01) (9, -2.80705630779266357422e-01) (10, -2.80759978294372558594e+00) (11, -1.90423741936683654785e-01) (12, 9.33764338493347167969e-01) (13, 9.69340920448303222656e-01) (14, -3.11413593590259552002e-03) (15, 9.98599052429199218750e-01) (16, 6.35634899139404296875e-01) (17, -4.93691325187683105469e-01) (18, -4.13049459457397460938e+00) (19, -7.96671807765960693359e-01) (20, -2.65920233726501464844e+00) (21, 7.49242782592773437500e-01) (22, -1.45424097776412963867e-01) (23, -9.23519767820835113525e-03) (24, 1.70183980464935302734e+00) (25, 4.39071714878082275391e-01) (26, -3.76999944448471069336e-01) (27, 6.86546385288238525391e-01) (28, -2.70832479000091552734e-01) (29, -8.30084621906280517578e-01) (30, 1.84126484394073486328e+00) (31, -1.04483675956726074219e+00) (32, 5.15750706195831298828e-01) (33, 7.73102045059204101562e-01) (34, 1.38962209224700927734e+00) (35, 4.90131884813308715820e-01) (36, 8.96270990371704101562e-01) (37, 6.41416490077972412109e-01) (38, -5.47021865844726562500e-01) (39, -4.43603992462158203125e-01) (40, -3.31828296184539794922e-01) (41, -2.10648775100708007812e+00) (42, -8.08735340833663940430e-02) (43, -1.33110666275024414062e+00) (44, 8.71570110321044921875e-01) (45, -5.38125038146972656250e-01) (46, -6.44791305065155029297e-01) (47, 1.74119544029235839844e+00) (48, 1.06523108482360839844e+00) (49, 9.37650799751281738281e-01) (50, -3.27214419841766357422e-01) (51, -2.16143012046813964844e-01) (52, -4.80200767517089843750e-01) (53, -4.40038412809371948242e-01) (54, 1.27326273918151855469e+00) (55, 1.34950137138366699219e+00) (56, 8.94621968269348144531e-01) (57, -3.01075547933578491211e-01) (58, -1.72949030995368957520e-01) (59, -1.34008273482322692871e-01) (60, -3.75980794429779052734e-01) (61, -4.71380576491355895996e-02) (62, 6.56667053699493408203e-01) (63, -2.67762303352355957031e-01) (64, -3.08249473571777343750e-01) (65, -8.06757032871246337891e-01) (66, 1.66631531715393066406e+00) (67, 2.69869995117187500000e+00) (68, 1.60043144226074218750e+00) (69, 2.52175748348236083984e-01) (70, 7.21767187118530273438e-01) (71, 7.59341895580291748047e-01) (72, -5.05072414875030517578e-01) (73, 2.91650649160146713257e-03) (74, -7.45286047458648681641e-01) (75, -2.51352936029434204102e-01) (76, -8.11459898948669433594e-01) (77, -7.38484084606170654297e-01) (78, -8.32536220550537109375e-01) (79, -3.80658328533172607422e-01) (80, -9.12633359432220458984e-01) (81, -8.02515089511871337891e-01) (82, -9.37942564487457275391e-01) (83, -5.94869852066040039062e-01) (84, 7.46152877807617187500e-01) (85, -3.87817233800888061523e-01) (86, 6.90931200981140136719e-01) (87, 9.55187439918518066406e-01) (88, 1.73905003070831298828e+00) (89, 1.05502597987651824951e-01) (90, -3.57933074235916137695e-01) (91, 5.97008287906646728516e-01) (92, 4.51635003089904785156e-01) (93, 1.19772791862487792969e-01) (94, -3.76969069242477416992e-01) (95, 2.99890398979187011719e-01) (96, 5.48791587352752685547e-01) (97, -7.77970731258392333984e-01) (98, -8.04170370101928710938e-01) (99, 2.10226237773895263672e-01) (100, -3.42223972082138061523e-01) (101, 3.31483483314514160156e-01) (102, 4.00604343414306640625e+00) (103, -1.45892167091369628906e+00) (104, 1.53352916240692138672e+00) (0, 1.93551731109619140625e+01) (1, 4.81557130813598632812e+00) (2, -5.71387410163879394531e-01) (3, -6.17717206478118896484e-01) (4, -4.30658012628555297852e-01) (5, -1.73236414790153503418e-01) (6, 1.09097170829772949219e+00) (7, -1.20884287357330322266e+00) (8, -2.61829435825347900391e-01) (9, -1.20489269495010375977e-01) (10, 6.52848839759826660156e-01) (11, -2.07064989954233169556e-02) (12, -1.94539546966552734375e-01) (13, -3.03785991668701171875e+00) (14, -2.59651422500610351562e-01) (15, -2.10686340928077697754e-01) (16, -4.53235447406768798828e-01) (17, 7.46611297130584716797e-01) (18, -4.46082592010498046875e+00) (19, -7.17987000942230224609e-01) (20, -5.46393251419067382812e+00) (21, -2.27405503392219543457e-01) (22, -1.53736144304275512695e-01) (23, -1.43672525882720947266e+00) (24, -5.15513002872467041016e-01) (25, -2.97136664390563964844e-01) (26, -2.36587718129158020020e-01) (27, -3.81810188293457031250e-01) (28, -1.02771766483783721924e-01) (29, -9.72766518592834472656e-01) (30, -3.54482591152191162109e-01) (31, 6.92305326461791992188e-01) (32, -2.97237098217010498047e-01) (33, -2.67909348011016845703e-01) (34, 1.82278585433959960938e+00) (35, -3.03869485855102539062e-01) (36, 1.98961889743804931641e+00) (37, 1.14819812774658203125e+00) (38, 8.02430033683776855469e-01) (39, -2.93369680643081665039e-01) (40, 9.54376995563507080078e-01) (41, 1.88186481595039367676e-01) (42, -1.05120807886123657227e-01) (43, 5.40086686611175537109e-01) (44, 8.11315417289733886719e-01) (45, 8.18309783935546875000e-01) (46, 7.16337859630584716797e-01) (47, -5.28828680515289306641e-01) (48, 1.12939882278442382812e+00) (49, -2.44266524910926818848e-01) (50, -1.85511142015457153320e-01) (51, 1.12188065052032470703e+00) (52, 1.00684857368469238281e+00) (53, 7.88083136081695556641e-01) (54, 9.58641171455383300781e-01) (55, 1.71179790049791336060e-03) (56, -3.05359214544296264648e-01) (57, 1.04802238941192626953e+00) (58, 1.21318197250366210938e+00) (59, 2.13245153427124023438e+00) (60, -4.04300719499588012695e-01) (61, 2.14824318885803222656e+00) (62, 1.08129703998565673828e+00) (63, -2.78873413801193237305e-01) (64, 1.91881513595581054688e+00) (65, -3.36211413145065307617e-01) (66, 1.40189635753631591797e+00) (67, 3.14139127731323242188e+00) (68, 2.72148633003234863281e+00) (69, 2.01594853401184082031e+00) (70, -3.66810932755470275879e-02) (71, 1.02248144149780273438e+00) (72, 8.91260921955108642578e-01) (73, 1.90434610843658447266e+00) (74, -6.12506747245788574219e-01) (75, 1.06337726116180419922e+00) (76, 4.57984864711761474609e-01) (77, -2.34081372618675231934e-01) (78, 4.73457187414169311523e-01) (79, 1.07480812072753906250e+00) (80, -6.66073262691497802734e-01) (81, 2.02697944641113281250e+00) (82, 1.01005864143371582031e+00) (83, 1.75381112098693847656e+00) (84, -2.75143921375274658203e-01) (85, 9.89083468914031982422e-01) (86, -1.24095335602760314941e-01) (87, 1.07157862186431884766e+00) (88, 5.77839553356170654297e-01) (89, 8.29204618930816650391e-01) (90, -1.99971884489059448242e-01) (91, 2.07951974868774414062e+00) (92, -5.85940062999725341797e-01) (93, -8.88431966304779052734e-01) (94, -3.97108614444732666016e-01) (95, -8.57491016387939453125e-01) (96, 4.81602221727371215820e-01) (97, -5.62790751457214355469e-01) (98, -8.59853684902191162109e-01) (99, 6.88597559928894042969e-01) (100, -3.44448298215866088867e-01) (101, -6.44207060337066650391e-01) (102, -3.32714766263961791992e-01) (103, 3.69225692749023437500e+00) (104, 2.42406725883483886719e+00) (0, -8.00159759521484375000e+01) (1, 2.68158054351806640625e+00) (2, 1.73591530323028564453e+00) (3, 7.38968610763549804688e-01) (4, 2.52721548080444335938e+00) (5, 1.70233500003814697266e+00) (6, 1.72734248638153076172e+00) (7, -7.64592230319976806641e-01) (8, 8.08211863040924072266e-01) (9, 1.80601787567138671875e+00) (10, 1.92778551578521728516e+00) (11, 1.76553094387054443359e+00) (12, 1.93666160106658935547e+00) (13, 1.24722409248352050781e+00) (14, 2.01803278923034667969e+00) (15, 7.30750441551208496094e-01) (16, 6.36989974975585937500e+00) (17, -2.89333105087280273438e-01) (18, 2.34745330810546875000e+01) (19, 1.77017974853515625000e+00) (20, 1.76458053588867187500e+02) (21, 8.13506424427032470703e-01) (22, 2.08182549476623535156e+00) (23, 2.34674334526062011719e+00) (24, 2.03050160408020019531e+00) (25, 1.32922577857971191406e+00) (26, 2.21646523475646972656e+00) (27, 2.10493350028991699219e+00) (28, 2.17999076843261718750e+00) (29, 2.25316375732421875000e+02) (30, 1.98815715312957763672e+00) (31, 1.02219605445861816406e+00) (32, 2.36501693725585937500e+00) (33, 9.09994125366210937500e-01) (34, 1.43786633014678955078e+00) (35, 2.12048602104187011719e+00) (36, 8.41036379337310791016e-01) (37, 8.20607185363769531250e-01) (38, 2.56714487075805664062e+00) (39, 3.20794034004211425781e+00) (40, 2.38760709762573242188e+00) (41, 7.53276611328125000000e+02) (42, 5.80760300159454345703e-01) (43, 7.12762634277343750000e+02) (44, 2.67803931236267089844e+00) (45, 2.60900712013244628906e+00) (46, 6.00046463012695312500e+01) (47, 2.44896435737609863281e+00) (48, 1.53641366958618164062e+00) (49, 1.41545300292968750000e+03) (50, 7.69351601600646972656e-01) (51, 8.17702472209930419922e-01) (52, 2.12067914009094238281e+00) (53, 2.21337528228759765625e+01) (54, 2.32147026062011718750e+00) (55, 7.56694841384887695312e+00) (56, 7.91733703613281250000e+01) (57, 1.34939980506896972656e+00) (58, 2.65401220321655273438e+00) (59, 9.22932147979736328125e-01) (60, 1.08305323123931884766e+00) (61, -2.35732331871986389160e-01) (62, 8.92559826374053955078e-01) (63, 2.77405047416687011719e+00) (64, 8.48306894302368164062e-01) (65, 2.46556854248046875000e+00) (66, 1.16341662406921386719e+00) (67, -7.37952739000320434570e-02) (68, 9.38862264156341552734e-01) (69, 8.65148961544036865234e-01) (70, 8.57330799102783203125e-01) (71, 7.81942486763000488281e-01) (72, 1.08995306491851806641e+00) (73, 1.39560842514038085938e+00) (74, 1.37325549125671386719e+00) (75, 1.17542183399200439453e+00) (76, 2.87284731864929199219e+00) (77, 1.25812542438507080078e+00) (78, 4.53622007369995117188e+00) (79, 1.77310645580291748047e+00) (80, 3.50277252197265625000e+01) (81, 2.02120542526245117188e+00) (82, 3.84067869186401367188e+00) (83, 1.06534838676452636719e+00) (84, 9.90770757198333740234e-01) (85, 3.17491507530212402344e+00) (86, 7.84923851490020751953e-01) (87, 9.08330440521240234375e-01) (88, 7.01562285423278808594e-01) (89, 3.07275104522705078125e+00) (90, 1.23008966445922851562e+00) (91, 9.47201490402221679688e-01) (92, 2.18788051605224609375e+00) (93, 1.76034641265869140625e+01) (94, 2.83739447593688964844e+00) (95, 2.37086248397827148438e+00) (96, 7.84125089645385742188e-01) (97, 1.16715276241302490234e+00) (98, 2.67244267463684082031e+00) (99, 1.55916881561279296875e+00) (100, 1.47892975807189941406e+00) (101, 1.07900345325469970703e+00) (102, 1.74403798580169677734e+00) (103, 2.22583085298538208008e-01) (104, 9.45460319519042968750e-01) (0, 5.84883155822753906250e+01) (1, -6.24018967151641845703e-01) (2, 5.36578297615051269531e-01) (3, 3.75194609165191650391e-01) (4, -3.87514382600784301758e-01) (5, -2.92308717966079711914e-01) (6, -1.25468194484710693359e-01) (7, 2.30843591690063476562e+00) (8, 1.10500979423522949219e+00) (9, -3.23720276355743408203e-01) (10, 9.94587302207946777344e-01) (11, 7.17028975486755371094e-01) (12, 1.11090278625488281250e+00) (13, 1.00802433490753173828e+00) (14, 9.11481082439422607422e-01) (15, 2.02962803840637207031e+00) (16, 6.82618975639343261719e-01) (17, 2.17942833900451660156e+00) (18, -3.60897088050842285156e+00) (19, 4.17835146188735961914e-01) (20, -2.55188655853271484375e+00) (21, 2.07085895538330078125e+00) (22, 2.55928516387939453125e+00) (23, 7.38667070865631103516e-01) (24, 1.91463577747344970703e+00) (25, 8.01445901393890380859e-01) (26, -3.12311321496963500977e-01) (27, 7.98722386360168457031e-01) (28, 9.96358036994934082031e-01) (29, 4.01634633541107177734e-01) (30, -4.28279459476470947266e-01) (31, 4.07096117734909057617e-01) (32, -3.46778959035873413086e-01) (33, 2.06451916694641113281e+00) (34, 6.51701807975769042969e-01) (35, 7.28797376155853271484e-01) (36, 8.96343469619750976562e-01) (37, -1.42817005515098571777e-01) (38, -4.75932419300079345703e-01) (39, -3.05921465158462524414e-01) (40, -3.67354601621627807617e-01) (41, -2.59264159202575683594e+00) (42, -2.54894644021987915039e-01) (43, -7.83971548080444335938e-01) (44, -4.33107733726501464844e-01) (45, -4.32187676429748535156e-01) (46, -6.38946294784545898438e-01) (47, 6.25227868556976318359e-01) (48, -1.08950421214103698730e-01) (49, 2.03905677795410156250e+00) (50, 1.02467167377471923828e+00) (51, -8.28198939561843872070e-02) (52, -4.14071589708328247070e-01) (53, -5.95306336879730224609e-01) (54, -3.29628765583038330078e-01) (55, 3.24243116378784179688e+00) (56, -4.35852408409118652344e-01) (57, 8.57177853584289550781e-01) (58, 4.95930373668670654297e-01) (59, 8.23288798332214355469e-01) (60, -5.22714972496032714844e-01) (61, 9.99494075775146484375e-01) (62, 1.12042355537414550781e+00) (63, -3.81007969379425048828e-01) (64, 8.31741571426391601562e-01) (65, -3.94885033369064331055e-01) (66, 1.58856821060180664062e+00) (67, 6.37286567687988281250e+00) (68, 1.41153311729431152344e+00) (69, 8.45267176628112792969e-01) (70, 9.85352396965026855469e-01) (71, 1.01600480079650878906e+00) (72, -4.80752140283584594727e-01) (73, 2.79134788513183593750e+01) (74, -7.37660050392150878906e-01) (75, -2.57239431142807006836e-01) (76, 3.00470173358917236328e-01) (77, -7.26821482181549072266e-01) (78, -8.48606169223785400391e-01) (79, -3.29672157764434814453e-01) (80, -1.08019733428955078125e+00) (81, 4.51394140720367431641e-01) (82, -3.13673734664916992188e-01) (83, 5.94561934471130371094e-01) (84, 7.95356750488281250000e-01) (85, -4.10076409578323364258e-01) (86, -1.54804214835166931152e-01) (87, 1.27736890316009521484e+00) (88, 1.72732496261596679688e+00) (89, -4.50675696134567260742e-01) (90, -2.87159562110900878906e-01) (91, 7.98434019088745117188e-01) (92, 4.96383577585220336914e-01) (93, -9.39908146858215332031e-01) (94, -3.26923549175262451172e-01) (95, 3.16984415054321289062e-01) (96, 7.03298211097717285156e-01) (97, -6.96062147617340087891e-01) (98, -8.38289141654968261719e-01) (99, 4.20544326305389404297e-01) (100, -3.19234430789947509766e-01) (101, -6.97438180446624755859e-01) (102, 2.53140735626220703125e+00) (103, -1.13790206611156463623e-01) (104, 2.45214557647705078125e+00) (0, -2.13339729309082031250e+01) (1, 3.16507387161254882812e+00) (2, 2.27363848686218261719e+00) (3, 2.07290625572204589844e+00) (4, 3.31858015060424804688e+00) (5, 1.75188922882080078125e+00) (6, 1.33895802497863769531e+00) (7, 5.72355449199676513672e-01) (8, 2.47976613044738769531e+00) (9, 1.45910751819610595703e+00) (10, 2.58857011795043945312e+00) (11, 1.64506304264068603516e+00) (12, 1.17321550846099853516e+00) (13, 2.31221389770507812500e+00) (14, 2.71563196182250976562e+00) (15, 1.50963258743286132812e+00) (16, 1.22409086227416992188e+01) (17, 1.37024986743927001953e+00) (18, 3.49971122741699218750e+01) (19, 8.22091007232666015625e+00) (20, -5.09936340332031250000e+02) (21, 8.36787343025207519531e-01) (22, -1.67720735073089599609e+00) (23, 5.05325698852539062500e+00) (24, 1.61106548309326171875e+01) (25, 2.13240098953247070312e+00) (26, 2.66430592536926269531e+00) (27, 1.82000660896301269531e+00) (28, 2.71438002586364746094e+00) (29, 7.22185897827148437500e+01) (30, 2.81080770492553710938e+00) (31, 2.71140766143798828125e+00) (32, 1.33501398563385009766e+00) (33, 1.31218969821929931641e+00) (34, 3.19035601615905761719e+00) (35, -1.55222094058990478516e+00) (36, 2.72808098793029785156e+00) (37, 2.46693849563598632812e+00) (38, 2.15730810165405273438e+00) (39, 1.70609092712402343750e+01) (40, 2.52092099189758300781e+00) (41, 1.09164343261718750000e+03) (42, 1.32166719436645507812e+00) (43, 7.91029968261718750000e+01) (44, 2.73049426078796386719e+00) (45, 2.65601778030395507812e+00) (46, 2.59022331237792968750e+00) (47, 3.43251514434814453125e+00) (48, 2.04271674156188964844e+00) (49, -9.76404380798339843750e+00) (50, 7.14621126651763916016e-01) (51, 8.66176528930664062500e+01) (52, 3.06731939315795898438e+00) (53, 4.60251808166503906250e+01) (54, -6.40941286087036132812e+00) (55, 4.31733360290527343750e+01) (56, -9.17342472076416015625e+00) (57, -6.14892053604125976562e+00) (58, 6.97911977767944335938e+00) (59, 1.61687564849853515625e+00) (60, 3.47565293312072753906e+00) (61, 6.08568727970123291016e-01) (62, 1.10921990871429443359e+00) (63, 1.77168476581573486328e+00) (64, 2.48956727981567382812e+00) (65, 1.57047259807586669922e+00) (66, 1.60551035404205322266e+00) (67, -1.65468299388885498047e+00) (68, 1.82260608673095703125e+00) (69, 1.77678012847900390625e+00) (70, 1.28790903091430664062e+00) (71, 9.77878034114837646484e-01) (72, 1.94093215465545654297e+00) (73, 5.40583419799804687500e+00) (74, 1.13659131526947021484e+00) (75, -1.13888013362884521484e+00) (76, 6.18072624206542968750e+01) (77, 2.14650249481201171875e+00) (78, 2.79462375640869140625e+01) (79, 1.68267631530761718750e+00) (80, 7.75897521972656250000e+01) (81, 3.32107138633728027344e+00) (82, 1.84175729751586914062e+00) (83, 1.10240709781646728516e+00) (84, -3.28782606124877929688e+00) (85, 4.21949424743652343750e+01) (86, 1.28092277050018310547e+00) (87, 9.54571962356567382812e-01) (88, 8.07482421398162841797e-01) (89, 8.32248306274414062500e+01) (90, 1.81210827827453613281e+00) (91, 2.17543239593505859375e+01) (92, 9.86157476902008056641e-01) (93, 6.73661804199218750000e+01) (94, 1.88643693923950195312e+00) (95, 9.09599971771240234375e+00) (96, 5.83002567291259765625e-01) (97, 9.78490352630615234375e-01) (98, 1.36160540580749511719e+00) (99, 2.23398137092590332031e+00) (100, 1.65892386436462402344e+00) (101, 8.22853922843933105469e-01) (102, 1.63979935646057128906e+00) (103, 5.72913765907287597656e-01) (104, 1.18226695060729980469e+00) (0, -7.51689529418945312500e+01) (1, 1.31603755950927734375e+01) (2, 3.60285162925720214844e+00) (3, 1.19079999923706054688e+01) (4, 1.42354059219360351562e+00) (5, 2.78270888328552246094e+00) (6, 3.67031908035278320312e+00) (7, 5.48423576354980468750e+00) (8, 2.77251219749450683594e+00) (9, 1.25695765018463134766e+00) (10, 2.50862121582031250000e+00) (11, 3.32515678405761718750e+01) (12, 1.27139389514923095703e+00) (13, 1.96696243286132812500e+01) (14, -2.53303241729736328125e+01) (15, 2.53518724441528320312e+00) (16, 2.45967254638671875000e+01) (17, 2.73690968751907348633e-01) (18, 1.05778907775878906250e+02) (19, 5.83743238449096679688e+00) (20, 5.63611068725585937500e+01) (21, -3.57911157608032226562e+00) (22, -4.52290391921997070312e+00) (23, 7.36828744411468505859e-02) (24, -1.40872204303741455078e+00) (25, -5.08607530593872070312e+00) (26, 1.27151918411254882812e+00) (27, 1.79571673274040222168e-01) (28, 1.35444092750549316406e+00) (29, 1.18490231037139892578e+00) (30, 1.95605850219726562500e+00) (31, -7.70973026752471923828e-01) (32, 1.67413279414176940918e-01) (33, 1.32756793498992919922e+00) (34, 7.42607891559600830078e-01) (35, 2.37073945999145507812e+00) (36, 1.34309649467468261719e+00) (37, 6.56077712774276733398e-02) (38, 1.58137035369873046875e+00) (39, 1.59692740440368652344e+00) (40, 1.31695425510406494141e+00) (41, 2.47585320472717285156e+00) (42, 1.15209376811981201172e+00) (43, 2.68928837776184082031e+00) (44, 1.61264967918395996094e+00) (45, 1.87251794338226318359e+00) (46, 4.51250553131103515625e+00) (47, 2.72956728935241699219e+00) (48, 6.13833713531494140625e+00) (49, -4.46455717086791992188e-01) (50, 1.32963931560516357422e+00) (51, 1.39880347251892089844e+00) (52, 1.92327901721000671387e-01) (53, 1.78985576629638671875e+01) (54, 1.48690211772918701172e+00) (55, -1.74767932891845703125e+01) (56, 1.39790606498718261719e+00) (57, 2.42468333244323730469e+00) (58, 1.18371810913085937500e+01) (59, 2.44213032722473144531e+00) (60, 2.29988589882850646973e-01) (61, -1.12360274791717529297e+00) (62, -3.62708997726440429688e+00) (63, 1.40997815132141113281e+00) (64, 1.25275745987892150879e-01) (65, 1.44187152385711669922e+00) (66, 1.76889300346374511719e+00) (67, -5.39007520675659179688e+00) (68, 1.43278074264526367188e+00) (69, 1.82621192932128906250e+00) (70, 1.21054565906524658203e+00) (71, 8.53211581707000732422e-01) (72, 3.98964911699295043945e-01) (73, 3.99642443656921386719e+00) (74, 1.23574817180633544922e+00) (75, 1.42441964149475097656e+00) (76, 9.87847208976745605469e-01) (77, 1.32037258148193359375e+00) (78, 2.10858702659606933594e+00) (79, 1.38876545429229736328e+00) (80, 8.22287845611572265625e+00) (81, 1.35581624507904052734e+00) (82, 1.41948807239532470703e+00) (83, -2.38487029075622558594e+00) (84, 1.17216002941131591797e+00) (85, 1.73875153064727783203e+00) (86, 1.16040301322937011719e+00) (87, 9.87799584865570068359e-01) (88, 4.29550439119338989258e-01) (89, 1.52106213569641113281e+00) (90, 1.30084872245788574219e+00) (91, 1.59394931793212890625e+00) (92, 7.38125681877136230469e-01) (93, 1.14235818386077880859e+00) (94, 1.40628910064697265625e+00) (95, 8.61898601055145263672e-01) (96, 9.20591831207275390625e-01) (97, 1.34537696838378906250e+00) (98, 1.50196480751037597656e+00) (99, 1.43451607227325439453e+00) (100, 1.48303198814392089844e+00) (101, 6.70513808727264404297e-01) (102, 1.84781587123870849609e+00) (103, 4.61830198764801025391e-01) (104, 7.24351286888122558594e-01) (0, -1.52410316467285156250e+00) (1, -3.40712666511535644531e-01) (2, 5.94533085823059082031e-01) (3, 1.46103322505950927734e+00) (4, 6.99826359748840332031e-01) (5, 6.95040643215179443359e-01) (6, -8.02253067493438720703e-01) (7, 8.92958045005798339844e-01) (8, -8.97667407989501953125e-01) (9, -4.80512142181396484375e-01) (10, -7.32255756855010986328e-01) (11, -5.15070199966430664062e-01) (12, -6.75367057323455810547e-01) (13, 1.13551580905914306641e+00) (14, -8.09517204761505126953e-01) (15, 5.10290682315826416016e-01) (16, 4.03656125068664550781e-01) (17, -1.04311370849609375000e+00) (18, 6.77030324935913085938e-01) (19, 2.59507477283477783203e-01) (20, 5.17786860466003417969e-01) (21, 6.40121519565582275391e-01) (22, 1.09019172191619873047e+00) (23, 2.78041437268257141113e-02) (24, 7.26137697696685791016e-01) (25, 5.80819621682167053223e-02) (26, 4.86975610256195068359e-01) (27, -9.69295442104339599609e-01) (28, -7.85425662994384765625e-01) (29, -1.83527791500091552734e+00) (30, 4.89265799522399902344e-01) (31, -1.57419443130493164062e+00) (32, 6.77369475364685058594e-01) (33, 2.78279066085815429688e-01) (34, 1.91325664520263671875e+00) (35, -1.79620778560638427734e+00) (36, 3.72198641300201416016e-01) (37, 3.91416028141975402832e-02) (38, -1.95965385437011718750e+00) (39, -1.62019431591033935547e+00) (40, 1.03287041187286376953e+00) (41, 2.01724982261657714844e+00) (42, 1.75174629688262939453e+00) (43, 2.41968727111816406250e+00) (44, 1.41623914241790771484e-01) (45, 8.48891139030456542969e-01) (46, 1.15360331535339355469e+00) (47, -1.97829198837280273438e+00) (48, 8.53639960289001464844e-01) (49, 4.79148745536804199219e-01) (50, -9.88241136074066162109e-01) (51, 7.06192791461944580078e-01) (52, 9.69725787639617919922e-01) (53, -2.19964408874511718750e+00) (54, 4.88596200942993164062e-01) (55, -1.77001881599426269531e+00) (56, 9.98220562934875488281e-01) (57, -5.16644358634948730469e-01) (58, 1.23819280415773391724e-02) (59, 1.14312314987182617188e+00) (60, -6.40856981277465820312e-01) (61, -3.45602130889892578125e+00) (62, 9.83664035797119140625e-01) (63, -7.03562259674072265625e-01) (64, 1.80181145668029785156e+00) (65, 1.95987868309020996094e+00) (66, 2.95181512832641601562e+00) (67, -4.62918817996978759766e-01) (68, -1.21618592739105224609e+00) (69, -3.93371701240539550781e-01) (70, -3.18493127822875976562e-01) (71, -3.40646624565124511719e-01) (72, -6.03224158287048339844e-01) (73, 2.26458358764648437500e+00) (74, -1.95618242025375366211e-01) (75, -1.30530953407287597656e-01) (76, 5.28817832469940185547e-01) (77, 7.31989204883575439453e-01) (78, 2.60431885719299316406e+00) (79, -4.84290313720703125000e+00) (80, 3.32555150985717773438e+00) (81, 3.94325286149978637695e-01) (82, 9.07480955123901367188e-01) (83, -1.45516708493232727051e-01) (84, 6.42518103122711181641e-01) (85, -5.75680196285247802734e-01) (86, -3.91800671815872192383e-01) (87, 8.46217215061187744141e-01) (88, -5.76425552368164062500e-01) (89, 4.48130816221237182617e-01) (90, 1.12889659404754638672e+00) (91, -1.88201829791069030762e-01) (92, 1.05800294876098632812e+00) (93, -4.68087315559387207031e-01) (94, 4.79412436485290527344e-01) (95, -3.79038974642753601074e-02) (96, 1.58538353443145751953e+00) (97, -1.97328388690948486328e+00) (98, -1.50492072105407714844e+00) (99, -4.80283856391906738281e-01) (100, -7.49593973159790039062e-01) (101, -4.73646551370620727539e-01) (102, -9.91705775260925292969e-01) (103, 3.03458571434020996094e+00) (104, -5.83461999893188476562e-01) (0, -5.93247131347656250000e+02) (1, 8.75250339508056640625e-01) (2, -1.40108370780944824219e+00) (3, -5.81316232681274414062e-01) (4, 1.38843834400177001953e+00) (5, 3.98026287555694580078e-01) (6, 1.51406729221343994141e+00) (7, -2.91245013475418090820e-01) (8, 9.94945168495178222656e-01) (9, 2.38089084625244140625e-01) (10, -3.39544862508773803711e-02) (11, 1.19942771911621093750e+02) (12, 5.07828474044799804688e-01) (13, 1.08558773994445800781e+00) (14, 1.89277100563049316406e+00) (15, -6.86949044466018676758e-02) (16, 3.87121176719665527344e+00) (17, -4.69517707824707031250e-02) (18, 3.48497352600097656250e+01) (19, 2.31231665611267089844e+00) (20, 7.27225570678710937500e+01) (21, 4.73400428891181945801e-02) (22, -2.68615111708641052246e-02) (23, 2.20540857315063476562e+00) (24, -3.48160457611083984375e+00) (25, 3.44771631062030792236e-02) (26, 1.35449337959289550781e+00) (27, 1.59072613716125488281e+00) (28, 1.30354881286621093750e+00) (29, 4.54279441833496093750e+01) (30, 1.34916138648986816406e+00) (31, 3.65204602479934692383e-01) (32, 2.97642087936401367188e+00) (33, 2.73756086826324462891e-01) (34, 1.70600533485412597656e+00) (35, 1.26679211854934692383e-01) (36, 1.20347753167152404785e-01) (37, 2.30949088931083679199e-01) (38, 2.63335919380187988281e+00) (39, 2.70523023605346679688e+00) (40, 2.45741772651672363281e+00) (41, 9.94626708984375000000e+02) (42, 1.13659715652465820312e+00) (43, 1.50000000000000000000e+03) (44, 2.65050625801086425781e+00) (45, 2.75719952583312988281e+00) (46, 4.73087453842163085938e+00) (47, 2.76915597915649414062e+00) (48, 1.15119738769531250000e+03) (49, 2.39372978210449218750e+01) (50, 6.11087679862976074219e-01) (51, 1.66180336475372314453e+00) (52, 3.16593080759048461914e-01) (53, 2.97495666503906250000e+02) (54, 6.46790409088134765625e+00) (55, 2.35899047851562500000e+01) (56, 2.49834785461425781250e+01) (57, 5.38778114318847656250e+00) (58, 3.59169120788574218750e+01) (59, 2.97279417514801025391e-01) (60, 1.82707810401916503906e+00) (61, 7.50297904014587402344e-01) (62, -4.12836018949747085571e-03) (63, 5.91343760490417480469e-01) (64, 4.68485981225967407227e-01) (65, 1.78963768482208251953e+00) (66, 1.88503241539001464844e+00) (67, -1.49992785644531250000e+03) (68, 1.36703264713287353516e+00) (69, 9.65647995471954345703e-01) (70, -4.21098433434963226318e-02) (71, 4.38800990581512451172e-01) (72, 7.53396272659301757812e-01) (73, -4.58167877197265625000e+01) (74, 1.55642002820968627930e-01) (75, 8.07584643363952636719e-01) (76, 3.44352364540100097656e+00) (77, -2.44681835174560546875e-01) (78, 1.24781303405761718750e+01) (79, 6.28640949726104736328e-01) (80, 1.49943530273437500000e+03) (81, 1.19541931152343750000e+00) (82, 6.14499855041503906250e+00) (83, -1.53661653399467468262e-01) (84, 6.52721703052520751953e-01) (85, 1.60556289672851562500e+02) (86, 5.05024731159210205078e-01) (87, 2.73444414138793945312e-01) (88, 1.08338260650634765625e+00) (89, 6.51040283203125000000e+02) (90, 3.83320420980453491211e-01) (91, 5.68374538421630859375e+00) (92, 1.95041969418525695801e-02) (93, 1.64477981567382812500e+02) (94, 1.90860295295715332031e+00) (95, 4.18558387756347656250e+01) (96, -4.71733629703521728516e-01) (97, -1.73925757408142089844e-01) (98, 1.69279682636260986328e+00) (99, 1.11859321594238281250e+00) (100, 7.07019805908203125000e-01) (101, 9.40890759229660034180e-02) (102, 3.86517167091369628906e-01) (103, 1.82620859146118164062e+00) (104, 1.86415374279022216797e+00) (0, -2.36535620689392089844e+00) (1, -1.35638809204101562500e+00) (2, 5.78038454055786132812e+00) (3, 2.25866508483886718750e+00) (4, -4.49836492538452148438e-01) (5, -8.01892948150634765625e+00) (6, -1.56054389476776123047e+00) (7, -5.72234296798706054688e+00) (8, -1.25771045684814453125e+00) (9, 1.28666651248931884766e+00) (10, 4.08294820785522460938e+00) (11, -4.78043508529663085938e+00) (12, -6.39101639389991760254e-02) (13, 2.99401611089706420898e-01) (14, -3.60250449180603027344e+00) (15, 2.51015496253967285156e+00) (16, -2.73681473731994628906e+00) (17, 2.36596155166625976562e+00) (18, 8.40202426910400390625e+00) (19, 2.50308632850646972656e+00) (20, -2.78737306594848632812e+00) (21, -4.03189611434936523438e+00) (22, -1.74189257621765136719e+00) (23, 3.02184653282165527344e+00) (24, -3.99138140678405761719e+00) (25, -8.17322349548339843750e+00) (26, 2.80452668666839599609e-01) (27, 3.55756044387817382812e+00) (28, -1.24667632579803466797e+00) (29, -3.93660902976989746094e+00) (30, 4.89173984527587890625e+00) (31, 2.60776996612548828125e+00) (32, -5.32112216949462890625e+00) (33, 4.30970907211303710938e+00) (34, -1.13840138912200927734e+00) (35, 1.27224576473236083984e+00) (36, 1.16440750658512115479e-01) (37, -5.72807645797729492188e+00) (38, 9.23495483398437500000e+00) (39, -4.80000555515289306641e-01) (40, 7.03893136978149414062e+00) (41, -3.82025122642517089844e+00) (42, 1.50593137741088867188e+00) (43, 2.57290816307067871094e+00) (44, 1.94877719879150390625e+00) (45, -3.59107804298400878906e+00) (46, 5.42686283588409423828e-01) (47, 1.78117523193359375000e+01) (48, 8.92272853851318359375e+00) (49, 6.38910174369812011719e-01) (50, 3.49882912635803222656e+00) (51, -2.16661620140075683594e+00) (52, 1.65240138769149780273e-01) (53, 1.27936303615570068359e+00) (54, 1.74126350879669189453e+00) (55, -1.96950352191925048828e+00) (56, -1.29723656177520751953e+00) (57, -1.59468400478363037109e+00) (58, -3.58005928993225097656e+00) (59, 1.05217540264129638672e+00) (60, -3.30290675163269042969e-01) (61, -1.56089559197425842285e-01) (62, 2.50233101844787597656e+00) (63, -4.95360761880874633789e-01) (64, 5.19795656204223632812e+00) (65, -6.11928880214691162109e-01) (66, -2.76652145385742187500e+00) (67, -1.19128502905368804932e-01) (68, 9.53980445861816406250e-01) (69, -3.11122477054595947266e-01) (70, 1.75990235805511474609e+00) (71, -4.59646373987197875977e-01) (72, 9.13441121578216552734e-01) (73, -7.46174478530883789062e+00) (74, -1.19580101966857910156e+00) (75, -9.67488050460815429688e-01) (76, 4.21016931533813476562e-01) (77, 6.77888274192810058594e-01) (78, -4.35071527957916259766e-01) (79, 7.44710874557495117188e+00) (80, 2.16156411170959472656e+00) (81, 2.12459182739257812500e+00) (82, 3.50047469139099121094e-01) (83, -5.70592164993286132812e-01) (84, -7.37639904022216796875e-01) (85, -8.08670878410339355469e-01) (86, -5.12988626956939697266e-01) (87, -4.44223791360855102539e-01) (88, -2.55448865890502929688e+00) (89, 1.84819495677947998047e+00) (90, -5.46487271785736083984e-01) (91, -8.55786979198455810547e-01) (92, 6.26070082187652587891e-01) (93, -4.79888617992401123047e-01) (94, 5.28206884860992431641e-01) (95, 6.10695600509643554688e-01) (96, -3.74313324689865112305e-01) (97, -6.31479024887084960938e-01) (98, -4.78473305702209472656e-01) (99, -6.69376850128173828125e-01) (100, 5.46337246894836425781e-01) (101, 7.67409861087799072266e-01) (102, 3.59727907180786132812e+00) (103, -3.77399832010269165039e-01) (104, 1.25079560279846191406e+00) (0, 1.49996447753906250000e+03) (1, 1.68566906452178955078e+00) (2, 1.10468244552612304688e+00) (3, 4.17282485961914062500e+00) (4, 1.79299867153167724609e+00) (5, 1.99744427204132080078e+00) (6, 1.85193908214569091797e+00) (7, 2.12083435058593750000e+00) (8, 5.06907033920288085938e+00) (9, 1.24973034858703613281e+00) (10, 1.96994483470916748047e+00) (11, 1.50000000000000000000e+03) (12, 1.38402414321899414062e+00) (13, 4.77963209152221679688e+00) (14, 1.23211393356323242188e+01) (15, 2.66764068603515625000e+00) (16, 2.96098251342773437500e+01) (17, 2.21556806564331054688e+00) (18, 2.14195976257324218750e+01) (19, 3.87519192695617675781e+00) (20, 8.45459671020507812500e+01) (21, 1.08017194271087646484e+00) (22, 4.81626361608505249023e-01) (23, 6.40249609947204589844e-01) (24, 1.50000000000000000000e+03) (25, 1.84750354290008544922e+00) (26, 1.09786462783813476562e+00) (27, 1.09738838672637939453e+00) (28, 1.81488886475563049316e-01) (29, 1.49936633300781250000e+03) (30, 7.38772392272949218750e-01) (31, 1.17777752876281738281e+00) (32, 1.69534611701965332031e+00) (33, 8.74591708183288574219e-01) (34, 2.14078903198242187500e+00) (35, 1.59009301662445068359e+00) (36, 2.26352429389953613281e+00) (37, 2.26358696818351745605e-01) (38, 1.07484531402587890625e+00) (39, 1.01338386535644531250e+00) (40, 9.09012436866760253906e-01) (41, 1.42838671875000000000e+03) (42, 1.86009478569030761719e+00) (43, 1.50000000000000000000e+03) (44, 1.40209722518920898438e+00) (45, 1.55455052852630615234e+00) (46, 2.09249019622802734375e+00) (47, 1.50000000000000000000e+03) (48, 2.57352566719055175781e+00) (49, 1.50000000000000000000e+03) (50, 1.32293045520782470703e+00) (51, -5.26502380371093750000e+01) (52, -4.09401123046875000000e+02) (53, 5.02205963134765625000e+02) (54, 1.50000000000000000000e+03) (55, 1.27836484909057617188e+01) (56, 1.50000000000000000000e+03) (57, 1.50000000000000000000e+03) (58, -8.15081119537353515625e+00) (59, 1.39791274070739746094e+00) (60, 2.50752592086791992188e+00) (61, 7.22844958305358886719e-01) (62, 1.56432175636291503906e+00) (63, 1.54895734786987304688e+00) (64, 1.43120121955871582031e+00) (65, 1.58319425582885742188e+00) (66, 1.50000000000000000000e+03) (67, -1.40032861328125000000e+03) (68, -2.70084947347640991211e-01) (69, 2.19551920890808105469e+00) (70, 1.31480181217193603516e+00) (71, 1.40296328067779541016e+00) (72, 2.21073651313781738281e+00) (73, 6.34024620056152343750e+00) (74, 1.75687396526336669922e+00) (75, 4.78245449066162109375e+00) (76, 1.97534809112548828125e+01) (77, 1.43604171276092529297e+00) (78, 2.40097183227539062500e+02) (79, 1.47756743431091308594e+00) (80, -1.10239916992187500000e+03) (81, 7.56478958129882812500e+01) (82, 1.88577127456665039062e+00) (83, 1.29015588760375976562e+00) (84, 1.50000000000000000000e+03) (85, 1.18699526786804199219e+00) (86, 2.12652564048767089844e+00) (87, 1.67052829265594482422e+00) (88, 6.85703992843627929688e+00) (89, 6.31678438186645507812e+00) (90, 1.68116366863250732422e+00) (91, 1.59453797340393066406e+00) (92, 1.98962426185607910156e+00) (93, 2.61199188232421875000e+02) (94, 2.33102035522460937500e+00) (95, 5.00655426025390625000e+02) (96, 1.59714066982269287109e+00) (97, 1.90277731418609619141e+00) (98, 1.99392163753509521484e+00) (99, 2.51946425437927246094e+00) (100, 2.14406561851501464844e+00) (101, 2.12279152870178222656e+00) (102, -6.73457622528076171875e-01) (103, 2.80619621276855468750e+00) (104, -5.04112578928470611572e-02) (0, -5.24747314453125000000e+02) (1, 2.45224571228027343750e+00) (2, 9.56350386142730712891e-01) (3, 1.15911328792572021484e+00) (4, 2.77243757247924804688e+00) (5, 1.76315104961395263672e+00) (6, 2.57515025138854980469e+00) (7, 1.71889293193817138672e+00) (8, 2.52038288116455078125e+00) (9, 2.64729905128479003906e+00) (10, 2.58490443229675292969e+00) (11, 5.40762519836425781250e+00) (12, 2.45651292800903320312e+00) (13, -3.79033393859863281250e+01) (14, 2.83608150482177734375e+00) (15, 2.44159460067749023438e+00) (16, 4.48567199707031250000e+02) (17, 2.16066431999206542969e+00) (18, 2.36952800750732421875e+01) (19, 2.33842515945434570312e+00) (20, 1.08944862365722656250e+02) (21, 1.45019948482513427734e+00) (22, 4.02633219957351684570e-01) (23, 2.02752423286437988281e+00) (24, -3.06461358070373535156e+00) (25, 6.49673700332641601562e+00) (26, 1.41177463531494140625e+00) (27, 2.54025173187255859375e+00) (28, 1.59500837326049804688e+00) (29, 3.11894283294677734375e+01) (30, 2.83415913581848144531e+00) (31, 1.94770431518554687500e+00) (32, 3.37161684036254882812e+00) (33, 1.42570996284484863281e+00) (34, 2.91448044776916503906e+00) (35, 2.65918183326721191406e+00) (36, -3.32950043678283691406e+00) (37, 2.45304179191589355469e+00) (38, 3.27037167549133300781e+00) (39, 2.74765992164611816406e+00) (40, 2.96552205085754394531e+00) (41, 5.03929862976074218750e+01) (42, 2.53794407844543457031e+00) (43, 1.50000000000000000000e+03) (44, 2.26762080192565917969e+00) (45, 1.94614849090576171875e+01) (46, 5.15097122192382812500e+01) (47, 8.19064758300781250000e+02) (48, 1.37489137649536132812e+01) (49, 5.40807533264160156250e+00) (50, 1.95439040660858154297e+00) (51, 2.72891998291015625000e+00) (52, 2.77494072914123535156e+00) (53, 3.59767646789550781250e+01) (54, 1.88198602199554443359e+00) (55, 3.88252329826354980469e+00) (56, 6.33920049667358398438e+00) (57, 3.23791933059692382812e+00) (58, 1.96833663940429687500e+02) (59, 2.23526144027709960938e+00) (60, 3.08935141563415527344e+00) (61, 1.98073267936706542969e+00) (62, 2.07998347282409667969e+00) (63, 3.07223749160766601562e+00) (64, 2.31485056877136230469e+00) (65, 2.46878242492675781250e+00) (66, 1.52058196067810058594e+00) (67, -7.44043779373168945312e+00) (68, 1.25030481815338134766e+00) (69, 2.77704071998596191406e+00) (70, 6.89300060272216796875e-01) (71, 2.07132625579833984375e+00) (72, 2.71625280380249023438e+00) (73, 5.59756422042846679688e+00) (74, 2.11393094062805175781e+00) (75, 2.76826858520507812500e+00) (76, 1.33075368404388427734e+00) (77, 2.01546502113342285156e+00) (78, 2.76804876327514648438e+00) (79, 2.72070264816284179688e+00) (80, 2.68855743408203125000e+01) (81, 1.52058124542236328125e+00) (82, 2.24541211128234863281e+00) (83, 1.98113667964935302734e+00) (84, 2.20427608489990234375e+00) (85, 3.15942883491516113281e+00) (86, 2.21396851539611816406e+00) (87, 1.97251629829406738281e+00) (88, 1.30586969852447509766e+00) (89, 2.44353461265563964844e+00) (90, 2.65517950057983398438e+00) (91, 3.13018536567687988281e+00) (92, 1.12229359149932861328e+00) (93, 2.25551152229309082031e+00) (94, 2.64475750923156738281e+00) (95, 2.22305870056152343750e+00) (96, -2.60530799627304077148e-01) (97, 1.96780467033386230469e+00) (98, 2.74210596084594726562e+00) (99, 1.74169212579727172852e-01) (100, 1.34174489974975585938e+00) (101, 1.47362661361694335938e+00) (102, 1.71740829944610595703e+00) (103, 5.25458097457885742188e-01) (104, 9.37826335430145263672e-01) (0, 4.75772321224212646484e-01) (1, -4.15610641241073608398e-01) (2, -5.93743860721588134766e-01) (3, 1.63487923145294189453e+00) (4, -9.12566483020782470703e-01) (5, -9.27129268646240234375e-01) (6, 7.22542285919189453125e-01) (7, 1.45475685596466064453e+00) (8, 7.62259960174560546875e-01) (9, 1.13710486888885498047e+00) (10, 6.50310039520263671875e-01) (11, 4.51624020934104919434e-02) (12, 5.92734098434448242188e-01) (13, -8.74518871307373046875e-01) (14, 9.94842767715454101562e-01) (15, -8.62623989582061767578e-01) (16, -9.91747081279754638672e-01) (17, 1.17267310619354248047e+00) (18, 4.34337735176086425781e-01) (19, 4.75852668285369873047e-01) (20, 1.35113120079040527344e+00) (21, -2.18193382024765014648e-02) (22, -1.99649477005004882812e+00) (23, -3.11534672975540161133e-01) (24, -1.42063379287719726562e+00) (25, 9.77182209491729736328e-01) (26, -7.12091088294982910156e-01) (27, 5.71728169918060302734e-01) (28, 2.75544464588165283203e-01) (29, -1.28627967834472656250e+00) (30, -1.04808366298675537109e+00) (31, 5.33320009708404541016e-01) (32, -7.98263430595397949219e-01) (33, 4.53633040189743041992e-01) (34, -1.85567200183868408203e+00) (35, 7.14038908481597900391e-02) (36, -7.68866598606109619141e-01) (37, -4.65201050043106079102e-01) (38, 4.96239587664604187012e-02) (39, 5.65255641937255859375e-01) (40, -6.42938435077667236328e-01) (41, 6.60401359200477600098e-02) (42, -6.53276085853576660156e-01) (43, 4.57892000675201416016e-01) (44, -2.98867136240005493164e-01) (45, 5.11025190353393554688e-01) (46, 1.44873392581939697266e+00) (47, 7.73747324943542480469e-01) (48, -3.98100912570953369141e-01) (49, 3.52647542953491210938e-01) (50, 7.47241377830505371094e-01) (51, 7.22868263721466064453e-01) (52, 5.96571505069732666016e-01) (53, 1.66839137673377990723e-01) (54, 1.46633994579315185547e+00) (55, -3.89389306306838989258e-01) (56, 5.31345903873443603516e-01) (57, -4.32912074029445648193e-02) (58, 2.87486523389816284180e-01) (59, -1.05936861038208007812e+00) (60, -1.32851934432983398438e+00) (61, -2.44794845581054687500e-01) (62, 6.83858871459960937500e-01) (63, -9.79982972145080566406e-01) (64, 7.82761350274085998535e-02) (65, -4.49950546026229858398e-01) (66, -9.50871288776397705078e-01) (67, 1.11868374049663543701e-01) (68, -2.56606221199035644531e-01) (69, -1.26892781257629394531e+00) (70, 3.23276698589324951172e-01) (71, 2.06194210052490234375e+00) (72, -9.61308062076568603516e-01) (73, -1.87208820134401321411e-02) (74, 1.20627522468566894531e+00) (75, 8.20145845413208007812e-01) (76, -2.93639272451400756836e-01) (77, -3.34409356117248535156e-01) (78, 9.49710488319396972656e-01) (79, 3.03220689296722412109e-01) (80, -4.76960688829421997070e-01) (81, -2.37597331404685974121e-01) (82, -9.12305951118469238281e-01) (83, -6.40441536903381347656e-01) (84, 2.69081056118011474609e-01) (85, -1.39219725131988525391e+00) (86, -8.00469994544982910156e-01) (87, 7.93721914291381835938e-01) (88, -2.44194090366363525391e-01) (89, 1.05424679815769195557e-01) (90, -9.36978399753570556641e-01) (91, -1.87422379851341247559e-01) (92, -1.51534182950854301453e-02) (93, -4.07402843236923217773e-01) (94, -8.38771045207977294922e-01) (95, 9.20863270759582519531e-01) (96, -2.78383046388626098633e-01) (97, 1.11085212230682373047e+00) (98, 9.42119121551513671875e-01) (99, 2.07046771049499511719e+00) (100, -9.58673536777496337891e-01) (101, 1.11805129051208496094e+00) (102, 1.86385393142700195312e+00) (103, 7.29714870452880859375e-01) (104, 2.20252203941345214844e+00) (0, 1.99098587036132812500e+01) (1, -7.48438894748687744141e-01) (2, -6.95358037948608398438e-01) (3, 1.69361186027526855469e+00) (4, -3.99855017662048339844e-01) (5, 8.47522974014282226562e-01) (6, -1.90285354852676391602e-01) (7, 2.50027823448181152344e+00) (8, 8.37743222713470458984e-01) (9, -2.09066793322563171387e-01) (10, -1.98211684823036193848e-01) (11, -7.86026239395141601562e-01) (12, -2.17998072504997253418e-01) (13, 8.03678214550018310547e-01) (14, -3.80839914083480834961e-01) (15, 2.23281884193420410156e+00) (16, -1.99791491031646728516e-01) (17, 2.33755660057067871094e+00) (18, -3.04188323020935058594e+00) (19, 4.79256719350814819336e-01) (20, 3.81711888313293457031e+00) (21, 1.06339991092681884766e+00) (22, 6.00608873367309570312e+00) (23, 5.91173231601715087891e-01) (24, 5.18981075286865234375e+00) (25, 9.68702077865600585938e-01) (26, -3.57514411211013793945e-01) (27, 1.05479443073272705078e+00) (28, 9.11148548126220703125e-01) (29, -1.18141078948974609375e+00) (30, -2.78498917818069458008e-01) (31, 5.62453925609588623047e-01) (32, -4.27335172891616821289e-01) (33, 2.21739935874938964844e+00) (34, 6.10432863235473632812e-01) (35, 8.65790426731109619141e-01) (36, 9.12407159805297851562e-01) (37, -1.03355854749679565430e-01) (38, -4.47543501853942871094e-01) (39, -4.77530002593994140625e-01) (40, -2.52971738576889038086e-01) (41, -2.78380680084228515625e+00) (42, 2.91262045502662658691e-02) (43, -1.30498676300048828125e+01) (44, -4.41025555133819580078e-01) (45, -5.70249199867248535156e-01) (46, -6.33527219295501708984e-01) (47, 6.12733840942382812500e-01) (48, 1.99494492262601852417e-02) (49, 1.11045742034912109375e+00) (50, 1.10672509670257568359e+00) (51, -3.58747929334640502930e-01) (52, -3.94820123910903930664e-01) (53, -6.57236516475677490234e-01) (54, -4.02974665164947509766e-01) (55, 1.32218301296234130859e+00) (56, -3.12674850225448608398e-01) (57, -4.44069266319274902344e-01) (58, -1.63949165344238281250e+01) (59, -2.68608123064041137695e-01) (60, -4.27882432937622070312e-01) (61, -1.02408208847045898438e+01) (62, 1.14378786087036132812e+00) (63, -3.76737505197525024414e-01) (64, 1.03992760181427001953e+00) (65, -2.51838654279708862305e-01) (66, 1.60277053713798522949e-01) (67, 7.25639114379882812500e+01) (68, 1.54682731628417968750e+01) (69, 1.18457257747650146484e+00) (70, 7.72974014282226562500e-01) (71, 1.23594415187835693359e+00) (72, -4.10494625568389892578e-01) (73, 6.65118331909179687500e+01) (74, -6.68676078319549560547e-01) (75, -2.64430850744247436523e-01) (76, -7.71772384643554687500e-01) (77, -7.17484176158905029297e-01) (78, -4.83570480346679687500e+00) (79, 4.73486471176147460938e+00) (80, -4.06554126739501953125e+00) (81, 2.44758224487304687500e+00) (82, -2.94315963983535766602e-01) (83, 5.55662214756011962891e-01) (84, -3.84011030197143554688e-01) (85, -2.18949055671691894531e+00) (86, 1.02379250526428222656e+00) (87, 1.33731448650360107422e+00) (88, 8.28464150428771972656e-01) (89, -5.78308820724487304688e-01) (90, -3.63159418106079101562e-01) (91, 6.39368951320648193359e-01) (92, -6.58986210823059082031e-01) (93, -8.59857618808746337891e-01) (94, -2.66081154346466064453e-01) (95, -8.39391469955444335938e-01) (96, 7.00391411781311035156e-01) (97, -8.68796050548553466797e-01) (98, -9.70866322517395019531e-01) (99, 4.18312549591064453125e-01) (100, -2.36548379063606262207e-01) (101, -6.45888209342956542969e-01) (102, 7.62020587921142578125e-01) (103, 1.58410704135894775391e+00) (104, 1.24874997138977050781e+00) (0, 5.64558143615722656250e+01) (1, 1.78133831024169921875e+01) (2, 6.89068734645843505859e-01) (3, -5.72586655616760253906e-01) (4, -1.85081943869590759277e-01) (5, -7.67519988585263490677e-04) (6, 1.15751409530639648438e+00) (7, 9.18574392795562744141e-01) (8, 4.52386808395385742188e+00) (9, -1.43318831920623779297e-01) (10, 1.93169280886650085449e-01) (11, -3.07345986366271972656e-01) (12, 1.17072038352489471436e-01) (13, -8.61736059188842773438e-01) (14, -1.31211623549461364746e-01) (15, 8.83543789386749267578e-01) (16, -3.66331875324249267578e-01) (17, 9.43171441555023193359e-01) (18, -6.34857225418090820312e+00) (19, -6.62939250469207763672e-01) (20, -6.77831459045410156250e+00) (21, 8.90377581119537353516e-01) (22, -1.90122067928314208984e-01) (23, -2.88833647966384887695e-01) (24, 7.19684660434722900391e-01) (25, -1.89207091927528381348e-01) (26, -2.15012893080711364746e-01) (27, -1.24726973474025726318e-01) (28, 9.64240655303001403809e-02) (29, -7.88473546504974365234e-01) (30, 5.86833804845809936523e-02) (31, 4.70972895622253417969e-01) (32, -1.86006784439086914062e-01) (33, 7.30602145195007324219e-01) (34, 1.85121345520019531250e+00) (35, 6.97366237640380859375e-01) (36, 9.01405274868011474609e-01) (37, 1.32037326693534851074e-01) (38, -1.30702242255210876465e-01) (39, -2.42532595992088317871e-01) (40, -1.74987167119979858398e-01) (41, -2.23410701751708984375e+00) (42, 7.28964433073997497559e-02) (43, -3.82690072059631347656e-01) (44, -1.83194175362586975098e-01) (45, 3.71720492839813232422e-01) (46, 4.83686059713363647461e-01) (47, 1.28835260868072509766e+00) (48, 9.27511334419250488281e-01) (49, 1.68599486351013183594e+00) (50, 1.72764027118682861328e+00) (51, 9.55739736557006835938e-01) (52, 5.27692794799804687500e-01) (53, 4.25847768783569335938e-01) (54, 1.09046483039855957031e+00) (55, 3.61158460378646850586e-01) (56, 8.57625663280487060547e-01) (57, 5.17158091068267822266e-01) (58, 1.44426465034484863281e+00) (59, 8.02533566951751708984e-01) (60, -2.30402573943138122559e-01) (61, 9.63836848735809326172e-01) (62, 6.42926394939422607422e-02) (63, -2.26447377353906631470e-02) (64, 5.24347871541976928711e-02) (65, -8.96517112851142883301e-02) (66, 3.80463266372680664062e+00) (67, 4.62581729888916015625e+00) (68, 1.88017618656158447266e+00) (69, 1.26894283294677734375e+00) (70, 1.15213513374328613281e+00) (71, 1.88886463642120361328e+00) (72, -2.07990571856498718262e-01) (73, 2.37825560569763183594e+00) (74, -3.93434762954711914062e-02) (75, 5.67354142665863037109e-01) (76, 4.28960889577865600586e-01) (77, 2.65738945454359054565e-02) (78, -1.51559591293334960938e-01) (79, -6.92475438117980957031e-02) (80, -7.54924893379211425781e-01) (81, 1.31929731369018554688e+00) (82, -2.40160375833511352539e-02) (83, 5.15125393867492675781e-01) (84, 1.86341643333435058594e+00) (85, -1.91032215952873229980e-01) (86, 1.08171021938323974609e+00) (87, 1.30029475688934326172e+00) (88, 1.48030149936676025391e+00) (89, 8.55402529239654541016e-01) (90, -1.91133588552474975586e-01) (91, -2.96559743583202362061e-02) (92, -3.88183027505874633789e-01) (93, 3.65573793649673461914e-01) (94, -2.66740117222070693970e-02) (95, 8.18662226200103759766e-01) (96, 8.08707773685455322266e-01) (97, -8.39356612414121627808e-03) (98, -1.00547045469284057617e-01) (99, 1.60644185543060302734e+00) (100, 8.92913401126861572266e-01) (101, 6.20222687721252441406e-01) (102, 5.20046591758728027344e-01) (103, 2.01584792137145996094e+00) (104, 6.58560156822204589844e-01) (0, -1.08965904235839843750e+02) (1, 1.91311752796173095703e+00) (2, 1.95782697200775146484e+00) (3, 2.02386188507080078125e+00) (4, 2.61605644226074218750e+00) (5, 2.49991416931152343750e+00) (6, 2.34011673927307128906e+00) (7, 1.67455005645751953125e+00) (8, 3.29753375053405761719e+00) (9, 2.46981763839721679688e+00) (10, 2.45404601097106933594e+00) (11, 1.50000000000000000000e+03) (12, 2.51706480979919433594e+00) (13, 1.33739888668060302734e+00) (14, 2.46348166465759277344e+00) (15, 2.33189439773559570312e+00) (16, 1.19234743118286132812e+01) (17, 3.45383197069168090820e-01) (18, 3.58508338928222656250e+01) (19, 2.80688548088073730469e+00) (20, 6.53765563964843750000e+01) (21, 1.36173772811889648438e+00) (22, 1.60575973987579345703e+00) (23, 2.88976550102233886719e+00) (24, 1.36382520198822021484e+00) (25, 3.79439759254455566406e+00) (26, 2.66516494750976562500e+00) (27, 2.53017997741699218750e+00) (28, 2.61947154998779296875e+00) (29, 1.16169082641601562500e+02) (30, 2.68826365470886230469e+00) (31, 1.75581157207489013672e+00) (32, 2.85110616683959960938e+00) (33, 2.68008494377136230469e+00) (34, 3.25676226615905761719e+00) (35, 2.50860905647277832031e+00) (36, 2.39077639579772949219e+00) (37, 2.39276528358459472656e+00) (38, 2.68923640251159667969e+00) (39, 2.77705359458923339844e+00) (40, 2.99123096466064453125e+00) (41, 1.23214927673339843750e+02) (42, 2.32629346847534179688e+00) (43, 1.50000000000000000000e+03) (44, 3.04014158248901367188e+00) (45, 3.13335776329040527344e+00) (46, 3.66487579345703125000e+01) (47, 1.50000000000000000000e+03) (48, 4.33225488662719726562e+00) (49, 1.50000000000000000000e+03) (50, 2.50983786582946777344e+00) (51, 2.51693987846374511719e+00) (52, 2.47803306579589843750e+00) (53, 1.01087867736816406250e+02) (54, 1.50000000000000000000e+03) (55, 6.24074172973632812500e+00) (56, 1.50000000000000000000e+03) (57, 1.50000000000000000000e+03) (58, 1.50000000000000000000e+03) (59, 2.71039628982543945312e+00) (60, 2.93959617614746093750e+00) (61, 1.50000000000000000000e+03) (62, 2.23966979980468750000e+00) (63, 2.59481287002563476562e+00) (64, 2.61193704605102539062e+00) (65, 2.63279604911804199219e+00) (66, 1.50000000000000000000e+03) (67, -2.68668317794799804688e+00) (68, 1.29546666145324707031e+00) (69, 1.50606560707092285156e+00) (70, 1.85911703109741210938e+00) (71, 8.90240371227264404297e-01) (72, 2.62910723686218261719e+00) (73, 5.38744211196899414062e+00) (74, 2.11635303497314453125e+00) (75, 6.45725917816162109375e+00) (76, 2.36058902740478515625e+00) (77, 2.02011108398437500000e+00) (78, 6.95257043838500976562e+00) (79, 2.62319493293762207031e+00) (80, 2.83537445068359375000e+01) (81, 2.67416095733642578125e+00) (82, 2.88120222091674804688e+00) (83, 2.13213324546813964844e+00) (84, 1.50000000000000000000e+03) (85, 6.21186065673828125000e+00) (86, 2.45331454277038574219e+00) (87, 1.01326155662536621094e+00) (88, 2.69736504554748535156e+00) (89, 3.59163498878479003906e+00) (90, 2.70447063446044921875e+00) (91, 1.89124023914337158203e+00) (92, 2.12960624694824218750e+00) (93, 3.99411439895629882812e+00) (94, 2.63559532165527343750e+00) (95, 3.13710975646972656250e+00) (96, 5.25380074977874755859e-01) (97, 2.16131019592285156250e+00) (98, 2.32833218574523925781e+00) (99, 1.26754474639892578125e+00) (100, 2.47010350227355957031e+00) (101, 1.96926546096801757812e+00) (102, 1.77677643299102783203e+00) (103, 5.25306940078735351562e-01) (104, -8.32350328564643859863e-02) (0, 9.21256256103515625000e+00) (1, 3.76988244056701660156e+00) (2, 1.36270439624786376953e+00) (3, -1.81451499462127685547e+00) (4, 7.29504108428955078125e-01) (5, 1.42354130744934082031e+00) (6, 6.83535635471343994141e-01) (7, -1.46490406990051269531e+00) (8, 5.49566566944122314453e-01) (9, -3.05473744869232177734e-01) (10, -3.55182886123657226562e-01) (11, -6.16447091102600097656e-01) (12, 9.33354914188385009766e-01) (13, -3.12513321638107299805e-01) (14, -1.06531512737274169922e+00) (15, 5.00198554992675781250e+00) (16, 1.12386524677276611328e+00) (17, -3.50339442491531372070e-01) (18, 4.43188071250915527344e-01) (19, -6.70385777950286865234e-01) (20, -2.92651832103729248047e-01) (21, 3.38026762008666992188e+00) (22, -2.07227721810340881348e-01) (23, 2.06359219551086425781e+00) (24, 1.36672198772430419922e-01) (25, -1.82205212116241455078e+00) (26, 8.22759807109832763672e-01) (27, 1.11483168601989746094e+00) (28, 2.53278779983520507812e+00) (29, 3.95692133903503417969e+00) (30, -5.87335407733917236328e-01) (31, -2.46701502799987792969e+00) (32, -4.36863243579864501953e-01) (33, 1.52908831834793090820e-01) (34, 1.30317175388336181641e+00) (35, 1.66686248779296875000e+00) (36, 9.37098741531372070312e-01) (37, 6.95315599441528320312e-01) (38, 9.17900085449218750000e-01) (39, -4.22663748264312744141e-01) (40, -2.97596693038940429688e-01) (41, -4.77467441558837890625e+00) (42, -3.09740424156188964844e-01) (43, -1.37726104259490966797e+00) (44, -5.07557094097137451172e-01) (45, -1.36706757545471191406e+00) (46, -5.92843055725097656250e-01) (47, 5.56525945663452148438e-01) (48, 8.32991123199462890625e-01) (49, 4.61876511573791503906e-01) (50, -5.93329846858978271484e-01) (51, 1.12429153919219970703e+00) (52, -4.13596302270889282227e-01) (53, 8.57101678848266601562e-01) (54, -4.85964238643646240234e-01) (55, 1.35231339931488037109e+00) (56, -1.05190181732177734375e+00) (57, -4.08992022275924682617e-01) (58, 2.12532401084899902344e-01) (59, 9.88962829113006591797e-01) (60, -3.92159014940261840820e-01) (61, -2.53086656332015991211e-01) (62, -8.43353807926177978516e-01) (63, 1.00179111957550048828e+00) (64, 9.75609064102172851562e-01) (65, -6.06255292892456054688e-01) (66, 3.75391674041748046875e+00) (67, 1.27653741836547851562e+00) (68, 9.24351572990417480469e-01) (69, -3.30582141876220703125e-01) (70, -5.92645645141601562500e-01) (71, 3.29000425338745117188e+00) (72, 1.29085838794708251953e+00) (73, -3.47353577613830566406e+00) (74, -7.17754721641540527344e-01) (75, -2.28792965412139892578e-01) (76, -9.23590004444122314453e-01) (77, -7.36352384090423583984e-01) (78, -8.86752665042877197266e-01) (79, -3.28166931867599487305e-01) (80, -7.79886543750762939453e-01) (81, -9.57894265651702880859e-01) (82, -7.65780746936798095703e-01) (83, -7.53907501697540283203e-01) (84, 5.27150750160217285156e-01) (85, -4.79098498821258544922e-01) (86, 8.96180868148803710938e-01) (87, -2.61880964040756225586e-01) (88, 1.48521602153778076172e+00) (89, -8.08769702911376953125e-01) (90, -3.89834314584732055664e-01) (91, -4.58112537860870361328e-01) (92, 5.12590944766998291016e-01) (93, -8.41697752475738525391e-01) (94, -3.37071686983108520508e-01) (95, 3.75672578811645507812e-01) (96, 2.17419296503067016602e-01) (97, -7.08537340164184570312e-01) (98, -7.22945392131805419922e-01) (99, 2.04496067017316818237e-02) (100, -2.38966688513755798340e-01) (101, -7.34457075595855712891e-01) (102, 2.55079817771911621094e+00) (103, -2.21809804439544677734e-01) (104, 2.48996639251708984375e+00) (0, -1.33704666137695312500e+02) (1, 2.69379353523254394531e+00) (2, 2.29768848419189453125e+00) (3, 4.44694370031356811523e-01) (4, 2.15916490554809570312e+00) (5, 2.06107020378112792969e+00) (6, 1.87485945224761962891e+00) (7, -8.28681826591491699219e-01) (8, -4.57995831966400146484e-01) (9, 2.00877356529235839844e+00) (10, 1.87200534343719482422e+00) (11, 1.06627571582794189453e+00) (12, 1.73680853843688964844e+00) (13, 7.14555323123931884766e-01) (14, 6.43200337886810302734e-01) (15, -3.38647902011871337891e-01) (16, 1.09977798461914062500e+01) (17, 8.63797485828399658203e-01) (18, 2.05201797485351562500e+01) (19, 2.63526034355163574219e+00) (20, 4.33524398803710937500e+01) (21, -1.40445792675018310547e+00) (22, 2.12130737304687500000e+00) (23, 1.28464138507843017578e+00) (24, 1.29953598976135253906e+00) (25, 1.24296200275421142578e+00) (26, 2.17284655570983886719e+00) (27, 1.24792747497558593750e+01) (28, 2.13563823699951171875e+00) (29, 7.68273086547851562500e+01) (30, 1.55965697765350341797e+00) (31, 2.17365241050720214844e+00) (32, 2.48234701156616210938e+00) (33, 1.63472056388854980469e-01) (34, 1.61296236515045166016e+00) (35, 1.13870060443878173828e+00) (36, 9.17780280113220214844e-01) (37, 2.12424993515014648438e+00) (38, 2.22101736068725585938e+00) (39, 1.75070822238922119141e+00) (40, 2.18507313728332519531e+00) (41, 5.38423805236816406250e+01) (42, 1.81641304492950439453e+00) (43, 1.20185117721557617188e+01) (44, 2.77482891082763671875e+00) (45, 2.41643667221069335938e+00) (46, 3.04141635894775390625e+01) (47, 9.77725887298583984375e+00) (48, 3.56490468978881835938e+00) (49, 1.11476221084594726562e+01) (50, 6.84040606021881103516e-01) (51, 1.82081389427185058594e+00) (52, 1.63216793537139892578e+00) (53, 1.32539138793945312500e+01) (54, 1.89591109752655029297e+00) (55, -4.98188823461532592773e-01) (56, 1.97372341156005859375e+00) (57, 8.65950524806976318359e-01) (58, 4.02813005447387695312e+00) (59, 6.85363471508026123047e-01) (60, 2.03724169731140136719e+00) (61, 5.25608837604522705078e-01) (62, 9.70168530941009521484e-01) (63, 2.14096689224243164062e+00) (64, 7.21662580966949462891e-01) (65, 2.55578899383544921875e+00) (66, -1.50163099169731140137e-01) (67, -2.96842336654663085938e+00) (68, 8.43475520610809326172e-01) (69, 7.06312775611877441406e-01) (70, 1.13757503032684326172e+00) (71, 9.57388401031494140625e-01) (72, 2.11077737808227539062e+00) (73, 1.69947397708892822266e+00) (74, 2.12921190261840820312e+00) (75, 2.10402393341064453125e+00) (76, 1.55759811401367187500e+00) (77, 2.47445106506347656250e+00) (78, 3.03845429420471191406e+00) (79, 1.08551180362701416016e+00) (80, 1.64251251220703125000e+01) (81, 1.55575394630432128906e+00) (82, 2.35112595558166503906e+00) (83, 7.26789772510528564453e-01) (84, 7.70521521568298339844e-01) (85, 4.26641178131103515625e+00) (86, 7.37615585327148437500e-01) (87, 5.28348624706268310547e-01) (88, -1.19289234280586242676e-01) (89, 1.86127674579620361328e+00) (90, 2.32952713966369628906e+00) (91, 1.28881990909576416016e+00) (92, 1.27722454071044921875e+00) (93, 5.30691337585449218750e+00) (94, 2.06313467025756835938e+00) (95, 2.51317787170410156250e+00) (96, 1.07908511161804199219e+00) (97, 1.50836551189422607422e+00) (98, 2.68326163291931152344e+00) (99, 1.56097936630249023438e+00) (100, 2.52104067802429199219e+00) (101, 1.17378187179565429688e+00) (102, 1.77879130840301513672e+00) (103, 2.05757409334182739258e-01) (104, 6.52627050876617431641e-01) (0, -2.40109500885009765625e+01) (1, 4.56276559829711914062e+00) (2, 7.09837484359741210938e+00) (3, 2.81085938215255737305e-01) (4, 2.18201756477355957031e+00) (5, 2.77796769142150878906e+00) (6, 3.57755970954895019531e+00) (7, 3.24332165718078613281e+00) (8, 2.31090950965881347656e+00) (9, 2.50951766967773437500e+00) (10, 1.69860291481018066406e+00) (11, -2.55592784881591796875e+01) (12, 2.50009942054748535156e+00) (13, 1.05732650756835937500e+01) (14, -3.05474305152893066406e+00) (15, 1.51796531677246093750e+00) (16, 5.95605659484863281250e+00) (17, 1.37291145324707031250e+00) (18, 6.32418670654296875000e+01) (19, 1.14399919509887695312e+01) (20, 1.09480407714843750000e+02) (21, 1.36756300926208496094e+00) (22, -7.10010099411010742188e+00) (23, 1.47890102863311767578e+00) (24, 5.58927803039550781250e+01) (25, -2.40708851814270019531e+00) (26, 1.90091359615325927734e+00) (27, -1.06001377105712890625e+01) (28, 2.05130815505981445312e+00) (29, -1.32194444537162780762e-01) (30, 3.71573662757873535156e+00) (31, 2.28222393989562988281e+00) (32, 1.48934066295623779297e+00) (33, -7.49483704566955566406e-01) (34, 2.27505636215209960938e+00) (35, 1.31520092487335205078e+00) (36, 4.35814321041107177734e-01) (37, 1.08009481430053710938e+00) (38, 2.71731138229370117188e+00) (39, 2.64648222923278808594e+00) (40, 2.49297928810119628906e+00) (41, 2.75798535346984863281e+00) (42, 7.55322754383087158203e-01) (43, 1.44618618488311767578e+00) (44, 2.65305042266845703125e+00) (45, 4.89759492874145507812e+00) (46, 6.62411832809448242188e+00) (47, 1.22871923446655273438e+00) (48, -5.63379764556884765625e+00) (49, -3.88084244728088378906e+00) (50, 7.00678884983062744141e-01) (51, 2.38229274749755859375e+00) (52, 2.64542913436889648438e+00) (53, 1.19843063354492187500e+01) (54, -3.15885990858078002930e-02) (55, -6.79082036018371582031e-01) (56, -8.21446609497070312500e+00) (57, 8.18292677402496337891e-01) (58, 2.78768825531005859375e+00) (59, 1.22957193851470947266e+00) (60, 1.06301736831665039062e+00) (61, 3.78529459238052368164e-01) (62, -1.80159676074981689453e+00) (63, 1.99352824687957763672e+00) (64, 7.61765718460083007812e-01) (65, 2.03812837600708007812e+00) (66, -1.23868417739868164062e+00) (67, -5.91634178161621093750e+00) (68, 9.50043082237243652344e-01) (69, 1.29961764812469482422e+00) (70, 1.19440507888793945312e+00) (71, 1.00202000141143798828e+00) (72, 1.52605247497558593750e+00) (73, 5.20973205566406250000e+00) (74, 1.96958708763122558594e+00) (75, 1.00559628009796142578e+00) (76, 9.85068738460540771484e-01) (77, 1.19657027721405029297e+00) (78, 2.76129102706909179688e+00) (79, 1.42896986007690429688e+00) (80, 2.36694455146789550781e+00) (81, 1.34650719165802001953e+00) (82, 2.58865308761596679688e+00) (83, 8.93988847732543945312e-01) (84, 9.29770827293395996094e-01) (85, 1.74410641193389892578e+00) (86, 8.31516981124877929688e-01) (87, 5.30917286872863769531e-01) (88, 1.08251059055328369141e+00) (89, 1.66775095462799072266e+00) (90, 1.38656163215637207031e+00) (91, 1.40339088439941406250e+00) (92, 1.45446228981018066406e+00) (93, 2.27141070365905761719e+00) (94, 2.00084972381591796875e+00) (95, 2.86427426338195800781e+00) (96, 4.66458171606063842773e-01) (97, 1.34882712364196777344e+00) (98, 2.18569254875183105469e+00) (99, 9.72002327442169189453e-01) (100, 8.91091048717498779297e-01) (101, 2.90939271450042724609e-01) (102, 1.10314559936523437500e+00) (103, 1.21174860000610351562e+00) (104, 1.09886276721954345703e+00) (0, 1.95144832134246826172e+00) (1, 1.58438968658447265625e+00) (2, 1.42444729804992675781e+00) (3, -2.77093887329101562500e+00) (4, 7.40309596061706542969e-01) (5, -5.94911336898803710938e-01) (6, 1.95343494415283203125e-01) (7, 1.10230004787445068359e+00) (8, -4.48874998092651367188e+00) (9, -5.30511558055877685547e-01) (10, 9.09909233450889587402e-02) (11, -2.11754989624023437500e+00) (12, -6.23491585254669189453e-01) (13, 4.00176882743835449219e-01) (14, 1.82472980022430419922e+00) (15, 1.58355617523193359375e+00) (16, 3.97008568048477172852e-01) (17, 7.89531350135803222656e-01) (18, 1.05727279186248779297e+00) (19, 9.86099362373352050781e-01) (20, -6.64861917495727539062e-01) (21, 2.23562717437744140625e+00) (22, 6.36124730110168457031e-01) (23, -1.06904482841491699219e+00) (24, 9.31677460670471191406e-01) (25, 1.10897958278656005859e-01) (26, -1.23601818084716796875e+00) (27, -6.84764802455902099609e-01) (28, 1.47102010250091552734e+00) (29, -3.78585368394851684570e-01) (30, -1.35223999619483947754e-01) (31, -2.02240452170372009277e-01) (32, -3.92012417316436767578e-01) (33, -2.60818171501159667969e+00) (34, 4.61102783679962158203e-01) (35, -2.57493257522583007812e+00) (36, 3.58350783586502075195e-01) (37, 3.20955663919448852539e-01) (38, -8.60928893089294433594e-01) (39, -1.31717398762702941895e-01) (40, -8.81386160850524902344e-01) (41, -3.68748211860656738281e+00) (42, -8.23959335684776306152e-02) (43, -7.43341743946075439453e-01) (44, -2.57205159869045019150e-04) (45, -8.89052808284759521484e-01) (46, 1.69171154499053955078e-01) (47, 3.15665173530578613281e+00) (48, -3.70801031589508056641e-01) (49, -3.78684401512145996094e-01) (50, -7.26361751556396484375e-01) (51, -4.61855798959732055664e-01) (52, -7.50488877296447753906e-01) (53, -3.00771856307983398438e+00) (54, -3.87751549482345581055e-01) (55, -9.06495511531829833984e-01) (56, -1.12475526332855224609e+00) (57, 2.75726008415222167969e+00) (58, 4.30230045318603515625e+00) (59, 9.63209033012390136719e-01) (60, 2.11063884198665618896e-02) (61, 8.13746929168701171875e-01) (62, 1.22014212608337402344e+00) (63, -5.68343639373779296875e-01) (64, -1.42724347114562988281e+00) (65, -6.82723164558410644531e-01) (66, -4.54374933242797851562e+00) (67, 7.81793236732482910156e-01) (68, -9.83675539493560791016e-01) (69, -5.12192323803901672363e-02) (70, 2.77001118659973144531e+00) (71, -8.46854448318481445312e-01) (72, -4.31603193283081054688e-01) (73, -9.21433448791503906250e+00) (74, 2.67447948455810546875e+00) (75, -1.35698926448822021484e+00) (76, 1.73429918289184570312e+00) (77, -4.96220707893371582031e-01) (78, -1.75225698947906494141e+00) (79, -4.00738716125488281250e-02) (80, 1.19265377521514892578e-01) (81, 4.59254693984985351562e+00) (82, 1.93736350536346435547e+00) (83, 6.38637495040893554688e+00) (84, -3.47623610496520996094e+00) (85, -1.08592689037322998047e-01) (86, -5.00235974788665771484e-01) (87, 1.54513466358184814453e+00) (88, -4.82823324203491210938e+00) (89, 3.27833592891693115234e-01) (90, -1.38946282863616943359e+00) (91, 1.62352669239044189453e+00) (92, -7.87076428532600402832e-02) (93, 2.68726301193237304688e+00) (94, 2.87896305322647094727e-01) (95, 1.13260304927825927734e+00) (96, 1.57466638088226318359e+00) (97, -6.49900341033935546875e+00) (98, -2.66676449775695800781e+00) (99, -1.28961980342864990234e+00) (100, 9.08583521842956542969e-01) (101, -1.38109123706817626953e+00) (102, 3.84252691268920898438e+00) (103, -2.60712474584579467773e-01) (104, 1.67195665836334228516e+00) (0, 6.07167840003967285156e-01) (1, 4.63136196136474609375e-01) (2, -4.85092788934707641602e-01) (3, -7.58284211158752441406e-01) (4, -5.62821269035339355469e-01) (5, -2.01870846748352050781e+00) (6, 5.16300141811370849609e-01) (7, -1.30947351455688476562e+00) (8, -7.81197905540466308594e-01) (9, -3.60138416290283203125e-01) (10, 4.15361523628234863281e-02) (11, 1.85792922973632812500e+00) (12, -7.65890181064605712891e-01) (13, 5.28716146945953369141e-01) (14, 8.44142064452171325684e-02) (15, -7.14565277099609375000e-01) (16, 2.44993662834167480469e+00) (17, -7.61834919452667236328e-01) (18, -1.30957198143005371094e+00) (19, -2.14193701744079589844e-01) (20, 2.61733949184417724609e-01) (21, 1.55674672126770019531e+00) (22, 7.29023635387420654297e-01) (23, -5.18726646900177001953e-01) (24, -1.90724298357963562012e-01) (25, 3.68999660015106201172e-01) (26, 1.43268287181854248047e+00) (27, 1.97421193122863769531e+00) (28, -9.18527185916900634766e-01) (29, 2.33169436454772949219e+00) (30, 6.07954621315002441406e-01) (31, 1.85804069042205810547e-01) (32, 1.53224277496337890625e+00) (33, -4.71705317497253417969e-01) (34, -5.93860089778900146484e-01) (35, 6.03952765464782714844e-01) (36, 1.52123272418975830078e-01) (37, -3.30874836072325706482e-03) (38, -3.20117115974426269531e-01) (39, 6.41953408718109130859e-01) (40, 1.45065402984619140625e+00) (41, -6.14080190658569335938e-01) (42, 7.57797837257385253906e-01) (43, -1.19890248775482177734e+00) (44, 6.16538465023040771484e-01) (45, -1.44362521171569824219e+00) (46, -2.20632219314575195312e+00) (47, -1.77805793285369873047e+00) (48, 1.03229824453592300415e-02) (49, -4.22041624784469604492e-01) (50, -8.21004688739776611328e-01) (51, -1.01305747032165527344e+00) (52, -8.21012616157531738281e-01) (53, 3.16675394773483276367e-01) (54, 3.13068538904190063477e-01) (55, -3.22833359241485595703e-01) (56, 6.43018484115600585938e-01) (57, 1.09547138214111328125e+00) (58, 7.20521807670593261719e-01) (59, 7.72161602973937988281e-01) (60, 1.30152177810668945312e+00) (61, -2.92097896337509155273e-01) (62, 5.03003410995006561279e-02) (63, -9.66855585575103759766e-01) (64, -8.33680391311645507812e-01) (65, -4.96070474386215209961e-01) (66, -1.35991358757019042969e+00) (67, 2.51290225982666015625e+00) (68, 9.60024118423461914062e-01) (69, 6.16947531700134277344e-01) (70, -2.60311990976333618164e-01) (71, -3.65796476602554321289e-01) (72, -1.10788202285766601562e+00) (73, 6.18423044681549072266e-01) (74, -3.77304673194885253906e-01) (75, -2.20798272639513015747e-02) (76, 2.39550173282623291016e-01) (77, 1.23417377471923828125e+00) (78, -4.77813780307769775391e-01) (79, -9.79887619614601135254e-02) (80, -9.28294718265533447266e-01) (81, 8.93591880798339843750e-01) (82, -5.45745015144348144531e-01) (83, 1.30428421497344970703e+00) (84, -9.58968400955200195312e-02) (85, 1.73519179224967956543e-01) (86, 1.29317128658294677734e+00) (87, 7.22343802452087402344e-01) (88, 2.15678393840789794922e-01) (89, -6.36782407760620117188e-01) (90, -3.55391889810562133789e-01) (91, -1.01807379722595214844e+00) (92, 8.21482956409454345703e-01) (93, 1.42384696006774902344e+00) (94, -5.27664363384246826172e-01) (95, -1.39086163043975830078e+00) (96, -6.80814757943153381348e-02) (97, 7.51633226871490478516e-01) (98, 8.97836029529571533203e-01) (99, -5.80069780349731445312e-01) (100, -4.41711425781250000000e-01) (101, 9.94229316711425781250e-01) (102, -1.25440514087677001953e+00) (103, 5.11268424987792968750e+00) (104, 2.16430926322937011719e+00) (0, 2.13521900177001953125e+01) (1, -6.12611711025238037109e-01) (2, -7.49820291996002197266e-01) (3, -7.75330781936645507812e-01) (4, -6.61704897880554199219e-01) (5, -8.77726614475250244141e-01) (6, -6.08555197715759277344e-01) (7, 1.94506728649139404297e+00) (8, 9.64078158140182495117e-02) (9, -7.95619726181030273438e-01) (10, -6.69592440128326416016e-01) (11, -1.62384414672851562500e+00) (12, -6.73151671886444091797e-01) (13, 5.70813834667205810547e-01) (14, -6.70156896114349365234e-01) (15, 4.28039640188217163086e-01) (16, 3.20755206048488616943e-02) (17, 1.68564987182617187500e+00) (18, -4.25444650650024414062e+00) (19, -6.57318115234375000000e+00) (20, -9.50365924835205078125e+00) (21, 5.27214705944061279297e-01) (22, 1.32910799980163574219e+00) (23, 8.33647474646568298340e-02) (24, 2.97676396369934082031e+00) (25, 3.90757471323013305664e-01) (26, -8.65756094455718994141e-01) (27, 3.99608492851257324219e-01) (28, 4.55964326858520507812e-01) (29, -4.97781848907470703125e+00) (30, -8.78010451793670654297e-01) (31, -3.97279858589172363281e-02) (32, -1.40714490413665771484e+00) (33, -3.19262266159057617188e+00) (34, -1.00228834152221679688e+01) (35, -8.27424466609954833984e-01) (36, -8.33310484886169433594e-01) (37, -8.58126521110534667969e-01) (38, -9.85573947429656982422e-01) (39, -1.02162873744964599609e+00) (40, -7.74068534374237060547e-01) (41, -1.93097801208496093750e+01) (42, -5.92063724994659423828e-01) (43, -1.23173866271972656250e+01) (44, -2.94039273262023925781e+00) (45, -2.64065971374511718750e+01) (46, -5.43068885803222656250e+00) (47, -3.45977783203125000000e+00) (48, -6.82704687118530273438e-01) (49, -7.27215886116027832031e-01) (50, -6.58062815666198730469e-01) (51, -2.87485027313232421875e+00) (52, -8.70090723037719726562e-01) (53, -1.50859664916992187500e+02) (54, -2.58610785007476806641e-01) (55, -3.32740283012390136719e+00) (56, -9.34508264064788818359e-01) (57, -8.19755971431732177734e-01) (58, -3.47583699226379394531e+00) (59, -7.33303844928741455078e-01) (60, -8.67796003818511962891e-01) (61, 6.03625535964965820312e-01) (62, -4.83610719442367553711e-01) (63, -7.91301012039184570312e-01) (64, -7.50135242938995361328e-01) (65, -7.51604080200195312500e-01) (66, 5.29282152652740478516e-01) (67, 2.12845373153686523438e+00) (68, 6.86507225036621093750e-01) (69, 3.72636854648590087891e-01) (70, 6.52550041675567626953e-01) (71, 6.41153633594512939453e-01) (72, -4.85452270507812500000e+00) (73, -4.00232136249542236328e-01) (74, -6.35597646236419677734e-01) (75, -9.64647531509399414062e-01) (76, 1.50207549333572387695e-01) (77, 9.09291863441467285156e-01) (78, -4.41138744354248046875e+00) (79, 4.05611157417297363281e-01) (80, -2.20487346649169921875e+01) (81, -1.76715004444122314453e+00) (82, -1.18950283527374267578e+00) (83, 1.10401761531829833984e+00) (84, -8.06961953639984130859e-01) (85, -8.02089214324951171875e+00) (86, -7.90328383445739746094e-01) (87, 6.63569748401641845703e-01) (88, 5.40000163018703460693e-02) (89, -1.11853754520416259766e+00) (90, -1.11752128601074218750e+00) (91, -6.61075234413146972656e-01) (92, -1.63331910967826843262e-01) (93, -2.69271302223205566406e+00) (94, -1.36642062664031982422e+00) (95, -3.98568305969238281250e+01) (96, -4.67839270830154418945e-01) (97, -8.20097029209136962891e-01) (98, -7.87772655487060546875e-01) (99, -8.29925358295440673828e-01) (100, -7.31361210346221923828e-01) (101, -9.50694009661674499512e-02) (102, 5.23941874504089355469e-01) (103, 1.85466384887695312500e+00) (104, 2.47321200370788574219e+00) (0, 1.50000000000000000000e+03) (1, -4.97822314500808715820e-01) (2, -3.86069387197494506836e-01) (3, 6.31843209266662597656e-01) (4, -1.14674198627471923828e+00) (5, -1.13184988498687744141e+00) (6, -7.65007436275482177734e-01) (7, 8.25646996498107910156e-01) (8, -6.15263134241104125977e-02) (9, -9.60843145847320556641e-01) (10, -8.25862109661102294922e-01) (11, -1.50000000000000000000e+03) (12, -6.70817315578460693359e-01) (13, 2.14768856763839721680e-01) (14, -8.04666459560394287109e-01) (15, 4.82994079589843750000e-01) (16, 1.06382586061954498291e-01) (17, 7.11426734924316406250e-01) (18, -6.31508922576904296875e+00) (19, -2.02301216125488281250e+00) (20, -1.63981189727783203125e+01) (21, 4.31825965642929077148e-01) (22, 2.56819546222686767578e-01) (23, -1.94856572151184082031e+00) (24, -5.01556456089019775391e-01) (25, 4.08180326223373413086e-01) (26, -1.01781404018402099609e+00) (27, 2.61353433132171630859e-01) (28, -6.27366364002227783203e-01) (29, -5.95592260360717773438e+00) (30, -8.71377170085906982422e-01) (31, 1.79426878690719604492e-01) (32, -1.11583769321441650391e+00) (33, -8.00673127174377441406e-01) (34, -1.38148915767669677734e+00) (35, 1.23265646398067474365e-01) (36, -9.27170753479003906250e-01) (37, -9.04875516891479492188e-01) (38, -1.17620253562927246094e+00) (39, -1.02795338630676269531e+00) (40, -9.04402911663055419922e-01) (41, -1.49827685546875000000e+03) (42, -8.06200623512268066406e-01) (43, -1.49999987792968750000e+03) (44, -9.95493531227111816406e-01) (45, -1.33704185485839843750e+00) (46, -5.81690692901611328125e+00) (47, -1.50000000000000000000e+03) (48, -1.78295683860778808594e+00) (49, -1.49999987792968750000e+03) (50, -7.09032595157623291016e-01) (51, -1.46699792480468750000e+03) (52, -1.12343716621398925781e+00) (53, -2.08137680053710937500e+02) (54, -1.50000000000000000000e+03) (55, -4.90830726623535156250e+01) (56, -1.49999987792968750000e+03) (57, -1.50000000000000000000e+03) (58, -1.50000000000000000000e+03) (59, -9.94318246841430664062e-01) (60, -1.88018524646759033203e+00) (61, -1.50000000000000000000e+03) (62, -7.55227982997894287109e-01) (63, -1.03793084621429443359e+00) (64, -9.78168964385986328125e-01) (65, -9.67184841632843017578e-01) (66, -1.50000000000000000000e+03) (67, -1.31962094455957412720e-02) (68, -1.79633900523185729980e-01) (69, -6.41258597373962402344e-01) (70, -6.43006622791290283203e-01) (71, -3.86148542165756225586e-01) (72, -1.05944442749023437500e+00) (73, -3.72780334472656250000e+02) (74, -5.61247885227203369141e-01) (75, -3.82024812698364257812e+00) (76, -5.97382402420043945312e+00) (77, -9.13495540618896484375e-01) (78, -9.04296588897705078125e+00) (79, -1.25713884830474853516e+00) (80, -1.50000000000000000000e+03) (81, -1.77029204368591308594e+00) (82, -2.27222518920898437500e+01) (83, -4.83480602502822875977e-01) (84, -1.50000000000000000000e+03) (85, -1.49451025390625000000e+03) (86, -9.78347778320312500000e-01) (87, -2.14497223496437072754e-01) (88, 2.84985512495040893555e-01) (89, -2.34558033943176269531e+00) (90, -1.17995774745941162109e+00) (91, -3.32227058410644531250e+01) (92, -4.33935284614562988281e-01) (93, -2.25522899627685546875e+01) (94, -1.17476582527160644531e+00) (95, -8.31755142211914062500e+01) (96, 2.40757107734680175781e-01) (97, -5.03536045551300048828e-01) (98, -1.22815465927124023438e+00) (99, -9.87733185291290283203e-01) (100, -1.03138709068298339844e+00) (101, -3.83277535438537597656e-01) (102, -2.08584928512573242188e+00) (103, 5.46633291244506835938e+00) (104, 2.61518406867980957031e+00) (0, 3.83537769317626953125e-01) (1, -3.79964083433151245117e-01) (2, -1.98271051049232482910e-01) (3, -1.53259730339050292969e+00) (4, -8.34323704242706298828e-01) (5, -7.24044620990753173828e-01) (6, -6.36181354522705078125e-01) (7, 9.63955402374267578125e-01) (8, 5.32641530036926269531e-01) (9, -1.83541983366012573242e-01) (10, -6.33609652519226074219e-01) (11, 5.63363671302795410156e-01) (12, 9.53009009361267089844e-01) (13, -3.78372460603713989258e-01) (14, 1.16563618183135986328e+00) (15, 5.18136024475097656250e-01) (16, -7.07240998744964599609e-01) (17, -5.18026351928710937500e-01) (18, 2.08190107345581054688e+00) (19, 4.76216435432434082031e-01) (20, -6.87095165252685546875e-01) (21, 9.44054603576660156250e-01) (22, 9.13446784019470214844e-01) (23, 1.58748030662536621094e+00) (24, 2.73495137691497802734e-01) (25, -5.10044395923614501953e-01) (26, -8.06789457798004150391e-01) (27, -7.03528761863708496094e-01) (28, 9.57611918449401855469e-01) (29, -8.05155277252197265625e-01) (30, 7.01279282569885253906e-01) (31, 8.59211862087249755859e-01) (32, 6.75041019916534423828e-01) (33, 6.00807905197143554688e-01) (34, 4.81999099254608154297e-01) (35, 6.21523737907409667969e-01) (36, 4.71556425094604492188e-01) (37, 1.84087419509887695312e+00) (38, 5.91770172119140625000e-01) (39, -8.26783716678619384766e-01) (40, 4.07580971717834472656e-01) (41, -4.89787906408309936523e-01) (42, 7.85658359527587890625e-01) (43, 1.48106741905212402344e+00) (44, 1.09351396560668945312e+00) (45, 7.66323924064636230469e-01) (46, 1.71402350068092346191e-01) (47, -6.78070485591888427734e-01) (48, 8.30477893352508544922e-01) (49, 5.55441498756408691406e-01) (50, 8.29884588718414306641e-01) (51, 8.79485487937927246094e-01) (52, -6.31130993366241455078e-01) (53, -1.30571082234382629395e-01) (54, -1.15422800183296203613e-01) (55, 1.05361020565032958984e+00) (56, -7.72397279739379882812e-01) (57, -3.07213872671127319336e-01) (58, 4.57093454897403717041e-02) (59, -1.24738998711109161377e-01) (60, -7.42795348167419433594e-01) (61, 2.09099173545837402344e+00) (62, -3.70103538036346435547e-01) (63, -8.20929229259490966797e-01) (64, -1.20768105983734130859e+00) (65, -8.76560509204864501953e-01) (66, -4.48593720793724060059e-02) (67, -5.45258462429046630859e-01) (68, 5.80642759799957275391e-01) (69, 4.81583893299102783203e-01) (70, -7.24332988262176513672e-01) (71, -6.33264780044555664062e-01) (72, -8.71041715145111083984e-01) (73, -6.28499209880828857422e-01) (74, -6.91658794879913330078e-01) (75, -7.28597819805145263672e-01) (76, 9.90905702114105224609e-01) (77, -8.18818926811218261719e-01) (78, -1.13931369781494140625e+00) (79, 3.75944614410400390625e-01) (80, -3.05743604898452758789e-01) (81, -9.79844868183135986328e-01) (82, -7.27846384048461914062e-01) (83, -3.31171184778213500977e-01) (84, 8.39300811290740966797e-01) (85, 6.57797634601593017578e-01) (86, -7.85523772239685058594e-01) (87, 8.55655431747436523438e-01) (88, 3.86572360992431640625e-01) (89, -7.62500882148742675781e-01) (90, -8.22222948074340820312e-01) (91, -9.74118351936340332031e-01) (92, -3.13253283500671386719e-01) (93, -1.83273375034332275391e-01) (94, -7.08302795886993408203e-01) (95, -3.36367875337600708008e-01) (96, -2.33001112937927246094e-01) (97, -8.82315397262573242188e-01) (98, -1.04530239105224609375e+00) (99, -8.00479233264923095703e-01) (100, -8.50202322006225585938e-01) (101, 2.16966700553894042969e+00) (102, 1.60430550575256347656e+00) (103, 5.17233550548553466797e-01) (104, 2.46524119377136230469e+00) (0, -1.05508605957031250000e+02) (1, 2.27612638473510742188e+00) (2, -5.08554756641387939453e-01) (3, -3.81101518869400024414e-01) (4, 1.08211112022399902344e+00) (5, 1.09547585248947143555e-01) (6, 1.29416894912719726562e+00) (7, -2.15192854404449462891e-01) (8, -3.33320111036300659180e-01) (9, 3.12147885560989379883e-01) (10, 1.42984342575073242188e+00) (11, 3.41866264343261718750e+01) (12, 8.20610225200653076172e-02) (13, 1.27704787254333496094e+00) (14, -2.49074292182922363281e+00) (15, 7.45318979024887084961e-02) (16, 3.15301728248596191406e+00) (17, 3.18101197481155395508e-02) (18, 2.06778774261474609375e+01) (19, 5.71205973625183105469e-01) (20, 3.51733123779296875000e+02) (21, 1.07477895915508270264e-01) (22, 3.13523501157760620117e-01) (23, 5.02510249614715576172e-01) (24, 6.07444345951080322266e-01) (25, 3.40078681707382202148e-01) (26, 1.40425026416778564453e+00) (27, 1.81984376907348632812e+00) (28, 2.74474054574966430664e-01) (29, 3.09575290679931640625e+01) (30, 1.82543885707855224609e+00) (31, 1.35133028030395507812e+01) (32, 5.19897842407226562500e+00) (33, 4.83538961410522460938e+00) (34, 2.25777578353881835938e+00) (35, 2.90012747049331665039e-01) (36, 1.31398415565490722656e+00) (37, 2.08653315901756286621e-01) (38, 2.83992147445678710938e+00) (39, 2.07935786247253417969e+00) (40, 2.87332224845886230469e+00) (41, 2.96263866424560546875e+01) (42, -2.07574013620615005493e-03) (43, 1.42187309265136718750e+01) (44, 3.00904536247253417969e+00) (45, 3.06351337432861328125e+01) (46, 5.79042243957519531250e+01) (47, 1.08509872436523437500e+02) (48, 1.48724186420440673828e+00) (49, 2.13601455092430114746e-01) (50, 1.29866755008697509766e+00) (51, 1.21579778194427490234e+00) (52, 1.42334961891174316406e+00) (53, 3.27116928100585937500e+01) (54, 2.69048023223876953125e+00) (55, 1.45503544807434082031e+00) (56, 2.81784725189208984375e+00) (57, 1.46588206291198730469e+00) (58, 3.56289787292480468750e+01) (59, 9.72814440727233886719e-01) (60, 1.00441253185272216797e+00) (61, 1.08920884132385253906e+00) (62, -5.43421030044555664062e-01) (63, 3.60714584589004516602e-01) (64, 1.39561271667480468750e+00) (65, 1.10508489608764648438e+00) (66, 1.68639206886291503906e+00) (67, -7.63271617889404296875e+00) (68, 1.04176115989685058594e+00) (69, 8.60352337360382080078e-01) (70, 5.96217453479766845703e-01) (71, 5.82402646541595458984e-01) (72, 1.52321803569793701172e+00) (73, 5.55170202255249023438e+00) (74, -2.40652278065681457520e-01) (75, 9.84263539314270019531e-01) (76, 1.52923572063446044922e+00) (77, 1.01690042018890380859e+00) (78, 2.76528930664062500000e+00) (79, 1.15020465850830078125e+00) (80, 3.53898696899414062500e+01) (81, 4.39727020263671875000e+00) (82, 1.21441364288330078125e+00) (83, 7.83428996801376342773e-02) (84, 1.13190627098083496094e+00) (85, 1.92301976680755615234e+00) (86, 9.72155630588531494141e-02) (87, -4.92277473211288452148e-01) (88, 5.08074820041656494141e-01) (89, 1.83733761310577392578e+00) (90, -6.93405717611312866211e-02) (91, 1.83668279647827148438e+00) (92, -3.15671026706695556641e-01) (93, 1.21386421203613281250e+02) (94, 5.78294575214385986328e-01) (95, 5.74205493927001953125e+00) (96, -5.04315733909606933594e-01) (97, -1.44761249423027038574e-01) (98, -1.49491086602210998535e-01) (99, 6.35348260402679443359e-01) (100, 3.79763022065162658691e-02) (101, -3.14099043607711791992e-01) (102, -7.17690944671630859375e-01) (103, 3.03720974922180175781e+00) (104, 2.18773937225341796875e+00) (0, -5.47422528266906738281e-01) (1, 3.05182874202728271484e-01) (2, 2.08657383918762207031e+00) (3, -5.95865309238433837891e-01) (4, -7.52141892910003662109e-01) (5, 2.39780354499816894531e+00) (6, -4.24554973840713500977e-01) (7, 2.32227742671966552734e-01) (8, -7.86235392093658447266e-01) (9, 4.59113001823425292969e-01) (10, 6.14454805850982666016e-01) (11, -1.54359614849090576172e+00) (12, 5.78506767749786376953e-01) (13, -8.11457574367523193359e-01) (14, 1.33615767955780029297e+00) (15, 2.16232299804687500000e+00) (16, 1.96063578128814697266e+00) (17, 1.97537589073181152344e+00) (18, 1.14885139465332031250e+00) (19, 3.93281191587448120117e-01) (20, -5.51510000228881835938e+00) (21, 7.68786072731018066406e-01) (22, -2.65442228317260742188e+00) (23, -1.24365115165710449219e+00) (24, -8.43229889869689941406e-01) (25, -2.68494099378585815430e-01) (26, 4.88191485404968261719e-01) (27, 1.48771345615386962891e+00) (28, 1.50341689586639404297e-01) (29, 4.76453870534896850586e-01) (30, 1.58296251296997070312e+00) (31, -2.23600053787231445312e+00) (32, 1.53634560108184814453e+00) (33, 1.83035981655120849609e+00) (34, 9.16608333587646484375e-01) (35, 5.81058442592620849609e-01) (36, 6.81204736232757568359e-01) (37, -6.05157196521759033203e-01) (38, -7.21641063690185546875e-01) (39, -7.90101349353790283203e-01) (40, -6.89124524593353271484e-01) (41, -8.88261222839355468750e+00) (42, 1.52233242988586425781e+00) (43, -3.02454423904418945312e+00) (44, -7.41442978382110595703e-01) (45, -1.85688519477844238281e+00) (46, -9.11278545856475830078e-01) (47, -3.94017323851585388184e-02) (48, -1.48853373527526855469e+00) (49, -5.67927479743957519531e-01) (50, -1.02581560611724853516e+00) (51, -9.84529912471771240234e-01) (52, -9.20951545238494873047e-01) (53, -1.43501138687133789062e+00) (54, -1.02749669551849365234e+00) (55, -2.71281266212463378906e+00) (56, 6.95892691612243652344e-01) (57, -1.65976560115814208984e+00) (58, 1.90212774276733398438e+00) (59, 1.94018387794494628906e+00) (60, 4.53506648540496826172e-01) (61, -6.68522417545318603516e-01) (62, -2.45152890682220458984e-01) (63, -7.12927758693695068359e-01) (64, -2.67902374267578125000e+00) (65, -3.70327085256576538086e-01) (66, -3.44744396209716796875e+00) (67, 7.51402974128723144531e-02) (68, -1.01644790172576904297e+00) (69, 2.31998181343078613281e+00) (70, 3.02715539932250976562e+00) (71, 1.52751657878980040550e-04) (72, -7.16536939144134521484e-01) (73, -3.79756033420562744141e-01) (74, 2.10846114158630371094e+00) (75, 3.81673836708068847656e+00) (76, 2.06626862287521362305e-01) (77, 9.97355103492736816406e-01) (78, -2.40401792526245117188e+00) (79, 4.37991714477539062500e+00) (80, 9.42771613597869873047e-01) (81, -7.01963782310485839844e-01) (82, -1.65978467464447021484e+00) (83, 1.11298643052577972412e-01) (84, 1.62847727537155151367e-01) (85, -4.25686359405517578125e-01) (86, 2.49384403228759765625e+00) (87, 2.16301488876342773438e+00) (88, 3.35144805908203125000e+00) (89, 2.46939086914062500000e+00) (90, 1.02382147312164306641e+00) (91, 1.98449873924255371094e+00) (92, 1.69080352783203125000e+00) (93, -1.23311507701873779297e+00) (94, -6.66143715381622314453e-01) (95, 1.20804417133331298828e+00) (96, 1.22931158542633056641e+00) (97, 1.31640565395355224609e+00) (98, 4.22852420806884765625e+00) (99, 1.18763875961303710938e+00) (100, 1.55976951122283935547e-01) (101, -2.40856385231018066406e+00) (102, 2.00145316123962402344e+00) (103, 4.32593852281570434570e-01) (104, 1.71971702575683593750e+00) (105, 1.77780044078826904297e+00) (106, -4.84687447547912597656e-01) (107, -7.14050590991973876953e-01) (108, 5.70181190967559814453e-01) (109, 8.80776494741439819336e-02) (110, -9.84543204307556152344e-01) (111, 2.87129259109497070312e+00) (112, -8.64574909210205078125e-01) (113, 2.05098080635070800781e+00) (114, -1.47012442350387573242e-01) (115, -3.72182190418243408203e-01) (116, 2.78095054626464843750e+00) (117, 2.22377014160156250000e+00) (118, -6.54947996139526367188e-01) (119, -8.45034778118133544922e-01) (120, 3.20790553092956542969e+00) (121, -8.92990529537200927734e-01) (122, 5.22974967956542968750e-01) (123, 3.72976231575012207031e+00) (124, 3.26489281654357910156e+00) (125, 1.47456300258636474609e+00) (126, 5.55650591850280761719e-01) (127, 2.48579812049865722656e+00) (128, -9.10946011543273925781e-01) (129, 3.93196558952331542969e+00) (130, 2.00410437583923339844e+00) 
